9.000000000000000000e+04 7.543321698904037476e-02
9.010000000000000000e+04 7.213708609342575628e-02
9.020000000000000000e+04 6.861387491226196567e-02
9.030000000000000000e+04 7.426587939262389859e-02
9.040000000000000000e+04 8.879069536924362460e-02
9.050000000000000000e+04 1.015681907534599221e-01
9.060000000000000000e+04 8.938710570335364758e-02
9.070000000000000000e+04 8.043601959943771917e-02
9.080000000000000000e+04 7.638310641050338745e-02
9.090000000000000000e+04 7.858590334653854648e-02
9.100000000000000000e+04 8.302133530378341675e-02
9.110000000000000000e+04 8.777291029691695889e-02
9.120000000000000000e+04 9.245518594980239868e-02
9.130000000000000000e+04 9.682549089193344394e-02
9.140000000000000000e+04 1.007699653506279047e-01
9.150000000000000000e+04 1.043035611510276794e-01
9.160000000000000000e+04 1.073991164565086393e-01
9.170000000000000000e+04 1.106966242194175748e-01
9.180000000000000000e+04 1.148311689496040316e-01
9.190000000000000000e+04 1.213005959987640409e-01
9.200000000000000000e+04 1.324655115604400635e-01
9.210000000000000000e+04 1.458162248134612926e-01
9.220000000000000000e+04 1.548342317342758234e-01
9.230000000000000000e+04 1.596670538187026922e-01
9.240000000000000000e+04 1.611585199832916149e-01
9.250000000000000000e+04 1.608487665653228760e-01
9.260000000000000000e+04 1.598686635494232233e-01
9.270000000000000000e+04 1.591318815946579091e-01
9.280000000000000000e+04 1.589572280645370483e-01
9.290000000000000000e+04 1.591651856899261586e-01
9.300000000000000000e+04 1.590779125690460205e-01
9.310000000000000000e+04 1.574900090694427435e-01
9.320000000000000000e+04 1.556245505809784047e-01
9.330000000000000000e+04 1.542999088764190618e-01
9.340000000000000000e+04 1.537385791540145930e-01
9.350000000000000000e+04 1.535671800374984741e-01
9.360000000000000000e+04 1.554753273725509588e-01
9.370000000000000000e+04 1.577404052019119318e-01
9.380000000000000000e+04 1.586936026811599787e-01
9.390000000000000000e+04 1.581259250640869030e-01
9.400000000000000000e+04 1.572881937026977539e-01
9.410000000000000000e+04 1.591648697853088323e-01
9.420000000000000000e+04 1.599148660898208618e-01
9.430000000000000000e+04 1.590149015188217219e-01
9.440000000000000000e+04 1.566095292568206732e-01
9.450000000000000000e+04 1.535111367702484131e-01
9.460000000000000000e+04 1.521772563457489125e-01
9.470000000000000000e+04 1.518566340208053478e-01
9.480000000000000000e+04 1.519824534654617421e-01
9.490000000000000000e+04 1.522243708372116033e-01
9.500000000000000000e+04 1.524885147809982300e-01
9.510000000000000000e+04 1.530873388051986750e-01
9.520000000000000000e+04 1.544711381196975652e-01
9.530000000000000000e+04 1.574019461870193592e-01
9.540000000000000000e+04 1.610953539609908947e-01
9.550000000000000000e+04 1.632205098867416382e-01
9.560000000000000000e+04 1.625743359327316284e-01
9.570000000000000000e+04 1.622769206762313954e-01
9.580000000000000000e+04 1.621762782335281483e-01
9.590000000000000000e+04 1.621199250221252441e-01
9.600000000000000000e+04 1.619548797607421875e-01
9.610000000000000000e+04 1.608010530471801758e-01
9.620000000000000000e+04 1.582139611244201549e-01
9.630000000000000000e+04 1.580366671085357555e-01
9.640000000000000000e+04 1.618897974491119440e-01
9.650000000000000000e+04 1.691715419292449951e-01
9.660000000000000000e+04 1.724085509777069092e-01
9.670000000000000000e+04 1.701946765184402521e-01
9.680000000000000000e+04 1.661155015230178777e-01
9.690000000000000000e+04 1.625483632087707520e-01
9.700000000000000000e+04 1.606623530387878418e-01
9.710000000000000000e+04 1.611965894699096680e-01
9.720000000000000000e+04 1.622785061597823986e-01
9.730000000000000000e+04 1.632235616445541493e-01
9.740000000000000000e+04 1.640441566705703735e-01
9.750000000000000000e+04 1.654496341943740845e-01
9.760000000000000000e+04 1.668065816164016613e-01
9.770000000000000000e+04 1.670451462268829346e-01
9.780000000000000000e+04 1.669107139110565241e-01
9.790000000000000000e+04 1.669976353645324652e-01
9.800000000000000000e+04 1.677492260932922363e-01
9.810000000000000000e+04 1.695269227027892955e-01
9.820000000000000000e+04 1.695622384548187145e-01
9.830000000000000000e+04 1.690169036388397272e-01
9.840000000000000000e+04 1.688491016626358088e-01
9.850000000000000000e+04 1.698134690523147583e-01
9.860000000000000000e+04 1.720743447542190663e-01
9.870000000000000000e+04 1.747070372104644886e-01
9.880000000000000000e+04 1.779375374317169189e-01
9.890000000000000000e+04 1.816377609968185536e-01
9.900000000000000000e+04 1.853255480527877808e-01
9.910000000000000000e+04 1.870434015989303478e-01
9.920000000000000000e+04 1.896018683910369873e-01
9.930000000000000000e+04 1.923061549663543646e-01
9.940000000000000000e+04 1.947876214981079102e-01
9.950000000000000000e+04 1.970037817955017090e-01
9.960000000000000000e+04 1.967452645301818737e-01
9.970000000000000000e+04 1.962629973888397328e-01
9.980000000000000000e+04 1.953363955020904486e-01
9.990000000000000000e+04 1.937593221664428711e-01
1.000000000000000000e+05 1.913400888442993164e-01
1.001000000000000000e+05 1.924711585044860951e-01
1.002000000000000000e+05 1.933637529611587635e-01
1.003000000000000000e+05 1.938057392835617065e-01
1.004000000000000000e+05 1.938264697790145763e-01
1.005000000000000000e+05 1.936967819929122925e-01
1.006000000000000000e+05 1.946616500616073497e-01
1.007000000000000000e+05 1.967611014842987061e-01
1.008000000000000000e+05 1.986566722393035833e-01
1.009000000000000000e+05 1.993114054203033447e-01
1.010000000000000000e+05 1.979898512363433838e-01
1.011000000000000000e+05 1.984134137630462758e-01
1.012000000000000000e+05 2.015508532524108998e-01
1.013000000000000000e+05 2.040750443935394343e-01
1.014000000000000000e+05 2.032336711883545033e-01
1.015000000000000000e+05 1.968492269515991211e-01
1.016000000000000000e+05 1.922840595245361439e-01
1.017000000000000000e+05 1.937059223651886042e-01
1.018000000000000000e+05 1.976163327693939153e-01
1.019000000000000000e+05 2.018236696720123180e-01
1.020000000000000000e+05 2.054431736469268799e-01
1.021000000000000000e+05 2.070484817028045710e-01
1.022000000000000000e+05 2.078889131546020619e-01
1.023000000000000000e+05 2.089695811271667369e-01
1.024000000000000000e+05 2.102052718400955200e-01
1.025000000000000000e+05 2.104204446077346802e-01
1.026000000000000000e+05 2.069590836763381958e-01
1.027000000000000000e+05 2.049996346235275213e-01
1.028000000000000000e+05 2.052218824625015314e-01
1.029000000000000000e+05 2.061631083488464355e-01
1.030000000000000000e+05 2.042180895805358887e-01
1.031000000000000000e+05 2.050236821174621638e-01
1.032000000000000000e+05 2.063799321651458851e-01
1.033000000000000000e+05 2.062410771846771296e-01
1.034000000000000000e+05 2.044269502162933405e-01
1.035000000000000000e+05 2.026229798793792725e-01
1.036000000000000000e+05 1.991448342800140325e-01
1.037000000000000000e+05 1.973724931478500477e-01
1.038000000000000000e+05 1.964460641145706066e-01
1.039000000000000000e+05 1.953097164630889782e-01
1.040000000000000000e+05 1.927116811275482178e-01
1.041000000000000000e+05 1.955160319805145375e-01
1.042000000000000000e+05 1.973253726959228460e-01
1.043000000000000000e+05 1.984932303428649791e-01
1.044000000000000000e+05 1.997276544570922852e-01
1.045000000000000000e+05 2.020912170410156250e-01
1.046000000000000000e+05 2.018299818038940541e-01
1.047000000000000000e+05 2.023874372243881226e-01
1.048000000000000000e+05 2.038191050291061346e-01
1.049000000000000000e+05 2.056539475917816273e-01
1.050000000000000000e+05 2.068943679332733154e-01
1.051000000000000000e+05 2.080099284648895264e-01
1.052000000000000000e+05 2.087699800729751476e-01
1.053000000000000000e+05 2.089401274919509832e-01
1.054000000000000000e+05 2.081561118364333995e-01
1.055000000000000000e+05 2.059238106012344360e-01
1.056000000000000000e+05 2.064513355493545477e-01
1.057000000000000000e+05 2.079140216112136952e-01
1.058000000000000000e+05 2.094565361738204845e-01
1.059000000000000000e+05 2.104550093412399236e-01
1.060000000000000000e+05 2.105170339345932007e-01
1.061000000000000000e+05 2.087556093931198231e-01
1.062000000000000000e+05 2.068987160921096913e-01
1.063000000000000000e+05 2.053358405828475952e-01
1.064000000000000000e+05 2.047352582216262762e-01
1.065000000000000000e+05 2.060440331697463989e-01
1.066000000000000000e+05 2.098522573709487860e-01
1.067000000000000000e+05 2.133754789829254150e-01
1.068000000000000000e+05 2.158033549785614014e-01
1.069000000000000000e+05 2.168644130229950007e-01
1.070000000000000000e+05 2.168260514736175537e-01
1.071000000000000000e+05 2.178186357021331676e-01
1.072000000000000000e+05 2.203882962465286144e-01
1.073000000000000000e+05 2.234224110841750988e-01
1.074000000000000000e+05 2.251261562108993475e-01
1.075000000000000000e+05 2.230225056409835815e-01
1.076000000000000000e+05 2.202137082815170399e-01
1.077000000000000000e+05 2.192451030015945546e-01
1.078000000000000000e+05 2.189178735017776600e-01
1.079000000000000000e+05 2.179798007011413685e-01
1.080000000000000000e+05 2.151252627372741699e-01
1.081000000000000000e+05 2.122748255729675348e-01
1.082000000000000000e+05 2.118423283100128174e-01
1.083000000000000000e+05 2.127050340175628551e-01
1.084000000000000000e+05 2.142518609762191772e-01
1.085000000000000000e+05 2.163833826780319214e-01
1.086000000000000000e+05 2.180862158536910900e-01
1.087000000000000000e+05 2.201045751571655273e-01
1.088000000000000000e+05 2.224310100078582819e-01
1.089000000000000000e+05 2.251318097114562988e-01
1.090000000000000000e+05 2.283470034599304199e-01
1.091000000000000000e+05 2.301953196525573786e-01
1.092000000000000000e+05 2.293758302927017267e-01
1.093000000000000000e+05 2.278299182653427124e-01
1.094000000000000000e+05 2.266070991754531860e-01
1.095000000000000000e+05 2.258650213479995728e-01
1.096000000000000000e+05 2.237241178750991877e-01
1.097000000000000000e+05 2.217994809150695690e-01
1.098000000000000000e+05 2.200518012046814020e-01
1.099000000000000000e+05 2.186506927013397161e-01
1.100000000000000000e+05 2.179746925830841064e-01
1.101000000000000000e+05 2.173492252826690618e-01
1.102000000000000000e+05 2.158633232116699274e-01
1.103000000000000000e+05 2.135863125324249379e-01
1.104000000000000000e+05 2.109294444322586115e-01
1.105000000000000000e+05 2.086458951234817505e-01
1.106000000000000000e+05 2.080435186624526867e-01
1.107000000000000000e+05 2.079357773065567128e-01
1.108000000000000000e+05 2.080766826868057362e-01
1.109000000000000000e+05 2.086597025394439642e-01
1.110000000000000000e+05 2.103177607059478760e-01
1.111000000000000000e+05 2.124353826045989879e-01
1.112000000000000000e+05 2.136493593454361073e-01
1.113000000000000000e+05 2.142745941877365057e-01
1.114000000000000000e+05 2.147826731204986461e-01
1.115000000000000000e+05 2.158018648624420166e-01
1.116000000000000000e+05 2.167061150074005016e-01
1.117000000000000000e+05 2.159106850624084584e-01
1.118000000000000000e+05 2.135750174522400013e-01
1.119000000000000000e+05 2.111565113067626898e-01
1.120000000000000000e+05 2.114105224609375000e-01
1.121000000000000000e+05 2.159930825233459528e-01
1.122000000000000000e+05 2.206511378288268932e-01
1.123000000000000000e+05 2.232797324657440075e-01
1.124000000000000000e+05 2.227438926696777288e-01
1.125000000000000000e+05 2.188786268234252930e-01
1.126000000000000000e+05 2.187087774276733343e-01
1.127000000000000000e+05 2.197417289018631092e-01
1.128000000000000000e+05 2.209420233964919933e-01
1.129000000000000000e+05 2.220631897449493464e-01
1.130000000000000000e+05 2.236477434635162354e-01
1.131000000000000000e+05 2.208906948566436712e-01
1.132000000000000000e+05 2.178795784711837769e-01
1.133000000000000000e+05 2.170479804277420099e-01
1.134000000000000000e+05 2.177810430526733454e-01
1.135000000000000000e+05 2.164154648780822754e-01
1.136000000000000000e+05 2.159026384353637806e-01
1.137000000000000000e+05 2.170531749725341797e-01
1.138000000000000000e+05 2.189187109470367432e-01
1.139000000000000000e+05 2.206630408763885498e-01
1.140000000000000000e+05 2.215621173381805420e-01
1.141000000000000000e+05 2.190371096134185736e-01
1.142000000000000000e+05 2.184563905000686534e-01
1.143000000000000000e+05 2.190616816282272283e-01
1.144000000000000000e+05 2.197302103042602650e-01
1.145000000000000000e+05 2.189747095108032227e-01
1.146000000000000000e+05 2.175029516220092773e-01
1.147000000000000000e+05 2.178091049194335882e-01
1.148000000000000000e+05 2.193502843379974421e-01
1.149000000000000000e+05 2.211525261402130238e-01
1.150000000000000000e+05 2.218107879161834717e-01
1.151000000000000000e+05 2.197521865367889349e-01
1.152000000000000000e+05 2.172317087650298961e-01
1.153000000000000000e+05 2.178524076938629095e-01
1.154000000000000000e+05 2.224354296922683716e-01
1.155000000000000000e+05 2.290200144052505493e-01
1.156000000000000000e+05 2.320303350687026867e-01
1.157000000000000000e+05 2.319535136222839466e-01
1.158000000000000000e+05 2.307595610618591309e-01
1.159000000000000000e+05 2.304181486368179210e-01
1.160000000000000000e+05 2.328986078500747681e-01
1.161000000000000000e+05 2.364851385354995728e-01
1.162000000000000000e+05 2.376778870820999146e-01
1.163000000000000000e+05 2.360655456781387274e-01
1.164000000000000000e+05 2.317476928234100397e-01
1.165000000000000000e+05 2.253347933292388916e-01
1.166000000000000000e+05 2.218940436840057262e-01
1.167000000000000000e+05 2.207720994949340931e-01
1.168000000000000000e+05 2.185333847999572643e-01
1.169000000000000000e+05 2.124796479940414540e-01
1.170000000000000000e+05 2.006499618291854858e-01
1.171000000000000000e+05 1.857467621564865001e-01
1.172000000000000000e+05 1.708218455314636230e-01
1.173000000000000000e+05 1.490463316440582275e-01
1.174000000000000000e+05 1.157112389802932712e-01
1.175000000000000000e+05 6.822748482227325439e-02
1.176000000000000000e+05 4.111898839473723810e-02
1.177000000000000000e+05 3.382524177432059964e-02
1.178000000000000000e+05 3.997543230652809282e-02
1.179000000000000000e+05 5.293353796005249162e-02
1.180000000000000000e+05 6.579832732677459717e-02
1.181000000000000000e+05 6.692960560321807584e-02
1.182000000000000000e+05 6.507948786020278931e-02
1.183000000000000000e+05 6.313396394252776544e-02
1.184000000000000000e+05 6.176225543022155484e-02
1.185000000000000000e+05 5.941681563854217529e-02
1.186000000000000000e+05 5.823741257190704484e-02
1.187000000000000000e+05 5.748507753014564514e-02
1.188000000000000000e+05 5.662706270813942094e-02
1.189000000000000000e+05 5.637885406613350053e-02
1.190000000000000000e+05 5.870417132973670959e-02
1.191000000000000000e+05 6.079254224896431247e-02
1.192000000000000000e+05 5.896823853254318237e-02
1.193000000000000000e+05 5.394849330186844011e-02
1.194000000000000000e+05 4.742869138717651506e-02
1.195000000000000000e+05 4.208236932754516602e-02
1.196000000000000000e+05 3.802435994148254533e-02
1.197000000000000000e+05 3.362865820527076444e-02
1.198000000000000000e+05 3.244045898318290849e-02
1.199000000000000000e+05 3.725703060626983643e-02
