9.000000000000000000e+04 9.388718754053115845e-02
9.010000000000000000e+04 9.148225788027045113e-02
9.020000000000000000e+04 9.003070724507172828e-02
9.030000000000000000e+04 9.216233894228942347e-02
9.040000000000000000e+04 1.052143701910978613e-01
9.050000000000000000e+04 1.143043579533697673e-01
9.060000000000000000e+04 1.091065813601016649e-01
9.070000000000000000e+04 1.020636569584409403e-01
9.080000000000000000e+04 9.984470829367639300e-02
9.090000000000000000e+04 1.030587916448712782e-01
9.100000000000000000e+04 1.075576622039080277e-01
9.110000000000000000e+04 1.120815006643533923e-01
9.120000000000000000e+04 1.165049682557584565e-01
9.130000000000000000e+04 1.207606429234147211e-01
9.140000000000000000e+04 1.243972325325013312e-01
9.150000000000000000e+04 1.276963915675878303e-01
9.160000000000000000e+04 1.308342882990835565e-01
9.170000000000000000e+04 1.337805464118718701e-01
9.180000000000000000e+04 1.370398868620395505e-01
9.190000000000000000e+04 1.409931890666484000e-01
9.200000000000000000e+04 1.470194354653359681e-01
9.210000000000000000e+04 1.552740962058304086e-01
9.220000000000000000e+04 1.623673371970654200e-01
9.230000000000000000e+04 1.660430053869883515e-01
9.240000000000000000e+04 1.666196259856224104e-01
9.250000000000000000e+04 1.663678033898274289e-01
9.260000000000000000e+04 1.660366258025169350e-01
9.270000000000000000e+04 1.663239571452140575e-01
9.280000000000000000e+04 1.668395918607711859e-01
9.290000000000000000e+04 1.675301680465539622e-01
9.300000000000000000e+04 1.676207207143306788e-01
9.310000000000000000e+04 1.670746564368406906e-01
9.320000000000000000e+04 1.661214515566825922e-01
9.330000000000000000e+04 1.657881747186183974e-01
9.340000000000000000e+04 1.658547434707482726e-01
9.350000000000000000e+04 1.664819296449423225e-01
9.360000000000000000e+04 1.678497362136840976e-01
9.370000000000000000e+04 1.693920156608025862e-01
9.380000000000000000e+04 1.700594668090343597e-01
9.390000000000000000e+04 1.695665995031594986e-01
9.400000000000000000e+04 1.695568124453226411e-01
9.410000000000000000e+04 1.707324899236360716e-01
9.420000000000000000e+04 1.713239349424839075e-01
9.430000000000000000e+04 1.703985830396413936e-01
9.440000000000000000e+04 1.683412299553553593e-01
9.450000000000000000e+04 1.664748020470142864e-01
9.460000000000000000e+04 1.657556659479935968e-01
9.470000000000000000e+04 1.658915226161479795e-01
9.480000000000000000e+04 1.662016203999519548e-01
9.490000000000000000e+04 1.663902469724416744e-01
9.500000000000000000e+04 1.668299101293087006e-01
9.510000000000000000e+04 1.674843689799309088e-01
9.520000000000000000e+04 1.689007021983464640e-01
9.530000000000000000e+04 1.711483778059483263e-01
9.540000000000000000e+04 1.741060627996923182e-01
9.550000000000000000e+04 1.751147376994292015e-01
9.560000000000000000e+04 1.747230074803034494e-01
9.570000000000000000e+04 1.747963894158601761e-01
9.580000000000000000e+04 1.748810512820879737e-01
9.590000000000000000e+04 1.748378993074099497e-01
9.600000000000000000e+04 1.748617067933082581e-01
9.610000000000000000e+04 1.738746997465690225e-01
9.620000000000000000e+04 1.721473183731237755e-01
9.630000000000000000e+04 1.720372126251458189e-01
9.640000000000000000e+04 1.756512838602066751e-01
9.650000000000000000e+04 1.804818492382768147e-01
9.660000000000000000e+04 1.832857695221900562e-01
9.670000000000000000e+04 1.807931400338807504e-01
9.680000000000000000e+04 1.780746481815974058e-01
9.690000000000000000e+04 1.754706441611051104e-01
9.700000000000000000e+04 1.746853205064932690e-01
9.710000000000000000e+04 1.753994402289390520e-01
9.720000000000000000e+04 1.765188372135162165e-01
9.730000000000000000e+04 1.771858116239309333e-01
9.740000000000000000e+04 1.779126937190691482e-01
9.750000000000000000e+04 1.790639460086822232e-01
9.760000000000000000e+04 1.801310880978902185e-01
9.770000000000000000e+04 1.804527496298154177e-01
9.780000000000000000e+04 1.803619131445884649e-01
9.790000000000000000e+04 1.804161467154820619e-01
9.800000000000000000e+04 1.810622985164324350e-01
9.810000000000000000e+04 1.822143221646547462e-01
9.820000000000000000e+04 1.820939728617668174e-01
9.830000000000000000e+04 1.813938857863346965e-01
9.840000000000000000e+04 1.822681316733360535e-01
9.850000000000000000e+04 1.832582319776217272e-01
9.860000000000000000e+04 1.846059702336788622e-01
9.870000000000000000e+04 1.862920090556144936e-01
9.880000000000000000e+04 1.874512305855751126e-01
9.890000000000000000e+04 1.887628907461960659e-01
9.900000000000000000e+04 1.901260018348693848e-01
9.910000000000000000e+04 1.908370439956585396e-01
9.920000000000000000e+04 1.922830545902252108e-01
9.930000000000000000e+04 1.953260400146246967e-01
9.940000000000000000e+04 1.983027990162373189e-01
9.950000000000000000e+04 1.998163631806771368e-01
9.960000000000000000e+04 1.985131463408470465e-01
9.970000000000000000e+04 1.973175113151470761e-01
9.980000000000000000e+04 1.976019487281640008e-01
9.990000000000000000e+04 1.955296155810355430e-01
1.000000000000000000e+05 1.929698263605435227e-01
1.001000000000000000e+05 1.917294998218616042e-01
1.002000000000000000e+05 1.919255818426608973e-01
1.003000000000000000e+05 1.923478912810484553e-01
1.004000000000000000e+05 1.923652097582816967e-01
1.005000000000000000e+05 1.920898769050836674e-01
1.006000000000000000e+05 1.927712216476599183e-01
1.007000000000000000e+05 1.946432443211475460e-01
1.008000000000000000e+05 1.967545211315154530e-01
1.009000000000000000e+05 1.976553081969419923e-01
1.010000000000000000e+05 1.972527834276358583e-01
1.011000000000000000e+05 1.983825448155402960e-01
1.012000000000000000e+05 2.010602951049805798e-01
1.013000000000000000e+05 2.044429378956556520e-01
1.014000000000000000e+05 2.042737495899200062e-01
1.015000000000000000e+05 2.006091120342413103e-01
1.016000000000000000e+05 1.972190912564594500e-01
1.017000000000000000e+05 1.970691645890475518e-01
1.018000000000000000e+05 1.996234056353568820e-01
1.019000000000000000e+05 2.024982883036137160e-01
1.020000000000000000e+05 2.049838811159133412e-01
1.021000000000000000e+05 2.073184807598589807e-01
1.022000000000000000e+05 2.090758297344048333e-01
1.023000000000000000e+05 2.113220295310020425e-01
1.024000000000000000e+05 2.132849569121996192e-01
1.025000000000000000e+05 2.130925885091225491e-01
1.026000000000000000e+05 2.097768358886242523e-01
1.027000000000000000e+05 2.068666617820660580e-01
1.028000000000000000e+05 2.069882348179817311e-01
1.029000000000000000e+05 2.074607162177562747e-01
1.030000000000000000e+05 2.070883028209209442e-01
1.031000000000000000e+05 2.085892867793640026e-01
1.032000000000000000e+05 2.100443848967551708e-01
1.033000000000000000e+05 2.089778079837559810e-01
1.034000000000000000e+05 2.067672685782113717e-01
1.035000000000000000e+05 2.046047359704971647e-01
1.036000000000000000e+05 2.011968818306921758e-01
1.037000000000000000e+05 1.982515582193931647e-01
1.038000000000000000e+05 1.967588533461094302e-01
1.039000000000000000e+05 1.948668562869231291e-01
1.040000000000000000e+05 1.931230703989664232e-01
1.041000000000000000e+05 1.947597381472587208e-01
1.042000000000000000e+05 1.964082119365533341e-01
1.043000000000000000e+05 1.963916356613238379e-01
1.044000000000000000e+05 1.974155798554420582e-01
1.045000000000000000e+05 1.990901210655768860e-01
1.046000000000000000e+05 1.990776097277800194e-01
1.047000000000000000e+05 1.993154400587082153e-01
1.048000000000000000e+05 2.009543333450953817e-01
1.049000000000000000e+05 2.020714410642782954e-01
1.050000000000000000e+05 2.027328386902809143e-01
1.051000000000000000e+05 2.036156927049160292e-01
1.052000000000000000e+05 2.042294092973073183e-01
1.053000000000000000e+05 2.042968542128801579e-01
1.054000000000000000e+05 2.033621313174565626e-01
1.055000000000000000e+05 2.021456060310204972e-01
1.056000000000000000e+05 2.026072242856025718e-01
1.057000000000000000e+05 2.039746080338954715e-01
1.058000000000000000e+05 2.049687854945659304e-01
1.059000000000000000e+05 2.055597616732120492e-01
1.060000000000000000e+05 2.053519139687219885e-01
1.061000000000000000e+05 2.039196181048949508e-01
1.062000000000000000e+05 2.024432694911956210e-01
1.063000000000000000e+05 2.017591632405916768e-01
1.064000000000000000e+05 2.015952870249748119e-01
1.065000000000000000e+05 2.028042260557414433e-01
1.066000000000000000e+05 2.053600250184537401e-01
1.067000000000000000e+05 2.082621954381466134e-01
1.068000000000000000e+05 2.102186152338982317e-01
1.069000000000000000e+05 2.113109132399161316e-01
1.070000000000000000e+05 2.116916102667649735e-01
1.071000000000000000e+05 2.120545974373816978e-01
1.072000000000000000e+05 2.140260501702626050e-01
1.073000000000000000e+05 2.165634021908045825e-01
1.074000000000000000e+05 2.181469075381755607e-01
1.075000000000000000e+05 2.161980979144573212e-01
1.076000000000000000e+05 2.136953403552372954e-01
1.077000000000000000e+05 2.132919110357761605e-01
1.078000000000000000e+05 2.135360596577326464e-01
1.079000000000000000e+05 2.130994970848162362e-01
1.080000000000000000e+05 2.111883714795112499e-01
1.081000000000000000e+05 2.093484391272068257e-01
1.082000000000000000e+05 2.091897527873516349e-01
1.083000000000000000e+05 2.100910316407680334e-01
1.084000000000000000e+05 2.114271195729574004e-01
1.085000000000000000e+05 2.130340167631704640e-01
1.086000000000000000e+05 2.148821246623992542e-01
1.087000000000000000e+05 2.169932120293379119e-01
1.088000000000000000e+05 2.190437839428584499e-01
1.089000000000000000e+05 2.207601234316825811e-01
1.090000000000000000e+05 2.228050475319227341e-01
1.091000000000000000e+05 2.243354307115077995e-01
1.092000000000000000e+05 2.235469317436217795e-01
1.093000000000000000e+05 2.221836560964584040e-01
1.094000000000000000e+05 2.218116057415803200e-01
1.095000000000000000e+05 2.211129091680049119e-01
1.096000000000000000e+05 2.193977474172910114e-01
1.097000000000000000e+05 2.179988480359315584e-01
1.098000000000000000e+05 2.167432594299316673e-01
1.099000000000000000e+05 2.155172917495171148e-01
1.100000000000000000e+05 2.148486996690432416e-01
1.101000000000000000e+05 2.146666476130485446e-01
1.102000000000000000e+05 2.139780729015668403e-01
1.103000000000000000e+05 2.126049821078777324e-01
1.104000000000000000e+05 2.111294010281562494e-01
1.105000000000000000e+05 2.102015466739733940e-01
1.106000000000000000e+05 2.092418525616327740e-01
1.107000000000000000e+05 2.090841211378574316e-01
1.108000000000000000e+05 2.089906878272692337e-01
1.109000000000000000e+05 2.094906438887119693e-01
1.110000000000000000e+05 2.106793016195297186e-01
1.111000000000000000e+05 2.120821803808212724e-01
1.112000000000000000e+05 2.132202612360318827e-01
1.113000000000000000e+05 2.141836156696081683e-01
1.114000000000000000e+05 2.153827153146267159e-01
1.115000000000000000e+05 2.163837342212597825e-01
1.116000000000000000e+05 2.168962812423705921e-01
1.117000000000000000e+05 2.169787403941154658e-01
1.118000000000000000e+05 2.156151893734932212e-01
1.119000000000000000e+05 2.137856942415237715e-01
1.120000000000000000e+05 2.143681973218917736e-01
1.121000000000000000e+05 2.172279319167136069e-01
1.122000000000000000e+05 2.206989370286464580e-01
1.123000000000000000e+05 2.227269347260396049e-01
1.124000000000000000e+05 2.222534077366192795e-01
1.125000000000000000e+05 2.198636569082736691e-01
1.126000000000000000e+05 2.189451104402542758e-01
1.127000000000000000e+05 2.206014220168193707e-01
1.128000000000000000e+05 2.215535178780556058e-01
1.129000000000000000e+05 2.225193051248789411e-01
1.130000000000000000e+05 2.233924364050229316e-01
1.131000000000000000e+05 2.219232566654681382e-01
1.132000000000000000e+05 2.187432126204172933e-01
1.133000000000000000e+05 2.180706203728914883e-01
1.134000000000000000e+05 2.194066409766673997e-01
1.135000000000000000e+05 2.188349018494288589e-01
1.136000000000000000e+05 2.185161611437797524e-01
1.137000000000000000e+05 2.199794541299343598e-01
1.138000000000000000e+05 2.212316229939461087e-01
1.139000000000000000e+05 2.223937351753314529e-01
1.140000000000000000e+05 2.229811027646064758e-01
1.141000000000000000e+05 2.214883588999509434e-01
1.142000000000000000e+05 2.199917501211166582e-01
1.143000000000000000e+05 2.208614680916071438e-01
1.144000000000000000e+05 2.216488355398178178e-01
1.145000000000000000e+05 2.213613317658503776e-01
1.146000000000000000e+05 2.206394793093204576e-01
1.147000000000000000e+05 2.207861013213793522e-01
1.148000000000000000e+05 2.218419534961383333e-01
1.149000000000000000e+05 2.229543179273605902e-01
1.150000000000000000e+05 2.232088558375835419e-01
1.151000000000000000e+05 2.217143738021452870e-01
1.152000000000000000e+05 2.193111658096313088e-01
1.153000000000000000e+05 2.188173712790012493e-01
1.154000000000000000e+05 2.221128977835181151e-01
1.155000000000000000e+05 2.275785874575375067e-01
1.156000000000000000e+05 2.308758421738942856e-01
1.157000000000000000e+05 2.311565245191256057e-01
1.158000000000000000e+05 2.300471664965152430e-01
1.159000000000000000e+05 2.290151080489158941e-01
1.160000000000000000e+05 2.301113193233808030e-01
1.161000000000000000e+05 2.328454776853322306e-01
1.162000000000000000e+05 2.360671246051789518e-01
1.163000000000000000e+05 2.359393105407555091e-01
1.164000000000000000e+05 2.332039383053778614e-01
1.165000000000000000e+05 2.288337014615537679e-01
1.166000000000000000e+05 2.247459158798058021e-01
1.167000000000000000e+05 2.253992685675621499e-01
1.168000000000000000e+05 2.268526501456896438e-01
1.169000000000000000e+05 2.237936598062515436e-01
1.170000000000000000e+05 2.180332332849501120e-01
1.171000000000000000e+05 2.092405387262508965e-01
1.172000000000000000e+05 1.995230659842490151e-01
1.173000000000000000e+05 1.890757048130036200e-01
1.174000000000000000e+05 1.697373874485486045e-01
1.175000000000000000e+05 1.340281339362263680e-01
1.176000000000000000e+05 8.429853945970601503e-02
1.177000000000000000e+05 4.969121687114115560e-02
1.178000000000000000e+05 4.165764754017204502e-02
1.179000000000000000e+05 6.414915410801681761e-02
1.180000000000000000e+05 8.254811167717031328e-02
1.181000000000000000e+05 8.717372809847168114e-02
1.182000000000000000e+05 8.167294658720498923e-02
1.183000000000000000e+05 7.907401873419678262e-02
1.184000000000000000e+05 8.085662916302689684e-02
1.185000000000000000e+05 7.816323190927525200e-02
1.186000000000000000e+05 7.547548457980179926e-02
1.187000000000000000e+05 7.518999293446571031e-02
1.188000000000000000e+05 7.471199840307204965e-02
1.189000000000000000e+05 7.276825896153865658e-02
1.190000000000000000e+05 7.326987832784673249e-02
1.191000000000000000e+05 7.926229730248453287e-02
1.192000000000000000e+05 8.055159067114162075e-02
1.193000000000000000e+05 7.498329326510416726e-02
1.194000000000000000e+05 6.467813715338707747e-02
1.195000000000000000e+05 5.791750410571692986e-02
1.196000000000000000e+05 5.398732610046901026e-02
1.197000000000000000e+05 4.758426882326607932e-02
1.198000000000000000e+05 3.846117891371255565e-02
1.199000000000000000e+05 3.587299032136805066e-02
