9.000000000000000000e+04 4.862256161868572235e-02
9.010000000000000000e+04 5.111099234471713770e-02
9.020000000000000000e+04 5.349572150657572189e-02
9.030000000000000000e+04 5.540282594040032982e-02
9.040000000000000000e+04 5.722134920457995488e-02
9.050000000000000000e+04 5.864272111405923610e-02
9.060000000000000000e+04 6.010017585009332086e-02
9.070000000000000000e+04 6.136054376140237521e-02
9.080000000000000000e+04 6.228366879125436795e-02
9.090000000000000000e+04 6.334034902974958192e-02
9.100000000000000000e+04 6.426204908639183977e-02
9.110000000000000000e+04 6.558007391169662359e-02
9.120000000000000000e+04 6.786753416061398758e-02
9.130000000000000000e+04 7.066645249724391731e-02
9.140000000000000000e+04 7.423970952630051801e-02
9.150000000000000000e+04 7.823899928480404498e-02
9.160000000000000000e+04 8.297481069962191202e-02
9.170000000000000000e+04 8.808301337063302594e-02
9.180000000000000000e+04 9.393426373600957668e-02
9.190000000000000000e+04 1.003963137418032447e-01
9.200000000000000000e+04 1.073171988129616450e-01
9.210000000000000000e+04 1.151748135313394039e-01
9.220000000000000000e+04 1.224447422474624902e-01
9.230000000000000000e+04 1.304089076941211400e-01
9.240000000000000000e+04 1.368515938520430408e-01
9.250000000000000000e+04 1.425366060187420181e-01
9.260000000000000000e+04 1.466574873030186965e-01
9.270000000000000000e+04 1.492590592056513010e-01
9.280000000000000000e+04 1.508550721406936579e-01
9.290000000000000000e+04 1.514758722484112197e-01
9.300000000000000000e+04 1.516136415302753448e-01
9.310000000000000000e+04 1.514514393359422950e-01
9.320000000000000000e+04 1.511138449112574278e-01
9.330000000000000000e+04 1.507579249888658657e-01
9.340000000000000000e+04 1.504582557578881818e-01
9.350000000000000000e+04 1.502513139198223824e-01
9.360000000000000000e+04 1.503009873628616266e-01
9.370000000000000000e+04 1.504389805843432681e-01
9.380000000000000000e+04 1.509104972581068460e-01
9.390000000000000000e+04 1.513861701637506663e-01
9.400000000000000000e+04 1.519477734963099180e-01
9.410000000000000000e+04 1.523556219041347359e-01
9.420000000000000000e+04 1.526614803075790339e-01
9.430000000000000000e+04 1.527029824505249656e-01
9.440000000000000000e+04 1.526222073038419058e-01
9.450000000000000000e+04 1.522038951516151428e-01
9.460000000000000000e+04 1.515574820836385062e-01
9.470000000000000000e+04 1.511490525801976459e-01
9.480000000000000000e+04 1.507827726006508162e-01
9.490000000000000000e+04 1.505367855230967111e-01
9.500000000000000000e+04 1.503994651138782501e-01
9.510000000000000000e+04 1.506774992495775178e-01
9.520000000000000000e+04 1.511044858892758858e-01
9.530000000000000000e+04 1.517942269394795263e-01
9.540000000000000000e+04 1.526434820890426591e-01
9.550000000000000000e+04 1.534211464226245825e-01
9.560000000000000000e+04 1.542245159546534183e-01
9.570000000000000000e+04 1.548318032175302617e-01
9.580000000000000000e+04 1.552941158413886913e-01
9.590000000000000000e+04 1.556510226428508559e-01
9.600000000000000000e+04 1.556952551007270702e-01
9.610000000000000000e+04 1.557889642814795084e-01
9.620000000000000000e+04 1.559661610921223851e-01
9.630000000000000000e+04 1.563835883140564098e-01
9.640000000000000000e+04 1.569550720850626802e-01
9.650000000000000000e+04 1.579697898278634161e-01
9.660000000000000000e+04 1.588903404772281647e-01
9.670000000000000000e+04 1.601640866200128577e-01
9.680000000000000000e+04 1.612619807322819288e-01
9.690000000000000000e+04 1.617942061275243482e-01
9.700000000000000000e+04 1.622183578709761320e-01
9.710000000000000000e+04 1.617413066079219086e-01
9.720000000000000000e+04 1.614258450269699385e-01
9.730000000000000000e+04 1.609722501784562887e-01
9.740000000000000000e+04 1.608516771097977804e-01
9.750000000000000000e+04 1.609925050288438797e-01
9.760000000000000000e+04 1.613105084498723252e-01
9.770000000000000000e+04 1.617735517273346801e-01
9.780000000000000000e+04 1.623240602016449152e-01
9.790000000000000000e+04 1.629226587712764296e-01
9.800000000000000000e+04 1.636268367369969612e-01
9.810000000000000000e+04 1.643594465404749072e-01
9.820000000000000000e+04 1.654106163481871561e-01
9.830000000000000000e+04 1.665682900448640091e-01
9.840000000000000000e+04 1.680062222480773748e-01
9.850000000000000000e+04 1.696722816675900747e-01
9.860000000000000000e+04 1.717073287069796894e-01
9.870000000000000000e+04 1.742450480908155075e-01
9.880000000000000000e+04 1.773348595698674979e-01
9.890000000000000000e+04 1.810174289842447770e-01
9.900000000000000000e+04 1.850605294108391974e-01
9.910000000000000000e+04 1.895006884137790393e-01
9.920000000000000000e+04 1.939696737130484072e-01
9.930000000000000000e+04 1.983053698390722652e-01
9.940000000000000000e+04 2.024270888666311885e-01
9.950000000000000000e+04 2.057621435572704605e-01
9.960000000000000000e+04 2.086820068955422824e-01
9.970000000000000000e+04 2.104235291232665617e-01
9.980000000000000000e+04 2.116444131731987088e-01
9.990000000000000000e+04 2.123842380940914598e-01
1.000000000000000000e+05 2.126157333453496112e-01
1.001000000000000000e+05 2.127630038062731654e-01
1.002000000000000000e+05 2.128357496857643527e-01
1.003000000000000000e+05 2.131329425175984560e-01
1.004000000000000000e+05 2.138741847872733803e-01
1.005000000000000000e+05 2.147790715098381042e-01
1.006000000000000000e+05 2.158404791355132968e-01
1.007000000000000000e+05 2.170469898233811090e-01
1.008000000000000000e+05 2.182769104838371277e-01
1.009000000000000000e+05 2.194708016514778093e-01
1.010000000000000000e+05 2.207048758864402493e-01
1.011000000000000000e+05 2.215375528484582746e-01
1.012000000000000000e+05 2.221024387081464435e-01
1.013000000000000000e+05 2.221903321892023109e-01
1.014000000000000000e+05 2.219515876471995774e-01
1.015000000000000000e+05 2.212877459824084680e-01
1.016000000000000000e+05 2.202612683176994046e-01
1.017000000000000000e+05 2.198117412626743317e-01
1.018000000000000000e+05 2.199332764744758584e-01
1.019000000000000000e+05 2.200294095277786077e-01
1.020000000000000000e+05 2.207465022802352905e-01
1.021000000000000000e+05 2.224590051919220768e-01
1.022000000000000000e+05 2.240742552777131025e-01
1.023000000000000000e+05 2.259477918595075852e-01
1.024000000000000000e+05 2.271107071638107655e-01
1.025000000000000000e+05 2.281217705458402634e-01
1.026000000000000000e+05 2.282748676836490742e-01
1.027000000000000000e+05 2.283232297251621690e-01
1.028000000000000000e+05 2.276878841718038005e-01
1.029000000000000000e+05 2.265126387774944738e-01
1.030000000000000000e+05 2.249048585693041447e-01
1.031000000000000000e+05 2.231494015951951126e-01
1.032000000000000000e+05 2.214045870304107710e-01
1.033000000000000000e+05 2.197222464780012041e-01
1.034000000000000000e+05 2.178941266735394400e-01
1.035000000000000000e+05 2.159496940672397669e-01
1.036000000000000000e+05 2.140270912647247448e-01
1.037000000000000000e+05 2.122959347069263703e-01
1.038000000000000000e+05 2.110200503468513400e-01
1.039000000000000000e+05 2.101687946915626326e-01
1.040000000000000000e+05 2.100028564532597786e-01
1.041000000000000000e+05 2.095176749676466166e-01
1.042000000000000000e+05 2.093771638472874952e-01
1.043000000000000000e+05 2.096938225130239863e-01
1.044000000000000000e+05 2.103983536362648010e-01
1.045000000000000000e+05 2.116060311595598376e-01
1.046000000000000000e+05 2.130311756332714523e-01
1.047000000000000000e+05 2.145778210461139202e-01
1.048000000000000000e+05 2.162029753128686949e-01
1.049000000000000000e+05 2.178701459368069249e-01
1.050000000000000000e+05 2.195013538002967834e-01
1.051000000000000000e+05 2.209197026739518344e-01
1.052000000000000000e+05 2.223535003264744958e-01
1.053000000000000000e+05 2.233464421331882166e-01
1.054000000000000000e+05 2.242559405167897646e-01
1.055000000000000000e+05 2.247272411982218498e-01
1.056000000000000000e+05 2.249794417619705167e-01
1.057000000000000000e+05 2.251449556400378638e-01
1.058000000000000000e+05 2.250693717102209557e-01
1.059000000000000000e+05 2.251329760998487250e-01
1.060000000000000000e+05 2.250762919584910482e-01
1.061000000000000000e+05 2.249997725089391276e-01
1.062000000000000000e+05 2.249784068763255873e-01
1.063000000000000000e+05 2.246048571914434355e-01
1.064000000000000000e+05 2.246064296364784774e-01
1.065000000000000000e+05 2.246048640459776535e-01
1.066000000000000000e+05 2.252728943526745575e-01
1.067000000000000000e+05 2.265450840443372638e-01
1.068000000000000000e+05 2.284186506271362327e-01
1.069000000000000000e+05 2.308796307196220587e-01
1.070000000000000000e+05 2.335055582225323279e-01
1.071000000000000000e+05 2.362550932914018187e-01
1.072000000000000000e+05 2.384724327921866616e-01
1.073000000000000000e+05 2.405888015776871391e-01
1.074000000000000000e+05 2.418190798163413757e-01
1.075000000000000000e+05 2.429716220746437894e-01
1.076000000000000000e+05 2.430249439676603340e-01
1.077000000000000000e+05 2.424936823546886000e-01
1.078000000000000000e+05 2.398737177252769914e-01
1.079000000000000000e+05 2.371942872802417779e-01
1.080000000000000000e+05 2.343822196125984747e-01
1.081000000000000000e+05 2.318445929884910273e-01
1.082000000000000000e+05 2.301270100474357427e-01
1.083000000000000000e+05 2.293563020229339722e-01
1.084000000000000000e+05 2.297651744882265867e-01
1.085000000000000000e+05 2.294428247958421041e-01
1.086000000000000000e+05 2.297624002397060106e-01
1.087000000000000000e+05 2.313795708864927192e-01
1.088000000000000000e+05 2.333537381887435813e-01
1.089000000000000000e+05 2.359276042133570672e-01
1.090000000000000000e+05 2.386710089941820878e-01
1.091000000000000000e+05 2.411153953025738650e-01
1.092000000000000000e+05 2.431906303763389787e-01
1.093000000000000000e+05 2.444220813860496777e-01
1.094000000000000000e+05 2.446208112438519877e-01
1.095000000000000000e+05 2.433214783668518066e-01
1.096000000000000000e+05 2.403485353787741530e-01
1.097000000000000000e+05 2.371922959387304242e-01
1.098000000000000000e+05 2.340374815464020264e-01
1.099000000000000000e+05 2.310322586695353064e-01
1.100000000000000000e+05 2.282669891913731708e-01
1.101000000000000000e+05 2.255792994797229944e-01
1.102000000000000000e+05 2.228849484523137692e-01
1.103000000000000000e+05 2.200834906101227784e-01
1.104000000000000000e+05 2.172533997893333901e-01
1.105000000000000000e+05 2.148454551895459252e-01
1.106000000000000000e+05 2.126810104648271249e-01
1.107000000000000000e+05 2.119279491901397416e-01
1.108000000000000000e+05 2.114832400282224134e-01
1.109000000000000000e+05 2.111087547987699486e-01
1.110000000000000000e+05 2.105324327945709006e-01
1.111000000000000000e+05 2.108420174320538854e-01
1.112000000000000000e+05 2.113633644580840687e-01
1.113000000000000000e+05 2.123057800531387429e-01
1.114000000000000000e+05 2.132087710003058301e-01
1.115000000000000000e+05 2.140891135980685367e-01
1.116000000000000000e+05 2.147518125176429704e-01
1.117000000000000000e+05 2.152842865884304069e-01
1.118000000000000000e+05 2.155606654783089882e-01
1.119000000000000000e+05 2.157721970230340736e-01
1.120000000000000000e+05 2.160544743140538348e-01
1.121000000000000000e+05 2.165188924471536658e-01
1.122000000000000000e+05 2.175008109211920837e-01
1.123000000000000000e+05 2.189263100922106964e-01
1.124000000000000000e+05 2.205122569203377125e-01
1.125000000000000000e+05 2.223240286111832220e-01
1.126000000000000000e+05 2.239393448829650746e-01
1.127000000000000000e+05 2.249365669985611826e-01
1.128000000000000000e+05 2.255539238452911044e-01
1.129000000000000000e+05 2.256494961182276549e-01
1.130000000000000000e+05 2.253178869684537289e-01
1.131000000000000000e+05 2.250233515352010882e-01
1.132000000000000000e+05 2.243539583683013539e-01
1.133000000000000000e+05 2.229886113603909981e-01
1.134000000000000000e+05 2.215850841999054133e-01
1.135000000000000000e+05 2.204158999025821741e-01
1.136000000000000000e+05 2.199060613910357453e-01
1.137000000000000000e+05 2.191150488704443067e-01
1.138000000000000000e+05 2.187746068835258462e-01
1.139000000000000000e+05 2.185609705746173748e-01
1.140000000000000000e+05 2.187534540891647450e-01
1.141000000000000000e+05 2.188324003914992044e-01
1.142000000000000000e+05 2.189876864850521243e-01
1.143000000000000000e+05 2.191304089128971455e-01
1.144000000000000000e+05 2.187940773367881842e-01
1.145000000000000000e+05 2.184020582586526649e-01
1.146000000000000000e+05 2.178440611064434429e-01
1.147000000000000000e+05 2.175478225201368243e-01
1.148000000000000000e+05 2.173333948850631747e-01
1.149000000000000000e+05 2.176251580566167521e-01
1.150000000000000000e+05 2.179879558583100729e-01
1.151000000000000000e+05 2.187614096949497822e-01
1.152000000000000000e+05 2.197173678874970171e-01
1.153000000000000000e+05 2.213604344924290923e-01
1.154000000000000000e+05 2.231180341045060633e-01
1.155000000000000000e+05 2.255270265042781386e-01
1.156000000000000000e+05 2.279676026105881270e-01
1.157000000000000000e+05 2.307431881129741735e-01
1.158000000000000000e+05 2.334451863169670072e-01
1.159000000000000000e+05 2.359553187588850909e-01
1.160000000000000000e+05 2.378633151451746974e-01
1.161000000000000000e+05 2.390361755341291472e-01
1.162000000000000000e+05 2.393948150177796497e-01
1.163000000000000000e+05 2.386207391321658600e-01
1.164000000000000000e+05 2.339180332422255426e-01
1.165000000000000000e+05 2.269116376837092830e-01
1.166000000000000000e+05 2.213965107003844635e-01
1.167000000000000000e+05 2.145595836639402898e-01
1.168000000000000000e+05 2.068284905950229513e-01
1.169000000000000000e+05 1.980942506094777178e-01
1.170000000000000000e+05 1.875651001930239148e-01
1.171000000000000000e+05 1.759132912755009270e-01
1.172000000000000000e+05 1.623459164301551405e-01
1.173000000000000000e+05 1.479866829514504545e-01
1.174000000000000000e+05 1.331359528501833978e-01
1.175000000000000000e+05 1.180518232285983626e-01
1.176000000000000000e+05 1.034456458687784963e-01
1.177000000000000000e+05 9.056493329505119205e-02
1.178000000000000000e+05 8.018947973847374844e-02
1.179000000000000000e+05 6.902873989194639737e-02
1.180000000000000000e+05 6.040998511016359984e-02
1.181000000000000000e+05 5.348913148666432915e-02
1.182000000000000000e+05 4.867211163043981548e-02
1.183000000000000000e+05 4.565134658167752102e-02
1.184000000000000000e+05 4.329516733686121499e-02
1.185000000000000000e+05 4.137969966977833591e-02
1.186000000000000000e+05 3.965914743642011409e-02
1.187000000000000000e+05 3.810242676486569335e-02
1.188000000000000000e+05 3.684482581913470223e-02
1.189000000000000000e+05 3.570607959603269710e-02
1.190000000000000000e+05 3.484674667318657382e-02
1.191000000000000000e+05 3.408222869038579628e-02
1.192000000000000000e+05 3.325941209991772896e-02
1.193000000000000000e+05 3.247698143745465782e-02
1.194000000000000000e+05 3.137594819068909718e-02
1.195000000000000000e+05 3.024891959503293870e-02
1.196000000000000000e+05 2.915862251073125799e-02
1.197000000000000000e+05 2.845053922384976203e-02
1.198000000000000000e+05 2.815585643053053477e-02
1.199000000000000000e+05 2.867419069632892725e-02
