9.000000000000000000e+04 6.930244714021682739e-02
9.010000000000000000e+04 6.896861118574934557e-02
9.020000000000000000e+04 6.416862393418928945e-02
9.030000000000000000e+04 6.651619113981666054e-02
9.040000000000000000e+04 8.418272102872551010e-02
9.050000000000000000e+04 9.602354293068240954e-02
9.060000000000000000e+04 8.531528636813154320e-02
9.070000000000000000e+04 7.392353388170391781e-02
9.080000000000000000e+04 7.327890058358514647e-02
9.090000000000000000e+04 7.688816927373406940e-02
9.100000000000000000e+04 8.107748155792546263e-02
9.110000000000000000e+04 8.501036956906329878e-02
9.120000000000000000e+04 8.897673368453987153e-02
9.130000000000000000e+04 9.269196065763633807e-02
9.140000000000000000e+04 9.583570192257556686e-02
9.150000000000000000e+04 9.869270324707021813e-02
9.160000000000000000e+04 1.012290567159653265e-01
9.170000000000000000e+04 1.036206460992495360e-01
9.180000000000000000e+04 1.061475250124931102e-01
9.190000000000000000e+04 1.099396855632462505e-01
9.200000000000000000e+04 1.169996604323389200e-01
9.210000000000000000e+04 1.264407344162464808e-01
9.220000000000000000e+04 1.330451041460037342e-01
9.230000000000000000e+04 1.358718967437744229e-01
9.240000000000000000e+04 1.363353648781776561e-01
9.250000000000000000e+04 1.359340635438759937e-01
9.260000000000000000e+04 1.351500318447748650e-01
9.270000000000000000e+04 1.350452338159084387e-01
9.280000000000000000e+04 1.353164148330688321e-01
9.290000000000000000e+04 1.359702382485071803e-01
9.300000000000000000e+04 1.363198652863502613e-01
9.310000000000000000e+04 1.354445385436216509e-01
9.320000000000000000e+04 1.341710255543390740e-01
9.330000000000000000e+04 1.335124596953392029e-01
9.340000000000000000e+04 1.335316638151804736e-01
9.350000000000000000e+04 1.333900136252244295e-01
9.360000000000000000e+04 1.347048231959343534e-01
9.370000000000000000e+04 1.366704068581263420e-01
9.380000000000000000e+04 1.375914539893468014e-01
9.390000000000000000e+04 1.366161333024502045e-01
9.400000000000000000e+04 1.361617843310038434e-01
9.410000000000000000e+04 1.374762749175231225e-01
9.420000000000000000e+04 1.386466485261917125e-01
9.430000000000000000e+04 1.378918719291686856e-01
9.440000000000000000e+04 1.360958800713221728e-01
9.450000000000000000e+04 1.338213481009006833e-01
9.460000000000000000e+04 1.329691626628239920e-01
9.470000000000000000e+04 1.331488018234570914e-01
9.480000000000000000e+04 1.332776463031768721e-01
9.490000000000000000e+04 1.335227532684802876e-01
9.500000000000000000e+04 1.336635450522105084e-01
9.510000000000000000e+04 1.340332143008708954e-01
9.520000000000000000e+04 1.347719151775042534e-01
9.530000000000000000e+04 1.366710696121056501e-01
9.540000000000000000e+04 1.397440010309218272e-01
9.550000000000000000e+04 1.411468642453352629e-01
9.560000000000000000e+04 1.403399532039960040e-01
9.570000000000000000e+04 1.400277248024940635e-01
9.580000000000000000e+04 1.403087077538172356e-01
9.590000000000000000e+04 1.402885405719280221e-01
9.600000000000000000e+04 1.402138978242874201e-01
9.610000000000000000e+04 1.398043644428252907e-01
9.620000000000000000e+04 1.371554467082022888e-01
9.630000000000000000e+04 1.356957940757274050e-01
9.640000000000000000e+04 1.396973718206087067e-01
9.650000000000000000e+04 1.454514794051646742e-01
9.660000000000000000e+04 1.486495184898377619e-01
9.670000000000000000e+04 1.467566177745659728e-01
9.680000000000000000e+04 1.428802797198296393e-01
9.690000000000000000e+04 1.406947162747383406e-01
9.700000000000000000e+04 1.395893280704816330e-01
9.710000000000000000e+04 1.398417590061823979e-01
9.720000000000000000e+04 1.412621769309043707e-01
9.730000000000000000e+04 1.417229290306568079e-01
9.740000000000000000e+04 1.421028970678647196e-01
9.750000000000000000e+04 1.430677883327007294e-01
9.760000000000000000e+04 1.441775690515836317e-01
9.770000000000000000e+04 1.445239714781443030e-01
9.780000000000000000e+04 1.441656273603439398e-01
9.790000000000000000e+04 1.441003178556760078e-01
9.800000000000000000e+04 1.444812610745429826e-01
9.810000000000000000e+04 1.459675739705562636e-01
9.820000000000000000e+04 1.464127111434936346e-01
9.830000000000000000e+04 1.448575418690840333e-01
9.840000000000000000e+04 1.452059510350227622e-01
9.850000000000000000e+04 1.462725440661112597e-01
9.860000000000000000e+04 1.472679019967714220e-01
9.870000000000000000e+04 1.493878790736198892e-01
9.880000000000000000e+04 1.505490195751189586e-01
9.890000000000000000e+04 1.524312938749790569e-01
9.900000000000000000e+04 1.545457512140274159e-01
9.910000000000000000e+04 1.554572069148222879e-01
9.920000000000000000e+04 1.561836646993955691e-01
9.930000000000000000e+04 1.596909531950950756e-01
9.940000000000000000e+04 1.614697178204854144e-01
9.950000000000000000e+04 1.637576453387737108e-01
9.960000000000000000e+04 1.632752999663353299e-01
9.970000000000000000e+04 1.613201501468817245e-01
9.980000000000000000e+04 1.622863430778185290e-01
9.990000000000000000e+04 1.609431326389313410e-01
1.000000000000000000e+05 1.570357779661814557e-01
1.001000000000000000e+05 1.578257490694522924e-01
1.002000000000000000e+05 1.584235802292823792e-01
1.003000000000000000e+05 1.586627569297949514e-01
1.004000000000000000e+05 1.588938834269841560e-01
1.005000000000000000e+05 1.583759777247905620e-01
1.006000000000000000e+05 1.586781028906504021e-01
1.007000000000000000e+05 1.604058809578418343e-01
1.008000000000000000e+05 1.628947195410728743e-01
1.009000000000000000e+05 1.638683926065762630e-01
1.010000000000000000e+05 1.625757634639739546e-01
1.011000000000000000e+05 1.620756821334361775e-01
1.012000000000000000e+05 1.646935844421388573e-01
1.013000000000000000e+05 1.690763184924920226e-01
1.014000000000000000e+05 1.693106579780579435e-01
1.015000000000000000e+05 1.640517666935919772e-01
1.016000000000000000e+05 1.583685278892517090e-01
1.017000000000000000e+05 1.587967906892301106e-01
1.018000000000000000e+05 1.631023942430813167e-01
1.019000000000000000e+05 1.657290910681087914e-01
1.020000000000000000e+05 1.683309689164161627e-01
1.021000000000000000e+05 1.702134079237778708e-01
1.022000000000000000e+05 1.709895104169845692e-01
1.023000000000000000e+05 1.721243862807750880e-01
1.024000000000000000e+05 1.740833645065625601e-01
1.025000000000000000e+05 1.747855134308338165e-01
1.026000000000000000e+05 1.720742133259774986e-01
1.027000000000000000e+05 1.676277853051820754e-01
1.028000000000000000e+05 1.686399339636167061e-01
1.029000000000000000e+05 1.707314980030059937e-01
1.030000000000000000e+05 1.683655296762783804e-01
1.031000000000000000e+05 1.689155282080173071e-01
1.032000000000000000e+05 1.714460533857345703e-01
1.033000000000000000e+05 1.714035101731618549e-01
1.034000000000000000e+05 1.687691723306974090e-01
1.035000000000000000e+05 1.676027134060859014e-01
1.036000000000000000e+05 1.645217336217563442e-01
1.037000000000000000e+05 1.609878636399905139e-01
1.038000000000000000e+05 1.615240159630775552e-01
1.039000000000000000e+05 1.606247712175051801e-01
1.040000000000000000e+05 1.569499944647153311e-01
1.041000000000000000e+05 1.592799270153044122e-01
1.042000000000000000e+05 1.622853926817577064e-01
1.043000000000000000e+05 1.616557459533214669e-01
1.044000000000000000e+05 1.622875234484671969e-01
1.045000000000000000e+05 1.649947094420591842e-01
1.046000000000000000e+05 1.647799396514893211e-01
1.047000000000000000e+05 1.639860713481902932e-01
1.048000000000000000e+05 1.660759445031483317e-01
1.049000000000000000e+05 1.675280480583508924e-01
1.050000000000000000e+05 1.679232716560363770e-01
1.051000000000000000e+05 1.694717699786027210e-01
1.052000000000000000e+05 1.697807485858599252e-01
1.053000000000000000e+05 1.703125260770320670e-01
1.054000000000000000e+05 1.698256400227546870e-01
1.055000000000000000e+05 1.670690144101779073e-01
1.056000000000000000e+05 1.674212324619293035e-01
1.057000000000000000e+05 1.695233271022638100e-01
1.058000000000000000e+05 1.707192015647888139e-01
1.059000000000000000e+05 1.713487456738948811e-01
1.060000000000000000e+05 1.715027312437693296e-01
1.061000000000000000e+05 1.705093189080556515e-01
1.062000000000000000e+05 1.683839327096938732e-01
1.063000000000000000e+05 1.673655084768931045e-01
1.064000000000000000e+05 1.664615442355473762e-01
1.065000000000000000e+05 1.671889707446097828e-01
1.066000000000000000e+05 1.702456333239872333e-01
1.067000000000000000e+05 1.736865515510241376e-01
1.068000000000000000e+05 1.758998197317123424e-01
1.069000000000000000e+05 1.764137917757034324e-01
1.070000000000000000e+05 1.760056431094805252e-01
1.071000000000000000e+05 1.760532300174235676e-01
1.072000000000000000e+05 1.779703601201375329e-01
1.073000000000000000e+05 1.810596779485543206e-01
1.074000000000000000e+05 1.833538928627967968e-01
1.075000000000000000e+05 1.813783372441927222e-01
1.076000000000000000e+05 1.777053463459014604e-01
1.077000000000000000e+05 1.768368819355964905e-01
1.078000000000000000e+05 1.776045911510785169e-01
1.079000000000000000e+05 1.775734177728493512e-01
1.080000000000000000e+05 1.751603394746780451e-01
1.081000000000000000e+05 1.722641332944234160e-01
1.082000000000000000e+05 1.720844695965449422e-01
1.083000000000000000e+05 1.729544314742088584e-01
1.084000000000000000e+05 1.737197756767273060e-01
1.085000000000000000e+05 1.756522014737129100e-01
1.086000000000000000e+05 1.773867672681808116e-01
1.087000000000000000e+05 1.788358549773693129e-01
1.088000000000000000e+05 1.809041613340378329e-01
1.089000000000000000e+05 1.825215432047844477e-01
1.090000000000000000e+05 1.852345928549766207e-01
1.091000000000000000e+05 1.880665353933970163e-01
1.092000000000000000e+05 1.870072707533836365e-01
1.093000000000000000e+05 1.845154638588427931e-01
1.094000000000000000e+05 1.842476946115493841e-01
1.095000000000000000e+05 1.839621581137179940e-01
1.096000000000000000e+05 1.821845976511637932e-01
1.097000000000000000e+05 1.805927673478920914e-01
1.098000000000000000e+05 1.794819819927215843e-01
1.099000000000000000e+05 1.781584903597831504e-01
1.100000000000000000e+05 1.774995277325312204e-01
1.101000000000000000e+05 1.774079629778862188e-01
1.102000000000000000e+05 1.767003891865411846e-01
1.103000000000000000e+05 1.751677506665388906e-01
1.104000000000000000e+05 1.731018441915511685e-01
1.105000000000000000e+05 1.716275518139203093e-01
1.106000000000000000e+05 1.709247874220212460e-01
1.107000000000000000e+05 1.709495086967945388e-01
1.108000000000000000e+05 1.708887187639872296e-01
1.109000000000000000e+05 1.709659993648529330e-01
1.110000000000000000e+05 1.722636431455612516e-01
1.111000000000000000e+05 1.740734005967775055e-01
1.112000000000000000e+05 1.752747170130412036e-01
1.113000000000000000e+05 1.756940847635269087e-01
1.114000000000000000e+05 1.761407047510147594e-01
1.115000000000000000e+05 1.771944135427475087e-01
1.116000000000000000e+05 1.780207464098930159e-01
1.117000000000000000e+05 1.786767299473285830e-01
1.118000000000000000e+05 1.766137055555980218e-01
1.119000000000000000e+05 1.735877421498298045e-01
1.120000000000000000e+05 1.732029542326927185e-01
1.121000000000000000e+05 1.766299546261627662e-01
1.122000000000000000e+05 1.811969324946405835e-01
1.123000000000000000e+05 1.844574660062790472e-01
1.124000000000000000e+05 1.844824358820914556e-01
1.125000000000000000e+05 1.803469248116016388e-01
1.126000000000000000e+05 1.778831768035887828e-01
1.127000000000000000e+05 1.810822067658107715e-01
1.128000000000000000e+05 1.819272994995117243e-01
1.129000000000000000e+05 1.823373184104762346e-01
1.130000000000000000e+05 1.842921530206997893e-01
1.131000000000000000e+05 1.830761437118054724e-01
1.132000000000000000e+05 1.786501712600388758e-01
1.133000000000000000e+05 1.774355518321195646e-01
1.134000000000000000e+05 1.807829347252846719e-01
1.135000000000000000e+05 1.795755540331204214e-01
1.136000000000000000e+05 1.771649307012557739e-01
1.137000000000000000e+05 1.790532983839512315e-01
1.138000000000000000e+05 1.802164058883984898e-01
1.139000000000000000e+05 1.815761106709640749e-01
1.140000000000000000e+05 1.837532490491867176e-01
1.141000000000000000e+05 1.814073237280050543e-01
1.142000000000000000e+05 1.781252890825271440e-01
1.143000000000000000e+05 1.799048778414726046e-01
1.144000000000000000e+05 1.818439498543739652e-01
1.145000000000000000e+05 1.811841780940691704e-01
1.146000000000000000e+05 1.792742925882339078e-01
1.147000000000000000e+05 1.788903708259264591e-01
1.148000000000000000e+05 1.803912642598152760e-01
1.149000000000000000e+05 1.823111999034882080e-01
1.150000000000000000e+05 1.829949691891670227e-01
1.151000000000000000e+05 1.819577815135320353e-01
1.152000000000000000e+05 1.790040808916091852e-01
1.153000000000000000e+05 1.770501248538493555e-01
1.154000000000000000e+05 1.813359218835833009e-01
1.155000000000000000e+05 1.877840571105481859e-01
1.156000000000000000e+05 1.908878418803215404e-01
1.157000000000000000e+05 1.909772304693858058e-01
1.158000000000000000e+05 1.889508697390556158e-01
1.159000000000000000e+05 1.868437771995862251e-01
1.160000000000000000e+05 1.886850953102112705e-01
1.161000000000000000e+05 1.931358626484870333e-01
1.162000000000000000e+05 1.961008989810943959e-01
1.163000000000000000e+05 1.950570012629032624e-01
1.164000000000000000e+05 1.916385257244109519e-01
1.165000000000000000e+05 1.864740237593650041e-01
1.166000000000000000e+05 1.802088230848312989e-01
1.167000000000000000e+05 1.796796265244485213e-01
1.168000000000000000e+05 1.824116914470990947e-01
1.169000000000000000e+05 1.792663690447803548e-01
1.170000000000000000e+05 1.708923801779747009e-01
1.171000000000000000e+05 1.616287394861384286e-01
1.172000000000000000e+05 1.477581699689226313e-01
1.173000000000000000e+05 1.342248459160327312e-01
1.174000000000000000e+05 1.182275543610250557e-01
1.175000000000000000e+05 8.594115373367725019e-02
1.176000000000000000e+05 3.001621123403361291e-02
1.177000000000000000e+05 1.599515701333695944e-02
1.178000000000000000e+05 2.732787019262725853e-02
1.179000000000000000e+05 4.642638456076411679e-02
1.180000000000000000e+05 6.788560127218587481e-02
1.181000000000000000e+05 6.864574983716001388e-02
1.182000000000000000e+05 5.758384838700314479e-02
1.183000000000000000e+05 5.745511551698043867e-02
1.184000000000000000e+05 6.106964968144890094e-02
1.185000000000000000e+05 5.885639432817676986e-02
1.186000000000000000e+05 5.432569193343317338e-02
1.187000000000000000e+05 5.718964869777390381e-02
1.188000000000000000e+05 5.618912220001220925e-02
1.189000000000000000e+05 5.124444196621577574e-02
1.190000000000000000e+05 5.477064537505323127e-02
1.191000000000000000e+05 6.061610374599684520e-02
1.192000000000000000e+05 6.169939031203586915e-02
1.193000000000000000e+05 5.586612682789551809e-02
1.194000000000000000e+05 4.597984969615898782e-02
1.195000000000000000e+05 4.051047073056298492e-02
1.196000000000000000e+05 3.843788099785658274e-02
1.197000000000000000e+05 3.462100148200970839e-02
1.198000000000000000e+05 2.633585711320278466e-02
1.199000000000000000e+05 2.011688598121201196e-02
