9.000000000000000000e+04 3.193844109773635864e-02
9.010000000000000000e+04 3.855486134688131117e-02
9.020000000000000000e+04 3.472580388188362122e-02
9.030000000000000000e+04 2.900720439851311658e-02
9.040000000000000000e+04 4.581099654237499874e-02
9.050000000000000000e+04 5.668315465251611007e-02
9.060000000000000000e+04 4.545689001679295571e-02
9.070000000000000000e+04 3.456782948225731872e-02
9.080000000000000000e+04 3.603387723366419798e-02
9.090000000000000000e+04 3.863049510866408548e-02
9.100000000000000000e+04 4.138035948077845722e-02
9.110000000000000000e+04 4.359893331925076415e-02
9.120000000000000000e+04 4.616037398576731954e-02
9.130000000000000000e+04 4.852944650997708526e-02
9.140000000000000000e+04 5.035341079036388667e-02
9.150000000000000000e+04 5.200947206467387840e-02
9.160000000000000000e+04 5.353471289078395173e-02
9.170000000000000000e+04 5.493759634594122532e-02
9.180000000000000000e+04 5.639499932527538423e-02
9.190000000000000000e+04 5.843010173489634335e-02
9.200000000000000000e+04 6.407647331555749171e-02
9.210000000000000000e+04 7.296873040497271756e-02
9.220000000000000000e+04 7.748510763049139272e-02
9.230000000000000000e+04 7.905269722143806743e-02
9.240000000000000000e+04 7.887548536062240212e-02
9.250000000000000000e+04 7.832188407580054079e-02
9.260000000000000000e+04 7.726890623569487859e-02
9.270000000000000000e+04 7.767610251903532548e-02
9.280000000000000000e+04 7.721630573272704468e-02
9.290000000000000000e+04 7.818594694137571965e-02
9.300000000000000000e+04 7.843125015497208474e-02
9.310000000000000000e+04 7.766036132971444739e-02
9.320000000000000000e+04 7.631004353364298498e-02
9.330000000000000000e+04 7.624269038438798163e-02
9.340000000000000000e+04 7.692532271146773626e-02
9.350000000000000000e+04 7.611668507258100014e-02
9.360000000000000000e+04 7.692450374364853682e-02
9.370000000000000000e+04 7.850234140952422335e-02
9.380000000000000000e+04 7.963629066944120927e-02
9.390000000000000000e+04 7.894754648208619774e-02
9.400000000000000000e+04 7.793436149756113873e-02
9.410000000000000000e+04 7.917432516813280308e-02
9.420000000000000000e+04 8.072679251432419989e-02
9.430000000000000000e+04 7.939137478669493209e-02
9.440000000000000000e+04 7.864393273989363220e-02
9.450000000000000000e+04 7.627841532230374144e-02
9.460000000000000000e+04 7.605360835790635210e-02
9.470000000000000000e+04 7.624798297882079412e-02
9.480000000000000000e+04 7.637351572513580156e-02
9.490000000000000000e+04 7.657943735520045259e-02
9.500000000000000000e+04 7.734629015127818252e-02
9.510000000000000000e+04 7.741104394197462213e-02
9.520000000000000000e+04 7.775982469320297241e-02
9.530000000000000000e+04 7.853406896193819431e-02
9.540000000000000000e+04 8.128488183021538582e-02
9.550000000000000000e+04 8.217410147190093439e-02
9.560000000000000000e+04 8.089070002237949697e-02
9.570000000000000000e+04 8.080766379833215218e-02
9.580000000000000000e+04 8.083057343959808294e-02
9.590000000000000000e+04 8.081439455350239442e-02
9.600000000000000000e+04 8.040327131748196965e-02
9.610000000000000000e+04 8.090263009071350930e-02
9.620000000000000000e+04 7.874110688765847965e-02
9.630000000000000000e+04 7.590050250291831280e-02
9.640000000000000000e+04 8.052188177903506217e-02
9.650000000000000000e+04 8.519096871217093914e-02
9.660000000000000000e+04 8.907334953546527934e-02
9.670000000000000000e+04 8.681383639574077882e-02
9.680000000000000000e+04 8.227365354696909716e-02
9.690000000000000000e+04 8.132801622152323329e-02
9.700000000000000000e+04 8.113081107536952719e-02
9.710000000000000000e+04 8.103579729795455655e-02
9.720000000000000000e+04 8.237016648054125423e-02
9.730000000000000000e+04 8.242416113615039230e-02
9.740000000000000000e+04 8.259398430585861151e-02
9.750000000000000000e+04 8.328691869974136353e-02
9.760000000000000000e+04 8.381327052911131947e-02
9.770000000000000000e+04 8.391381343205767118e-02
9.780000000000000000e+04 8.376104861497878085e-02
9.790000000000000000e+04 8.388032098611199194e-02
9.800000000000000000e+04 8.370475620031357644e-02
9.810000000000000000e+04 8.493593424558634752e-02
9.820000000000000000e+04 8.678914755582810281e-02
9.830000000000000000e+04 8.383148799339922019e-02
9.840000000000000000e+04 8.515833675861354812e-02
9.850000000000000000e+04 8.584968099991480139e-02
9.860000000000000000e+04 8.572348147630683146e-02
9.870000000000000000e+04 8.940369486808782962e-02
9.880000000000000000e+04 8.928725490967437395e-02
9.890000000000000000e+04 9.168691163261720456e-02
9.900000000000000000e+04 9.524418041110038757e-02
9.910000000000000000e+04 9.689154674609488926e-02
9.920000000000000000e+04 9.433323810497909467e-02
9.930000000000000000e+04 1.018684927374124832e-01
9.940000000000000000e+04 9.893852462371190148e-02
9.950000000000000000e+04 1.024674984316028686e-01
9.960000000000000000e+04 1.028072997927665239e-01
9.970000000000000000e+04 9.882130821545918875e-02
9.980000000000000000e+04 1.009647352496781808e-01
9.990000000000000000e+04 9.994881093502036573e-02
1.000000000000000000e+05 9.400082876284916733e-02
1.001000000000000000e+05 9.835254599650705698e-02
1.002000000000000000e+05 9.850459516048432063e-02
1.003000000000000000e+05 9.796389669179918214e-02
1.004000000000000000e+05 9.823411464691164663e-02
1.005000000000000000e+05 9.779168479144573212e-02
1.006000000000000000e+05 9.793725182612740554e-02
1.007000000000000000e+05 9.960628787676462093e-02
1.008000000000000000e+05 1.026423043012618525e-01
1.009000000000000000e+05 1.037429987390836028e-01
1.010000000000000000e+05 1.016850372155504306e-01
1.011000000000000000e+05 1.000817038863897473e-01
1.012000000000000000e+05 1.003978849450746780e-01
1.013000000000000000e+05 1.093030785520872766e-01
1.014000000000000000e+05 1.072855693101880808e-01
1.015000000000000000e+05 1.011230210463208434e-01
1.016000000000000000e+05 9.324399630228674685e-02
1.017000000000000000e+05 9.515263743698577914e-02
1.018000000000000000e+05 1.022856815656022350e-01
1.019000000000000000e+05 1.017220061769088385e-01
1.020000000000000000e+05 1.054618716239927867e-01
1.021000000000000000e+05 1.070631307860215875e-01
1.022000000000000000e+05 1.064568828046321552e-01
1.023000000000000000e+05 1.062084057927132480e-01
1.024000000000000000e+05 1.087407256166138675e-01
1.025000000000000000e+05 1.086951196193695762e-01
1.026000000000000000e+05 1.083529201149940613e-01
1.027000000000000000e+05 1.020731734236079713e-01
1.028000000000000000e+05 1.036211872100827325e-01
1.029000000000000000e+05 1.096094790101052180e-01
1.030000000000000000e+05 1.022416092455391973e-01
1.031000000000000000e+05 1.026327766974769323e-01
1.032000000000000000e+05 1.056737616658208478e-01
1.033000000000000000e+05 1.068076846003531422e-01
1.034000000000000000e+05 1.021274840831757347e-01
1.035000000000000000e+05 1.030320227146148265e-01
1.036000000000000000e+05 1.008938291668891596e-01
1.037000000000000000e+05 9.543047636747360729e-02
1.038000000000000000e+05 1.000890702009204075e-01
1.039000000000000000e+05 9.995118526120920499e-02
1.040000000000000000e+05 9.237434218327204849e-02
1.041000000000000000e+05 9.728480249643338407e-02
1.042000000000000000e+05 1.016043081879615811e-01
1.043000000000000000e+05 9.862073848644897778e-02
1.044000000000000000e+05 9.830120623111750222e-02
1.045000000000000000e+05 1.029876470565796454e-01
1.046000000000000000e+05 1.023509831229846428e-01
1.047000000000000000e+05 9.879993721842762755e-02
1.048000000000000000e+05 1.027206391096115584e-01
1.049000000000000000e+05 1.039268679420154301e-01
1.050000000000000000e+05 1.025260686874389648e-01
1.051000000000000000e+05 1.055874362587929244e-01
1.052000000000000000e+05 1.045690767963727286e-01
1.053000000000000000e+05 1.060002398490905440e-01
1.054000000000000000e+05 1.063756786783534442e-01
1.055000000000000000e+05 1.009122884521883451e-01
1.056000000000000000e+05 1.018118298053738713e-01
1.057000000000000000e+05 1.042416565120220517e-01
1.058000000000000000e+05 1.054797516763210236e-01
1.059000000000000000e+05 1.061994603276252697e-01
1.060000000000000000e+05 1.066259006659189823e-01
1.061000000000000000e+05 1.055984704941509700e-01
1.062000000000000000e+05 1.019529758393764168e-01
1.063000000000000000e+05 1.020564603308836693e-01
1.064000000000000000e+05 9.978356113036450370e-02
1.065000000000000000e+05 1.007598310708995720e-01
1.066000000000000000e+05 1.040887615084649248e-01
1.067000000000000000e+05 1.082638895511627147e-01
1.068000000000000000e+05 1.103784719109534435e-01
1.069000000000000000e+05 1.099474202593167527e-01
1.070000000000000000e+05 1.091472680370014214e-01
1.071000000000000000e+05 1.083952244371175627e-01
1.072000000000000000e+05 1.101090349753697795e-01
1.073000000000000000e+05 1.140163584301867039e-01
1.074000000000000000e+05 1.185639801621435063e-01
1.075000000000000000e+05 1.137624507149056913e-01
1.076000000000000000e+05 1.081979769468308233e-01
1.077000000000000000e+05 1.085192656517028620e-01
1.078000000000000000e+05 1.104397985339164584e-01
1.079000000000000000e+05 1.106726327538490456e-01
1.080000000000000000e+05 1.078147321939467163e-01
1.081000000000000000e+05 1.027317165335020488e-01
1.082000000000000000e+05 1.047089974085488734e-01
1.083000000000000000e+05 1.048509404063224654e-01
1.084000000000000000e+05 1.055102525154749532e-01
1.085000000000000000e+05 1.080676540732384283e-01
1.086000000000000000e+05 1.095560717582702431e-01
1.087000000000000000e+05 1.096917737275363292e-01
1.088000000000000000e+05 1.126433620850244843e-01
1.089000000000000000e+05 1.129909481853246800e-01
1.090000000000000000e+05 1.161560103297231139e-01
1.091000000000000000e+05 1.209533173839251186e-01
1.092000000000000000e+05 1.181646922230721319e-01
1.093000000000000000e+05 1.132628309230010039e-01
1.094000000000000000e+05 1.152223946650822867e-01
1.095000000000000000e+05 1.149258732795716276e-01
1.096000000000000000e+05 1.121801011761030531e-01
1.097000000000000000e+05 1.108398452401161000e-01
1.098000000000000000e+05 1.098582553863525213e-01
1.099000000000000000e+05 1.085678248355785580e-01
1.100000000000000000e+05 1.080376033981640393e-01
1.101000000000000000e+05 1.087035873532295194e-01
1.102000000000000000e+05 1.080242706338564035e-01
1.103000000000000000e+05 1.060000540812810338e-01
1.104000000000000000e+05 1.029689681529999262e-01
1.105000000000000000e+05 1.020554238309462902e-01
1.106000000000000000e+05 1.019821689526239916e-01
1.107000000000000000e+05 1.030436515808104692e-01
1.108000000000000000e+05 1.026395374536514110e-01
1.109000000000000000e+05 1.021043574810028137e-01
1.110000000000000000e+05 1.034087076783178905e-01
1.111000000000000000e+05 1.053964381416638424e-01
1.112000000000000000e+05 1.068670450647671855e-01
1.113000000000000000e+05 1.065316456556319180e-01
1.114000000000000000e+05 1.054714341958363638e-01
1.115000000000000000e+05 1.068520079056421851e-01
1.116000000000000000e+05 1.077798107266426525e-01
1.117000000000000000e+05 1.100480485955874360e-01
1.118000000000000000e+05 1.054155038297179547e-01
1.119000000000000000e+05 1.018930081278084793e-01
1.120000000000000000e+05 1.008125493923823085e-01
1.121000000000000000e+05 1.058019286890824334e-01
1.122000000000000000e+05 1.111327031254769476e-01
1.123000000000000000e+05 1.154525644580522981e-01
1.124000000000000000e+05 1.152191761136056036e-01
1.125000000000000000e+05 1.084728240966796875e-01
1.126000000000000000e+05 1.046312805016836323e-01
1.127000000000000000e+05 1.134686206529535585e-01
1.128000000000000000e+05 1.102924540638924311e-01
1.129000000000000000e+05 1.103766350944832136e-01
1.130000000000000000e+05 1.146033123135566240e-01
1.131000000000000000e+05 1.136617538332939797e-01
1.132000000000000000e+05 1.054953324794768443e-01
1.133000000000000000e+05 1.044975437223908121e-01
1.134000000000000000e+05 1.128710368275642195e-01
1.135000000000000000e+05 1.083607204258441731e-01
1.136000000000000000e+05 1.034774045149485511e-01
1.137000000000000000e+05 1.092770230025048583e-01
1.138000000000000000e+05 1.081743444005649479e-01
1.139000000000000000e+05 1.105768403410911094e-01
1.140000000000000000e+05 1.146191909909247131e-01
1.141000000000000000e+05 1.108485761284824789e-01
1.142000000000000000e+05 1.044664119680722703e-01
1.143000000000000000e+05 1.103388875722883938e-01
1.144000000000000000e+05 1.114803131421407550e-01
1.145000000000000000e+05 1.104891523718834617e-01
1.146000000000000000e+05 1.073297902941703075e-01
1.147000000000000000e+05 1.060442792375882459e-01
1.148000000000000000e+05 1.078349168101947336e-01
1.149000000000000000e+05 1.097854688763618553e-01
1.150000000000000000e+05 1.102588102221488953e-01
1.151000000000000000e+05 1.095503887534141074e-01
1.152000000000000000e+05 1.070131361484530502e-01
1.153000000000000000e+05 1.026287935177485344e-01
1.154000000000000000e+05 1.106661102672419350e-01
1.155000000000000000e+05 1.165950953960417369e-01
1.156000000000000000e+05 1.185639284054438303e-01
1.157000000000000000e+05 1.173794057965280302e-01
1.158000000000000000e+05 1.150749422609804173e-01
1.159000000000000000e+05 1.112411912530660157e-01
1.160000000000000000e+05 1.183105478684109285e-01
1.161000000000000000e+05 1.235121840238569829e-01
1.162000000000000000e+05 1.245643658439318791e-01
1.163000000000000000e+05 1.201634721954662477e-01
1.164000000000000000e+05 1.166986221075056729e-01
1.165000000000000000e+05 1.138662690917651849e-01
1.166000000000000000e+05 1.094514689842856214e-01
1.167000000000000000e+05 1.097552034258843928e-01
1.168000000000000000e+05 1.113002206881840567e-01
1.169000000000000000e+05 1.083952826261518620e-01
1.170000000000000000e+05 9.765352457761844462e-02
1.171000000000000000e+05 8.699127117792825048e-02
1.172000000000000000e+05 8.048629780610402906e-02
1.173000000000000000e+05 8.079316914081571821e-02
1.174000000000000000e+05 7.521996229886959706e-02
1.175000000000000000e+05 4.773506149649620056e-02
1.176000000000000000e+05 1.101285453885812900e-02
1.177000000000000000e+05 1.120351827237753631e-02
1.178000000000000000e+05 1.417962289725751591e-02
1.179000000000000000e+05 2.488728366792141919e-02
1.180000000000000000e+05 4.026208693782488274e-02
1.181000000000000000e+05 3.663591494162822537e-02
1.182000000000000000e+05 2.805334940552782486e-02
1.183000000000000000e+05 2.923496176799143809e-02
1.184000000000000000e+05 3.205570951104159266e-02
1.185000000000000000e+05 2.897010380402207513e-02
1.186000000000000000e+05 2.479003685216125963e-02
1.187000000000000000e+05 3.009926368792848958e-02
1.188000000000000000e+05 2.897498570382580144e-02
1.189000000000000000e+05 2.269841477274892744e-02
1.190000000000000000e+05 2.907579503953446054e-02
1.191000000000000000e+05 3.116766639053823382e-02
1.192000000000000000e+05 3.236751963694890766e-02
1.193000000000000000e+05 2.730554109439239582e-02
1.194000000000000000e+05 2.085721381008622671e-02
1.195000000000000000e+05 1.940183093150455937e-02
1.196000000000000000e+05 1.916083397964639390e-02
1.197000000000000000e+05 1.733124472200863950e-02
1.198000000000000000e+05 1.075754428282377217e-02
1.199000000000000000e+05 7.218817891552761074e-03
