9.000000000000000000e+04 2.425358816981315613e-02
9.010000000000000000e+04 2.539606221641101808e-02
9.020000000000000000e+04 2.284383364021772694e-02
9.030000000000000000e+04 2.308423873037081589e-02
9.040000000000000000e+04 2.683398962020921638e-02
9.050000000000000000e+04 3.315265694012270448e-02
9.060000000000000000e+04 3.063671849668025970e-02
9.070000000000000000e+04 2.634673758099471963e-02
9.080000000000000000e+04 2.689750604331497819e-02
9.090000000000000000e+04 2.845403589308264161e-02
9.100000000000000000e+04 2.995359649260838711e-02
9.110000000000000000e+04 3.124783678601183654e-02
9.120000000000000000e+04 3.258644118905063697e-02
9.130000000000000000e+04 3.380927201360459100e-02
9.140000000000000000e+04 3.483427676061783690e-02
9.150000000000000000e+04 3.571354039013388548e-02
9.160000000000000000e+04 3.650495186448101531e-02
9.170000000000000000e+04 3.723212660600744989e-02
9.180000000000000000e+04 3.795853406190874413e-02
9.190000000000000000e+04 3.874036129564047831e-02
9.200000000000000000e+04 4.025884220997492241e-02
9.210000000000000000e+04 4.319708906114089891e-02
9.220000000000000000e+04 4.571380789081250923e-02
9.230000000000000000e+04 4.673904708276190034e-02
9.240000000000000000e+04 4.669511318206788497e-02
9.250000000000000000e+04 4.628300853073594179e-02
9.260000000000000000e+04 4.568041202922661081e-02
9.270000000000000000e+04 4.570916984230280478e-02
9.280000000000000000e+04 4.587957908709845711e-02
9.290000000000000000e+04 4.630737832436959689e-02
9.300000000000000000e+04 4.645768553018569946e-02
9.310000000000000000e+04 4.622224799046914523e-02
9.320000000000000000e+04 4.581688567996026334e-02
9.330000000000000000e+04 4.577161036431787872e-02
9.340000000000000000e+04 4.599961352845032686e-02
9.350000000000000000e+04 4.594746635605892471e-02
9.360000000000000000e+04 4.623661860823634340e-02
9.370000000000000000e+04 4.697714522480967575e-02
9.380000000000000000e+04 4.742250628769397597e-02
9.390000000000000000e+04 4.712726250290869695e-02
9.400000000000000000e+04 4.692233105500539375e-02
9.410000000000000000e+04 4.775787107646464053e-02
9.420000000000000000e+04 4.818432703614235896e-02
9.430000000000000000e+04 4.766032521923384280e-02
9.440000000000000000e+04 4.731379126509032557e-02
9.450000000000000000e+04 4.691802803426980972e-02
9.460000000000000000e+04 4.687977085510889458e-02
9.470000000000000000e+04 4.690895372380813472e-02
9.480000000000000000e+04 4.705203026533127247e-02
9.490000000000000000e+04 4.718674694498380118e-02
9.500000000000000000e+04 4.726351673404375481e-02
9.510000000000000000e+04 4.737846199423074306e-02
9.520000000000000000e+04 4.748983929554621147e-02
9.530000000000000000e+04 4.788016738990939769e-02
9.540000000000000000e+04 4.867389574646945050e-02
9.550000000000000000e+04 4.888082078347601167e-02
9.560000000000000000e+04 4.857430830597875976e-02
9.570000000000000000e+04 4.862447604537011026e-02
9.580000000000000000e+04 4.853261659542718737e-02
9.590000000000000000e+04 4.836472210784752840e-02
9.600000000000000000e+04 4.829700291156768799e-02
9.610000000000000000e+04 4.820955470204354304e-02
9.620000000000000000e+04 4.715253040194515577e-02
9.630000000000000000e+04 4.634334724396466793e-02
9.640000000000000000e+04 4.811096166570964089e-02
9.650000000000000000e+04 5.066550554086766966e-02
9.660000000000000000e+04 5.242385640740393482e-02
9.670000000000000000e+04 5.148802095403264695e-02
9.680000000000000000e+04 5.000701745351154859e-02
9.690000000000000000e+04 4.972957223653792780e-02
9.700000000000000000e+04 4.956859598557154106e-02
9.710000000000000000e+04 4.952673160781462941e-02
9.720000000000000000e+04 4.973514378070831299e-02
9.730000000000000000e+04 4.973018461217482838e-02
9.740000000000000000e+04 4.979164600372314176e-02
9.750000000000000000e+04 5.014218669384722105e-02
9.760000000000000000e+04 5.046121403574944930e-02
9.770000000000000000e+04 5.034398709734279331e-02
9.780000000000000000e+04 5.010059252381324907e-02
9.790000000000000000e+04 5.008112123856942044e-02
9.800000000000000000e+04 5.011208727955818176e-02
9.810000000000000000e+04 5.076154619455336414e-02
9.820000000000000000e+04 5.128738979498546208e-02
9.830000000000000000e+04 5.058816236754262730e-02
9.840000000000000000e+04 5.077661946415899102e-02
9.850000000000000000e+04 5.100219758848349716e-02
9.860000000000000000e+04 5.147087996204701560e-02
9.870000000000000000e+04 5.247333236038688453e-02
9.880000000000000000e+04 5.295688435435298019e-02
9.890000000000000000e+04 5.407620190332335097e-02
9.900000000000000000e+04 5.585153214633464813e-02
9.910000000000000000e+04 5.623202969630561321e-02
9.920000000000000000e+04 5.637093335390083032e-02
9.930000000000000000e+04 5.947961136698726170e-02
9.940000000000000000e+04 5.913158307472865527e-02
9.950000000000000000e+04 6.084110122174033602e-02
9.960000000000000000e+04 6.052626445889457141e-02
9.970000000000000000e+04 5.880564774076146861e-02
9.980000000000000000e+04 5.991406962275510478e-02
9.990000000000000000e+04 5.902356021106236472e-02
1.000000000000000000e+05 5.656045302748680115e-02
1.001000000000000000e+05 5.784305371344088814e-02
1.002000000000000000e+05 5.806560814380646446e-02
1.003000000000000000e+05 5.790328104048967500e-02
1.004000000000000000e+05 5.779863372445107755e-02
1.005000000000000000e+05 5.747965630143881538e-02
1.006000000000000000e+05 5.759864536424479792e-02
1.007000000000000000e+05 5.884248918543268092e-02
1.008000000000000000e+05 6.050427779555325042e-02
1.009000000000000000e+05 6.123123001307249208e-02
1.010000000000000000e+05 5.995712615549564362e-02
1.011000000000000000e+05 5.918304342776535554e-02
1.012000000000000000e+05 6.050396487116808247e-02
1.013000000000000000e+05 6.408422278861196364e-02
1.014000000000000000e+05 6.375513672828661549e-02
1.015000000000000000e+05 6.007055907199740363e-02
1.016000000000000000e+05 5.584476689497609725e-02
1.017000000000000000e+05 5.693711061030640175e-02
1.018000000000000000e+05 6.011024390657752209e-02
1.019000000000000000e+05 6.082403256247442130e-02
1.020000000000000000e+05 6.255818903446197510e-02
1.021000000000000000e+05 6.333277312417825988e-02
1.022000000000000000e+05 6.313677181800206317e-02
1.023000000000000000e+05 6.320991218090056540e-02
1.024000000000000000e+05 6.476786086956655419e-02
1.025000000000000000e+05 6.500357637802758881e-02
1.026000000000000000e+05 6.391504444181900224e-02
1.027000000000000000e+05 6.079951555778570493e-02
1.028000000000000000e+05 6.201665326952945922e-02
1.029000000000000000e+05 6.393809877336023573e-02
1.030000000000000000e+05 6.091192240516344475e-02
1.031000000000000000e+05 6.122405230998989589e-02
1.032000000000000000e+05 6.313291192054744372e-02
1.033000000000000000e+05 6.303059756755836907e-02
1.034000000000000000e+05 6.088231342534217855e-02
1.035000000000000000e+05 6.062801461666823821e-02
1.036000000000000000e+05 5.912406419714272277e-02
1.037000000000000000e+05 5.683282775183513130e-02
1.038000000000000000e+05 5.820967778563504447e-02
1.039000000000000000e+05 5.781442429870364136e-02
1.040000000000000000e+05 5.477340271075566841e-02
1.041000000000000000e+05 5.677504073828452957e-02
1.042000000000000000e+05 5.868330709636212367e-02
1.043000000000000000e+05 5.726150025924055947e-02
1.044000000000000000e+05 5.769397392868979429e-02
1.045000000000000000e+05 5.989692329118660036e-02
1.046000000000000000e+05 5.924652777612199328e-02
1.047000000000000000e+05 5.803096443414684086e-02
1.048000000000000000e+05 6.002704128623015389e-02
1.049000000000000000e+05 6.072321515530347547e-02
1.050000000000000000e+05 6.036637350916862488e-02
1.051000000000000000e+05 6.140301016469797146e-02
1.052000000000000000e+05 6.110400954882304336e-02
1.053000000000000000e+05 6.168465949594971465e-02
1.054000000000000000e+05 6.143949814140779730e-02
1.055000000000000000e+05 5.903212570895750161e-02
1.056000000000000000e+05 5.966860875487337706e-02
1.057000000000000000e+05 6.104130136470004020e-02
1.058000000000000000e+05 6.184017521639666864e-02
1.059000000000000000e+05 6.237606443464756290e-02
1.060000000000000000e+05 6.256822248299916123e-02
1.061000000000000000e+05 6.186603084206583614e-02
1.062000000000000000e+05 6.018501147627835363e-02
1.063000000000000000e+05 5.954511687159540906e-02
1.064000000000000000e+05 5.859481468796737258e-02
1.065000000000000000e+05 5.905901268124574138e-02
1.066000000000000000e+05 6.094761018951745657e-02
1.067000000000000000e+05 6.323527817924826100e-02
1.068000000000000000e+05 6.464006453752520198e-02
1.069000000000000000e+05 6.468122539420921580e-02
1.070000000000000000e+05 6.413187831640243530e-02
1.071000000000000000e+05 6.371556557714938562e-02
1.072000000000000000e+05 6.457969148953751626e-02
1.073000000000000000e+05 6.696787911156844297e-02
1.074000000000000000e+05 6.923329234123244691e-02
1.075000000000000000e+05 6.668997555971116487e-02
1.076000000000000000e+05 6.343678236007674331e-02
1.077000000000000000e+05 6.328105926513676038e-02
1.078000000000000000e+05 6.415400877594949758e-02
1.079000000000000000e+05 6.408249946931997287e-02
1.080000000000000000e+05 6.254563480615615845e-02
1.081000000000000000e+05 6.042133023341498405e-02
1.082000000000000000e+05 6.094421160717802821e-02
1.083000000000000000e+05 6.140019726008177220e-02
1.084000000000000000e+05 6.180081317822131576e-02
1.085000000000000000e+05 6.310537147025269133e-02
1.086000000000000000e+05 6.379820033907888932e-02
1.087000000000000000e+05 6.428360765179004510e-02
1.088000000000000000e+05 6.567824582258861843e-02
1.089000000000000000e+05 6.619100160896779217e-02
1.090000000000000000e+05 6.806808089216549729e-02
1.091000000000000000e+05 7.012314088642596088e-02
1.092000000000000000e+05 6.893043071031570990e-02
1.093000000000000000e+05 6.685753849645441338e-02
1.094000000000000000e+05 6.746139898896223730e-02
1.095000000000000000e+05 6.752617843449110202e-02
1.096000000000000000e+05 6.610587636629730590e-02
1.097000000000000000e+05 6.509596829613048530e-02
1.098000000000000000e+05 6.451690867543216634e-02
1.099000000000000000e+05 6.361243464052676599e-02
1.100000000000000000e+05 6.335754940907160904e-02
1.101000000000000000e+05 6.354780904948711950e-02
1.102000000000000000e+05 6.310021405418717033e-02
1.103000000000000000e+05 6.186912829677270603e-02
1.104000000000000000e+05 6.018677875399597310e-02
1.105000000000000000e+05 5.929873790591951715e-02
1.106000000000000000e+05 5.921817583342393887e-02
1.107000000000000000e+05 5.933956019580365060e-02
1.108000000000000000e+05 5.928004259864488174e-02
1.109000000000000000e+05 5.909508659193912772e-02
1.110000000000000000e+05 5.990652181208133698e-02
1.111000000000000000e+05 6.095149970302977949e-02
1.112000000000000000e+05 6.150434489051501835e-02
1.113000000000000000e+05 6.127237994223828921e-02
1.114000000000000000e+05 6.136822787423937275e-02
1.115000000000000000e+05 6.216889961312213608e-02
1.116000000000000000e+05 6.236489564180378031e-02
1.117000000000000000e+05 6.281476318836205774e-02
1.118000000000000000e+05 6.104427861670646410e-02
1.119000000000000000e+05 5.897432509809730911e-02
1.120000000000000000e+05 5.884077027440071106e-02
1.121000000000000000e+05 6.130616640051201466e-02
1.122000000000000000e+05 6.452244669198980986e-02
1.123000000000000000e+05 6.666445185740785262e-02
1.124000000000000000e+05 6.650794297456746884e-02
1.125000000000000000e+05 6.319899298250666875e-02
1.126000000000000000e+05 6.139746730526292329e-02
1.127000000000000000e+05 6.425129721562072849e-02
1.128000000000000000e+05 6.392278671264643719e-02
1.129000000000000000e+05 6.408961017926537163e-02
1.130000000000000000e+05 6.590925281246502732e-02
1.131000000000000000e+05 6.509991176426414838e-02
1.132000000000000000e+05 6.148638874292373935e-02
1.133000000000000000e+05 6.101625890781509770e-02
1.134000000000000000e+05 6.367781907320045620e-02
1.135000000000000000e+05 6.217083303878680189e-02
1.136000000000000000e+05 6.037297074993446672e-02
1.137000000000000000e+05 6.243420857936151508e-02
1.138000000000000000e+05 6.257091239094732249e-02
1.139000000000000000e+05 6.371090275545918113e-02
1.140000000000000000e+05 6.566064059734344482e-02
1.141000000000000000e+05 6.347529528041685742e-02
1.142000000000000000e+05 6.104127367337539023e-02
1.143000000000000000e+05 6.314160618931044522e-02
1.144000000000000000e+05 6.449090341726940179e-02
1.145000000000000000e+05 6.396601100762677738e-02
1.146000000000000000e+05 6.219201162457458493e-02
1.147000000000000000e+05 6.148600510011117265e-02
1.148000000000000000e+05 6.235309839248661529e-02
1.149000000000000000e+05 6.362730786204338906e-02
1.150000000000000000e+05 6.401747465133666992e-02
1.151000000000000000e+05 6.351899368067583096e-02
1.152000000000000000e+05 6.177274435758590976e-02
1.153000000000000000e+05 6.051872552682954765e-02
1.154000000000000000e+05 6.373753423492153902e-02
1.155000000000000000e+05 6.764792650938057650e-02
1.156000000000000000e+05 6.919951140880584162e-02
1.157000000000000000e+05 6.866047444442903436e-02
1.158000000000000000e+05 6.687273010611527457e-02
1.159000000000000000e+05 6.559172285099823529e-02
1.160000000000000000e+05 6.891750295956929062e-02
1.161000000000000000e+05 7.222337983548637874e-02
1.162000000000000000e+05 7.309006030360859496e-02
1.163000000000000000e+05 7.127167880535137390e-02
1.164000000000000000e+05 6.858008950948715765e-02
1.165000000000000000e+05 6.611727923154812891e-02
1.166000000000000000e+05 6.304685436189162717e-02
1.167000000000000000e+05 6.302939001470808655e-02
1.168000000000000000e+05 6.422176857789357873e-02
1.169000000000000000e+05 6.303649929662542839e-02
1.170000000000000000e+05 5.889368429780006409e-02
1.171000000000000000e+05 5.395142007619172647e-02
1.172000000000000000e+05 4.923400431871403221e-02
1.173000000000000000e+05 4.763332940638037583e-02
1.174000000000000000e+05 4.354394314189696108e-02
1.175000000000000000e+05 3.241547616198742210e-02
1.176000000000000000e+05 1.096650026738701933e-02
1.177000000000000000e+05 6.901584779844031903e-03
1.178000000000000000e+05 9.506443565090503742e-03
1.179000000000000000e+05 1.470370683818996403e-02
1.180000000000000000e+05 2.322945781052105502e-02
1.181000000000000000e+05 2.429868159815676276e-02
1.182000000000000000e+05 2.084970287978649139e-02
1.183000000000000000e+05 2.020938117057074004e-02
1.184000000000000000e+05 2.162512669960656164e-02
1.185000000000000000e+05 2.066980209201575366e-02
1.186000000000000000e+05 1.830651573836789003e-02
1.187000000000000000e+05 1.985780965536835044e-02
1.188000000000000000e+05 2.013529539108270539e-02
1.189000000000000000e+05 1.824882896617040923e-02
1.190000000000000000e+05 1.867222897708430834e-02
1.191000000000000000e+05 2.142722185701159687e-02
1.192000000000000000e+05 2.233314501742523009e-02
1.193000000000000000e+05 2.072278242558251576e-02
1.194000000000000000e+05 1.729261688888072968e-02
1.195000000000000000e+05 1.472828933037813835e-02
1.196000000000000000e+05 1.424209686617053730e-02
1.197000000000000000e+05 1.313731176778676173e-02
1.198000000000000000e+05 9.750885888934135437e-03
1.199000000000000000e+05 6.403696606867062199e-03
