9.000000000000000000e+04 1.113522276282310486e-01
9.010000000000000000e+04 1.075210312008856445e-01
9.020000000000000000e+04 1.122491823633512964e-01
9.030000000000000000e+04 1.237879139184945576e-01
9.040000000000000000e+04 1.389258683721223686e-01
9.050000000000000000e+04 1.364418327808377684e-01
9.060000000000000000e+04 1.279131376743314064e-01
9.070000000000000000e+04 1.187670566638314301e-01
9.080000000000000000e+04 1.184344951311747246e-01
9.090000000000000000e+04 1.210653835535050599e-01
9.100000000000000000e+04 1.259987721840543640e-01
9.110000000000000000e+04 1.322918238242465905e-01
9.120000000000000000e+04 1.385925573110579345e-01
9.130000000000000000e+04 1.446622778971990986e-01
9.140000000000000000e+04 1.500783572594327486e-01
9.150000000000000000e+04 1.550986409187316839e-01
9.160000000000000000e+04 1.602092037598290830e-01
9.170000000000000000e+04 1.656031715869904775e-01
9.180000000000000000e+04 1.748384219408039564e-01
9.190000000000000000e+04 1.889412450790408649e-01
9.200000000000000000e+04 2.059624473253881261e-01
9.210000000000000000e+04 2.217969977855683283e-01
9.220000000000000000e+04 2.317521876096728939e-01
9.230000000000000000e+04 2.378655705849330448e-01
9.240000000000000000e+04 2.401834470033644975e-01
9.250000000000000000e+04 2.403852989276250296e-01
9.260000000000000000e+04 2.401157834132512103e-01
9.270000000000000000e+04 2.396239972114563022e-01
9.280000000000000000e+04 2.397998823722203576e-01
9.290000000000000000e+04 2.391627057393392042e-01
9.300000000000000000e+04 2.377099245786666037e-01
9.310000000000000000e+04 2.350816508134204452e-01
9.320000000000000000e+04 2.328748303651809459e-01
9.330000000000000000e+04 2.313101994991302590e-01
9.340000000000000000e+04 2.305332656701406246e-01
9.350000000000000000e+04 2.320312748352687526e-01
9.360000000000000000e+04 2.342779523134232433e-01
9.370000000000000000e+04 2.364237747589747196e-01
9.380000000000000000e+04 2.364520587523778195e-01
9.390000000000000000e+04 2.362783020734787187e-01
9.400000000000000000e+04 2.366902619600295132e-01
9.410000000000000000e+04 2.381559646129607910e-01
9.420000000000000000e+04 2.374586105346679632e-01
9.430000000000000000e+04 2.349776556094487767e-01
9.440000000000000000e+04 2.311548964182537913e-01
9.450000000000000000e+04 2.277532249689103172e-01
9.460000000000000000e+04 2.258650636672973611e-01
9.470000000000000000e+04 2.249050303300221820e-01
9.480000000000000000e+04 2.247097170352935769e-01
9.490000000000000000e+04 2.250006645917892456e-01
9.500000000000000000e+04 2.257797370354334421e-01
9.510000000000000000e+04 2.271974825859071068e-01
9.520000000000000000e+04 2.313068646192548983e-01
9.530000000000000000e+04 2.360190327962237433e-01
9.540000000000000000e+04 2.403108513355255160e-01
9.550000000000000000e+04 2.420155674219131858e-01
9.560000000000000000e+04 2.425768097241719490e-01
9.570000000000000000e+04 2.428200823068618619e-01
9.580000000000000000e+04 2.429840473333994555e-01
9.590000000000000000e+04 2.429424677292505996e-01
9.600000000000000000e+04 2.417851954698562733e-01
9.610000000000000000e+04 2.398134994506836981e-01
9.620000000000000000e+04 2.380550479888916271e-01
9.630000000000000000e+04 2.414927637577057862e-01
9.640000000000000000e+04 2.471305441856385399e-01
9.650000000000000000e+04 2.534772574901577591e-01
9.660000000000000000e+04 2.529423522949219016e-01
9.670000000000000000e+04 2.498157648245492857e-01
9.680000000000000000e+04 2.448543729384738687e-01
9.690000000000000000e+04 2.412668442726136342e-01
9.700000000000000000e+04 2.401426007350285774e-01
9.710000000000000000e+04 2.405798457066218032e-01
9.720000000000000000e+04 2.419237250089645852e-01
9.730000000000000000e+04 2.435809967915217034e-01
9.740000000000000000e+04 2.455152002970376890e-01
9.750000000000000000e+04 2.477492988109588623e-01
9.760000000000000000e+04 2.489239796002706284e-01
9.770000000000000000e+04 2.496202240387598581e-01
9.780000000000000000e+04 2.500958907604217130e-01
9.790000000000000000e+04 2.511531287431716941e-01
9.800000000000000000e+04 2.526803135871887873e-01
9.810000000000000000e+04 2.535865247249602938e-01
9.820000000000000000e+04 2.529883066813151116e-01
9.830000000000000000e+04 2.530951086680094386e-01
9.840000000000000000e+04 2.541301512718200928e-01
9.850000000000000000e+04 2.561527570088706351e-01
9.860000000000000000e+04 2.596069423357644790e-01
9.870000000000000000e+04 2.635744524002074374e-01
9.880000000000000000e+04 2.678236524264018259e-01
9.890000000000000000e+04 2.721822937329612668e-01
9.900000000000000000e+04 2.752728760242462158e-01
9.910000000000000000e+04 2.782702541351317893e-01
9.920000000000000000e+04 2.814364314079285112e-01
9.930000000000000000e+04 2.844116210937501221e-01
9.940000000000000000e+04 2.867926716804504728e-01
9.950000000000000000e+04 2.884265005588531605e-01
9.960000000000000000e+04 2.885238623619079679e-01
9.970000000000000000e+04 2.880676893393198656e-01
9.980000000000000000e+04 2.868709556261699878e-01
9.990000000000000000e+04 2.846389210224152255e-01
1.000000000000000000e+05 2.845414280891418457e-01
1.001000000000000000e+05 2.848758864402771152e-01
1.002000000000000000e+05 2.854653906822204879e-01
1.003000000000000000e+05 2.859274117151895944e-01
1.004000000000000000e+05 2.861400051911671683e-01
1.005000000000000000e+05 2.866132795810699685e-01
1.006000000000000000e+05 2.880201923847197643e-01
1.007000000000000000e+05 2.898980939388274281e-01
1.008000000000000000e+05 2.910273170471191495e-01
1.009000000000000000e+05 2.911948827902476333e-01
1.010000000000000000e+05 2.921172400315603102e-01
1.011000000000000000e+05 2.942458510398865412e-01
1.012000000000000000e+05 2.966473035017649362e-01
1.013000000000000000e+05 2.972991832097371390e-01
1.014000000000000000e+05 2.937279522418977384e-01
1.015000000000000000e+05 2.900714576244355358e-01
1.016000000000000000e+05 2.880992650985718107e-01
1.017000000000000000e+05 2.909256577491760587e-01
1.018000000000000000e+05 2.944627892971040661e-01
1.019000000000000000e+05 2.983390458424888259e-01
1.020000000000000000e+05 3.016019403934478982e-01
1.021000000000000000e+05 3.040088399251302254e-01
1.022000000000000000e+05 3.059588217735290661e-01
1.023000000000000000e+05 3.076335585117339066e-01
1.024000000000000000e+05 3.077063322067260520e-01
1.025000000000000000e+05 3.061744074026743756e-01
1.026000000000000000e+05 3.032377171516418279e-01
1.027000000000000000e+05 3.030251975854237889e-01
1.028000000000000000e+05 3.028137318293253610e-01
1.029000000000000000e+05 3.026048529148102073e-01
1.030000000000000000e+05 3.024028003215789573e-01
1.031000000000000000e+05 3.034198812643686405e-01
1.032000000000000000e+05 3.038678586483002375e-01
1.033000000000000000e+05 3.030166010061899895e-01
1.034000000000000000e+05 3.011033300558725312e-01
1.035000000000000000e+05 2.984166979789734109e-01
1.036000000000000000e+05 2.954131571451823479e-01
1.037000000000000000e+05 2.938740487893422570e-01
1.038000000000000000e+05 2.916985476016997758e-01
1.039000000000000000e+05 2.900403372446695993e-01
1.040000000000000000e+05 2.899613400300343757e-01
1.041000000000000000e+05 2.918083071708678644e-01
1.042000000000000000e+05 2.933997301260630186e-01
1.043000000000000000e+05 2.945666714509329043e-01
1.044000000000000000e+05 2.963366639614104514e-01
1.045000000000000000e+05 2.975438237190246582e-01
1.046000000000000000e+05 2.985778538386026915e-01
1.047000000000000000e+05 2.999698138237000267e-01
1.048000000000000000e+05 3.014172506332397083e-01
1.049000000000000000e+05 3.029069729646046150e-01
1.050000000000000000e+05 3.044402897357940674e-01
1.051000000000000000e+05 3.053628997008006052e-01
1.052000000000000000e+05 3.059079170227050892e-01
1.053000000000000000e+05 3.059420609474182706e-01
1.054000000000000000e+05 3.047886721293131540e-01
1.055000000000000000e+05 3.047541181246439801e-01
1.056000000000000000e+05 3.053458988666534757e-01
1.057000000000000000e+05 3.064485112826029201e-01
1.058000000000000000e+05 3.073461345831552949e-01
1.059000000000000000e+05 3.076173150539397994e-01
1.060000000000000000e+05 3.072014192740121774e-01
1.061000000000000000e+05 3.058260126908620702e-01
1.062000000000000000e+05 3.045586812496185458e-01
1.063000000000000000e+05 3.038163391749064135e-01
1.064000000000000000e+05 3.043942972024281102e-01
1.065000000000000000e+05 3.067991793155668834e-01
1.066000000000000000e+05 3.096659020582834265e-01
1.067000000000000000e+05 3.126933960119883671e-01
1.068000000000000000e+05 3.147851479053498380e-01
1.069000000000000000e+05 3.163406932353973744e-01
1.070000000000000000e+05 3.176976442337035578e-01
1.071000000000000000e+05 3.197137475013733243e-01
1.072000000000000000e+05 3.224111143747964148e-01
1.073000000000000000e+05 3.243097154299418028e-01
1.074000000000000000e+05 3.244221353530883922e-01
1.075000000000000000e+05 3.229530652364094867e-01
1.076000000000000000e+05 3.219226849079132036e-01
1.077000000000000000e+05 3.213664400577544988e-01
1.078000000000000000e+05 3.207923781871795943e-01
1.079000000000000000e+05 3.190688176949819099e-01
1.080000000000000000e+05 3.171376585960388184e-01
1.081000000000000000e+05 3.159398535887401049e-01
1.082000000000000000e+05 3.162193012237548562e-01
1.083000000000000000e+05 3.170851624011993275e-01
1.084000000000000000e+05 3.184201820691426876e-01
1.085000000000000000e+05 3.205765048662822525e-01
1.086000000000000000e+05 3.232261919975281672e-01
1.087000000000000000e+05 3.261180953184762976e-01
1.088000000000000000e+05 3.287931545575460413e-01
1.089000000000000000e+05 3.314991056919097123e-01
1.090000000000000000e+05 3.336617728074390832e-01
1.091000000000000000e+05 3.349146715799967144e-01
1.092000000000000000e+05 3.343177485466003462e-01
1.093000000000000000e+05 3.336225859324137288e-01
1.094000000000000000e+05 3.327856985727944972e-01
1.095000000000000000e+05 3.311572313308716042e-01
1.096000000000000000e+05 3.294650578498840021e-01
1.097000000000000000e+05 3.277158081531524325e-01
1.098000000000000000e+05 3.258927226066590244e-01
1.099000000000000000e+05 3.247587859630585161e-01
1.100000000000000000e+05 3.236592710018157959e-01
1.101000000000000000e+05 3.224553620815276411e-01
1.102000000000000000e+05 3.205112429459888168e-01
1.103000000000000000e+05 3.182881883780160348e-01
1.104000000000000000e+05 3.160376894474029585e-01
1.105000000000000000e+05 3.142259975274403483e-01
1.106000000000000000e+05 3.133951143423716612e-01
1.107000000000000000e+05 3.130857491493225231e-01
1.108000000000000000e+05 3.132235046227773156e-01
1.109000000000000000e+05 3.147053019205729441e-01
1.110000000000000000e+05 3.165402948856353982e-01
1.111000000000000000e+05 3.185026685396829538e-01
1.112000000000000000e+05 3.197698672612507842e-01
1.113000000000000000e+05 3.211634922027588046e-01
1.114000000000000000e+05 3.224367149670919197e-01
1.115000000000000000e+05 3.233588616053262865e-01
1.116000000000000000e+05 3.233064103126526145e-01
1.117000000000000000e+05 3.224409409364064616e-01
1.118000000000000000e+05 3.209440799554189039e-01
1.119000000000000000e+05 3.207637405395508123e-01
1.120000000000000000e+05 3.225992043813069032e-01
1.121000000000000000e+05 3.254779895146687752e-01
1.122000000000000000e+05 3.283771514892579457e-01
1.123000000000000000e+05 3.294412946701049671e-01
1.124000000000000000e+05 3.295425772666931152e-01
1.125000000000000000e+05 3.288159966468811035e-01
1.126000000000000000e+05 3.291552360852559311e-01
1.127000000000000000e+05 3.298033690452575883e-01
1.128000000000000000e+05 3.306410336494445268e-01
1.129000000000000000e+05 3.313335808118184622e-01
1.130000000000000000e+05 3.306983749071757406e-01
1.131000000000000000e+05 3.293982541561127908e-01
1.132000000000000000e+05 3.276443096001943611e-01
1.133000000000000000e+05 3.268069358666738089e-01
1.134000000000000000e+05 3.261209559440612638e-01
1.135000000000000000e+05 3.256052593390146854e-01
1.136000000000000000e+05 3.260164197285970178e-01
1.137000000000000000e+05 3.271126806735992210e-01
1.138000000000000000e+05 3.284398913383483887e-01
1.139000000000000000e+05 3.295092284679412287e-01
1.140000000000000000e+05 3.293610215187072754e-01
1.141000000000000000e+05 3.289949731032053570e-01
1.142000000000000000e+05 3.286349252859751546e-01
1.143000000000000000e+05 3.286811316013336093e-01
1.144000000000000000e+05 3.286477251847584879e-01
1.145000000000000000e+05 3.286074757575988547e-01
1.146000000000000000e+05 3.287624585628509677e-01
1.147000000000000000e+05 3.294929051399230757e-01
1.148000000000000000e+05 3.304212021827697132e-01
1.149000000000000000e+05 3.314021492004394220e-01
1.150000000000000000e+05 3.310427665710449219e-01
1.151000000000000000e+05 3.304030040899912368e-01
1.152000000000000000e+05 3.298635673522949951e-01
1.153000000000000000e+05 3.315085458755492875e-01
1.154000000000000000e+05 3.347041360537210686e-01
1.155000000000000000e+05 3.383227288722991943e-01
1.156000000000000000e+05 3.413142402966815037e-01
1.157000000000000000e+05 3.424710214138030340e-01
1.158000000000000000e+05 3.431793940067291437e-01
1.159000000000000000e+05 3.437160229682922896e-01
1.160000000000000000e+05 3.450869858264923873e-01
1.161000000000000000e+05 3.462468814849853915e-01
1.162000000000000000e+05 3.467858080069224358e-01
1.163000000000000000e+05 3.454421814282734871e-01
1.164000000000000000e+05 3.420467555522919700e-01
1.165000000000000000e+05 3.380289653937024186e-01
1.166000000000000000e+05 3.338709445794424413e-01
1.167000000000000000e+05 3.295953023433684792e-01
1.168000000000000000e+05 3.232953353722886614e-01
1.169000000000000000e+05 3.146151880423219138e-01
1.170000000000000000e+05 3.012779057025909424e-01
1.171000000000000000e+05 2.849336707592009521e-01
1.172000000000000000e+05 2.661152335007983538e-01
1.173000000000000000e+05 2.443200367689145336e-01
1.174000000000000000e+05 2.150141628583282782e-01
1.175000000000000000e+05 1.838585038979848318e-01
1.176000000000000000e+05 1.519530990719785424e-01
1.177000000000000000e+05 1.241834668318411161e-01
1.178000000000000000e+05 1.074994644522662829e-01
1.179000000000000000e+05 9.944728374481201505e-02
1.180000000000000000e+05 9.972121516863505231e-02
1.181000000000000000e+05 9.886682013670605729e-02
1.182000000000000000e+05 9.746253788471230528e-02
1.183000000000000000e+05 9.562018215656283016e-02
1.184000000000000000e+05 9.358807861804957495e-02
1.185000000000000000e+05 9.165365397930144709e-02
1.186000000000000000e+05 8.987604916095739971e-02
1.187000000000000000e+05 8.854357928037645542e-02
1.188000000000000000e+05 8.795012474060058538e-02
1.189000000000000000e+05 8.793144692977271359e-02
1.190000000000000000e+05 8.856815795103706312e-02
1.191000000000000000e+05 8.790369004011155951e-02
1.192000000000000000e+05 8.539775262276326495e-02
1.193000000000000000e+05 8.095509807268753966e-02
1.194000000000000000e+05 7.448905706405659077e-02
1.195000000000000000e+05 6.815622448921221377e-02
1.196000000000000000e+05 6.249783669908839240e-02
1.197000000000000000e+05 5.870387226343139198e-02
1.198000000000000000e+05 5.995326563715932394e-02
1.199000000000000000e+05 6.499412313103644645e-02
