9.000000000000000000e+04 9.601125866174697876e-02
9.010000000000000000e+04 9.440389505277088644e-02
9.020000000000000000e+04 9.561356601615733641e-02
9.030000000000000000e+04 9.975556287914502662e-02
9.040000000000000000e+04 1.135019773741568760e-01
9.050000000000000000e+04 1.182594237849116103e-01
9.060000000000000000e+04 1.125472536683085195e-01
9.070000000000000000e+04 1.068024140099684272e-01
9.080000000000000000e+04 1.086330795288085738e-01
9.090000000000000000e+04 1.123037482053041713e-01
9.100000000000000000e+04 1.165639719615378100e-01
9.110000000000000000e+04 1.207729102174441294e-01
9.120000000000000000e+04 1.249241654574869409e-01
9.130000000000000000e+04 1.286734094470739220e-01
9.140000000000000000e+04 1.321131412684917183e-01
9.150000000000000000e+04 1.352370142936706876e-01
9.160000000000000000e+04 1.381391814351083103e-01
9.170000000000000000e+04 1.410103470087051281e-01
9.180000000000000000e+04 1.446094997227190815e-01
9.190000000000000000e+04 1.490328203141689234e-01
9.200000000000000000e+04 1.543197318911550264e-01
9.210000000000000000e+04 1.610491458326577530e-01
9.220000000000000000e+04 1.659041777253151828e-01
9.230000000000000000e+04 1.696203318238257984e-01
9.240000000000000000e+04 1.704308894276618802e-01
9.250000000000000000e+04 1.703070240716139661e-01
9.260000000000000000e+04 1.699286086360613512e-01
9.270000000000000000e+04 1.699269838631153051e-01
9.280000000000000000e+04 1.703728219866752769e-01
9.290000000000000000e+04 1.711503130942583217e-01
9.300000000000000000e+04 1.713045947253704071e-01
9.310000000000000000e+04 1.708091507603725079e-01
9.320000000000000000e+04 1.702336801091829943e-01
9.330000000000000000e+04 1.699645869433880074e-01
9.340000000000000000e+04 1.700665182371934314e-01
9.350000000000000000e+04 1.706556040793657525e-01
9.360000000000000000e+04 1.717152661085128706e-01
9.370000000000000000e+04 1.730894390493631085e-01
9.380000000000000000e+04 1.739288240174452771e-01
9.390000000000000000e+04 1.736899534612894036e-01
9.400000000000000000e+04 1.736199418703715247e-01
9.410000000000000000e+04 1.744956237077712746e-01
9.420000000000000000e+04 1.750765500962734311e-01
9.430000000000000000e+04 1.742526089151700819e-01
9.440000000000000000e+04 1.728282155593235947e-01
9.450000000000000000e+04 1.714698486030101776e-01
9.460000000000000000e+04 1.707253726323445520e-01
9.470000000000000000e+04 1.707065035154421984e-01
9.480000000000000000e+04 1.709014901518821627e-01
9.490000000000000000e+04 1.713664506375789653e-01
9.500000000000000000e+04 1.718274777134259634e-01
9.510000000000000000e+04 1.723431890457869375e-01
9.520000000000000000e+04 1.737686867515246258e-01
9.530000000000000000e+04 1.756549805899461081e-01
9.540000000000000000e+04 1.778519509732722770e-01
9.550000000000000000e+04 1.789218895137310028e-01
9.560000000000000000e+04 1.788780277967452759e-01
9.570000000000000000e+04 1.789540831744670935e-01
9.580000000000000000e+04 1.791201350589593233e-01
9.590000000000000000e+04 1.790480689207712972e-01
9.600000000000000000e+04 1.790140345692634583e-01
9.610000000000000000e+04 1.785405608514945008e-01
9.620000000000000000e+04 1.770020000636577384e-01
9.630000000000000000e+04 1.770813266187906965e-01
9.640000000000000000e+04 1.807021432121594384e-01
9.650000000000000000e+04 1.843944761902092666e-01
9.660000000000000000e+04 1.869207808375358826e-01
9.670000000000000000e+04 1.852314338336389365e-01
9.680000000000000000e+04 1.822658077875772276e-01
9.690000000000000000e+04 1.806202491372823626e-01
9.700000000000000000e+04 1.798613687356312996e-01
9.710000000000000000e+04 1.802678579588730678e-01
9.720000000000000000e+04 1.811982950568198913e-01
9.730000000000000000e+04 1.819302323460578741e-01
9.740000000000000000e+04 1.824155699213346193e-01
9.750000000000000000e+04 1.835098154842853824e-01
9.760000000000000000e+04 1.844634013374646386e-01
9.770000000000000000e+04 1.847584882130225425e-01
9.780000000000000000e+04 1.846889968216419153e-01
9.790000000000000000e+04 1.849322769045829706e-01
9.800000000000000000e+04 1.855152770876884738e-01
9.810000000000000000e+04 1.863898678123950825e-01
9.820000000000000000e+04 1.864988660812377796e-01
9.830000000000000000e+04 1.859583239754040995e-01
9.840000000000000000e+04 1.866318207979201782e-01
9.850000000000000000e+04 1.876229081302880908e-01
9.860000000000000000e+04 1.887000443538030536e-01
9.870000000000000000e+04 1.903288387507200419e-01
9.880000000000000000e+04 1.913765832781791909e-01
9.890000000000000000e+04 1.922351128856341074e-01
9.900000000000000000e+04 1.932793341577052348e-01
9.910000000000000000e+04 1.941969683021306792e-01
9.920000000000000000e+04 1.959163561463357628e-01
9.930000000000000000e+04 1.989661376923322622e-01
9.940000000000000000e+04 2.015464940170447194e-01
9.950000000000000000e+04 2.031070509304603033e-01
9.960000000000000000e+04 2.023051071166992454e-01
9.970000000000000000e+04 2.013066115230321973e-01
9.980000000000000000e+04 2.013813373446464439e-01
9.990000000000000000e+04 1.996821569651364148e-01
1.000000000000000000e+05 1.965457300345103131e-01
1.001000000000000000e+05 1.954118371754884897e-01
1.002000000000000000e+05 1.955266994237899736e-01
1.003000000000000000e+05 1.959500200798114100e-01
1.004000000000000000e+05 1.960328244169552980e-01
1.005000000000000000e+05 1.958122469484805950e-01
1.006000000000000000e+05 1.963475037614504370e-01
1.007000000000000000e+05 1.979300055901209721e-01
1.008000000000000000e+05 1.998022526502609142e-01
1.009000000000000000e+05 2.007405810803175039e-01
1.010000000000000000e+05 2.009305708110332711e-01
1.011000000000000000e+05 2.020042350143194387e-01
1.012000000000000000e+05 2.047948407133419468e-01
1.013000000000000000e+05 2.076620650291442494e-01
1.014000000000000000e+05 2.081398507952691157e-01
1.015000000000000000e+05 2.047032737483581721e-01
1.016000000000000000e+05 2.013088757793107808e-01
1.017000000000000000e+05 2.013822549581527621e-01
1.018000000000000000e+05 2.037917512158552991e-01
1.019000000000000000e+05 2.062905021011829376e-01
1.020000000000000000e+05 2.087067469954490273e-01
1.021000000000000000e+05 2.108598741143941080e-01
1.022000000000000000e+05 2.128922693928083087e-01
1.023000000000000000e+05 2.150025833398103159e-01
1.024000000000000000e+05 2.172118943929672030e-01
1.025000000000000000e+05 2.170411882301171991e-01
1.026000000000000000e+05 2.139544296264649925e-01
1.027000000000000000e+05 2.106275337686140947e-01
1.028000000000000000e+05 2.108280345797539090e-01
1.029000000000000000e+05 2.114383664727210732e-01
1.030000000000000000e+05 2.111498333513736614e-01
1.031000000000000000e+05 2.126401490966478292e-01
1.032000000000000000e+05 2.139858344197273499e-01
1.033000000000000000e+05 2.133312867830197135e-01
1.034000000000000000e+05 2.109886403381824316e-01
1.035000000000000000e+05 2.088314812630414630e-01
1.036000000000000000e+05 2.052575399478276941e-01
1.037000000000000000e+05 2.017570457607507917e-01
1.038000000000000000e+05 2.004920861124992459e-01
1.039000000000000000e+05 1.988631714632113912e-01
1.040000000000000000e+05 1.971504345536231884e-01
1.041000000000000000e+05 1.981000052392483113e-01
1.042000000000000000e+05 1.996971560517947220e-01
1.043000000000000000e+05 1.998088596761226632e-01
1.044000000000000000e+05 2.006857320666313171e-01
1.045000000000000000e+05 2.022996580849091286e-01
1.046000000000000000e+05 2.026638229191303209e-01
1.047000000000000000e+05 2.028219094127416688e-01
1.048000000000000000e+05 2.043388365705808007e-01
1.049000000000000000e+05 2.055605044464270392e-01
1.050000000000000000e+05 2.060327678918838779e-01
1.051000000000000000e+05 2.068850157409906632e-01
1.052000000000000000e+05 2.072684671481450636e-01
1.053000000000000000e+05 2.075857793539762630e-01
1.054000000000000000e+05 2.072969495256742067e-01
1.055000000000000000e+05 2.062757939100265392e-01
1.056000000000000000e+05 2.067668277025223045e-01
1.057000000000000000e+05 2.078668068101008903e-01
1.058000000000000000e+05 2.086831583579381588e-01
1.059000000000000000e+05 2.090885718166828333e-01
1.060000000000000000e+05 2.090643540024757496e-01
1.061000000000000000e+05 2.079959962765375592e-01
1.062000000000000000e+05 2.065362235903739629e-01
1.063000000000000000e+05 2.061203904698292455e-01
1.064000000000000000e+05 2.059923714399337635e-01
1.065000000000000000e+05 2.070969499647617174e-01
1.066000000000000000e+05 2.093695014715194480e-01
1.067000000000000000e+05 2.120243634531895349e-01
1.068000000000000000e+05 2.139150521159172147e-01
1.069000000000000000e+05 2.152470299104849716e-01
1.070000000000000000e+05 2.158171976606051146e-01
1.071000000000000000e+05 2.163273096084594449e-01
1.072000000000000000e+05 2.178828541437784483e-01
1.073000000000000000e+05 2.204252848029137901e-01
1.074000000000000000e+05 2.218358328938484503e-01
1.075000000000000000e+05 2.202953901141881388e-01
1.076000000000000000e+05 2.182237742344538267e-01
1.077000000000000000e+05 2.175424936413765109e-01
1.078000000000000000e+05 2.177023874719937746e-01
1.079000000000000000e+05 2.173998742550611041e-01
1.080000000000000000e+05 2.157225713133811562e-01
1.081000000000000000e+05 2.142371826122204392e-01
1.082000000000000000e+05 2.141704650719960523e-01
1.083000000000000000e+05 2.150503379851579910e-01
1.084000000000000000e+05 2.159520602226256691e-01
1.085000000000000000e+05 2.175369467586279471e-01
1.086000000000000000e+05 2.192200326919556130e-01
1.087000000000000000e+05 2.214879353096088077e-01
1.088000000000000000e+05 2.237417499224345629e-01
1.089000000000000000e+05 2.252847010642289871e-01
1.090000000000000000e+05 2.268792375922202287e-01
1.091000000000000000e+05 2.280885671575864637e-01
1.092000000000000000e+05 2.278699773550033059e-01
1.093000000000000000e+05 2.267993897199631070e-01
1.094000000000000000e+05 2.266670165459315212e-01
1.095000000000000000e+05 2.259546436369419542e-01
1.096000000000000000e+05 2.243296650052070684e-01
1.097000000000000000e+05 2.228973609457413074e-01
1.098000000000000000e+05 2.216072319447993655e-01
1.099000000000000000e+05 2.204511921852826684e-01
1.100000000000000000e+05 2.196096281210581647e-01
1.101000000000000000e+05 2.191610682755708583e-01
1.102000000000000000e+05 2.184021419783433449e-01
1.103000000000000000e+05 2.171027333289384520e-01
1.104000000000000000e+05 2.158004131913184298e-01
1.105000000000000000e+05 2.148575856039920962e-01
1.106000000000000000e+05 2.141699108481407432e-01
1.107000000000000000e+05 2.134779793024063066e-01
1.108000000000000000e+05 2.133035159111023038e-01
1.109000000000000000e+05 2.136934996396303299e-01
1.110000000000000000e+05 2.149155601859093490e-01
1.111000000000000000e+05 2.161053323745727450e-01
1.112000000000000000e+05 2.171358010172843578e-01
1.113000000000000000e+05 2.182113084942102488e-01
1.114000000000000000e+05 2.195067761838436216e-01
1.115000000000000000e+05 2.205316477765639771e-01
1.116000000000000000e+05 2.207322981953621088e-01
1.117000000000000000e+05 2.205093874037265533e-01
1.118000000000000000e+05 2.200648468732833707e-01
1.119000000000000000e+05 2.188794130086899048e-01
1.120000000000000000e+05 2.191179787119229561e-01
1.121000000000000000e+05 2.214747441560030172e-01
1.122000000000000000e+05 2.242651039361954202e-01
1.123000000000000000e+05 2.258943138023217778e-01
1.124000000000000000e+05 2.260088827212651530e-01
1.125000000000000000e+05 2.244348675012589056e-01
1.126000000000000000e+05 2.235095659395059109e-01
1.127000000000000000e+05 2.246929757793744986e-01
1.128000000000000000e+05 2.258929774165153448e-01
1.129000000000000000e+05 2.265169997761647125e-01
1.130000000000000000e+05 2.268619805574417225e-01
1.131000000000000000e+05 2.258244817703962681e-01
1.132000000000000000e+05 2.233599707484245078e-01
1.133000000000000000e+05 2.223938000202179133e-01
1.134000000000000000e+05 2.231910309195518360e-01
1.135000000000000000e+05 2.231259295096000017e-01
1.136000000000000000e+05 2.230146323641141182e-01
1.137000000000000000e+05 2.241470322012900918e-01
1.138000000000000000e+05 2.253604621191819535e-01
1.139000000000000000e+05 2.261804952224095722e-01
1.140000000000000000e+05 2.266576364636421204e-01
1.141000000000000000e+05 2.256081838905810710e-01
1.142000000000000000e+05 2.242000861465930917e-01
1.143000000000000000e+05 2.244452845305204280e-01
1.144000000000000000e+05 2.252743594845135755e-01
1.145000000000000000e+05 2.255955999096234676e-01
1.146000000000000000e+05 2.250831304490566176e-01
1.147000000000000000e+05 2.252477824191252420e-01
1.148000000000000000e+05 2.265523875753084893e-01
1.149000000000000000e+05 2.279369650036096595e-01
1.150000000000000000e+05 2.281153624256452295e-01
1.151000000000000000e+05 2.269776853422322549e-01
1.152000000000000000e+05 2.246668404340743663e-01
1.153000000000000000e+05 2.236748004953066360e-01
1.154000000000000000e+05 2.273470843831699728e-01
1.155000000000000000e+05 2.318748600780964619e-01
1.156000000000000000e+05 2.354339363177617162e-01
1.157000000000000000e+05 2.358014008651176940e-01
1.158000000000000000e+05 2.348935021460056005e-01
1.159000000000000000e+05 2.344366486867268673e-01
1.160000000000000000e+05 2.360581492384275226e-01
1.161000000000000000e+05 2.380019243061541889e-01
1.162000000000000000e+05 2.401977575321991576e-01
1.163000000000000000e+05 2.407345092048246982e-01
1.164000000000000000e+05 2.374541065096853476e-01
1.165000000000000000e+05 2.315979046126207530e-01
1.166000000000000000e+05 2.268748305737972037e-01
1.167000000000000000e+05 2.283378688246012478e-01
1.168000000000000000e+05 2.305975892146428508e-01
1.169000000000000000e+05 2.272203331689037764e-01
1.170000000000000000e+05 2.169005453586577148e-01
1.171000000000000000e+05 2.060705302407347395e-01
1.172000000000000000e+05 1.980191829800606595e-01
1.173000000000000000e+05 1.880398815125221557e-01
1.174000000000000000e+05 1.599862992763523284e-01
1.175000000000000000e+05 1.159299804518604537e-01
1.176000000000000000e+05 6.820342183113065060e-02
1.177000000000000000e+05 5.312492884695543816e-02
1.178000000000000000e+05 5.132312777141710691e-02
1.179000000000000000e+05 6.973426459357220941e-02
1.180000000000000000e+05 8.838565746943197188e-02
1.181000000000000000e+05 9.243004957834886903e-02
1.182000000000000000e+05 8.701713629066915034e-02
1.183000000000000000e+05 8.593217194080354782e-02
1.184000000000000000e+05 8.761179447174073653e-02
1.185000000000000000e+05 8.451802693307386427e-02
1.186000000000000000e+05 8.082951441407203175e-02
1.187000000000000000e+05 8.199026145040989866e-02
1.188000000000000000e+05 8.118293777108186171e-02
1.189000000000000000e+05 7.832066122442477019e-02
1.190000000000000000e+05 8.124696637193351556e-02
1.191000000000000000e+05 8.477924451231963476e-02
1.192000000000000000e+05 8.568168212970100894e-02
1.193000000000000000e+05 7.762732838590945261e-02
1.194000000000000000e+05 6.867253020405744701e-02
1.195000000000000000e+05 6.287291745344761318e-02
1.196000000000000000e+05 5.766478118797142144e-02
1.197000000000000000e+05 5.012477958574901304e-02
1.198000000000000000e+05 4.288552206009627055e-02
1.199000000000000000e+05 4.263231188679747485e-02
