9.000000000000000000e+04 7.572234421968460083e-02
9.010000000000000000e+04 7.940498898426685825e-02
9.020000000000000000e+04 7.317530473073347030e-02
9.030000000000000000e+04 7.164951384067527740e-02
9.040000000000000000e+04 9.873760869105589755e-02
9.050000000000000000e+04 1.136633882919952376e-01
9.060000000000000000e+04 9.603568434715331614e-02
9.070000000000000000e+04 7.897613972425450435e-02
9.080000000000000000e+04 7.835465590159126914e-02
9.090000000000000000e+04 8.284187793731673244e-02
9.100000000000000000e+04 8.793630003929142624e-02
9.110000000000000000e+04 9.282342880964297716e-02
9.120000000000000000e+04 9.775958895683302396e-02
9.130000000000000000e+04 1.024429343144098864e-01
9.140000000000000000e+04 1.063408607244491905e-01
9.150000000000000000e+04 1.099497348070144626e-01
9.160000000000000000e+04 1.130857838193575216e-01
9.170000000000000000e+04 1.163312039772670531e-01
9.180000000000000000e+04 1.198100450634955183e-01
9.190000000000000000e+04 1.254535842935242673e-01
9.200000000000000000e+04 1.381664017836256031e-01
9.210000000000000000e+04 1.533422023057931516e-01
9.220000000000000000e+04 1.619850029548006720e-01
9.230000000000000000e+04 1.652102202177047896e-01
9.240000000000000000e+04 1.658358347415923861e-01
9.250000000000000000e+04 1.653728584448496686e-01
9.260000000000000000e+04 1.645235554377237897e-01
9.270000000000000000e+04 1.645979022979736361e-01
9.280000000000000000e+04 1.647143735488255933e-01
9.290000000000000000e+04 1.659312411149342636e-01
9.300000000000000000e+04 1.661334812641143688e-01
9.310000000000000000e+04 1.650648087263107411e-01
9.320000000000000000e+04 1.628649874528249608e-01
9.330000000000000000e+04 1.617764043807983498e-01
9.340000000000000000e+04 1.614977035919825665e-01
9.350000000000000000e+04 1.611617316802342603e-01
9.360000000000000000e+04 1.633822572231292958e-01
9.370000000000000000e+04 1.664774282773337222e-01
9.380000000000000000e+04 1.678610879182815541e-01
9.390000000000000000e+04 1.660635834932327470e-01
9.400000000000000000e+04 1.650059749682744881e-01
9.410000000000000000e+04 1.669466302792232404e-01
9.420000000000000000e+04 1.690543991327285722e-01
9.430000000000000000e+04 1.678413873910903631e-01
9.440000000000000000e+04 1.649938946962356268e-01
9.450000000000000000e+04 1.607898056507110485e-01
9.460000000000000000e+04 1.594848096370697077e-01
9.470000000000000000e+04 1.597021633386611905e-01
9.480000000000000000e+04 1.600538551807403620e-01
9.490000000000000000e+04 1.602586050828297970e-01
9.500000000000000000e+04 1.603972067435582571e-01
9.510000000000000000e+04 1.607705754041671431e-01
9.520000000000000000e+04 1.618940969308217404e-01
9.530000000000000000e+04 1.649638102451962685e-01
9.540000000000000000e+04 1.708515989780429178e-01
9.550000000000000000e+04 1.724893073240916230e-01
9.560000000000000000e+04 1.711011952161788641e-01
9.570000000000000000e+04 1.705480629205703980e-01
9.580000000000000000e+04 1.713885567585627101e-01
9.590000000000000000e+04 1.715003780523935983e-01
9.600000000000000000e+04 1.715375125408172552e-01
9.610000000000000000e+04 1.712016564607620472e-01
9.620000000000000000e+04 1.667195286353428951e-01
9.630000000000000000e+04 1.645953428745270952e-01
9.640000000000000000e+04 1.709248673915859384e-01
9.650000000000000000e+04 1.790828784306843502e-01
9.660000000000000000e+04 1.830942481756210605e-01
9.670000000000000000e+04 1.800634886821114444e-01
9.680000000000000000e+04 1.736499102910360748e-01
9.690000000000000000e+04 1.702044802904128240e-01
9.700000000000000000e+04 1.681619763374327947e-01
9.710000000000000000e+04 1.689317013820011704e-01
9.720000000000000000e+04 1.718582630157470814e-01
9.730000000000000000e+04 1.724150514602660889e-01
9.740000000000000000e+04 1.728351046641667943e-01
9.750000000000000000e+04 1.744800209999084473e-01
9.760000000000000000e+04 1.762583436568577744e-01
9.770000000000000000e+04 1.768463083108266498e-01
9.780000000000000000e+04 1.763698899745941295e-01
9.790000000000000000e+04 1.765048976739247710e-01
9.800000000000000000e+04 1.770239104827244225e-01
9.810000000000000000e+04 1.792180830240248934e-01
9.820000000000000000e+04 1.798588156700133833e-01
9.830000000000000000e+04 1.765064535538355683e-01
9.840000000000000000e+04 1.778625756502150435e-01
9.850000000000000000e+04 1.795076737801233890e-01
9.860000000000000000e+04 1.806864631175995606e-01
9.870000000000000000e+04 1.840435051918028753e-01
9.880000000000000000e+04 1.860339629650115956e-01
9.890000000000000000e+04 1.886021566390991555e-01
9.900000000000000000e+04 1.917877167463302723e-01
9.910000000000000000e+04 1.933509725332260287e-01
9.920000000000000000e+04 1.936353397369385554e-01
9.930000000000000000e+04 1.983806616067885775e-01
9.940000000000000000e+04 1.997939103841781250e-01
9.950000000000000000e+04 2.030362198750178537e-01
9.960000000000000000e+04 2.025647866725924506e-01
9.970000000000000000e+04 1.992616562048594719e-01
9.980000000000000000e+04 2.008672259251276793e-01
9.990000000000000000e+04 1.988115650415416547e-01
1.000000000000000000e+05 1.937915732463200147e-01
1.001000000000000000e+05 1.955377378066380789e-01
1.002000000000000000e+05 1.962500226497650158e-01
1.003000000000000000e+05 1.963406439622243371e-01
1.004000000000000000e+05 1.966191426912943518e-01
1.005000000000000000e+05 1.958435595035553090e-01
1.006000000000000000e+05 1.963073567549387388e-01
1.007000000000000000e+05 1.987211360534031357e-01
1.008000000000000000e+05 2.019193845987320435e-01
1.009000000000000000e+05 2.031717966000239073e-01
1.010000000000000000e+05 2.010452816883724347e-01
1.011000000000000000e+05 2.003954881429672319e-01
1.012000000000000000e+05 2.037548081080122475e-01
1.013000000000000000e+05 2.106872256596879767e-01
1.014000000000000000e+05 2.101676112413406738e-01
1.015000000000000000e+05 2.026960074901577036e-01
1.016000000000000000e+05 1.948733182748156878e-01
1.017000000000000000e+05 1.960712218284605957e-01
1.018000000000000000e+05 2.025659660498302372e-01
1.019000000000000000e+05 2.052741954723994178e-01
1.020000000000000000e+05 2.089483171701431163e-01
1.021000000000000000e+05 2.112914254268010716e-01
1.022000000000000000e+05 2.117783272266387795e-01
1.023000000000000000e+05 2.127493172883986872e-01
1.024000000000000000e+05 2.156954894463221362e-01
1.025000000000000000e+05 2.167660246292750781e-01
1.026000000000000000e+05 2.139364832639696068e-01
1.027000000000000000e+05 2.077930647134781372e-01
1.028000000000000000e+05 2.091897247234982826e-01
1.029000000000000000e+05 2.130833393335342940e-01
1.030000000000000000e+05 2.085370610157649407e-01
1.031000000000000000e+05 2.093681965271632917e-01
1.032000000000000000e+05 2.126405113935471436e-01
1.033000000000000000e+05 2.126829981803895209e-01
1.034000000000000000e+05 2.087124760945637536e-01
1.035000000000000000e+05 2.083284646272659246e-01
1.036000000000000000e+05 2.050802870591482141e-01
1.037000000000000000e+05 1.999931526184081931e-01
1.038000000000000000e+05 2.015235108137132247e-01
1.039000000000000000e+05 2.008600705862048086e-01
1.040000000000000000e+05 1.948248863220215232e-01
1.041000000000000000e+05 1.982470881938936946e-01
1.042000000000000000e+05 2.032276602586108316e-01
1.043000000000000000e+05 2.010736091931661640e-01
1.044000000000000000e+05 2.018550670146943282e-01
1.045000000000000000e+05 2.059031287829082846e-01
1.046000000000000000e+05 2.054488990704217422e-01
1.047000000000000000e+05 2.037057644128799638e-01
1.048000000000000000e+05 2.069513970613480469e-01
1.049000000000000000e+05 2.083334290981292691e-01
1.050000000000000000e+05 2.087141424417495728e-01
1.051000000000000000e+05 2.112035127480824670e-01
1.052000000000000000e+05 2.113592030604680150e-01
1.053000000000000000e+05 2.124062293767929044e-01
1.054000000000000000e+05 2.119589744011559918e-01
1.055000000000000000e+05 2.077461630105973123e-01
1.056000000000000000e+05 2.082235354185103804e-01
1.057000000000000000e+05 2.107021178801854744e-01
1.058000000000000000e+05 2.121183397372564394e-01
1.059000000000000000e+05 2.128857070207595681e-01
1.060000000000000000e+05 2.133613705635070690e-01
1.061000000000000000e+05 2.119616776704787431e-01
1.062000000000000000e+05 2.092783284187317849e-01
1.063000000000000000e+05 2.082236564159393455e-01
1.064000000000000000e+05 2.067574473222096587e-01
1.065000000000000000e+05 2.078329861164092962e-01
1.066000000000000000e+05 2.119368739922840861e-01
1.067000000000000000e+05 2.163556313514710672e-01
1.068000000000000000e+05 2.192198783159255426e-01
1.069000000000000000e+05 2.196593719720840443e-01
1.070000000000000000e+05 2.187623451153437037e-01
1.071000000000000000e+05 2.189605820178984474e-01
1.072000000000000000e+05 2.215296345949171741e-01
1.073000000000000000e+05 2.260185615221659838e-01
1.074000000000000000e+05 2.295289087295531438e-01
1.075000000000000000e+05 2.264362076918281508e-01
1.076000000000000000e+05 2.215601917107899999e-01
1.077000000000000000e+05 2.206730186939239724e-01
1.078000000000000000e+05 2.221816682815551947e-01
1.079000000000000000e+05 2.220057807366053459e-01
1.080000000000000000e+05 2.188852757215499767e-01
1.081000000000000000e+05 2.145194194714228619e-01
1.082000000000000000e+05 2.146916059652963782e-01
1.083000000000000000e+05 2.156588995456695523e-01
1.084000000000000000e+05 2.166532113154730488e-01
1.085000000000000000e+05 2.192776829004286498e-01
1.086000000000000000e+05 2.211563515663146906e-01
1.087000000000000000e+05 2.225766209761303460e-01
1.088000000000000000e+05 2.255042342344918682e-01
1.089000000000000000e+05 2.272455346584320024e-01
1.090000000000000000e+05 2.310983469088874198e-01
1.091000000000000000e+05 2.349565698703128536e-01
1.092000000000000000e+05 2.336647361516951404e-01
1.093000000000000000e+05 2.297746729850767833e-01
1.094000000000000000e+05 2.295701034863789902e-01
1.095000000000000000e+05 2.292622447013855091e-01
1.096000000000000000e+05 2.267145323753356478e-01
1.097000000000000000e+05 2.248048037290573398e-01
1.098000000000000000e+05 2.233875322341919434e-01
1.099000000000000000e+05 2.217730659246444636e-01
1.100000000000000000e+05 2.208148787419000891e-01
1.101000000000000000e+05 2.212236386537552169e-01
1.102000000000000000e+05 2.203135649363199833e-01
1.103000000000000000e+05 2.184280065695443640e-01
1.104000000000000000e+05 2.154510968923566971e-01
1.105000000000000000e+05 2.135748594999313521e-01
1.106000000000000000e+05 2.127313152949015518e-01
1.107000000000000000e+05 2.130748593807220426e-01
1.108000000000000000e+05 2.128613142172495476e-01
1.109000000000000000e+05 2.128432466586430982e-01
1.110000000000000000e+05 2.143911331892013605e-01
1.111000000000000000e+05 2.168224378426869547e-01
1.112000000000000000e+05 2.189844493071238241e-01
1.113000000000000000e+05 2.191542816162108942e-01
1.114000000000000000e+05 2.190890135367710712e-01
1.115000000000000000e+05 2.209594537814457971e-01
1.116000000000000000e+05 2.224165499210358499e-01
1.117000000000000000e+05 2.240634357929228992e-01
1.118000000000000000e+05 2.205579123894374771e-01
1.119000000000000000e+05 2.157422351837157415e-01
1.120000000000000000e+05 2.146120995283126165e-01
1.121000000000000000e+05 2.196862997611365997e-01
1.122000000000000000e+05 2.258372616767883867e-01
1.123000000000000000e+05 2.306843193372091205e-01
1.124000000000000000e+05 2.305061934391657019e-01
1.125000000000000000e+05 2.242181450128555298e-01
1.126000000000000000e+05 2.211327699820200554e-01
1.127000000000000000e+05 2.261377950509388668e-01
1.128000000000000000e+05 2.265490818023681852e-01
1.129000000000000000e+05 2.269107429186501823e-01
1.130000000000000000e+05 2.307141800721486669e-01
1.131000000000000000e+05 2.290538758039475375e-01
1.132000000000000000e+05 2.218070075909295280e-01
1.133000000000000000e+05 2.196666856606805662e-01
1.134000000000000000e+05 2.257320499420164273e-01
1.135000000000000000e+05 2.241821855306624645e-01
1.136000000000000000e+05 2.195261071125665098e-01
1.137000000000000000e+05 2.226782578229902221e-01
1.138000000000000000e+05 2.246148490905761630e-01
1.139000000000000000e+05 2.264921232064566747e-01
1.140000000000000000e+05 2.296046257019042913e-01
1.141000000000000000e+05 2.265870942672094379e-01
1.142000000000000000e+05 2.219797595341999885e-01
1.143000000000000000e+05 2.247076755762099087e-01
1.144000000000000000e+05 2.272211192051569184e-01
1.145000000000000000e+05 2.262756327788034705e-01
1.146000000000000000e+05 2.232207781076432640e-01
1.147000000000000000e+05 2.220684041579564505e-01
1.148000000000000000e+05 2.240000230073929122e-01
1.149000000000000000e+05 2.265968936681747870e-01
1.150000000000000000e+05 2.273238847653071271e-01
1.151000000000000000e+05 2.260396498441696322e-01
1.152000000000000000e+05 2.216718852519987404e-01
1.153000000000000000e+05 2.176633656024933028e-01
1.154000000000000000e+05 2.241040247678755259e-01
1.155000000000000000e+05 2.329799324274063055e-01
1.156000000000000000e+05 2.370073362191517929e-01
1.157000000000000000e+05 2.371688789129257902e-01
1.158000000000000000e+05 2.342455524206162598e-01
1.159000000000000000e+05 2.313848471641540838e-01
1.160000000000000000e+05 2.345230340957639714e-01
1.161000000000000000e+05 2.404320889711380194e-01
1.162000000000000000e+05 2.431569268306096043e-01
1.163000000000000000e+05 2.411564153432847746e-01
1.164000000000000000e+05 2.378923356533050870e-01
1.165000000000000000e+05 2.320781181255973380e-01
1.166000000000000000e+05 2.250476974248889761e-01
1.167000000000000000e+05 2.254745018482209595e-01
1.168000000000000000e+05 2.289419839779536781e-01
1.169000000000000000e+05 2.231673328081765773e-01
1.170000000000000000e+05 2.107903659343719482e-01
1.171000000000000000e+05 1.996810873349505744e-01
1.172000000000000000e+05 1.859631145000460450e-01
1.173000000000000000e+05 1.750405156612398760e-01
1.174000000000000000e+05 1.630485812822968783e-01
1.175000000000000000e+05 1.205779686570224163e-01
1.176000000000000000e+05 3.574496522545851651e-02
1.177000000000000000e+05 2.257060386240469785e-02
1.178000000000000000e+05 3.561629106601128109e-02
1.179000000000000000e+05 5.466534383595075125e-02
1.180000000000000000e+05 8.018086651960996958e-02
1.181000000000000000e+05 7.972938458124755046e-02
1.182000000000000000e+05 6.493001878261528415e-02
1.183000000000000000e+05 6.376107623179737283e-02
1.184000000000000000e+05 6.814303020636244823e-02
1.185000000000000000e+05 6.433278322219848633e-02
1.186000000000000000e+05 5.830602660775181106e-02
1.187000000000000000e+05 6.311131690939268679e-02
1.188000000000000000e+05 6.153986811637847387e-02
1.189000000000000000e+05 5.446367934346191264e-02
1.190000000000000000e+05 6.024425874153763183e-02
1.191000000000000000e+05 6.731555342674268305e-02
1.192000000000000000e+05 6.905819237232205254e-02
1.193000000000000000e+05 6.124610622723923592e-02
1.194000000000000000e+05 4.886342689394931882e-02
1.195000000000000000e+05 4.305748417973546960e-02
1.196000000000000000e+05 4.099906076987575726e-02
1.197000000000000000e+05 3.690747290849676066e-02
1.198000000000000000e+05 2.689469625552471863e-02
1.199000000000000000e+05 2.070219817260904316e-02
