9.000000000000000000e+04 4.710541665554046631e-02
9.010000000000000000e+04 4.851861430952946613e-02
9.020000000000000000e+04 4.984809540212155332e-02
9.030000000000000000e+04 5.121126312762499383e-02
9.040000000000000000e+04 5.232169240713120673e-02
9.050000000000000000e+04 5.392640748371682613e-02
9.060000000000000000e+04 5.514281369745732686e-02
9.070000000000000000e+04 5.642431840300562301e-02
9.080000000000000000e+04 5.748966197172802883e-02
9.090000000000000000e+04 5.942543111741548784e-02
9.100000000000000000e+04 6.212204322218901897e-02
9.110000000000000000e+04 6.487834597627330224e-02
9.120000000000000000e+04 6.790544182062158152e-02
9.130000000000000000e+04 7.139770733813458059e-02
9.140000000000000000e+04 7.553980206449840973e-02
9.150000000000000000e+04 7.983325347304361108e-02
9.160000000000000000e+04 8.435224562883394950e-02
9.170000000000000000e+04 8.890739445885043057e-02
9.180000000000000000e+04 9.379311859607718238e-02
9.190000000000000000e+04 9.867884273330393419e-02
9.200000000000000000e+04 1.039427856604260847e-01
9.210000000000000000e+04 1.091144685447218848e-01
9.220000000000000000e+04 1.115464149912198666e-01
9.230000000000000000e+04 1.133652262389660131e-01
9.240000000000000000e+04 1.154048544168472384e-01
9.250000000000000000e+04 1.161188824723164148e-01
9.260000000000000000e+04 1.161173031230767622e-01
9.270000000000000000e+04 1.161643012613058079e-01
9.280000000000000000e+04 1.160732378562291528e-01
9.290000000000000000e+04 1.160527570794026020e-01
9.300000000000000000e+04 1.160927079617976865e-01
9.310000000000000000e+04 1.163581326107183955e-01
9.320000000000000000e+04 1.165097027023633269e-01
9.330000000000000000e+04 1.168810658901929533e-01
9.340000000000000000e+04 1.173171597222486956e-01
9.350000000000000000e+04 1.176555113246043338e-01
9.360000000000000000e+04 1.179938629269599720e-01
9.370000000000000000e+04 1.184943187733490944e-01
9.380000000000000000e+04 1.190295908848444384e-01
9.390000000000000000e+04 1.189539000391960227e-01
9.400000000000000000e+04 1.188142016530037010e-01
9.410000000000000000e+04 1.186682620892922091e-01
9.420000000000000000e+04 1.186701788008212993e-01
9.430000000000000000e+04 1.188031450410683837e-01
9.440000000000000000e+04 1.190124574303626920e-01
9.450000000000000000e+04 1.189883671700954493e-01
9.460000000000000000e+04 1.189370585481325793e-01
9.470000000000000000e+04 1.190624063462018822e-01
9.480000000000000000e+04 1.193917828798293918e-01
9.490000000000000000e+04 1.197820355743169640e-01
9.500000000000000000e+04 1.199054705599943704e-01
9.510000000000000000e+04 1.200470218807458966e-01
9.520000000000000000e+04 1.198142282168070533e-01
9.530000000000000000e+04 1.196466314792633129e-01
9.540000000000000000e+04 1.194277212023735074e-01
9.550000000000000000e+04 1.192442963520685684e-01
9.560000000000000000e+04 1.196824846665064390e-01
9.570000000000000000e+04 1.199049391597509368e-01
9.580000000000000000e+04 1.199147184193134347e-01
9.590000000000000000e+04 1.199918064971764869e-01
9.600000000000000000e+04 1.209709078073501615e-01
9.610000000000000000e+04 1.221444553881883693e-01
9.620000000000000000e+04 1.231076797346274121e-01
9.630000000000000000e+04 1.234096381813287874e-01
9.640000000000000000e+04 1.241277294357617661e-01
9.650000000000000000e+04 1.246732617417971312e-01
9.660000000000000000e+04 1.249738931655883789e-01
9.670000000000000000e+04 1.249275182684262547e-01
9.680000000000000000e+04 1.251994832356770893e-01
9.690000000000000000e+04 1.251783271133899700e-01
9.700000000000000000e+04 1.251571709911028507e-01
9.710000000000000000e+04 1.251360148688157314e-01
9.720000000000000000e+04 1.251853513717651467e-01
9.730000000000000000e+04 1.257288651665051937e-01
9.740000000000000000e+04 1.262487667798996294e-01
9.750000000000000000e+04 1.268021762371063510e-01
9.760000000000000000e+04 1.273555856943130726e-01
9.770000000000000000e+04 1.285950079063575002e-01
9.780000000000000000e+04 1.294851610064507164e-01
9.790000000000000000e+04 1.301734135548273941e-01
9.800000000000000000e+04 1.307454576094945475e-01
9.810000000000000000e+04 1.326361060142518533e-01
9.820000000000000000e+04 1.352449504534405100e-01
9.830000000000000000e+04 1.378266847133637618e-01
9.840000000000000000e+04 1.398978757858277688e-01
9.850000000000000000e+04 1.433069780468943788e-01
9.860000000000000000e+04 1.480714219808581256e-01
9.870000000000000000e+04 1.528242775797846731e-01
9.880000000000000000e+04 1.571284111340843503e-01
9.890000000000000000e+04 1.614567716916404660e-01
9.900000000000000000e+04 1.652407497167588390e-01
9.910000000000000000e+04 1.690567277371883281e-01
9.920000000000000000e+04 1.726954676707584679e-01
9.930000000000000000e+04 1.767214338481425673e-01
9.940000000000000000e+04 1.775416065255800424e-01
9.950000000000000000e+04 1.783617792030174898e-01
9.960000000000000000e+04 1.795668387413024425e-01
9.970000000000000000e+04 1.802688030401865260e-01
9.980000000000000000e+04 1.814564665158588941e-01
9.990000000000000000e+04 1.830641677975653747e-01
1.000000000000000000e+05 1.846823096275328757e-01
1.001000000000000000e+05 1.858294332027434492e-01
1.002000000000000000e+05 1.869238141179084545e-01
1.003000000000000000e+05 1.878146105508008978e-01
1.004000000000000000e+05 1.890495284398396314e-01
1.005000000000000000e+05 1.899221591651439889e-01
1.006000000000000000e+05 1.896966370940207924e-01
1.007000000000000000e+05 1.891485132277011538e-01
1.008000000000000000e+05 1.887622773647308350e-01
1.009000000000000000e+05 1.881992117067178283e-01
1.010000000000000000e+05 1.878451496362686379e-01
1.011000000000000000e+05 1.874228513240814298e-01
1.012000000000000000e+05 1.871876301368077533e-01
1.013000000000000000e+05 1.870736723144849067e-01
1.014000000000000000e+05 1.872697532176971491e-01
1.015000000000000000e+05 1.874190837144851518e-01
1.016000000000000000e+05 1.884748655557632324e-01
1.017000000000000000e+05 1.896341656148433641e-01
1.018000000000000000e+05 1.905214833219845971e-01
1.019000000000000000e+05 1.908007168273131160e-01
1.020000000000000000e+05 1.901247054338455200e-01
1.021000000000000000e+05 1.897021153569221352e-01
1.022000000000000000e+05 1.895745224754015468e-01
1.023000000000000000e+05 1.888092750310897683e-01
1.024000000000000000e+05 1.876198863983154219e-01
1.025000000000000000e+05 1.867241561412811279e-01
1.026000000000000000e+05 1.864689856767654252e-01
1.027000000000000000e+05 1.859905965626239555e-01
1.028000000000000000e+05 1.844222803910572916e-01
1.029000000000000000e+05 1.830563995242118491e-01
1.030000000000000000e+05 1.815656110644340016e-01
1.031000000000000000e+05 1.797494105001290199e-01
1.032000000000000000e+05 1.788535159826278309e-01
1.033000000000000000e+05 1.775458182394503981e-01
1.034000000000000000e+05 1.765284918745358422e-01
1.035000000000000000e+05 1.754037760198116358e-01
1.036000000000000000e+05 1.754826378822327282e-01
1.037000000000000000e+05 1.762078160047531317e-01
1.038000000000000000e+05 1.766322195529938244e-01
1.039000000000000000e+05 1.771551704903444047e-01
1.040000000000000000e+05 1.785668661197027385e-01
1.041000000000000000e+05 1.798195531964301708e-01
1.042000000000000000e+05 1.808489654461543361e-01
1.043000000000000000e+05 1.823168606062731123e-01
1.044000000000000000e+05 1.836357820034028032e-01
1.045000000000000000e+05 1.854764387011528237e-01
1.046000000000000000e+05 1.873170953989028720e-01
1.047000000000000000e+05 1.891577520966528925e-01
1.048000000000000000e+05 1.908351918061574060e-01
1.049000000000000000e+05 1.917109693586826202e-01
1.050000000000000000e+05 1.922493949532508850e-01
1.051000000000000000e+05 1.926856892804305055e-01
1.052000000000000000e+05 1.930812148253123195e-01
1.053000000000000000e+05 1.930201201140880618e-01
1.054000000000000000e+05 1.928909336527188656e-01
1.055000000000000000e+05 1.927294832964738247e-01
1.056000000000000000e+05 1.925398176908493242e-01
1.057000000000000000e+05 1.927789096037547112e-01
1.058000000000000000e+05 1.930210316181183161e-01
1.059000000000000000e+05 1.930963274836540178e-01
1.060000000000000000e+05 1.932387530803680309e-01
1.061000000000000000e+05 1.942762029667694512e-01
1.062000000000000000e+05 1.963020101189612565e-01
1.063000000000000000e+05 1.977916797002156613e-01
1.064000000000000000e+05 1.983764042456943877e-01
1.065000000000000000e+05 1.990588538348674053e-01
1.066000000000000000e+05 2.015530410408972739e-01
1.067000000000000000e+05 2.044304041564463659e-01
1.068000000000000000e+05 2.067007297277451139e-01
1.069000000000000000e+05 2.080989752709865026e-01
1.070000000000000000e+05 2.076395675539970120e-01
1.071000000000000000e+05 2.075992788374424469e-01
1.072000000000000000e+05 2.070454829931259177e-01
1.073000000000000000e+05 2.071596896151701173e-01
1.074000000000000000e+05 2.058131548762321683e-01
1.075000000000000000e+05 2.042616518835226880e-01
1.076000000000000000e+05 2.032592193285624182e-01
1.077000000000000000e+05 2.017823365330696228e-01
1.078000000000000000e+05 2.007204920053481945e-01
1.079000000000000000e+05 1.997203355530897950e-01
1.080000000000000000e+05 1.988581657409667913e-01
1.081000000000000000e+05 1.982993017633755961e-01
1.082000000000000000e+05 1.990575549999872851e-01
1.083000000000000000e+05 2.008174705505371416e-01
1.084000000000000000e+05 2.025057170788447103e-01
1.085000000000000000e+05 2.028406289716561672e-01
1.086000000000000000e+05 2.041334396600723577e-01
1.087000000000000000e+05 2.058208156128724931e-01
1.088000000000000000e+05 2.060727781057357377e-01
1.089000000000000000e+05 2.065655502676964350e-01
1.090000000000000000e+05 2.077898636460304704e-01
1.091000000000000000e+05 2.058170412480830325e-01
1.092000000000000000e+05 2.039925777912139360e-01
1.093000000000000000e+05 2.030337837338447027e-01
1.094000000000000000e+05 2.020192576448121835e-01
1.095000000000000000e+05 2.009969994425772344e-01
1.096000000000000000e+05 1.976006223758060287e-01
1.097000000000000000e+05 1.941200999418893069e-01
1.098000000000000000e+05 1.906395775079725574e-01
1.099000000000000000e+05 1.871880152324834345e-01
1.100000000000000000e+05 1.837783952554067068e-01
1.101000000000000000e+05 1.803687752783299514e-01
1.102000000000000000e+05 1.769591553012532237e-01
1.103000000000000000e+05 1.742521170278392151e-01
1.104000000000000000e+05 1.730819088220596491e-01
1.105000000000000000e+05 1.724853031337261478e-01
1.106000000000000000e+05 1.720632677276929534e-01
1.107000000000000000e+05 1.711497789621352628e-01
1.108000000000000000e+05 1.717486480871836529e-01
1.109000000000000000e+05 1.722012882431348257e-01
1.110000000000000000e+05 1.723390355706214683e-01
1.111000000000000000e+05 1.726946320136388269e-01
1.112000000000000000e+05 1.730935496091842718e-01
1.113000000000000000e+05 1.732238849997520536e-01
1.114000000000000000e+05 1.733457434177398671e-01
1.115000000000000000e+05 1.734676018357277083e-01
1.116000000000000000e+05 1.745667695999146840e-01
1.117000000000000000e+05 1.764404327670733852e-01
1.118000000000000000e+05 1.775814374287923159e-01
1.119000000000000000e+05 1.781659655272960774e-01
1.120000000000000000e+05 1.790610492229460782e-01
1.121000000000000000e+05 1.809153642753759395e-01
1.122000000000000000e+05 1.820568826794624895e-01
1.123000000000000000e+05 1.823648835221926556e-01
1.124000000000000000e+05 1.828287672996521396e-01
1.125000000000000000e+05 1.819051988422870914e-01
1.126000000000000000e+05 1.809546404083570148e-01
1.127000000000000000e+05 1.801336643596490317e-01
1.128000000000000000e+05 1.797577655315399370e-01
1.129000000000000000e+05 1.788566818833351169e-01
1.130000000000000000e+05 1.781590720017751373e-01
1.131000000000000000e+05 1.778934720158577287e-01
1.132000000000000000e+05 1.770507210493087735e-01
1.133000000000000000e+05 1.766441502670447194e-01
1.134000000000000000e+05 1.760720488429069475e-01
1.135000000000000000e+05 1.757761622468630436e-01
1.136000000000000000e+05 1.756713549296061161e-01
1.137000000000000000e+05 1.754068471491336823e-01
1.138000000000000000e+05 1.750179001688957348e-01
1.139000000000000000e+05 1.745384948452313734e-01
1.140000000000000000e+05 1.740313738584518544e-01
1.141000000000000000e+05 1.735772115488846967e-01
1.142000000000000000e+05 1.736191186308860823e-01
1.143000000000000000e+05 1.737447676062583990e-01
1.144000000000000000e+05 1.736301457881927468e-01
1.145000000000000000e+05 1.735155239701270946e-01
1.146000000000000000e+05 1.747409474849700994e-01
1.147000000000000000e+05 1.765704627831777285e-01
1.148000000000000000e+05 1.778161712487539015e-01
1.149000000000000000e+05 1.780891077220440044e-01
1.150000000000000000e+05 1.791428054372470047e-01
1.151000000000000000e+05 1.813010096549988459e-01
1.152000000000000000e+05 1.841298657655716930e-01
1.153000000000000000e+05 1.872361304362615830e-01
1.154000000000000000e+05 1.889805903037386492e-01
1.155000000000000000e+05 1.897702530026436907e-01
1.156000000000000000e+05 1.908571835358938429e-01
1.157000000000000000e+05 1.927285509308180045e-01
1.158000000000000000e+05 1.926941746473309902e-01
1.159000000000000000e+05 1.896290248135723000e-01
1.160000000000000000e+05 1.886126011610032294e-01
1.161000000000000000e+05 1.875375552475453955e-01
1.162000000000000000e+05 1.853917238116260802e-01
1.163000000000000000e+05 1.780546688040096082e-01
1.164000000000000000e+05 1.704768413305283448e-01
1.165000000000000000e+05 1.628990138570470814e-01
1.166000000000000000e+05 1.553211863835658457e-01
1.167000000000000000e+05 1.446596150845295692e-01
1.168000000000000000e+05 1.320674604177476952e-01
1.169000000000000000e+05 1.200791928917167156e-01
1.170000000000000000e+05 1.090124584734433466e-01
1.171000000000000000e+05 9.816881106545469193e-02
1.172000000000000000e+05 8.697619318962070134e-02
1.173000000000000000e+05 7.649755056947478427e-02
1.174000000000000000e+05 6.477064070602300827e-02
1.175000000000000000e+05 5.473968448738288084e-02
1.176000000000000000e+05 4.960368931293517719e-02
1.177000000000000000e+05 4.446769413848746660e-02
1.178000000000000000e+05 3.933169896403976296e-02
1.179000000000000000e+05 3.478064574301249073e-02
1.180000000000000000e+05 3.358490516742076298e-02
1.181000000000000000e+05 3.229880384479967559e-02
1.182000000000000000e+05 3.080233410000808580e-02
1.183000000000000000e+05 2.910690841575470575e-02
1.184000000000000000e+05 2.842386851708096629e-02
1.185000000000000000e+05 2.770646186545494549e-02
1.186000000000000000e+05 2.688908466448388518e-02
1.187000000000000000e+05 2.625168584287169288e-02
1.188000000000000000e+05 2.551397882401945302e-02
1.189000000000000000e+05 2.493207095811766222e-02
1.190000000000000000e+05 2.439805374791226278e-02
1.191000000000000000e+05 2.378187518566848152e-02
1.192000000000000000e+05 2.361293283601602344e-02
1.193000000000000000e+05 2.343824290980895883e-02
1.194000000000000000e+05 2.336858525872230821e-02
1.195000000000000000e+05 2.291963805134098614e-02
1.196000000000000000e+05 2.326236923535661763e-02
1.197000000000000000e+05 2.458587786182759444e-02
1.198000000000000000e+05 2.717790090789396276e-02
1.199000000000000000e+05 2.965406789133945287e-02
