9.000000000000000000e+04 2.826669514179229736e-01
9.010000000000000000e+04 2.858248931169509732e-01
9.020000000000000000e+04 2.890868721405666641e-01
9.030000000000000000e+04 2.978273254632949341e-01
9.040000000000000000e+04 3.065540717045465158e-01
9.050000000000000000e+04 3.118729077279567274e-01
9.060000000000000000e+04 3.168672326207159218e-01
9.070000000000000000e+04 3.195424381395181035e-01
9.080000000000000000e+04 3.223581631978355011e-01
9.090000000000000000e+04 3.284111984074116197e-01
9.100000000000000000e+04 3.349861755967137311e-01
9.110000000000000000e+04 3.412731379767258710e-01
9.120000000000000000e+04 3.471776837110520098e-01
9.130000000000000000e+04 3.527459374070166520e-01
9.140000000000000000e+04 3.580697154998776499e-01
9.150000000000000000e+04 3.635096944868563273e-01
9.160000000000000000e+04 3.692398667335510254e-01
9.170000000000000000e+04 3.750126168131829307e-01
9.180000000000000000e+04 3.808340561389923495e-01
9.190000000000000000e+04 3.870578193167844017e-01
9.200000000000000000e+04 3.934877842664716852e-01
9.210000000000000000e+04 4.006529854238033428e-01
9.220000000000000000e+04 4.072520181536674055e-01
9.230000000000000000e+04 4.124111487468082871e-01
9.240000000000000000e+04 4.164087373018265370e-01
9.250000000000000000e+04 4.194318366547425958e-01
9.260000000000000000e+04 4.222162595391273365e-01
9.270000000000000000e+04 4.246459183096884527e-01
9.280000000000000000e+04 4.273982063929240294e-01
9.290000000000000000e+04 4.301302560170491840e-01
9.300000000000000000e+04 4.315138965845107810e-01
9.310000000000000000e+04 4.326244296630223363e-01
9.320000000000000000e+04 4.333754122257232888e-01
9.330000000000000000e+04 4.339988701045513486e-01
9.340000000000000000e+04 4.345403552055359109e-01
9.350000000000000000e+04 4.353103265166282654e-01
9.360000000000000000e+04 4.362063771486281993e-01
9.370000000000000000e+04 4.373623340825240069e-01
9.380000000000000000e+04 4.380967637896537870e-01
9.390000000000000000e+04 4.384389694035053520e-01
9.400000000000000000e+04 4.389672368764877541e-01
9.410000000000000000e+04 4.396394906938075886e-01
9.420000000000000000e+04 4.399547234177589861e-01
9.430000000000000000e+04 4.399601129194100624e-01
9.440000000000000000e+04 4.396973832448323738e-01
9.450000000000000000e+04 4.389567196369171809e-01
9.460000000000000000e+04 4.379259318113327693e-01
9.470000000000000000e+04 4.374311437706152605e-01
9.480000000000000000e+04 4.375882184505462957e-01
9.490000000000000000e+04 4.381803392370541839e-01
9.500000000000000000e+04 4.389259268840154382e-01
9.510000000000000000e+04 4.398317477107047679e-01
9.520000000000000000e+04 4.413619736830393103e-01
9.530000000000000000e+04 4.433881534636020527e-01
9.540000000000000000e+04 4.452779126167297763e-01
9.550000000000000000e+04 4.468028758962949709e-01
9.560000000000000000e+04 4.477070377270380708e-01
9.570000000000000000e+04 4.484278169274330539e-01
9.580000000000000000e+04 4.491283101836840430e-01
9.590000000000000000e+04 4.500823548932870732e-01
9.600000000000000000e+04 4.509436845779418723e-01
9.610000000000000000e+04 4.512481608490149232e-01
9.620000000000000000e+04 4.514269474148749905e-01
9.630000000000000000e+04 4.519600030779837851e-01
9.640000000000000000e+04 4.536287790536880360e-01
9.650000000000000000e+04 4.556340575218200684e-01
9.660000000000000000e+04 4.562968844175338545e-01
9.670000000000000000e+04 4.567654083669185350e-01
9.680000000000000000e+04 4.560375150044759796e-01
9.690000000000000000e+04 4.555389109253883406e-01
9.700000000000000000e+04 4.560804824034372373e-01
9.710000000000000000e+04 4.567468852301438398e-01
9.720000000000000000e+04 4.570789325237274436e-01
9.730000000000000000e+04 4.576130505402882798e-01
9.740000000000000000e+04 4.586972484985987197e-01
9.750000000000000000e+04 4.597858153283596039e-01
9.760000000000000000e+04 4.606546658277511641e-01
9.770000000000000000e+04 4.613977383077144667e-01
9.780000000000000000e+04 4.618396309018135137e-01
9.790000000000000000e+04 4.623939662675062290e-01
9.800000000000000000e+04 4.632333060105641720e-01
9.810000000000000000e+04 4.640365540981292725e-01
9.820000000000000000e+04 4.646911571423212317e-01
9.830000000000000000e+04 4.653166128198305551e-01
9.840000000000000000e+04 4.658538514375686335e-01
9.850000000000000000e+04 4.664678906400998581e-01
9.860000000000000000e+04 4.675560549894968720e-01
9.870000000000000000e+04 4.686457508802414074e-01
9.880000000000000000e+04 4.697023834784825325e-01
9.890000000000000000e+04 4.707929773628710679e-01
9.900000000000000000e+04 4.720373138785362022e-01
9.910000000000000000e+04 4.733684283991654862e-01
9.920000000000000000e+04 4.752585063378016450e-01
9.930000000000000000e+04 4.770837688446045721e-01
9.940000000000000000e+04 4.785956513881683416e-01
9.950000000000000000e+04 4.798723325133323891e-01
9.960000000000000000e+04 4.809087973833083840e-01
9.970000000000000000e+04 4.819497589270274052e-01
9.980000000000000000e+04 4.829009136557579351e-01
9.990000000000000000e+04 4.836836196482180994e-01
1.000000000000000000e+05 4.839215526978174475e-01
1.001000000000000000e+05 4.843424735963344774e-01
1.002000000000000000e+05 4.850743812322616533e-01
1.003000000000000000e+05 4.857566633820533664e-01
1.004000000000000000e+05 4.861738097667693825e-01
1.005000000000000000e+05 4.864685416221617986e-01
1.006000000000000000e+05 4.871376897891362412e-01
1.007000000000000000e+05 4.880097620685894810e-01
1.008000000000000000e+05 4.888563257455825761e-01
1.009000000000000000e+05 4.894763548672199649e-01
1.010000000000000000e+05 4.901012634237607024e-01
1.011000000000000000e+05 4.913057897984981492e-01
1.012000000000000000e+05 4.927698904275893965e-01
1.013000000000000000e+05 4.938504822552203799e-01
1.014000000000000000e+05 4.946462988853454479e-01
1.015000000000000000e+05 4.951677009463310020e-01
1.016000000000000000e+05 4.955114199717839396e-01
1.017000000000000000e+05 4.967510378360748269e-01
1.018000000000000000e+05 4.985214038689931293e-01
1.019000000000000000e+05 5.004304816325505501e-01
1.020000000000000000e+05 5.024355053901671253e-01
1.021000000000000000e+05 5.040248172481853750e-01
1.022000000000000000e+05 5.056223307053246963e-01
1.023000000000000000e+05 5.072349658608437117e-01
1.024000000000000000e+05 5.087023166815440867e-01
1.025000000000000000e+05 5.094602629542350769e-01
1.026000000000000000e+05 5.097157269716262595e-01
1.027000000000000000e+05 5.100263249874115168e-01
1.028000000000000000e+05 5.103984463214874534e-01
1.029000000000000000e+05 5.111589285731314991e-01
1.030000000000000000e+05 5.120769351720808604e-01
1.031000000000000000e+05 5.121914609273274799e-01
1.032000000000000000e+05 5.118870246410369695e-01
1.033000000000000000e+05 5.107072992126147071e-01
1.034000000000000000e+05 5.092376663287481176e-01
1.035000000000000000e+05 5.076212480664252791e-01
1.036000000000000000e+05 5.056422944863636637e-01
1.037000000000000000e+05 5.032498883207638940e-01
1.038000000000000000e+05 5.007888305187225830e-01
1.039000000000000000e+05 4.985717347264289057e-01
1.040000000000000000e+05 4.966438621282577293e-01
1.041000000000000000e+05 4.960576495528221108e-01
1.042000000000000000e+05 4.969335607687631606e-01
1.043000000000000000e+05 4.978060376644134477e-01
1.044000000000000000e+05 4.980099266767501476e-01
1.045000000000000000e+05 4.979055588444073477e-01
1.046000000000000000e+05 4.983944020668665820e-01
1.047000000000000000e+05 4.986832764744758562e-01
1.048000000000000000e+05 4.994127122561136112e-01
1.049000000000000000e+05 5.003674578666686967e-01
1.050000000000000000e+05 5.015271902084350586e-01
1.051000000000000000e+05 5.021371599038442213e-01
1.052000000000000000e+05 5.025029548009236624e-01
1.053000000000000000e+05 5.027887028455734209e-01
1.054000000000000000e+05 5.033636252085367246e-01
1.055000000000000000e+05 5.038743813832600171e-01
1.056000000000000000e+05 5.042945617437362138e-01
1.057000000000000000e+05 5.045867267251015198e-01
1.058000000000000000e+05 5.048080857594807735e-01
1.059000000000000000e+05 5.051262202858924910e-01
1.060000000000000000e+05 5.051911751429239983e-01
1.061000000000000000e+05 5.050054751833279454e-01
1.062000000000000000e+05 5.049026471376418801e-01
1.063000000000000000e+05 5.052071822683016356e-01
1.064000000000000000e+05 5.056402657429377445e-01
1.065000000000000000e+05 5.067156866192816800e-01
1.066000000000000000e+05 5.079802834987640070e-01
1.067000000000000000e+05 5.095497611165047402e-01
1.068000000000000000e+05 5.109698808193207098e-01
1.069000000000000000e+05 5.121976621945698582e-01
1.070000000000000000e+05 5.136080662409464592e-01
1.071000000000000000e+05 5.153127604722975708e-01
1.072000000000000000e+05 5.170246740182240508e-01
1.073000000000000000e+05 5.187635044256846406e-01
1.074000000000000000e+05 5.203912484645842884e-01
1.075000000000000000e+05 5.218367775281269605e-01
1.076000000000000000e+05 5.231825554370879150e-01
1.077000000000000000e+05 5.242499771714210777e-01
1.078000000000000000e+05 5.252608501911164574e-01
1.079000000000000000e+05 5.259782862663269221e-01
1.080000000000000000e+05 5.265770673751830611e-01
1.081000000000000000e+05 5.267698351542153823e-01
1.082000000000000000e+05 5.272177871068318700e-01
1.083000000000000000e+05 5.277975881099701283e-01
1.084000000000000000e+05 5.286840832233429266e-01
1.085000000000000000e+05 5.297083223859468948e-01
1.086000000000000000e+05 5.309363812208174327e-01
1.087000000000000000e+05 5.324799805879593118e-01
1.088000000000000000e+05 5.336831279595692923e-01
1.089000000000000000e+05 5.347253003716467834e-01
1.090000000000000000e+05 5.356537908315657237e-01
1.091000000000000000e+05 5.367921237150827807e-01
1.092000000000000000e+05 5.380448043346404141e-01
1.093000000000000000e+05 5.392537484566370942e-01
1.094000000000000000e+05 5.399847960472106134e-01
1.095000000000000000e+05 5.402107939124107805e-01
1.096000000000000000e+05 5.400445969899496657e-01
1.097000000000000000e+05 5.394543045759201405e-01
1.098000000000000000e+05 5.385935771465302224e-01
1.099000000000000000e+05 5.377748895684877350e-01
1.100000000000000000e+05 5.369690557320911939e-01
1.101000000000000000e+05 5.359757387638092174e-01
1.102000000000000000e+05 5.348216756184895893e-01
1.103000000000000000e+05 5.337948079903920284e-01
1.104000000000000000e+05 5.325735509395599365e-01
1.105000000000000000e+05 5.312426313757896423e-01
1.106000000000000000e+05 5.300219208002090454e-01
1.107000000000000000e+05 5.288578346371650696e-01
1.108000000000000000e+05 5.287144939104715391e-01
1.109000000000000000e+05 5.290297349294026397e-01
1.110000000000000000e+05 5.292395234107971635e-01
1.111000000000000000e+05 5.294528919458389993e-01
1.112000000000000000e+05 5.297796336809794671e-01
1.113000000000000000e+05 5.301230293512344538e-01
1.114000000000000000e+05 5.309352103869120487e-01
1.115000000000000000e+05 5.317882736523946718e-01
1.116000000000000000e+05 5.326043426990509921e-01
1.117000000000000000e+05 5.334270268678664717e-01
1.118000000000000000e+05 5.343116768201192635e-01
1.119000000000000000e+05 5.352258020639419911e-01
1.120000000000000000e+05 5.362350483735403017e-01
1.121000000000000000e+05 5.371748379866282397e-01
1.122000000000000000e+05 5.381098407506943460e-01
1.123000000000000000e+05 5.391197142004966469e-01
1.124000000000000000e+05 5.400449474652607718e-01
1.125000000000000000e+05 5.409278795123100281e-01
1.126000000000000000e+05 5.411352070172628093e-01
1.127000000000000000e+05 5.412881757815677375e-01
1.128000000000000000e+05 5.420637989044189142e-01
1.129000000000000000e+05 5.428467244903246725e-01
1.130000000000000000e+05 5.432257721821467378e-01
1.131000000000000000e+05 5.436204704642295660e-01
1.132000000000000000e+05 5.435750083128612076e-01
1.133000000000000000e+05 5.433090515931446873e-01
1.134000000000000000e+05 5.431834155321120239e-01
1.135000000000000000e+05 5.434247180819511414e-01
1.136000000000000000e+05 5.442690531412760491e-01
1.137000000000000000e+05 5.445996320247650235e-01
1.138000000000000000e+05 5.449033989508946796e-01
1.139000000000000000e+05 5.450022765994071428e-01
1.140000000000000000e+05 5.446480751037597878e-01
1.141000000000000000e+05 5.445653151472409359e-01
1.142000000000000000e+05 5.443352125088374294e-01
1.143000000000000000e+05 5.444615325331687572e-01
1.144000000000000000e+05 5.449410704771677771e-01
1.145000000000000000e+05 5.450973461071649817e-01
1.146000000000000000e+05 5.455964863300323264e-01
1.147000000000000000e+05 5.462536364793777466e-01
1.148000000000000000e+05 5.471134781837463379e-01
1.149000000000000000e+05 5.482164904475211875e-01
1.150000000000000000e+05 5.491721878449121741e-01
1.151000000000000000e+05 5.498286951581636828e-01
1.152000000000000000e+05 5.499156105518341331e-01
1.153000000000000000e+05 5.510439542929332912e-01
1.154000000000000000e+05 5.536570175488790824e-01
1.155000000000000000e+05 5.558309957385063615e-01
1.156000000000000000e+05 5.574876940250397261e-01
1.157000000000000000e+05 5.583479936917623565e-01
1.158000000000000000e+05 5.581405246257782338e-01
1.159000000000000000e+05 5.584531589349110980e-01
1.160000000000000000e+05 5.595730106035867735e-01
1.161000000000000000e+05 5.607360807061195773e-01
1.162000000000000000e+05 5.617841277519861620e-01
1.163000000000000000e+05 5.614809480309487233e-01
1.164000000000000000e+05 5.594215428829194536e-01
1.165000000000000000e+05 5.562294835845632557e-01
1.166000000000000000e+05 5.516294624408089042e-01
1.167000000000000000e+05 5.452595758438110174e-01
1.168000000000000000e+05 5.379397765795388420e-01
1.169000000000000000e+05 5.286598479747772750e-01
1.170000000000000000e+05 5.168837308883672543e-01
1.171000000000000000e+05 4.993807586034150203e-01
1.172000000000000000e+05 4.794333130121243292e-01
1.173000000000000000e+05 4.534236140549193772e-01
1.174000000000000000e+05 4.198056510090825144e-01
1.175000000000000000e+05 3.834471243123209749e-01
1.176000000000000000e+05 3.465570539236069170e-01
1.177000000000000000e+05 3.137667735417687398e-01
1.178000000000000000e+05 2.850311732292180045e-01
1.179000000000000000e+05 2.728144398331648901e-01
1.180000000000000000e+05 2.653470486402513817e-01
1.181000000000000000e+05 2.636686590810617403e-01
1.182000000000000000e+05 2.615604087710381442e-01
1.183000000000000000e+05 2.603331469992796188e-01
1.184000000000000000e+05 2.595714801549911521e-01
1.185000000000000000e+05 2.583729326725006104e-01
1.186000000000000000e+05 2.565757450461387257e-01
1.187000000000000000e+05 2.543521483242511816e-01
1.188000000000000000e+05 2.523419380187987837e-01
1.189000000000000000e+05 2.508808207511902255e-01
1.190000000000000000e+05 2.495458876093228640e-01
1.191000000000000000e+05 2.492774198949337106e-01
1.192000000000000000e+05 2.488728897770245974e-01
1.193000000000000000e+05 2.420598374803863972e-01
1.194000000000000000e+05 2.345693923532966574e-01
1.195000000000000000e+05 2.246494483202696735e-01
1.196000000000000000e+05 2.148309968908626022e-01
1.197000000000000000e+05 2.091583300381900101e-01
1.198000000000000000e+05 2.037476308147111448e-01
1.199000000000000000e+05 2.088599814971286439e-01
