9.000000000000000000e+04 1.725408583879470825e-01
9.010000000000000000e+04 1.729264742136001343e-01
9.020000000000000000e+04 1.740251205364859721e-01
9.030000000000000000e+04 1.851977682113650214e-01
9.040000000000000000e+04 1.985386709372203851e-01
9.050000000000000000e+04 2.008466243743897428e-01
9.060000000000000000e+04 1.950615501403806240e-01
9.070000000000000000e+04 1.923544702927271477e-01
9.080000000000000000e+04 1.947940188646316573e-01
9.090000000000000000e+04 1.995895546674731069e-01
9.100000000000000000e+04 2.056665430466332323e-01
9.110000000000000000e+04 2.122171600659689406e-01
9.120000000000000000e+04 2.186036664247515970e-01
9.130000000000000000e+04 2.244038238128025220e-01
9.140000000000000000e+04 2.301555754741034798e-01
9.150000000000000000e+04 2.359124094247819492e-01
9.160000000000000000e+04 2.413939197858174512e-01
9.170000000000000000e+04 2.473716521263125689e-01
9.180000000000000000e+04 2.541940271854400968e-01
9.190000000000000000e+04 2.630807618300121109e-01
9.200000000000000000e+04 2.751612246036522214e-01
9.210000000000000000e+04 2.870084011554715486e-01
9.220000000000000000e+04 2.945803654193879240e-01
9.230000000000000000e+04 2.992854114373523222e-01
9.240000000000000000e+04 3.015564930438995317e-01
9.250000000000000000e+04 3.023238976796467914e-01
9.260000000000000000e+04 3.025422406196594527e-01
9.270000000000000000e+04 3.025521278381347878e-01
9.280000000000000000e+04 3.032754596074421771e-01
9.290000000000000000e+04 3.034310265382130778e-01
9.300000000000000000e+04 3.031969845294952282e-01
9.310000000000000000e+04 3.019112086296082409e-01
9.320000000000000000e+04 3.006549151738484582e-01
9.330000000000000000e+04 2.998033523559570090e-01
9.340000000000000000e+04 2.995195921262104877e-01
9.350000000000000000e+04 3.007362842559814786e-01
9.360000000000000000e+04 3.025003921985626731e-01
9.370000000000000000e+04 3.041764104366302401e-01
9.380000000000000000e+04 3.045552957057952592e-01
9.390000000000000000e+04 3.043370449542999179e-01
9.400000000000000000e+04 3.046004494031270271e-01
9.410000000000000000e+04 3.053064854939778749e-01
9.420000000000000000e+04 3.047756099700927868e-01
9.430000000000000000e+04 3.030991371472676610e-01
9.440000000000000000e+04 2.998412426312763168e-01
9.450000000000000000e+04 2.972218215465545765e-01
9.460000000000000000e+04 2.961640210946400731e-01
9.470000000000000000e+04 2.956663250923156627e-01
9.480000000000000000e+04 2.959583449363708541e-01
9.490000000000000000e+04 2.965023783842722915e-01
9.500000000000000000e+04 2.975001434485117779e-01
9.510000000000000000e+04 2.992120122909546209e-01
9.520000000000000000e+04 3.021358029047646054e-01
9.530000000000000000e+04 3.067589767773944431e-01
9.540000000000000000e+04 3.103066349029541260e-01
9.550000000000000000e+04 3.117346882820129506e-01
9.560000000000000000e+04 3.118182579676310184e-01
9.570000000000000000e+04 3.121715521812438721e-01
9.580000000000000000e+04 3.128383866945902425e-01
9.590000000000000000e+04 3.131581695874531834e-01
9.600000000000000000e+04 3.131867349147796631e-01
9.610000000000000000e+04 3.117377467950185888e-01
9.620000000000000000e+04 3.099372732639312233e-01
9.630000000000000000e+04 3.119351065158842418e-01
9.640000000000000000e+04 3.172313479582467566e-01
9.650000000000000000e+04 3.216856082280477036e-01
9.660000000000000000e+04 3.217286419868470859e-01
9.670000000000000000e+04 3.184135464827219653e-01
9.680000000000000000e+04 3.147088817755381296e-01
9.690000000000000000e+04 3.124236381053924760e-01
9.700000000000000000e+04 3.118278006712595918e-01
9.710000000000000000e+04 3.128703157107035060e-01
9.720000000000000000e+04 3.145473766326903897e-01
9.730000000000000000e+04 3.157709467411041748e-01
9.740000000000000000e+04 3.173853488763172526e-01
9.750000000000000000e+04 3.192911744117736816e-01
9.760000000000000000e+04 3.207400119304656960e-01
9.770000000000000000e+04 3.213308966159820201e-01
9.780000000000000000e+04 3.220247042179107955e-01
9.790000000000000000e+04 3.226714138189951675e-01
9.800000000000000000e+04 3.237596551577249793e-01
9.810000000000000000e+04 3.247184944152832209e-01
9.820000000000000000e+04 3.242632528146108251e-01
9.830000000000000000e+04 3.248847877979278431e-01
9.840000000000000000e+04 3.260489702224730890e-01
9.850000000000000000e+04 3.273132761319477724e-01
9.860000000000000000e+04 3.299114783604940038e-01
9.870000000000000000e+04 3.319875109195710161e-01
9.880000000000000000e+04 3.340840319792429125e-01
9.890000000000000000e+04 3.359086640675862379e-01
9.900000000000000000e+04 3.378713965415953147e-01
9.910000000000000000e+04 3.400676310062408225e-01
9.920000000000000000e+04 3.434032436211906236e-01
9.930000000000000000e+04 3.471509957313537731e-01
9.940000000000000000e+04 3.495877734820048155e-01
9.950000000000000000e+04 3.499436040719350327e-01
9.960000000000000000e+04 3.489744269847870339e-01
9.970000000000000000e+04 3.493591125806172482e-01
9.980000000000000000e+04 3.489416547616324138e-01
9.990000000000000000e+04 3.462449800968170344e-01
1.000000000000000000e+05 3.437130848566691266e-01
1.001000000000000000e+05 3.431230330467223699e-01
1.002000000000000000e+05 3.436053156852722501e-01
1.003000000000000000e+05 3.444210561116536340e-01
1.004000000000000000e+05 3.448577896753947103e-01
1.005000000000000000e+05 3.449456334114074929e-01
1.006000000000000000e+05 3.459057422478993282e-01
1.007000000000000000e+05 3.479707531134287324e-01
1.008000000000000000e+05 3.491401588916778764e-01
1.009000000000000000e+05 3.496052893002827289e-01
1.010000000000000000e+05 3.510124047597249497e-01
1.011000000000000000e+05 3.532138538360595770e-01
1.012000000000000000e+05 3.557983875274657315e-01
1.013000000000000000e+05 3.577825009822845903e-01
1.014000000000000000e+05 3.569483101367950661e-01
1.015000000000000000e+05 3.542614161968231645e-01
1.016000000000000000e+05 3.528336854775745990e-01
1.017000000000000000e+05 3.547178649902342773e-01
1.018000000000000000e+05 3.571573770046234109e-01
1.019000000000000000e+05 3.601582610607148571e-01
1.020000000000000000e+05 3.630199372768401211e-01
1.021000000000000000e+05 3.663406097888946000e-01
1.022000000000000000e+05 3.690099589029946503e-01
1.023000000000000000e+05 3.712225437164306530e-01
1.024000000000000000e+05 3.724114414056142186e-01
1.025000000000000000e+05 3.709448873996734619e-01
1.026000000000000000e+05 3.679858887195586736e-01
1.027000000000000000e+05 3.662614452838898749e-01
1.028000000000000000e+05 3.671597850322723122e-01
1.029000000000000000e+05 3.675313484668731867e-01
1.030000000000000000e+05 3.682857811450958585e-01
1.031000000000000000e+05 3.689692179361979130e-01
1.032000000000000000e+05 3.689923453330993808e-01
1.033000000000000000e+05 3.671238283316295425e-01
1.034000000000000000e+05 3.651263050238291452e-01
1.035000000000000000e+05 3.618696093559266580e-01
1.036000000000000000e+05 3.567893679936728901e-01
1.037000000000000000e+05 3.536510399977365604e-01
1.038000000000000000e+05 3.519446885585785778e-01
1.039000000000000000e+05 3.491375243663788486e-01
1.040000000000000000e+05 3.483438571294149577e-01
1.041000000000000000e+05 3.504453229904174183e-01
1.042000000000000000e+05 3.518268922964731815e-01
1.043000000000000000e+05 3.527211749553680331e-01
1.044000000000000000e+05 3.539559459686278942e-01
1.045000000000000000e+05 3.554730534553527943e-01
1.046000000000000000e+05 3.561341746648152840e-01
1.047000000000000000e+05 3.572194695472716841e-01
1.048000000000000000e+05 3.586704277992249223e-01
1.049000000000000000e+05 3.594706328709920129e-01
1.050000000000000000e+05 3.609966933727264404e-01
1.051000000000000000e+05 3.624445128440856867e-01
1.052000000000000000e+05 3.626114304860432735e-01
1.053000000000000000e+05 3.629849171638488969e-01
1.054000000000000000e+05 3.625851996739705152e-01
1.055000000000000000e+05 3.622258404890696393e-01
1.056000000000000000e+05 3.625472962856292614e-01
1.057000000000000000e+05 3.630446505546569558e-01
1.058000000000000000e+05 3.631179054578145271e-01
1.059000000000000000e+05 3.631742656230926292e-01
1.060000000000000000e+05 3.628078838189442989e-01
1.061000000000000000e+05 3.620426090558370169e-01
1.062000000000000000e+05 3.618336009979248313e-01
1.063000000000000000e+05 3.620931665102640751e-01
1.064000000000000000e+05 3.628522086143493586e-01
1.065000000000000000e+05 3.648205637931822842e-01
1.066000000000000000e+05 3.669471673170725534e-01
1.067000000000000000e+05 3.692308731873831240e-01
1.068000000000000000e+05 3.716106343269348078e-01
1.069000000000000000e+05 3.736072754859924294e-01
1.070000000000000000e+05 3.749783496061960264e-01
1.071000000000000000e+05 3.765243422985076749e-01
1.072000000000000000e+05 3.788010791937511113e-01
1.073000000000000000e+05 3.808213253815969646e-01
1.074000000000000000e+05 3.813622343540191695e-01
1.075000000000000000e+05 3.805447320143381940e-01
1.076000000000000000e+05 3.793657894929250429e-01
1.077000000000000000e+05 3.794776308536529918e-01
1.078000000000000000e+05 3.800209995110829797e-01
1.079000000000000000e+05 3.801124942302703813e-01
1.080000000000000000e+05 3.786458909511565829e-01
1.081000000000000000e+05 3.778963367144266838e-01
1.082000000000000000e+05 3.779865407943725497e-01
1.083000000000000000e+05 3.790268373489380505e-01
1.084000000000000000e+05 3.807084453105925581e-01
1.085000000000000000e+05 3.828164358933766054e-01
1.086000000000000000e+05 3.858485722541805663e-01
1.087000000000000000e+05 3.894049835205077303e-01
1.088000000000000000e+05 3.917537756760915424e-01
1.089000000000000000e+05 3.931198251247405850e-01
1.090000000000000000e+05 3.941702683766682980e-01
1.091000000000000000e+05 3.951760125160216353e-01
1.092000000000000000e+05 3.954491245746612482e-01
1.093000000000000000e+05 3.951962534586588305e-01
1.094000000000000000e+05 3.949350118637084406e-01
1.095000000000000000e+05 3.939278900623321977e-01
1.096000000000000000e+05 3.925307389100393118e-01
1.097000000000000000e+05 3.912093126773834584e-01
1.098000000000000000e+05 3.902931582927703924e-01
1.099000000000000000e+05 3.890102910995483221e-01
1.100000000000000000e+05 3.881225983301798688e-01
1.101000000000000000e+05 3.872043001651763738e-01
1.102000000000000000e+05 3.862333858013153876e-01
1.103000000000000000e+05 3.846114683151245495e-01
1.104000000000000000e+05 3.835877716541289950e-01
1.105000000000000000e+05 3.823356727759041895e-01
1.106000000000000000e+05 3.806347839037577119e-01
1.107000000000000000e+05 3.807548308372497581e-01
1.108000000000000000e+05 3.812718888123829419e-01
1.109000000000000000e+05 3.823732332388560251e-01
1.110000000000000000e+05 3.836449563503266380e-01
1.111000000000000000e+05 3.857475284735362164e-01
1.112000000000000000e+05 3.872200500965118364e-01
1.113000000000000000e+05 3.892276728153227783e-01
1.114000000000000000e+05 3.906023585796356001e-01
1.115000000000000000e+05 3.916464289029439327e-01
1.116000000000000000e+05 3.915637135505676270e-01
1.117000000000000000e+05 3.918836152553558105e-01
1.118000000000000000e+05 3.917254054546356334e-01
1.119000000000000000e+05 3.918265402317047119e-01
1.120000000000000000e+05 3.927516837914785119e-01
1.121000000000000000e+05 3.946772193908690829e-01
1.122000000000000000e+05 3.965875196456908891e-01
1.123000000000000000e+05 3.978117934862771543e-01
1.124000000000000000e+05 3.975154884656270649e-01
1.125000000000000000e+05 3.971073031425476074e-01
1.126000000000000000e+05 3.972069875399272254e-01
1.127000000000000000e+05 3.982632923126220303e-01
1.128000000000000000e+05 3.990173959732055686e-01
1.129000000000000000e+05 3.996947439511616684e-01
1.130000000000000000e+05 3.997019787629445542e-01
1.131000000000000000e+05 3.983327448368071955e-01
1.132000000000000000e+05 3.965374422073364435e-01
1.133000000000000000e+05 3.962775691350300944e-01
1.134000000000000000e+05 3.964046835899353027e-01
1.135000000000000000e+05 3.959479729334513531e-01
1.136000000000000000e+05 3.968185357252757006e-01
1.137000000000000000e+05 3.978888654708863104e-01
1.138000000000000000e+05 3.992168362935383796e-01
1.139000000000000000e+05 3.996659839153289817e-01
1.140000000000000000e+05 4.000162780284881592e-01
1.141000000000000000e+05 3.995206030209859094e-01
1.142000000000000000e+05 3.988694461186726437e-01
1.143000000000000000e+05 3.984742009639740123e-01
1.144000000000000000e+05 3.982470556100209391e-01
1.145000000000000000e+05 3.989821811517079153e-01
1.146000000000000000e+05 4.001769816875457297e-01
1.147000000000000000e+05 4.020372958978017386e-01
1.148000000000000000e+05 4.035714960098265580e-01
1.149000000000000000e+05 4.052280044555663929e-01
1.150000000000000000e+05 4.046886563301086426e-01
1.151000000000000000e+05 4.028001491228740405e-01
1.152000000000000000e+05 4.011095309257506902e-01
1.153000000000000000e+05 4.028589471181232562e-01
1.154000000000000000e+05 4.080070606867470806e-01
1.155000000000000000e+05 4.124303460121155895e-01
1.156000000000000000e+05 4.148559935887653483e-01
1.157000000000000000e+05 4.151427157719930205e-01
1.158000000000000000e+05 4.145047104358672851e-01
1.159000000000000000e+05 4.133913056055704693e-01
1.160000000000000000e+05 4.136306087176004342e-01
1.161000000000000000e+05 4.163218879699704389e-01
1.162000000000000000e+05 4.188774251937865678e-01
1.163000000000000000e+05 4.187423650423685584e-01
1.164000000000000000e+05 4.151634955406189320e-01
1.165000000000000000e+05 4.075224518775940608e-01
1.166000000000000000e+05 4.023340710004173482e-01
1.167000000000000000e+05 4.013949692249298429e-01
1.168000000000000000e+05 3.976182762781778068e-01
1.169000000000000000e+05 3.881457511583958353e-01
1.170000000000000000e+05 3.754205703735356003e-01
1.171000000000000000e+05 3.581406927108768401e-01
1.172000000000000000e+05 3.367779123783126716e-01
1.173000000000000000e+05 3.120644748210910091e-01
1.174000000000000000e+05 2.721549673875166553e-01
1.175000000000000000e+05 2.238032817840606703e-01
1.176000000000000000e+05 1.721921896934509311e-01
1.177000000000000000e+05 1.523024892807005037e-01
1.178000000000000000e+05 1.401495488484703900e-01
1.179000000000000000e+05 1.515893203020098334e-01
1.180000000000000000e+05 1.601832181215282758e-01
1.181000000000000000e+05 1.537653730312984190e-01
1.182000000000000000e+05 1.492793637514114313e-01
1.183000000000000000e+05 1.523873774210610654e-01
1.184000000000000000e+05 1.519378014405568245e-01
1.185000000000000000e+05 1.465518981218340011e-01
1.186000000000000000e+05 1.458961341778436394e-01
1.187000000000000000e+05 1.465607037146886282e-01
1.188000000000000000e+05 1.419230645895007137e-01
1.189000000000000000e+05 1.409324761231740275e-01
1.190000000000000000e+05 1.473696986834208966e-01
1.191000000000000000e+05 1.491041147708895009e-01
1.192000000000000000e+05 1.433071637153629507e-01
1.193000000000000000e+05 1.309178284804038417e-01
1.194000000000000000e+05 1.189155212044719218e-01
1.195000000000000000e+05 1.105480576554932759e-01
1.196000000000000000e+05 1.027952049175899635e-01
1.197000000000000000e+05 9.203566789627096179e-02
1.198000000000000000e+05 9.495434403419428238e-02
1.199000000000000000e+05 1.037535677353536162e-01
