9.000000000000000000e+04 6.556858867406845093e-02
9.010000000000000000e+04 6.162099197506910181e-02
9.020000000000000000e+04 6.564872215191507043e-02
9.030000000000000000e+04 7.289248675107956599e-02
9.040000000000000000e+04 8.216008454561238294e-02
9.050000000000000000e+04 7.820923440158333850e-02
9.060000000000000000e+04 6.989825323224066467e-02
9.070000000000000000e+04 7.076169972618419346e-02
9.080000000000000000e+04 7.311032066742560731e-02
9.090000000000000000e+04 7.673031948506832400e-02
9.100000000000000000e+04 8.021390934785224691e-02
9.110000000000000000e+04 8.363741387923542825e-02
9.120000000000000000e+04 8.665774464607238492e-02
9.130000000000000000e+04 8.932910958925895095e-02
9.140000000000000000e+04 9.165392965078343612e-02
9.150000000000000000e+04 9.382593631744384766e-02
9.160000000000000000e+04 9.590961386760082918e-02
9.170000000000000000e+04 9.830962531268584714e-02
9.180000000000000000e+04 1.015450231730938013e-01
9.190000000000000000e+04 1.068419263511895118e-01
9.200000000000000000e+04 1.123614937067031194e-01
9.210000000000000000e+04 1.187863953411579104e-01
9.220000000000000000e+04 1.204090190430482654e-01
9.230000000000000000e+04 1.228319316854079579e-01
9.240000000000000000e+04 1.224734875559806424e-01
9.250000000000000000e+04 1.220483072102069855e-01
9.260000000000000000e+04 1.222613541285197114e-01
9.270000000000000000e+04 1.228076062351465270e-01
9.280000000000000000e+04 1.235811671614646806e-01
9.290000000000000000e+04 1.237472385416428233e-01
9.300000000000000000e+04 1.231693170964718309e-01
9.310000000000000000e+04 1.225247952590386019e-01
9.320000000000000000e+04 1.223523697257041937e-01
9.330000000000000000e+04 1.224040637910366047e-01
9.340000000000000000e+04 1.227165707449118376e-01
9.350000000000000000e+04 1.237972430884837771e-01
9.360000000000000000e+04 1.252630487084388233e-01
9.370000000000000000e+04 1.258174354334672118e-01
9.380000000000000000e+04 1.252950257062911688e-01
9.390000000000000000e+04 1.252076992392540111e-01
9.400000000000000000e+04 1.263650655746460238e-01
9.410000000000000000e+04 1.270081453522046433e-01
9.420000000000000000e+04 1.262295788526535401e-01
9.430000000000000000e+04 1.248153419792652902e-01
9.440000000000000000e+04 1.232439244786899119e-01
9.450000000000000000e+04 1.229517672210931889e-01
9.460000000000000000e+04 1.229156953593095181e-01
9.470000000000000000e+04 1.231401283293962479e-01
9.480000000000000000e+04 1.233670496940612732e-01
9.490000000000000000e+04 1.234926948944727459e-01
9.500000000000000000e+04 1.239209882915019711e-01
9.510000000000000000e+04 1.247856578230857327e-01
9.520000000000000000e+04 1.266017611821493860e-01
9.530000000000000000e+04 1.278642953932284387e-01
9.540000000000000000e+04 1.295755755901336626e-01
9.550000000000000000e+04 1.290677852928638625e-01
9.560000000000000000e+04 1.290462193886438846e-01
9.570000000000000000e+04 1.292780961096286763e-01
9.580000000000000000e+04 1.291393815477689111e-01
9.590000000000000000e+04 1.290335225562254662e-01
9.600000000000000000e+04 1.284619212150573397e-01
9.610000000000000000e+04 1.263282719751198935e-01
9.620000000000000000e+04 1.259684930245081325e-01
9.630000000000000000e+04 1.290982723236084595e-01
9.640000000000000000e+04 1.321578840414684708e-01
9.650000000000000000e+04 1.341140605509280603e-01
9.660000000000000000e+04 1.343807372450827042e-01
9.670000000000000000e+04 1.313426140944162490e-01
9.680000000000000000e+04 1.297808712720870949e-01
9.690000000000000000e+04 1.290866783261299111e-01
9.700000000000000000e+04 1.295510331789652136e-01
9.710000000000000000e+04 1.306355789800484335e-01
9.720000000000000000e+04 1.310528928041458374e-01
9.730000000000000000e+04 1.314415242274602491e-01
9.740000000000000000e+04 1.322673505544662564e-01
9.750000000000000000e+04 1.330731473863124847e-01
9.760000000000000000e+04 1.332735202709833811e-01
9.770000000000000000e+04 1.330262546241283428e-01
9.780000000000000000e+04 1.330884546041488647e-01
9.790000000000000000e+04 1.335799974203110141e-01
9.800000000000000000e+04 1.347297916809717944e-01
9.810000000000000000e+04 1.347868055105209129e-01
9.820000000000000000e+04 1.337223946054776624e-01
9.830000000000000000e+04 1.342997956772644941e-01
9.840000000000000000e+04 1.351689088344573686e-01
9.850000000000000000e+04 1.363281972706316680e-01
9.860000000000000000e+04 1.377978182832399756e-01
9.870000000000000000e+04 1.387097877264023005e-01
9.880000000000000000e+04 1.399427944421768322e-01
9.890000000000000000e+04 1.416156005859375011e-01
9.900000000000000000e+04 1.421390280127525219e-01
9.910000000000000000e+04 1.432369910180567030e-01
9.920000000000000000e+04 1.450222611427307018e-01
9.930000000000000000e+04 1.466441054642200481e-01
9.940000000000000000e+04 1.496313140789667373e-01
9.950000000000000000e+04 1.486691263814766961e-01
9.960000000000000000e+04 1.469676750898361028e-01
9.970000000000000000e+04 1.477366714676220938e-01
9.980000000000000000e+04 1.460425850749017262e-01
9.990000000000000000e+04 1.429368941485881783e-01
1.000000000000000000e+05 1.433415164550145837e-01
1.001000000000000000e+05 1.435934985677401188e-01
1.002000000000000000e+05 1.437211981415748574e-01
1.003000000000000000e+05 1.436957714955011955e-01
1.004000000000000000e+05 1.433260756731033203e-01
1.005000000000000000e+05 1.438132867217063182e-01
1.006000000000000000e+05 1.456536648670833656e-01
1.007000000000000000e+05 1.469865689675013409e-01
1.008000000000000000e+05 1.486362242698669456e-01
1.009000000000000000e+05 1.474335510035355845e-01
1.010000000000000000e+05 1.474290137489636388e-01
1.011000000000000000e+05 1.500875937938688787e-01
1.012000000000000000e+05 1.518182615439098992e-01
1.013000000000000000e+05 1.536827201644579699e-01
1.014000000000000000e+05 1.488444232940671352e-01
1.015000000000000000e+05 1.443625589211781635e-01
1.016000000000000000e+05 1.451479595899581865e-01
1.017000000000000000e+05 1.475384382903575653e-01
1.018000000000000000e+05 1.489027121663093201e-01
1.019000000000000000e+05 1.521110341946284583e-01
1.020000000000000000e+05 1.540405869483948420e-01
1.021000000000000000e+05 1.555493110418320057e-01
1.022000000000000000e+05 1.567398313681284683e-01
1.023000000000000000e+05 1.589420801401138228e-01
1.024000000000000000e+05 1.592788032690684308e-01
1.025000000000000000e+05 1.567152614394825838e-01
1.026000000000000000e+05 1.531093657016755483e-01
1.027000000000000000e+05 1.541713006297748267e-01
1.028000000000000000e+05 1.557158072789509295e-01
1.029000000000000000e+05 1.535884158313274295e-01
1.030000000000000000e+05 1.541678239901860537e-01
1.031000000000000000e+05 1.561811793843904950e-01
1.032000000000000000e+05 1.555707734823227884e-01
1.033000000000000000e+05 1.532789294421671999e-01
1.034000000000000000e+05 1.518560277422268401e-01
1.035000000000000000e+05 1.488785199820994165e-01
1.036000000000000000e+05 1.457250992457072014e-01
1.037000000000000000e+05 1.461899516979853209e-01
1.038000000000000000e+05 1.449489533901215377e-01
1.039000000000000000e+05 1.421019366383552696e-01
1.040000000000000000e+05 1.442593971888221083e-01
1.041000000000000000e+05 1.450023820996284296e-01
1.042000000000000000e+05 1.455760247508684491e-01
1.043000000000000000e+05 1.464764354626337806e-01
1.044000000000000000e+05 1.480373966693878107e-01
1.045000000000000000e+05 1.482632433374723446e-01
1.046000000000000000e+05 1.474286127090454479e-01
1.047000000000000000e+05 1.495897272229196051e-01
1.048000000000000000e+05 1.503796309232711959e-01
1.049000000000000000e+05 1.513255067666371967e-01
1.050000000000000000e+05 1.525668203830718994e-01
1.051000000000000000e+05 1.531358024974663889e-01
1.052000000000000000e+05 1.536342302958170480e-01
1.053000000000000000e+05 1.528695487976075573e-01
1.054000000000000000e+05 1.504276640216509753e-01
1.055000000000000000e+05 1.511062199870746026e-01
1.056000000000000000e+05 1.528273254632949996e-01
1.057000000000000000e+05 1.536619197825591920e-01
1.058000000000000000e+05 1.547128664453824298e-01
1.059000000000000000e+05 1.548918187618255615e-01
1.060000000000000000e+05 1.537110775709152888e-01
1.061000000000000000e+05 1.519875330229599475e-01
1.062000000000000000e+05 1.511549013853072665e-01
1.063000000000000000e+05 1.503263478477795956e-01
1.064000000000000000e+05 1.513312663634618083e-01
1.065000000000000000e+05 1.526405476033687314e-01
1.066000000000000000e+05 1.541300411025681716e-01
1.067000000000000000e+05 1.570254164934157814e-01
1.068000000000000000e+05 1.597579938173294134e-01
1.069000000000000000e+05 1.593024720251559889e-01
1.070000000000000000e+05 1.593568955858548630e-01
1.071000000000000000e+05 1.614769250154494962e-01
1.072000000000000000e+05 1.623964995145797952e-01
1.073000000000000000e+05 1.646892031530539091e-01
1.074000000000000000e+05 1.641410526633259870e-01
1.075000000000000000e+05 1.606672840813794245e-01
1.076000000000000000e+05 1.602260831991831613e-01
1.077000000000000000e+05 1.610129396617412667e-01
1.078000000000000000e+05 1.608716770013173814e-01
1.079000000000000000e+05 1.583149818082651705e-01
1.080000000000000000e+05 1.554080724716188078e-01
1.081000000000000000e+05 1.554644676546255155e-01
1.082000000000000000e+05 1.561283175150553204e-01
1.083000000000000000e+05 1.571334381401539027e-01
1.084000000000000000e+05 1.589384090900421154e-01
1.085000000000000000e+05 1.603947222232818270e-01
1.086000000000000000e+05 1.617040491104125011e-01
1.087000000000000000e+05 1.636368283132711987e-01
1.088000000000000000e+05 1.652140591541927106e-01
1.089000000000000000e+05 1.675252164900303264e-01
1.090000000000000000e+05 1.690234988927840909e-01
1.091000000000000000e+05 1.692126120130220956e-01
1.092000000000000000e+05 1.667629790306091597e-01
1.093000000000000000e+05 1.666031024853388276e-01
1.094000000000000000e+05 1.661152999599775915e-01
1.095000000000000000e+05 1.641564846038818803e-01
1.096000000000000000e+05 1.627698830763498472e-01
1.097000000000000000e+05 1.616564173499742962e-01
1.098000000000000000e+05 1.602401614189148116e-01
1.099000000000000000e+05 1.597522963086764058e-01
1.100000000000000000e+05 1.598308285077413016e-01
1.101000000000000000e+05 1.591888788342475103e-01
1.102000000000000000e+05 1.577431454261142840e-01
1.103000000000000000e+05 1.559050163129964972e-01
1.104000000000000000e+05 1.546542286872863714e-01
1.105000000000000000e+05 1.541163027286529541e-01
1.106000000000000000e+05 1.539174084862073300e-01
1.107000000000000000e+05 1.537815275788307345e-01
1.108000000000000000e+05 1.539890374739964207e-01
1.109000000000000000e+05 1.550441440939903381e-01
1.110000000000000000e+05 1.565674006938934659e-01
1.111000000000000000e+05 1.576621902485688675e-01
1.112000000000000000e+05 1.580175815025965380e-01
1.113000000000000000e+05 1.586240802705287389e-01
1.114000000000000000e+05 1.597390427192052487e-01
1.115000000000000000e+05 1.605913028120995178e-01
1.116000000000000000e+05 1.611280381679534579e-01
1.117000000000000000e+05 1.591318160792191128e-01
1.118000000000000000e+05 1.562749649087588066e-01
1.119000000000000000e+05 1.563348172605037445e-01
1.120000000000000000e+05 1.595875541369118633e-01
1.121000000000000000e+05 1.615145415067670565e-01
1.122000000000000000e+05 1.643362626433372553e-01
1.123000000000000000e+05 1.665159214536348353e-01
1.124000000000000000e+05 1.627778418858845111e-01
1.125000000000000000e+05 1.610619835555553436e-01
1.126000000000000000e+05 1.639403585592905388e-01
1.127000000000000000e+05 1.644453164438406945e-01
1.128000000000000000e+05 1.651194745302201339e-01
1.129000000000000000e+05 1.669595850507418489e-01
1.130000000000000000e+05 1.656865879893301696e-01
1.131000000000000000e+05 1.611907546222209608e-01
1.132000000000000000e+05 1.605541068315505804e-01
1.133000000000000000e+05 1.635485052565732733e-01
1.134000000000000000e+05 1.626233971118928590e-01
1.135000000000000000e+05 1.605314329266548101e-01
1.136000000000000000e+05 1.622896569967267333e-01
1.137000000000000000e+05 1.634806376695633057e-01
1.138000000000000000e+05 1.650218195716540437e-01
1.139000000000000000e+05 1.668595618506272804e-01
1.140000000000000000e+05 1.644232571125031628e-01
1.141000000000000000e+05 1.619072084625562680e-01
1.142000000000000000e+05 1.635768787066143315e-01
1.143000000000000000e+05 1.648883947730064581e-01
1.144000000000000000e+05 1.644225353002548018e-01
1.145000000000000000e+05 1.625708786149819562e-01
1.146000000000000000e+05 1.617466643452644404e-01
1.147000000000000000e+05 1.630919031798838958e-01
1.148000000000000000e+05 1.645978273948033033e-01
1.149000000000000000e+05 1.650022877752780892e-01
1.150000000000000000e+05 1.640696500738463293e-01
1.151000000000000000e+05 1.616156224409738273e-01
1.152000000000000000e+05 1.600925683975219782e-01
1.153000000000000000e+05 1.642053767045338064e-01
1.154000000000000000e+05 1.671778221925097896e-01
1.155000000000000000e+05 1.694659851491451263e-01
1.156000000000000000e+05 1.724934579928715239e-01
1.157000000000000000e+05 1.704171806077161289e-01
1.158000000000000000e+05 1.689651659131050643e-01
1.159000000000000000e+05 1.716811671356360258e-01
1.160000000000000000e+05 1.732047249873479300e-01
1.161000000000000000e+05 1.760411143302919312e-01
1.162000000000000000e+05 1.762766214211783089e-01
1.163000000000000000e+05 1.739789481461050391e-01
1.164000000000000000e+05 1.702410858869550514e-01
1.165000000000000000e+05 1.661415062844752710e-01
1.166000000000000000e+05 1.669007357954978843e-01
1.167000000000000000e+05 1.681296566128730741e-01
1.168000000000000000e+05 1.662236207723618853e-01
1.169000000000000000e+05 1.595463735361886126e-01
1.170000000000000000e+05 1.490386873483651176e-01
1.171000000000000000e+05 1.409378286202747910e-01
1.172000000000000000e+05 1.382868238290150265e-01
1.173000000000000000e+05 1.302674767374993048e-01
1.174000000000000000e+05 1.089558400213720413e-01
1.175000000000000000e+05 7.596460357308190692e-02
1.176000000000000000e+05 3.468060344457687960e-02
1.177000000000000000e+05 2.784030963356256758e-02
1.178000000000000000e+05 3.569334633648216931e-02
1.179000000000000000e+05 5.559208385646294964e-02
1.180000000000000000e+05 6.368405669927598711e-02
1.181000000000000000e+05 5.754370037466294274e-02
1.182000000000000000e+05 5.588943809270851409e-02
1.183000000000000000e+05 5.803621992468835367e-02
1.184000000000000000e+05 5.524954631924604287e-02
1.185000000000000000e+05 5.066584087908274081e-02
1.186000000000000000e+05 5.326105368634050097e-02
1.187000000000000000e+05 5.287341333925722753e-02
1.188000000000000000e+05 4.887371748685843953e-02
1.189000000000000000e+05 5.122096724808208879e-02
1.190000000000000000e+05 5.560234350462749109e-02
1.191000000000000000e+05 5.705005116760730743e-02
1.192000000000000000e+05 5.346422463655451512e-02
1.193000000000000000e+05 4.617571798463679378e-02
1.194000000000000000e+05 3.937021560966973838e-02
1.195000000000000000e+05 3.738154675811540539e-02
1.196000000000000000e+05 3.355336397886233418e-02
1.197000000000000000e+05 2.903647754341375647e-02
1.198000000000000000e+05 2.275889312227586878e-02
1.199000000000000000e+05 2.958031944930553450e-02
