9.000000000000000000e+04 2.652062289416790009e-02
9.010000000000000000e+04 2.692391527816653460e-02
9.020000000000000000e+04 2.297026763359701074e-02
9.030000000000000000e+04 2.459239859133995065e-02
9.040000000000000000e+04 3.353376239538234660e-02
9.050000000000000000e+04 3.819510433822870255e-02
9.060000000000000000e+04 3.329819347709384730e-02
9.070000000000000000e+04 2.868512763331336826e-02
9.080000000000000000e+04 2.969264363249145972e-02
9.090000000000000000e+04 3.138372898101804420e-02
9.100000000000000000e+04 3.307838986317309521e-02
9.110000000000000000e+04 3.451449759304531933e-02
9.120000000000000000e+04 3.602569624781613161e-02
9.130000000000000000e+04 3.740789685398339393e-02
9.140000000000000000e+04 3.856555819511409827e-02
9.150000000000000000e+04 3.949747607111927378e-02
9.160000000000000000e+04 4.040337031086283642e-02
9.170000000000000000e+04 4.125114946315686093e-02
9.180000000000000000e+04 4.205250218510626220e-02
9.190000000000000000e+04 4.296255266914764115e-02
9.200000000000000000e+04 4.468273123105367256e-02
9.210000000000000000e+04 4.810845255851747826e-02
9.220000000000000000e+04 5.077067477007703167e-02
9.230000000000000000e+04 5.177331374337276748e-02
9.240000000000000000e+04 5.173966214060782276e-02
9.250000000000000000e+04 5.126520991325377030e-02
9.260000000000000000e+04 5.073281042277813513e-02
9.270000000000000000e+04 5.082211308181285719e-02
9.280000000000000000e+04 5.094326883554462643e-02
9.290000000000000000e+04 5.150656302769980599e-02
9.300000000000000000e+04 5.164837464690208435e-02
9.310000000000000000e+04 5.142012778669596829e-02
9.320000000000000000e+04 5.095279713471734251e-02
9.330000000000000000e+04 5.094243213534356551e-02
9.340000000000000000e+04 5.122445598244666776e-02
9.350000000000000000e+04 5.108126935859520767e-02
9.360000000000000000e+04 5.139616057276724659e-02
9.370000000000000000e+04 5.224985014647243187e-02
9.380000000000000000e+04 5.277356542646885473e-02
9.390000000000000000e+04 5.239682346582413830e-02
9.400000000000000000e+04 5.215201899409294128e-02
9.410000000000000000e+04 5.308758337050677178e-02
9.420000000000000000e+04 5.360102839767932198e-02
9.430000000000000000e+04 5.299846660345793048e-02
9.440000000000000000e+04 5.260391632715862714e-02
9.450000000000000000e+04 5.208257213234900734e-02
9.460000000000000000e+04 5.201147745052973892e-02
9.470000000000000000e+04 5.208244348565737453e-02
9.480000000000000000e+04 5.220223143696784557e-02
9.490000000000000000e+04 5.232346622894206573e-02
9.500000000000000000e+04 5.244855644802252914e-02
9.510000000000000000e+04 5.253890920430422107e-02
9.520000000000000000e+04 5.269540324807166221e-02
9.530000000000000000e+04 5.309488680213687167e-02
9.540000000000000000e+04 5.405717864632602482e-02
9.550000000000000000e+04 5.434378515928982301e-02
9.560000000000000000e+04 5.394889116287231168e-02
9.570000000000000000e+04 5.404593460261820914e-02
9.580000000000000000e+04 5.396781129141649258e-02
9.590000000000000000e+04 5.380069036036729674e-02
9.600000000000000000e+04 5.374388769268989563e-02
9.610000000000000000e+04 5.366350505501031598e-02
9.620000000000000000e+04 5.238379562894500407e-02
9.630000000000000000e+04 5.140128601342441872e-02
9.640000000000000000e+04 5.354021191596988055e-02
9.650000000000000000e+04 5.614165030419822344e-02
9.660000000000000000e+04 5.796416364610198352e-02
9.670000000000000000e+04 5.704554989933955517e-02
9.680000000000000000e+04 5.535128712654112382e-02
9.690000000000000000e+04 5.501873623579740802e-02
9.700000000000000000e+04 5.478282521168391372e-02
9.710000000000000000e+04 5.482278019189835289e-02
9.720000000000000000e+04 5.515934675931932069e-02
9.730000000000000000e+04 5.513765575985114104e-02
9.740000000000000000e+04 5.514628887176512700e-02
9.750000000000000000e+04 5.559845175594089334e-02
9.760000000000000000e+04 5.596765701969466655e-02
9.770000000000000000e+04 5.587315590431292389e-02
9.780000000000000000e+04 5.560670942068100114e-02
9.790000000000000000e+04 5.553830222537120553e-02
9.800000000000000000e+04 5.561674262086550163e-02
9.810000000000000000e+04 5.632958654314280250e-02
9.820000000000000000e+04 5.698570683598517400e-02
9.830000000000000000e+04 5.602805490295095781e-02
9.840000000000000000e+04 5.635643899440766907e-02
9.850000000000000000e+04 5.660308524966239929e-02
9.860000000000000000e+04 5.707044216493764588e-02
9.870000000000000000e+04 5.819920096546411792e-02
9.880000000000000000e+04 5.839986999829600844e-02
9.890000000000000000e+04 5.957951663682862359e-02
9.900000000000000000e+04 6.150678731501102448e-02
9.910000000000000000e+04 6.196391837050525125e-02
9.920000000000000000e+04 6.140707383553181686e-02
9.930000000000000000e+04 6.496183089911929109e-02
9.940000000000000000e+04 6.457477683822314407e-02
9.950000000000000000e+04 6.669856359561281145e-02
9.960000000000000000e+04 6.619827151298530998e-02
9.970000000000000000e+04 6.428407306472459781e-02
9.980000000000000000e+04 6.562799140810963994e-02
9.990000000000000000e+04 6.462164260447030018e-02
1.000000000000000000e+05 6.171698495745658875e-02
1.001000000000000000e+05 6.356045032540957873e-02
1.002000000000000000e+05 6.378473639488219105e-02
1.003000000000000000e+05 6.352852458755176013e-02
1.004000000000000000e+05 6.350435366233191103e-02
1.005000000000000000e+05 6.320531480014324188e-02
1.006000000000000000e+05 6.336719468235971209e-02
1.007000000000000000e+05 6.478509741524855758e-02
1.008000000000000000e+05 6.655677706003186589e-02
1.009000000000000000e+05 6.734037871162096289e-02
1.010000000000000000e+05 6.556530545155189738e-02
1.011000000000000000e+05 6.480799876153470196e-02
1.012000000000000000e+05 6.621181120475125303e-02
1.013000000000000000e+05 7.095281235873709957e-02
1.014000000000000000e+05 6.990232244133960660e-02
1.015000000000000000e+05 6.579001185794655648e-02
1.016000000000000000e+05 6.104965209960937916e-02
1.017000000000000000e+05 6.211730167269700897e-02
1.018000000000000000e+05 6.573570246497786873e-02
1.019000000000000000e+05 6.638174938658872315e-02
1.020000000000000000e+05 6.844060868024826050e-02
1.021000000000000000e+05 6.911911815404891968e-02
1.022000000000000000e+05 6.893181204795836847e-02
1.023000000000000000e+05 6.888091601431370337e-02
1.024000000000000000e+05 7.072191288073860493e-02
1.025000000000000000e+05 7.098172356685004958e-02
1.026000000000000000e+05 6.987142562866197060e-02
1.027000000000000000e+05 6.593424578507738054e-02
1.028000000000000000e+05 6.772960176070540184e-02
1.029000000000000000e+05 7.002317011356357090e-02
1.030000000000000000e+05 6.629200776418057994e-02
1.031000000000000000e+05 6.667496375739589975e-02
1.032000000000000000e+05 6.872355788946157840e-02
1.033000000000000000e+05 6.886236245433491332e-02
1.034000000000000000e+05 6.626776009798050759e-02
1.035000000000000000e+05 6.630086898803709550e-02
1.036000000000000000e+05 6.457382837931299746e-02
1.037000000000000000e+05 6.193847705920535462e-02
1.038000000000000000e+05 6.400348842144003292e-02
1.039000000000000000e+05 6.354206534723444433e-02
1.040000000000000000e+05 5.970516304175058769e-02
1.041000000000000000e+05 6.215023398399355942e-02
1.042000000000000000e+05 6.451161791880923035e-02
1.043000000000000000e+05 6.285323443512128017e-02
1.044000000000000000e+05 6.306452304124843256e-02
1.045000000000000000e+05 6.586411011715734287e-02
1.046000000000000000e+05 6.510610948006310961e-02
1.047000000000000000e+05 6.358621343970297102e-02
1.048000000000000000e+05 6.595858166615162221e-02
1.049000000000000000e+05 6.656328933934374525e-02
1.050000000000000000e+05 6.624417379498470648e-02
1.051000000000000000e+05 6.769145339727401789e-02
1.052000000000000000e+05 6.736671775579454458e-02
1.053000000000000000e+05 6.817693486809726922e-02
1.054000000000000000e+05 6.812314460674923078e-02
1.055000000000000000e+05 6.480952464044095751e-02
1.056000000000000000e+05 6.572593152523034665e-02
1.057000000000000000e+05 6.737079968055087464e-02
1.058000000000000000e+05 6.829538270831106428e-02
1.059000000000000000e+05 6.889057010412215354e-02
1.060000000000000000e+05 6.917879233757655288e-02
1.061000000000000000e+05 6.843251946071782221e-02
1.062000000000000000e+05 6.638335809111593766e-02
1.063000000000000000e+05 6.596176102757453363e-02
1.064000000000000000e+05 6.461460192998257079e-02
1.065000000000000000e+05 6.516221724450597941e-02
1.066000000000000000e+05 6.755028540889430888e-02
1.067000000000000000e+05 7.022742420434949229e-02
1.068000000000000000e+05 7.168384045362471979e-02
1.069000000000000000e+05 7.137936092913153840e-02
1.070000000000000000e+05 7.066943744818364459e-02
1.071000000000000000e+05 7.039861753582955795e-02
1.072000000000000000e+05 7.162179152170812524e-02
1.073000000000000000e+05 7.435279985268895830e-02
1.074000000000000000e+05 7.687450870871538611e-02
1.075000000000000000e+05 7.417766936123360022e-02
1.076000000000000000e+05 7.054579108953476507e-02
1.077000000000000000e+05 7.058945745229719404e-02
1.078000000000000000e+05 7.171112472812334049e-02
1.079000000000000000e+05 7.172229873637359088e-02
1.080000000000000000e+05 6.972805410623550415e-02
1.081000000000000000e+05 6.661020430425801386e-02
1.082000000000000000e+05 6.730822995305049683e-02
1.083000000000000000e+05 6.772428192198276520e-02
1.084000000000000000e+05 6.819518556197484704e-02
1.085000000000000000e+05 6.979713464776669818e-02
1.086000000000000000e+05 7.057298868894572308e-02
1.087000000000000000e+05 7.074445982774080210e-02
1.088000000000000000e+05 7.244465599457425298e-02
1.089000000000000000e+05 7.284350283443927210e-02
1.090000000000000000e+05 7.505615552266420298e-02
1.091000000000000000e+05 7.791838000218084814e-02
1.092000000000000000e+05 7.630639076232927087e-02
1.093000000000000000e+05 7.364621038238207407e-02
1.094000000000000000e+05 7.444267024596530613e-02
1.095000000000000000e+05 7.434703782200816069e-02
1.096000000000000000e+05 7.266194621721895619e-02
1.097000000000000000e+05 7.157104785243670331e-02
1.098000000000000000e+05 7.097372040152552519e-02
1.099000000000000000e+05 6.997656089564165127e-02
1.100000000000000000e+05 6.969333440065383911e-02
1.101000000000000000e+05 7.012318596243857782e-02
1.102000000000000000e+05 6.963282873233159198e-02
1.103000000000000000e+05 6.833781513075044833e-02
1.104000000000000000e+05 6.642392724752423094e-02
1.105000000000000000e+05 6.557054010530311006e-02
1.106000000000000000e+05 6.541120111942291815e-02
1.107000000000000000e+05 6.572853773832321167e-02
1.108000000000000000e+05 6.554241826136909810e-02
1.109000000000000000e+05 6.537388476232687540e-02
1.110000000000000000e+05 6.621410697698593140e-02
1.111000000000000000e+05 6.738436780869956622e-02
1.112000000000000000e+05 6.828719079494471877e-02
1.113000000000000000e+05 6.790982559323316403e-02
1.114000000000000000e+05 6.776237015922866036e-02
1.115000000000000000e+05 6.876398560901483825e-02
1.116000000000000000e+05 6.913811117410656459e-02
1.117000000000000000e+05 6.994843892753126180e-02
1.118000000000000000e+05 6.775100578864419465e-02
1.119000000000000000e+05 6.516154631972316535e-02
1.120000000000000000e+05 6.495896478494007920e-02
1.121000000000000000e+05 6.771743272741638509e-02
1.122000000000000000e+05 7.127138823270802448e-02
1.123000000000000000e+05 7.413437838355699250e-02
1.124000000000000000e+05 7.383266389369971816e-02
1.125000000000000000e+05 6.963798962533454540e-02
1.126000000000000000e+05 6.732604677478472299e-02
1.127000000000000000e+05 7.165918722748758352e-02
1.128000000000000000e+05 7.080047875642783706e-02
1.129000000000000000e+05 7.082628719508626824e-02
1.130000000000000000e+05 7.342132429281879313e-02
1.131000000000000000e+05 7.270544245839115349e-02
1.132000000000000000e+05 6.802505950133014290e-02
1.133000000000000000e+05 6.708285659551613267e-02
1.134000000000000000e+05 7.102018669247614491e-02
1.135000000000000000e+05 6.927157193422306403e-02
1.136000000000000000e+05 6.672864754994703440e-02
1.137000000000000000e+05 6.961480230092986776e-02
1.138000000000000000e+05 6.952909231185915029e-02
1.139000000000000000e+05 7.087906549374259346e-02
1.140000000000000000e+05 7.331923395395278931e-02
1.141000000000000000e+05 7.052392239371932381e-02
1.142000000000000000e+05 6.775778333346042792e-02
1.143000000000000000e+05 7.042192667722706190e-02
1.144000000000000000e+05 7.161102443933486938e-02
1.145000000000000000e+05 7.101785019040110503e-02
1.146000000000000000e+05 6.886957511305800972e-02
1.147000000000000000e+05 6.805810431639347513e-02
1.148000000000000000e+05 6.908878932396574080e-02
1.149000000000000000e+05 7.039276994764803730e-02
1.150000000000000000e+05 7.086482892433802749e-02
1.151000000000000000e+05 7.023878606657180113e-02
1.152000000000000000e+05 6.830304861068739464e-02
1.153000000000000000e+05 6.685734366377193982e-02
1.154000000000000000e+05 7.065082391103089110e-02
1.155000000000000000e+05 7.482949085533606437e-02
1.156000000000000000e+05 7.632126063108445047e-02
1.157000000000000000e+05 7.567054182291034492e-02
1.158000000000000000e+05 7.348641231656082018e-02
1.159000000000000000e+05 7.154831786950428818e-02
1.160000000000000000e+05 7.553089658419291641e-02
1.161000000000000000e+05 7.935350462794306392e-02
1.162000000000000000e+05 8.045449232061704925e-02
1.163000000000000000e+05 7.798356090982774824e-02
1.164000000000000000e+05 7.537113577127450836e-02
1.165000000000000000e+05 7.280509235958250447e-02
1.166000000000000000e+05 6.898413201173149434e-02
1.167000000000000000e+05 7.008886523544798075e-02
1.168000000000000000e+05 7.150451590617500075e-02
1.169000000000000000e+05 7.011113241314878564e-02
1.170000000000000000e+05 6.579062342643737793e-02
1.171000000000000000e+05 6.018216423690340294e-02
1.172000000000000000e+05 5.596948862075820652e-02
1.173000000000000000e+05 5.351133812218927116e-02
1.174000000000000000e+05 4.977306681374712299e-02
1.175000000000000000e+05 4.122987203299885439e-02
1.176000000000000000e+05 1.626429900527017261e-02
1.177000000000000000e+05 6.118988990783691753e-03
1.178000000000000000e+05 1.029895044863209097e-02
1.179000000000000000e+05 1.775542940013094886e-02
1.180000000000000000e+05 2.889430522918701172e-02
1.181000000000000000e+05 2.758768470957870950e-02
1.182000000000000000e+05 2.128123883157967758e-02
1.183000000000000000e+05 2.250631094599761864e-02
1.184000000000000000e+05 2.478816496829188212e-02
1.185000000000000000e+05 2.297260612249354267e-02
1.186000000000000000e+05 1.929296453793847774e-02
1.187000000000000000e+05 2.325904577349624525e-02
1.188000000000000000e+05 2.256842181086550492e-02
1.189000000000000000e+05 1.860618324329448361e-02
1.190000000000000000e+05 2.202048742522824329e-02
1.191000000000000000e+05 2.436918113380663262e-02
1.192000000000000000e+05 2.494969169298809353e-02
1.193000000000000000e+05 2.245466470097521108e-02
1.194000000000000000e+05 1.772897914052024015e-02
1.195000000000000000e+05 1.621995291983087048e-02
1.196000000000000000e+05 1.590326614677908812e-02
1.197000000000000000e+05 1.451192810200162969e-02
1.198000000000000000e+05 9.852597899735401898e-03
1.199000000000000000e+05 5.706441130799528791e-03
