9.000000000000000000e+04 1.281191641464829445e-02
9.010000000000000000e+04 1.716508161121350212e-02
9.020000000000000000e+04 1.214644202652000009e-02
9.030000000000000000e+04 1.127871006727226497e-02
9.040000000000000000e+04 2.274468087901681743e-02
9.050000000000000000e+04 2.875301834816737859e-02
9.060000000000000000e+04 1.907096840441244168e-02
9.070000000000000000e+04 1.407965872281541006e-02
9.080000000000000000e+04 1.521319967384140298e-02
9.090000000000000000e+04 1.654039978981014167e-02
9.100000000000000000e+04 1.807036384319270911e-02
9.110000000000000000e+04 1.913129687930146747e-02
9.120000000000000000e+04 2.052013147622349515e-02
9.130000000000000000e+04 2.184136730929212705e-02
9.140000000000000000e+04 2.282427407801149860e-02
9.150000000000000000e+04 2.374481866136192443e-02
9.160000000000000000e+04 2.456477270772061683e-02
9.170000000000000000e+04 2.529527315249045782e-02
9.180000000000000000e+04 2.615088120102881941e-02
9.190000000000000000e+04 2.718567316420370319e-02
9.200000000000000000e+04 3.246115470925943491e-02
9.210000000000000000e+04 4.098072059452520510e-02
9.220000000000000000e+04 4.438067091008020271e-02
9.230000000000000000e+04 4.561338258286320307e-02
9.240000000000000000e+04 4.496803432703021242e-02
9.250000000000000000e+04 4.543506773188711600e-02
9.260000000000000000e+04 4.392823445300259033e-02
9.270000000000000000e+04 4.458107616752388092e-02
9.280000000000000000e+04 4.392739290992420803e-02
9.290000000000000000e+04 4.510764160503941828e-02
9.300000000000000000e+04 4.551787450909614702e-02
9.310000000000000000e+04 4.460830674196282486e-02
9.320000000000000000e+04 4.288719457884621056e-02
9.330000000000000000e+04 4.333063784986731365e-02
9.340000000000000000e+04 4.392787836492055564e-02
9.350000000000000000e+04 4.298009012515345562e-02
9.360000000000000000e+04 4.345726817846298773e-02
9.370000000000000000e+04 4.558444069698452950e-02
9.380000000000000000e+04 4.581762860218670241e-02
9.390000000000000000e+04 4.429273694753674273e-02
9.400000000000000000e+04 4.411018441120782146e-02
9.410000000000000000e+04 4.583917173246525312e-02
9.420000000000000000e+04 4.648753128945826152e-02
9.430000000000000000e+04 4.527613895634810537e-02
9.440000000000000000e+04 4.539087491730839363e-02
9.450000000000000000e+04 4.267414836212992529e-02
9.460000000000000000e+04 4.282863505184650310e-02
9.470000000000000000e+04 4.300820327053467285e-02
9.480000000000000000e+04 4.313256643712520821e-02
9.490000000000000000e+04 4.324132061873872668e-02
9.500000000000000000e+04 4.331609016905228760e-02
9.510000000000000000e+04 4.339588534086942506e-02
9.520000000000000000e+04 4.365104556083680004e-02
9.530000000000000000e+04 4.424581781029704453e-02
9.540000000000000000e+04 4.787073764950034588e-02
9.550000000000000000e+04 4.804078719268232989e-02
9.560000000000000000e+04 4.677738716204958569e-02
9.570000000000000000e+04 4.755708171054724709e-02
9.580000000000000000e+04 4.666665047407149436e-02
9.590000000000000000e+04 4.669689194609716321e-02
9.600000000000000000e+04 4.616776369512080869e-02
9.610000000000000000e+04 4.680623730644579289e-02
9.620000000000000000e+04 4.320975348353395945e-02
9.630000000000000000e+04 4.137020293623203809e-02
9.640000000000000000e+04 4.774522915482551366e-02
9.650000000000000000e+04 4.993226028357944379e-02
9.660000000000000000e+04 5.554824981838463877e-02
9.670000000000000000e+04 5.188802879303706234e-02
9.680000000000000000e+04 4.732273650666080078e-02
9.690000000000000000e+04 4.660374345257879691e-02
9.700000000000000000e+04 4.613663454850515377e-02
9.710000000000000000e+04 4.608967824528615448e-02
9.720000000000000000e+04 4.841220885515204464e-02
9.730000000000000000e+04 4.682511609668531249e-02
9.740000000000000000e+04 4.789813932031397603e-02
9.750000000000000000e+04 4.974789125844841786e-02
9.760000000000000000e+04 4.964178847769912251e-02
9.770000000000000000e+04 4.896782281498114620e-02
9.780000000000000000e+04 4.870346169918773893e-02
9.790000000000000000e+04 4.879588597143687256e-02
9.800000000000000000e+04 4.835144368310770324e-02
9.810000000000000000e+04 5.016727069392803301e-02
9.820000000000000000e+04 5.378426124652233714e-02
9.830000000000000000e+04 4.706789040938019753e-02
9.840000000000000000e+04 5.060352660715582152e-02
9.850000000000000000e+04 5.088051591689382591e-02
9.860000000000000000e+04 5.031392657508436395e-02
9.870000000000000000e+04 5.482587698847055102e-02
9.880000000000000000e+04 5.439551199475928245e-02
9.890000000000000000e+04 5.718299151708682027e-02
9.900000000000000000e+04 6.239216774702072144e-02
9.910000000000000000e+04 6.358427797133735238e-02
9.920000000000000000e+04 5.872387180725753553e-02
9.930000000000000000e+04 7.205464683473110366e-02
9.940000000000000000e+04 6.309444268544520118e-02
9.950000000000000000e+04 6.997297927737203271e-02
9.960000000000000000e+04 6.992142021655935180e-02
9.970000000000000000e+04 6.452222903569540535e-02
9.980000000000000000e+04 6.603328377008407801e-02
9.990000000000000000e+04 6.545582562685162142e-02
1.000000000000000000e+05 5.987528152763843536e-02
1.001000000000000000e+05 6.555944357067344797e-02
1.002000000000000000e+05 6.483254112303256378e-02
1.003000000000000000e+05 6.384343876192966061e-02
1.004000000000000000e+05 6.338304802775390767e-02
1.005000000000000000e+05 6.357803121209143482e-02
1.006000000000000000e+05 6.398221562306086185e-02
1.007000000000000000e+05 6.619754721720995383e-02
1.008000000000000000e+05 6.989422500133518623e-02
1.009000000000000000e+05 7.122557277480780213e-02
1.010000000000000000e+05 6.478036269545588144e-02
1.011000000000000000e+05 6.695572335273022868e-02
1.012000000000000000e+05 6.417312736312531796e-02
1.013000000000000000e+05 8.037941910326475148e-02
1.014000000000000000e+05 7.122255250811555805e-02
1.015000000000000000e+05 6.840877756476387850e-02
1.016000000000000000e+05 5.656678763528664999e-02
1.017000000000000000e+05 5.875192144885693635e-02
1.018000000000000000e+05 7.019570904473479422e-02
1.019000000000000000e+05 6.542727837959946835e-02
1.020000000000000000e+05 7.237806245684623441e-02
1.021000000000000000e+05 7.182543440411509605e-02
1.022000000000000000e+05 7.014473182459678158e-02
1.023000000000000000e+05 7.003074735403058693e-02
1.024000000000000000e+05 7.614145919680656571e-02
1.025000000000000000e+05 7.110351417213699177e-02
1.026000000000000000e+05 7.428973369300359564e-02
1.027000000000000000e+05 6.434876322746317656e-02
1.028000000000000000e+05 6.934203301866899427e-02
1.029000000000000000e+05 7.665729057043793593e-02
1.030000000000000000e+05 6.320725207527420897e-02
1.031000000000000000e+05 6.748672097921393220e-02
1.032000000000000000e+05 6.865346401929837972e-02
1.033000000000000000e+05 7.077425191799859017e-02
1.034000000000000000e+05 6.451892947157228386e-02
1.035000000000000000e+05 6.734989490360022979e-02
1.036000000000000000e+05 6.620362460613254951e-02
1.037000000000000000e+05 5.881363964950038492e-02
1.038000000000000000e+05 6.728878155350720425e-02
1.039000000000000000e+05 6.644802207748093381e-02
1.040000000000000000e+05 5.329829963545008181e-02
1.041000000000000000e+05 6.458116404712246905e-02
1.042000000000000000e+05 6.716762624681002491e-02
1.043000000000000000e+05 6.242356406524755819e-02
1.044000000000000000e+05 6.368828296661305233e-02
1.045000000000000000e+05 6.926408174137278773e-02
1.046000000000000000e+05 6.761745065450677772e-02
1.047000000000000000e+05 6.103393588215072496e-02
1.048000000000000000e+05 6.872957482934008433e-02
1.049000000000000000e+05 6.887850879381077207e-02
1.050000000000000000e+05 6.637629494071006775e-02
1.051000000000000000e+05 7.141124843309330783e-02
1.052000000000000000e+05 6.966806362072626435e-02
1.053000000000000000e+05 7.194998588413042961e-02
1.054000000000000000e+05 7.315020931263756243e-02
1.055000000000000000e+05 6.246114699169953710e-02
1.056000000000000000e+05 6.761060640215871276e-02
1.057000000000000000e+05 6.944991415987412930e-02
1.058000000000000000e+05 7.083743885159490827e-02
1.059000000000000000e+05 7.165371723473075438e-02
1.060000000000000000e+05 7.230547443032267485e-02
1.061000000000000000e+05 7.135375464955966140e-02
1.062000000000000000e+05 6.612782850861564921e-02
1.063000000000000000e+05 6.796188202997047179e-02
1.064000000000000000e+05 6.277144345144450299e-02
1.065000000000000000e+05 6.620963886380190622e-02
1.066000000000000000e+05 6.899013713002202786e-02
1.067000000000000000e+05 7.484731079389683739e-02
1.068000000000000000e+05 7.748643279075623225e-02
1.069000000000000000e+05 7.459692935148867776e-02
1.070000000000000000e+05 7.272917975982032268e-02
1.071000000000000000e+05 7.257854327559475072e-02
1.072000000000000000e+05 7.499815762042980061e-02
1.073000000000000000e+05 7.971674848347894138e-02
1.074000000000000000e+05 8.705014564096942575e-02
1.075000000000000000e+05 7.913997086385922419e-02
1.076000000000000000e+05 7.142680277427043700e-02
1.077000000000000000e+05 7.348621480166910025e-02
1.078000000000000000e+05 7.561195718745389316e-02
1.079000000000000000e+05 7.597464008877674591e-02
1.080000000000000000e+05 7.294617369770983739e-02
1.081000000000000000e+05 6.333053833494593776e-02
1.082000000000000000e+05 6.960136694212770703e-02
1.083000000000000000e+05 6.731543671339748625e-02
1.084000000000000000e+05 6.872378264864283104e-02
1.085000000000000000e+05 7.166859973222038105e-02
1.086000000000000000e+05 7.324997581541549396e-02
1.087000000000000000e+05 7.257911104708916761e-02
1.088000000000000000e+05 7.582614739735921150e-02
1.089000000000000000e+05 7.507111858576537289e-02
1.090000000000000000e+05 7.996876736481955961e-02
1.091000000000000000e+05 8.713048538813988886e-02
1.092000000000000000e+05 8.319624781608597752e-02
1.093000000000000000e+05 7.455790601670747586e-02
1.094000000000000000e+05 7.957260673244793969e-02
1.095000000000000000e+05 7.873663771897557173e-02
1.096000000000000000e+05 7.559881468613963151e-02
1.097000000000000000e+05 7.412133293847235349e-02
1.098000000000000000e+05 7.313085064291963144e-02
1.099000000000000000e+05 7.222312225649746287e-02
1.100000000000000000e+05 7.081611081957817078e-02
1.101000000000000000e+05 7.246771723031997237e-02
1.102000000000000000e+05 7.171874838570752031e-02
1.103000000000000000e+05 6.998860746622079243e-02
1.104000000000000000e+05 6.579779326915746740e-02
1.105000000000000000e+05 6.455128062516449217e-02
1.106000000000000000e+05 6.411982342600822116e-02
1.107000000000000000e+05 6.637342203408483354e-02
1.108000000000000000e+05 6.572813784082731647e-02
1.109000000000000000e+05 6.480687427024048319e-02
1.110000000000000000e+05 6.622778400778769892e-02
1.111000000000000000e+05 6.807865875462687510e-02
1.112000000000000000e+05 7.002764061093333381e-02
1.113000000000000000e+05 6.896524511277685177e-02
1.114000000000000000e+05 nan
1.115000000000000000e+05 7.012179705003883379e-02
1.116000000000000000e+05 6.906600520014744005e-02
1.117000000000000000e+05 7.505527066687756044e-02
1.118000000000000000e+05 6.839314219852309085e-02
1.119000000000000000e+05 6.218212343752368976e-02
1.120000000000000000e+05 5.996352806687348103e-02
1.121000000000000000e+05 6.627392448484914489e-02
1.122000000000000000e+05 7.272848024964315150e-02
1.123000000000000000e+05 7.982711064318817606e-02
1.124000000000000000e+05 8.011031761765480264e-02
1.125000000000000000e+05 6.989066582173147912e-02
1.126000000000000000e+05 6.237804823865454595e-02
1.127000000000000000e+05 7.786438245326278429e-02
1.128000000000000000e+05 7.158682197332343067e-02
1.129000000000000000e+05 7.162217900156978012e-02
1.130000000000000000e+05 7.742808833718298200e-02
1.131000000000000000e+05 7.829042688012118056e-02
1.132000000000000000e+05 6.522012725472453587e-02
1.133000000000000000e+05 6.367877189690882012e-02
1.134000000000000000e+05 7.651842311024636967e-02
1.135000000000000000e+05 7.080685626715418901e-02
1.136000000000000000e+05 6.163976197441419641e-02
1.137000000000000000e+05 7.150170922279376617e-02
1.138000000000000000e+05 6.775989597042346435e-02
1.139000000000000000e+05 7.186043630043677244e-02
1.140000000000000000e+05 7.793065905570975560e-02
1.141000000000000000e+05 7.321327836563210067e-02
1.142000000000000000e+05 5.087019031246253070e-02
1.143000000000000000e+05 1.019447628172683203e-02
1.144000000000000000e+05 1.399065174658343028e-02
1.145000000000000000e+05 5.230059683541036369e-02
1.146000000000000000e+05 9.099834468313012723e-03
1.147000000000000000e+05 1.300389267251458175e-02
1.148000000000000000e+05 1.450972033816025006e-02
1.149000000000000000e+05 8.366471549162172658e-03
1.150000000000000000e+05 1.220013248470721429e-02
1.151000000000000000e+05 1.551365602828262864e-02
1.152000000000000000e+05 9.344184518538347847e-03
1.153000000000000000e+05 1.122930099910105818e-02
1.154000000000000000e+05 1.491496764583733620e-02
1.155000000000000000e+05 1.110858788109145984e-02
1.156000000000000000e+05 1.026939080518804795e-02
1.157000000000000000e+05 1.391642028037937129e-02
1.158000000000000000e+05 1.301977498984552110e-02
1.159000000000000000e+05 9.320859538505732109e-03
1.160000000000000000e+05 1.313080309458378864e-02
1.161000000000000000e+05 1.490478492053732076e-02
1.162000000000000000e+05 8.612827405600299857e-03
1.163000000000000000e+05 1.243448990640278959e-02
1.164000000000000000e+05 1.540617358205017759e-02
1.165000000000000000e+05 9.810868526105291643e-03
1.166000000000000000e+05 1.146986175098857474e-02
1.167000000000000000e+05 1.472338191635238873e-02
1.168000000000000000e+05 1.174191612563449567e-02
1.169000000000000000e+05 1.048027954232330985e-02
1.170000000000000000e+05 1.394186369301629765e-02
1.171000000000000000e+05 1.346791237210200054e-02
1.172000000000000000e+05 9.559646388342883661e-03
1.173000000000000000e+05 1.329964912280327469e-02
1.174000000000000000e+05 1.531442883217311139e-02
1.175000000000000000e+05 8.811885190329871859e-03
1.176000000000000000e+05 2.395239942707121095e-03
1.177000000000000000e+05 2.933430085734771171e-03
1.178000000000000000e+05 7.952753057082796728e-03
1.179000000000000000e+05 1.321305669378473532e-02
1.180000000000000000e+05 2.209906422843534168e-02
1.181000000000000000e+05 2.023393513324357046e-02
1.182000000000000000e+05 1.143608565442281837e-02
1.183000000000000000e+05 1.462726970668876830e-02
1.184000000000000000e+05 1.603786621242762195e-02
1.185000000000000000e+05 1.528808339498939975e-02
1.186000000000000000e+05 1.072559378109904510e-02
1.187000000000000000e+05 1.507056260636697662e-02
1.188000000000000000e+05 1.458800241351125918e-02
1.189000000000000000e+05 9.008210777925875629e-03
1.190000000000000000e+05 1.496181449232010519e-02
1.191000000000000000e+05 1.513721760828048990e-02
1.192000000000000000e+05 1.552982613807785822e-02
1.193000000000000000e+05 1.278706845385270581e-02
1.194000000000000000e+05 1.031773742288349081e-02
1.195000000000000000e+05 nan
1.196000000000000000e+05 9.428646005690103499e-03
1.197000000000000000e+05 8.992195893079047916e-03
1.198000000000000000e+05 6.022948028209297935e-03
1.199000000000000000e+05 2.666594409383815905e-03
