9.000000000000000000e+04 9.237341582775115967e-03
9.010000000000000000e+04 8.862284626811744656e-03
9.020000000000000000e+04 8.491370429595260227e-03
9.030000000000000000e+04 9.382726643234515218e-03
9.040000000000000000e+04 1.030405063182114958e-02
9.050000000000000000e+04 1.059276796877384880e-02
9.060000000000000000e+04 1.087119020521642478e-02
9.070000000000000000e+04 1.075462250659862777e-02
9.080000000000000000e+04 1.062545362859964454e-02
9.090000000000000000e+04 1.111985400319100148e-02
9.100000000000000000e+04 1.164220087230201893e-02
9.110000000000000000e+04 1.218004664406180382e-02
9.120000000000000000e+04 1.275234173983337202e-02
9.130000000000000000e+04 1.315109850838780403e-02
9.140000000000000000e+04 1.354894131422041716e-02
9.150000000000000000e+04 1.384785571135579291e-02
9.160000000000000000e+04 1.413129995266595648e-02
9.170000000000000000e+04 1.419366803020239223e-02
9.180000000000000000e+04 1.418955996632575989e-02
9.190000000000000000e+04 1.371478100617727278e-02
9.200000000000000000e+04 1.320783793926239014e-02
9.210000000000000000e+04 1.286590479314327767e-02
9.220000000000000000e+04 1.259309889127810216e-02
9.230000000000000000e+04 1.249790827743708921e-02
9.240000000000000000e+04 1.241457648575304551e-02
9.250000000000000000e+04 1.218869630247354507e-02
9.260000000000000000e+04 1.195378612726926380e-02
9.270000000000000000e+04 1.184601320885122003e-02
9.280000000000000000e+04 1.178443076709906334e-02
9.290000000000000000e+04 1.182394319524367361e-02
9.300000000000000000e+04 1.193001493811607361e-02
9.310000000000000000e+04 1.207869611680507244e-02
9.320000000000000000e+04 1.227663851032654088e-02
9.330000000000000000e+04 1.250217761844396591e-02
9.340000000000000000e+04 1.271960884332656860e-02
9.350000000000000000e+04 1.267635077238082886e-02
9.360000000000000000e+04 1.258333675563334982e-02
9.370000000000000000e+04 1.251233692591389481e-02
9.380000000000000000e+04 1.251259063680966802e-02
9.390000000000000000e+04 1.262790535576641462e-02
9.400000000000000000e+04 1.279097863783439266e-02
9.410000000000000000e+04 1.286679296133419123e-02
9.420000000000000000e+04 1.288814712315797771e-02
9.430000000000000000e+04 1.303691277280449867e-02
9.440000000000000000e+04 1.331394817680120468e-02
9.450000000000000000e+04 1.369901094585657120e-02
9.460000000000000000e+04 1.403808381408452530e-02
9.470000000000000000e+04 1.418997254222631454e-02
9.480000000000000000e+04 1.428026951849460831e-02
9.490000000000000000e+04 1.428768539801239697e-02
9.500000000000000000e+04 1.429065037518739700e-02
9.510000000000000000e+04 1.416047502309084223e-02
9.520000000000000000e+04 1.390685958166917001e-02
9.530000000000000000e+04 1.342533865943550814e-02
9.540000000000000000e+04 1.295813079923391342e-02
9.550000000000000000e+04 1.265667732805011644e-02
9.560000000000000000e+04 1.254845224320888519e-02
9.570000000000000000e+04 1.246440700255334322e-02
9.580000000000000000e+04 1.236893701677521662e-02
9.590000000000000000e+04 1.220757324248553793e-02
9.600000000000000000e+04 1.202240530401467791e-02
9.610000000000000000e+04 1.200862228249510028e-02
9.620000000000000000e+04 1.202815664311249894e-02
9.630000000000000000e+04 1.208152379840612273e-02
9.640000000000000000e+04 1.218816040704647635e-02
9.650000000000000000e+04 1.230276417918502868e-02
9.660000000000000000e+04 1.251856876537202519e-02
9.670000000000000000e+04 1.286217714349426576e-02
9.680000000000000000e+04 1.327032331377266464e-02
9.690000000000000000e+04 1.362447801977396261e-02
9.700000000000000000e+04 1.376229350765545596e-02
9.710000000000000000e+04 1.367886083821454393e-02
9.720000000000000000e+04 1.339574087411165085e-02
9.730000000000000000e+04 1.313417703534166571e-02
9.740000000000000000e+04 1.296060062944888458e-02
9.750000000000000000e+04 1.279239961877465769e-02
9.760000000000000000e+04 1.263471569865941974e-02
9.770000000000000000e+04 1.247066352516412735e-02
9.780000000000000000e+04 1.231986559927463094e-02
9.790000000000000000e+04 1.221760116207102655e-02
9.800000000000000000e+04 1.219729799777269190e-02
9.810000000000000000e+04 1.226817537099123001e-02
9.820000000000000000e+04 1.239094752818345642e-02
9.830000000000000000e+04 1.246627106020849023e-02
9.840000000000000000e+04 1.244768857955932777e-02
9.850000000000000000e+04 1.236036854485671709e-02
9.860000000000000000e+04 1.226317642256617886e-02
9.870000000000000000e+04 1.218922142870724167e-02
9.880000000000000000e+04 1.219623669981956433e-02
9.890000000000000000e+04 1.239377908408641725e-02
9.900000000000000000e+04 1.270951349288224064e-02
9.910000000000000000e+04 1.306647850821415595e-02
9.920000000000000000e+04 1.340418407072622477e-02
9.930000000000000000e+04 1.370754015631972696e-02
9.940000000000000000e+04 1.395165131116906515e-02
9.950000000000000000e+04 1.408619130961596619e-02
9.960000000000000000e+04 1.405708607286214329e-02
9.970000000000000000e+04 1.388035900890827179e-02
9.980000000000000000e+04 1.360486461470524627e-02
9.990000000000000000e+04 1.336011193692684257e-02
1.000000000000000000e+05 1.329466390113035607e-02
1.001000000000000000e+05 1.341367135134835520e-02
1.002000000000000000e+05 1.350426677614450025e-02
1.003000000000000000e+05 1.351489494244257662e-02
1.004000000000000000e+05 1.349880912651617998e-02
1.005000000000000000e+05 1.360663874074817883e-02
1.006000000000000000e+05 1.383738985285162121e-02
1.007000000000000000e+05 1.413776818662881851e-02
1.008000000000000000e+05 1.433137699961662889e-02
1.009000000000000000e+05 1.433389307931065559e-02
1.010000000000000000e+05 1.415038565173745190e-02
1.011000000000000000e+05 1.409205309115349816e-02
1.012000000000000000e+05 1.430604529877504451e-02
1.013000000000000000e+05 1.443134953888752098e-02
1.014000000000000000e+05 1.403961803764103809e-02
1.015000000000000000e+05 1.333350539207456623e-02
1.016000000000000000e+05 1.267505449553330693e-02
1.017000000000000000e+05 1.259526051580905914e-02
1.018000000000000000e+05 1.290735874325036475e-02
1.019000000000000000e+05 1.346713976003232303e-02
1.020000000000000000e+05 1.389608178287744453e-02
1.021000000000000000e+05 1.410666787065565329e-02
1.022000000000000000e+05 1.416076630353927529e-02
1.023000000000000000e+05 1.419919786974787636e-02
1.024000000000000000e+05 1.429518916954596736e-02
1.025000000000000000e+05 1.429507105300823790e-02
1.026000000000000000e+05 1.413259146735073787e-02
1.027000000000000000e+05 1.389754364577433163e-02
1.028000000000000000e+05 1.372461952269077301e-02
1.029000000000000000e+05 1.356760809198021694e-02
1.030000000000000000e+05 1.333663333207368851e-02
1.031000000000000000e+05 1.311698708683253084e-02
1.032000000000000000e+05 1.299966756254434738e-02
1.033000000000000000e+05 1.293230956730743314e-02
1.034000000000000000e+05 1.276801219830910397e-02
1.035000000000000000e+05 1.249418631196021201e-02
1.036000000000000000e+05 1.221846991529067922e-02
1.037000000000000000e+05 1.205207704566419250e-02
1.038000000000000000e+05 1.193079156801104233e-02
1.039000000000000000e+05 1.178279367275536157e-02
1.040000000000000000e+05 1.167263748745125257e-02
1.041000000000000000e+05 1.178960226476191871e-02
1.042000000000000000e+05 1.197460019340117372e-02
1.043000000000000000e+05 1.215638993928829133e-02
1.044000000000000000e+05 1.225507389754057139e-02
1.045000000000000000e+05 1.240006714748839375e-02
1.046000000000000000e+05 1.243426910291115482e-02
1.047000000000000000e+05 1.247591753490268247e-02
1.048000000000000000e+05 1.257758886863788103e-02
1.049000000000000000e+05 1.281992827542124264e-02
1.050000000000000000e+05 1.311608217656612396e-02
1.051000000000000000e+05 1.338731413707134818e-02
1.052000000000000000e+05 1.352452223499616031e-02
1.053000000000000000e+05 1.345584522932767764e-02
1.054000000000000000e+05 1.316104085495074273e-02
1.055000000000000000e+05 1.280988352373242309e-02
1.056000000000000000e+05 1.262816339731216535e-02
1.057000000000000000e+05 1.269728972266117618e-02
1.058000000000000000e+05 1.296694282442331127e-02
1.059000000000000000e+05 1.312332682311534611e-02
1.060000000000000000e+05 1.304620690643787558e-02
1.061000000000000000e+05 1.273092832726738927e-02
1.062000000000000000e+05 1.233142631128429471e-02
1.063000000000000000e+05 1.192630827426910400e-02
1.064000000000000000e+05 1.182675827294588089e-02
1.065000000000000000e+05 1.204107599332929386e-02
1.066000000000000000e+05 1.252838868647809106e-02
1.067000000000000000e+05 1.317058630287648753e-02
1.068000000000000000e+05 1.366301719099281484e-02
1.069000000000000000e+05 1.403264611649014670e-02
1.070000000000000000e+05 1.410115621984004905e-02
1.071000000000000000e+05 1.420717889443039866e-02
1.072000000000000000e+05 1.435912764320771209e-02
1.073000000000000000e+05 1.450216788798570910e-02
1.074000000000000000e+05 1.454716898500919321e-02
1.075000000000000000e+05 1.435106208858390707e-02
1.076000000000000000e+05 1.405063132445017772e-02
1.077000000000000000e+05 1.377536743879319119e-02
1.078000000000000000e+05 1.356848924731216509e-02
1.079000000000000000e+05 1.311402305339775393e-02
1.080000000000000000e+05 1.250348836183543672e-02
1.081000000000000000e+05 1.192269986495375633e-02
1.082000000000000000e+05 1.155171619107325798e-02
1.083000000000000000e+05 1.159634385257959921e-02
1.084000000000000000e+05 1.180609527975321447e-02
1.085000000000000000e+05 1.214517303742468531e-02
1.086000000000000000e+05 1.254213985055682885e-02
1.087000000000000000e+05 1.293160734077294059e-02
1.088000000000000000e+05 1.336769729852679660e-02
1.089000000000000000e+05 1.375574348494412735e-02
1.090000000000000000e+05 1.402381422619024438e-02
1.091000000000000000e+05 1.414108458906411341e-02
1.092000000000000000e+05 1.403320111334324660e-02
1.093000000000000000e+05 1.376296977202097482e-02
1.094000000000000000e+05 1.344650715589523239e-02
1.095000000000000000e+05 1.308811064809561192e-02
1.096000000000000000e+05 1.272936832159760057e-02
1.097000000000000000e+05 1.229776467507084220e-02
1.098000000000000000e+05 1.198442811146379662e-02
1.099000000000000000e+05 1.179266178359587684e-02
1.100000000000000000e+05 1.163736699769894745e-02
1.101000000000000000e+05 1.149609684944153699e-02
1.102000000000000000e+05 1.129985531171162454e-02
1.103000000000000000e+05 1.099128580341736904e-02
1.104000000000000000e+05 1.065059162676333139e-02
1.105000000000000000e+05 1.036113295704126601e-02
1.106000000000000000e+05 1.023054681718349457e-02
1.107000000000000000e+05 1.022333174943923853e-02
1.108000000000000000e+05 1.026466436684131747e-02
1.109000000000000000e+05 1.035568844527006219e-02
1.110000000000000000e+05 1.050180960446596597e-02
1.111000000000000000e+05 1.069968987256289354e-02
1.112000000000000000e+05 1.082949430992205531e-02
1.113000000000000000e+05 1.088130308315157953e-02
1.114000000000000000e+05 1.091206612065434046e-02
1.115000000000000000e+05 1.098187942989170725e-02
1.116000000000000000e+05 1.102850914001464976e-02
1.117000000000000000e+05 1.092620844952761454e-02
1.118000000000000000e+05 1.057024795562030474e-02
1.119000000000000000e+05 1.027476947754621915e-02
1.120000000000000000e+05 1.024059802293777674e-02
1.121000000000000000e+05 1.060417553409931032e-02
1.122000000000000000e+05 1.116956198588014634e-02
1.123000000000000000e+05 1.159988733629385704e-02
1.124000000000000000e+05 1.166902553290128687e-02
1.125000000000000000e+05 1.142449583858251572e-02
1.126000000000000000e+05 1.120413033291696100e-02
1.127000000000000000e+05 1.118021856062114718e-02
1.128000000000000000e+05 1.127648029476404148e-02
1.129000000000000000e+05 1.139094997197389117e-02
1.130000000000000000e+05 1.138276644051076057e-02
1.131000000000000000e+05 1.122484402731060982e-02
1.132000000000000000e+05 1.094693012535572288e-02
1.133000000000000000e+05 1.074491238221525306e-02
1.134000000000000000e+05 1.067814338952302947e-02
1.135000000000000000e+05 1.056680668455860228e-02
1.136000000000000000e+05 1.043805014342069626e-02
1.137000000000000000e+05 1.043816050514578819e-02
1.138000000000000000e+05 1.058229650060334669e-02
1.139000000000000000e+05 1.076166068824628910e-02
1.140000000000000000e+05 1.084557659924030235e-02
1.141000000000000000e+05 1.079363048076629333e-02
1.142000000000000000e+05 1.069487611452738657e-02
1.143000000000000000e+05 1.066884907893836561e-02
1.144000000000000000e+05 1.068981597820918214e-02
1.145000000000000000e+05 1.064091906882822999e-02
1.146000000000000000e+05 1.051162358373403972e-02
1.147000000000000000e+05 1.044185252239306951e-02
1.148000000000000000e+05 1.054579635461171117e-02
1.149000000000000000e+05 1.070064697414637410e-02
1.150000000000000000e+05 1.081101875752210617e-02
1.151000000000000000e+05 1.080509554594755173e-02
1.152000000000000000e+05 1.084131576120853438e-02
1.153000000000000000e+05 1.107666760062178159e-02
1.154000000000000000e+05 1.163644064217808118e-02
1.155000000000000000e+05 1.223792694509029388e-02
1.156000000000000000e+05 1.256023546059926305e-02
1.157000000000000000e+05 1.260671031661331730e-02
1.158000000000000000e+05 1.258970186114311343e-02
1.159000000000000000e+05 1.264276118949055581e-02
1.160000000000000000e+05 1.286941145857175249e-02
1.161000000000000000e+05 1.305123299360275851e-02
1.162000000000000000e+05 1.298222027719020573e-02
1.163000000000000000e+05 1.268531925976276037e-02
1.164000000000000000e+05 1.210365775972607576e-02
1.165000000000000000e+05 1.140968455001711845e-02
1.166000000000000000e+05 1.084695631017286617e-02
1.167000000000000000e+05 1.060004159808158875e-02
1.168000000000000000e+05 1.034994423389434988e-02
1.169000000000000000e+05 9.886294951041580889e-03
1.170000000000000000e+05 9.353567752987155398e-03
1.171000000000000000e+05 8.803712713221747282e-03
1.172000000000000000e+05 8.291184343397640238e-03
1.173000000000000000e+05 7.832870967686183378e-03
1.174000000000000000e+05 7.261309673388807034e-03
1.175000000000000000e+05 6.128140958026051521e-03
1.176000000000000000e+05 4.682660354301363369e-03
1.177000000000000000e+05 3.881064799303844508e-03
1.178000000000000000e+05 3.593100933358073235e-03
1.179000000000000000e+05 4.075404640752820946e-03
1.180000000000000000e+05 4.578407357136379113e-03
1.181000000000000000e+05 4.868056580113852734e-03
1.182000000000000000e+05 5.137769505381584167e-03
1.183000000000000000e+05 5.291352514177560806e-03
1.184000000000000000e+05 5.417802495261035516e-03
1.185000000000000000e+05 5.377260269597172737e-03
1.186000000000000000e+05 5.314372734477125319e-03
1.187000000000000000e+05 5.267553968975941490e-03
1.188000000000000000e+05 5.230356100946664463e-03
1.189000000000000000e+05 5.215737824328243490e-03
1.190000000000000000e+05 5.248501632983485973e-03
1.191000000000000000e+05 5.271428409032523008e-03
1.192000000000000000e+05 5.282319659988081277e-03
1.193000000000000000e+05 5.086703907387956150e-03
1.194000000000000000e+05 4.880428267642846277e-03
1.195000000000000000e+05 4.607208414624137764e-03
1.196000000000000000e+05 4.317766235520461432e-03
1.197000000000000000e+05 3.930905761662890907e-03
1.198000000000000000e+05 3.527720756828806471e-03
1.199000000000000000e+05 3.703851252794265747e-03
