9.000000000000000000e+04 1.581804640591144562e-02
9.010000000000000000e+04 1.546280400361864371e-02
9.020000000000000000e+04 1.508924412230649298e-02
9.030000000000000000e+04 1.553962300997229970e-02
9.040000000000000000e+04 1.709262592097123695e-02
9.050000000000000000e+04 1.855301127458609811e-02
9.060000000000000000e+04 1.845110958442091470e-02
9.070000000000000000e+04 1.803372590181727408e-02
9.080000000000000000e+04 1.793930770208437830e-02
9.090000000000000000e+04 1.878550333902238162e-02
9.100000000000000000e+04 1.983898306886351659e-02
9.110000000000000000e+04 2.088767009476819383e-02
9.120000000000000000e+04 2.189348224550487915e-02
9.130000000000000000e+04 2.282720615155998251e-02
9.140000000000000000e+04 2.359283870086071461e-02
9.150000000000000000e+04 2.423296831548213404e-02
9.160000000000000000e+04 2.478509106983741578e-02
9.170000000000000000e+04 2.526466984612246378e-02
9.180000000000000000e+04 2.566741891205311793e-02
9.190000000000000000e+04 2.592048818866411058e-02
9.200000000000000000e+04 2.601252440363168578e-02
9.210000000000000000e+04 2.613924542441964025e-02
9.220000000000000000e+04 2.638219495614368970e-02
9.230000000000000000e+04 2.670487589202821116e-02
9.240000000000000000e+04 2.675623372197151115e-02
9.250000000000000000e+04 2.664147573523224094e-02
9.260000000000000000e+04 2.647416464984417295e-02
9.270000000000000000e+04 2.639762762002646757e-02
9.280000000000000000e+04 2.643866588672002388e-02
9.290000000000000000e+04 2.659871241077781112e-02
9.300000000000000000e+04 2.682988755404949743e-02
9.310000000000000000e+04 2.711420113220809613e-02
9.320000000000000000e+04 2.743842634061972180e-02
9.330000000000000000e+04 2.780094133689999664e-02
9.340000000000000000e+04 2.815705439696709542e-02
9.350000000000000000e+04 2.839837637729943076e-02
9.360000000000000000e+04 2.847347233444452036e-02
9.370000000000000000e+04 2.856802405789494320e-02
9.380000000000000000e+04 2.873828681185841560e-02
9.390000000000000000e+04 2.898194620385767181e-02
9.400000000000000000e+04 2.926258817315101346e-02
9.410000000000000000e+04 2.951338303585847311e-02
9.420000000000000000e+04 2.970681540668011072e-02
9.430000000000000000e+04 2.997036014373103546e-02
9.440000000000000000e+04 3.036335829645397597e-02
9.450000000000000000e+04 3.091286383569240639e-02
9.460000000000000000e+04 3.139635954052210493e-02
9.470000000000000000e+04 3.174096120521426034e-02
9.480000000000000000e+04 3.195354200899599983e-02
9.490000000000000000e+04 3.204975880061586291e-02
9.500000000000000000e+04 3.206548498322565888e-02
9.510000000000000000e+04 3.194904265925287146e-02
9.520000000000000000e+04 3.161987873415152139e-02
9.530000000000000000e+04 3.114596518377462514e-02
9.540000000000000000e+04 3.060065915808082154e-02
9.550000000000000000e+04 3.019513906911015094e-02
9.560000000000000000e+04 2.997349002708990864e-02
9.570000000000000000e+04 2.979676024056971545e-02
9.580000000000000000e+04 2.955970739324887547e-02
9.590000000000000000e+04 2.927905191046496075e-02
9.600000000000000000e+04 2.899554874747991076e-02
9.610000000000000000e+04 2.883249873295426480e-02
9.620000000000000000e+04 2.890472761665780627e-02
9.630000000000000000e+04 2.919761356897651594e-02
9.640000000000000000e+04 2.957227061192195527e-02
9.650000000000000000e+04 2.999922834957639839e-02
9.660000000000000000e+04 3.043945863842963812e-02
9.670000000000000000e+04 3.092542416105669573e-02
9.680000000000000000e+04 3.141300105800232112e-02
9.690000000000000000e+04 3.186030600219964121e-02
9.700000000000000000e+04 3.211454326907793588e-02
9.710000000000000000e+04 3.212847021097937905e-02
9.720000000000000000e+04 3.193654723465443046e-02
9.730000000000000000e+04 3.172819285963972974e-02
9.740000000000000000e+04 3.156106551488241374e-02
9.750000000000000000e+04 3.139140550047159195e-02
9.760000000000000000e+04 3.120127625763417095e-02
9.770000000000000000e+04 3.100733677235742447e-02
9.780000000000000000e+04 3.084399338811636207e-02
9.790000000000000000e+04 3.076239890729387527e-02
9.800000000000000000e+04 3.076628427952528277e-02
9.810000000000000000e+04 3.091428589075804340e-02
9.820000000000000000e+04 3.113098325828711141e-02
9.830000000000000000e+04 3.135649700959522446e-02
9.840000000000000000e+04 3.152685061097144914e-02
9.850000000000000000e+04 3.169886457423368165e-02
9.860000000000000000e+04 3.194671820849179222e-02
9.870000000000000000e+04 3.227570334449410272e-02
9.880000000000000000e+04 3.273982564608259038e-02
9.890000000000000000e+04 3.354417979717256443e-02
9.900000000000000000e+04 3.461529593914751401e-02
9.910000000000000000e+04 3.553703951338926803e-02
9.920000000000000000e+04 3.626538477838039953e-02
9.930000000000000000e+04 3.691927492618559542e-02
9.940000000000000000e+04 3.732564556101958253e-02
9.950000000000000000e+04 3.762750470389922275e-02
9.960000000000000000e+04 3.765065319836140290e-02
9.970000000000000000e+04 3.727043105289339769e-02
9.980000000000000000e+04 3.675954021513461178e-02
9.990000000000000000e+04 3.618509901687502750e-02
1.000000000000000000e+05 3.598043074210484360e-02
1.001000000000000000e+05 3.627853312219181392e-02
1.002000000000000000e+05 3.672291446477175814e-02
1.003000000000000000e+05 3.679718726625044734e-02
1.004000000000000000e+05 3.679755777120589932e-02
1.005000000000000000e+05 3.689797446131706793e-02
1.006000000000000000e+05 3.736726549764476935e-02
1.007000000000000000e+05 3.824825979148348959e-02
1.008000000000000000e+05 3.898915708065032321e-02
1.009000000000000000e+05 3.927427668124439109e-02
1.010000000000000000e+05 3.889759617547194903e-02
1.011000000000000000e+05 3.859980827197431741e-02
1.012000000000000000e+05 3.922549078861872762e-02
1.013000000000000000e+05 3.981199448307354283e-02
1.014000000000000000e+05 3.958556838333614908e-02
1.015000000000000000e+05 3.772508343681697796e-02
1.016000000000000000e+05 3.604993256429826765e-02
1.017000000000000000e+05 3.582799993455411391e-02
1.018000000000000000e+05 3.676819176723562094e-02
1.019000000000000000e+05 3.813954198732968232e-02
1.020000000000000000e+05 3.926027081906792449e-02
1.021000000000000000e+05 3.974778894955913189e-02
1.022000000000000000e+05 3.970518091072638978e-02
1.023000000000000000e+05 3.943997135385869657e-02
1.024000000000000000e+05 3.962763674557208404e-02
1.025000000000000000e+05 3.990026904890933701e-02
1.026000000000000000e+05 3.987631615251303885e-02
1.027000000000000000e+05 3.946960913017391603e-02
1.028000000000000000e+05 3.932600634793440020e-02
1.029000000000000000e+05 3.911441044881940055e-02
1.030000000000000000e+05 3.841910455375913136e-02
1.031000000000000000e+05 3.758695653329292841e-02
1.032000000000000000e+05 3.740409538149833818e-02
1.033000000000000000e+05 3.716454032808541585e-02
1.034000000000000000e+05 3.671510123958190291e-02
1.035000000000000000e+05 3.618576405569909338e-02
1.036000000000000000e+05 3.556361511349678817e-02
1.037000000000000000e+05 3.506625945369402919e-02
1.038000000000000000e+05 3.478519745171068656e-02
1.039000000000000000e+05 3.446605869258441424e-02
1.040000000000000000e+05 3.394619971513749418e-02
1.041000000000000000e+05 3.412344077602027376e-02
1.042000000000000000e+05 3.458426937460899742e-02
1.043000000000000000e+05 3.491019321605563774e-02
1.044000000000000000e+05 3.521950766444206099e-02
1.045000000000000000e+05 3.580026666944226277e-02
1.046000000000000000e+05 3.610803062717118928e-02
1.047000000000000000e+05 3.627041308209300041e-02
1.048000000000000000e+05 3.670763832827408923e-02
1.049000000000000000e+05 3.729410206278165052e-02
1.050000000000000000e+05 3.785786405205726624e-02
1.051000000000000000e+05 3.836802810430524346e-02
1.052000000000000000e+05 3.878201367954412643e-02
1.053000000000000000e+05 3.883748225867748177e-02
1.054000000000000000e+05 3.840777100374298536e-02
1.055000000000000000e+05 3.771228070060411025e-02
1.056000000000000000e+05 3.747862480580808897e-02
1.057000000000000000e+05 3.794721466178695157e-02
1.058000000000000000e+05 3.863861728459595801e-02
1.059000000000000000e+05 3.917358415201307315e-02
1.060000000000000000e+05 3.919760162631669848e-02
1.061000000000000000e+05 3.870113280291360980e-02
1.062000000000000000e+05 3.789569597691300196e-02
1.063000000000000000e+05 3.701487673446537952e-02
1.064000000000000000e+05 3.648849519590537105e-02
1.065000000000000000e+05 3.681559674441813035e-02
1.066000000000000000e+05 3.804906338453292736e-02
1.067000000000000000e+05 3.953236383075517391e-02
1.068000000000000000e+05 4.071559369564054648e-02
1.069000000000000000e+05 4.122084982693195038e-02
1.070000000000000000e+05 4.133510614434877939e-02
1.071000000000000000e+05 4.160174150019883832e-02
1.072000000000000000e+05 4.224253942569091563e-02
1.073000000000000000e+05 4.327406509468952056e-02
1.074000000000000000e+05 4.373431928455830120e-02
1.075000000000000000e+05 4.313380426416795616e-02
1.076000000000000000e+05 4.198088054855661500e-02
1.077000000000000000e+05 4.100913930684323833e-02
1.078000000000000000e+05 4.056510922809442032e-02
1.079000000000000000e+05 3.977022157981995043e-02
1.080000000000000000e+05 3.844254687428472206e-02
1.081000000000000000e+05 3.701742487028242962e-02
1.082000000000000000e+05 3.636709261685611150e-02
1.083000000000000000e+05 3.647380543872713599e-02
1.084000000000000000e+05 3.693930231034754652e-02
1.085000000000000000e+05 3.759065428748728510e-02
1.086000000000000000e+05 3.833803992718458342e-02
1.087000000000000000e+05 3.911813512444498042e-02
1.088000000000000000e+05 4.008922440310319635e-02
1.089000000000000000e+05 4.128017909824843734e-02
1.090000000000000000e+05 4.279719162732361498e-02
1.091000000000000000e+05 4.375489600002768070e-02
1.092000000000000000e+05 4.356720097362994093e-02
1.093000000000000000e+05 4.269323036074639671e-02
1.094000000000000000e+05 4.175089646130803606e-02
1.095000000000000000e+05 4.098911825567484735e-02
1.096000000000000000e+05 4.005123712122439505e-02
1.097000000000000000e+05 3.911629817758993655e-02
1.098000000000000000e+05 3.829213496297594055e-02
1.099000000000000000e+05 3.758272505675750580e-02
1.100000000000000000e+05 3.711028210818767548e-02
1.101000000000000000e+05 3.661462515592574934e-02
1.102000000000000000e+05 3.593889205406107512e-02
1.103000000000000000e+05 3.491137182340026818e-02
1.104000000000000000e+05 3.373508632183080252e-02
1.105000000000000000e+05 3.288748400906724156e-02
1.106000000000000000e+05 3.243838929881652511e-02
1.107000000000000000e+05 3.237583909183740921e-02
1.108000000000000000e+05 3.242775445183118666e-02
1.109000000000000000e+05 3.257987722133597053e-02
1.110000000000000000e+05 3.295154031366109848e-02
1.111000000000000000e+05 3.350203826402623625e-02
1.112000000000000000e+05 3.393986282249292219e-02
1.113000000000000000e+05 3.404298059642314744e-02
1.114000000000000000e+05 3.418672415117421370e-02
1.115000000000000000e+05 3.453017973030605980e-02
1.116000000000000000e+05 3.503396585583687384e-02
1.117000000000000000e+05 3.498232168455918389e-02
1.118000000000000000e+05 3.372284370164071315e-02
1.119000000000000000e+05 3.232480075210329706e-02
1.120000000000000000e+05 3.195575512945653118e-02
1.121000000000000000e+05 3.335907466709604752e-02
1.122000000000000000e+05 3.580252856016157004e-02
1.123000000000000000e+05 3.777534825727351525e-02
1.124000000000000000e+05 3.809383327762283500e-02
1.125000000000000000e+05 3.678215388208630476e-02
1.126000000000000000e+05 3.586532273640237467e-02
1.127000000000000000e+05 3.617983578393856037e-02
1.128000000000000000e+05 3.671139121055604082e-02
1.129000000000000000e+05 3.716045886278153410e-02
1.130000000000000000e+05 3.758704562981923791e-02
1.131000000000000000e+05 3.713855896145105973e-02
1.132000000000000000e+05 3.574580381313964550e-02
1.133000000000000000e+05 3.511731570586559825e-02
1.134000000000000000e+05 3.526246760040521039e-02
1.135000000000000000e+05 3.511008499190214349e-02
1.136000000000000000e+05 3.441730087002117106e-02
1.137000000000000000e+05 3.438773039728403036e-02
1.138000000000000000e+05 3.496652968227860481e-02
1.139000000000000000e+05 3.589708263054491866e-02
1.140000000000000000e+05 3.651597164571283166e-02
1.141000000000000000e+05 3.616744027162591135e-02
1.142000000000000000e+05 3.558069138477245458e-02
1.143000000000000000e+05 3.587961161509158059e-02
1.144000000000000000e+05 3.635692005356151724e-02
1.145000000000000000e+05 3.613664160172148920e-02
1.146000000000000000e+05 3.493105906993151932e-02
1.147000000000000000e+05 3.385635014002522786e-02
1.148000000000000000e+05 3.354952255884804946e-02
1.149000000000000000e+05 3.377404788509011380e-02
1.150000000000000000e+05 3.399794207264980606e-02
1.151000000000000000e+05 3.387494611864288324e-02
1.152000000000000000e+05 3.360926523804663724e-02
1.153000000000000000e+05 3.393927000463009547e-02
1.154000000000000000e+05 3.540225697060422894e-02
1.155000000000000000e+05 3.739063423126935681e-02
1.156000000000000000e+05 3.876677155494692717e-02
1.157000000000000000e+05 3.886678761492169676e-02
1.158000000000000000e+05 3.829829707741737310e-02
1.159000000000000000e+05 3.856270608802638000e-02
1.160000000000000000e+05 4.025094322860249541e-02
1.161000000000000000e+05 4.243679719045759247e-02
1.162000000000000000e+05 4.308277819305657286e-02
1.163000000000000000e+05 4.158341707661751541e-02
1.164000000000000000e+05 3.957852564752105395e-02
1.165000000000000000e+05 3.777452229211728657e-02
1.166000000000000000e+05 3.630728799849741728e-02
1.167000000000000000e+05 3.496800227090708646e-02
1.168000000000000000e+05 3.343230247497559066e-02
1.169000000000000000e+05 3.161705829824019987e-02
1.170000000000000000e+05 2.952696923166515247e-02
1.171000000000000000e+05 2.749555050705863521e-02
1.172000000000000000e+05 2.556611525515715272e-02
1.173000000000000000e+05 2.345510997809480136e-02
1.174000000000000000e+05 2.038647720279802150e-02
1.175000000000000000e+05 1.503494257728259578e-02
1.176000000000000000e+05 9.929889040067727685e-03
1.177000000000000000e+05 6.858056800750424696e-03
1.178000000000000000e+05 6.488714081545696871e-03
1.179000000000000000e+05 8.039048106875295099e-03
1.180000000000000000e+05 9.732742716247771986e-03
1.181000000000000000e+05 1.049967275311549861e-02
1.182000000000000000e+05 1.037011507898568871e-02
1.183000000000000000e+05 1.000291060656311598e-02
1.184000000000000000e+05 9.776524702707935222e-03
1.185000000000000000e+05 9.427259536460050326e-03
1.186000000000000000e+05 9.122623431806763800e-03
1.187000000000000000e+05 9.020300785390036186e-03
1.188000000000000000e+05 8.887807130813595372e-03
1.189000000000000000e+05 8.773583599055802956e-03
1.190000000000000000e+05 8.832742708424729666e-03
1.191000000000000000e+05 9.087704531848421474e-03
1.192000000000000000e+05 9.118460013220711091e-03
1.193000000000000000e+05 8.606154661004748740e-03
1.194000000000000000e+05 7.805771748535349566e-03
1.195000000000000000e+05 6.963564509836336555e-03
1.196000000000000000e+05 6.403743019327499605e-03
1.197000000000000000e+05 5.774713614955571603e-03
1.198000000000000000e+05 5.251949643716238847e-03
1.199000000000000000e+05 5.248651313595426547e-03
