9.000000000000000000e+04 9.051816537976264954e-03
9.010000000000000000e+04 8.749389812971153715e-03
9.020000000000000000e+04 8.497202868262923939e-03
9.030000000000000000e+04 9.175808317959312232e-03
9.040000000000000000e+04 1.006307774533827214e-02
9.050000000000000000e+04 1.040830680479606397e-02
9.060000000000000000e+04 1.049289096146821879e-02
9.070000000000000000e+04 1.058078808709979161e-02
9.080000000000000000e+04 1.071587003767490026e-02
9.090000000000000000e+04 1.096500772982837366e-02
9.100000000000000000e+04 1.149167542656261490e-02
9.110000000000000000e+04 1.200243689119813092e-02
9.120000000000000000e+04 1.253300830721853013e-02
9.130000000000000000e+04 1.300417246917882734e-02
9.140000000000000000e+04 1.339139810452856343e-02
9.150000000000000000e+04 1.372514851391315460e-02
9.160000000000000000e+04 1.389891948550939400e-02
9.170000000000000000e+04 1.402647949755191081e-02
9.180000000000000000e+04 1.383533278480174322e-02
9.190000000000000000e+04 1.342008016382656085e-02
9.200000000000000000e+04 1.298125702887772438e-02
9.210000000000000000e+04 1.258345808833835795e-02
9.220000000000000000e+04 1.229259607692559549e-02
9.230000000000000000e+04 1.220325171637038318e-02
9.240000000000000000e+04 1.206473521888256663e-02
9.250000000000000000e+04 1.183912266666690971e-02
9.260000000000000000e+04 1.161599259202678903e-02
9.270000000000000000e+04 1.151027081534267138e-02
9.280000000000000000e+04 1.146714559445778311e-02
9.290000000000000000e+04 1.149356491553287125e-02
9.300000000000000000e+04 1.159940864890813932e-02
9.310000000000000000e+04 1.176444677636026906e-02
9.320000000000000000e+04 1.197620373219251792e-02
9.330000000000000000e+04 1.216565437614917748e-02
9.340000000000000000e+04 1.231848940253257169e-02
9.350000000000000000e+04 1.236108184481660675e-02
9.360000000000000000e+04 1.227219682186841444e-02
9.370000000000000000e+04 1.217790078371763264e-02
9.380000000000000000e+04 1.225682038813829915e-02
9.390000000000000000e+04 1.236148649826645379e-02
9.400000000000000000e+04 1.246627364307642018e-02
9.410000000000000000e+04 1.254165280920763528e-02
9.420000000000000000e+04 1.260249558836221660e-02
9.430000000000000000e+04 1.273380814741055175e-02
9.440000000000000000e+04 1.301895444591840909e-02
9.450000000000000000e+04 1.343257306143640258e-02
9.460000000000000000e+04 1.371330190449953843e-02
9.470000000000000000e+04 1.386504769325256833e-02
9.480000000000000000e+04 1.394694603979587492e-02
9.490000000000000000e+04 1.399245997890830040e-02
9.500000000000000000e+04 1.396451921512683290e-02
9.510000000000000000e+04 1.379754084162413894e-02
9.520000000000000000e+04 1.347862329334020316e-02
9.530000000000000000e+04 1.301539776225885299e-02
9.540000000000000000e+04 1.257020661607383821e-02
9.550000000000000000e+04 1.225378927774727414e-02
9.560000000000000000e+04 1.214430833856264616e-02
9.570000000000000000e+04 1.206121114082634588e-02
9.580000000000000000e+04 1.193923715502024328e-02
9.590000000000000000e+04 1.179536859194438292e-02
9.600000000000000000e+04 1.170136686414480209e-02
9.610000000000000000e+04 1.164778993154565179e-02
9.620000000000000000e+04 1.169012673199176962e-02
9.630000000000000000e+04 1.176389586180448532e-02
9.640000000000000000e+04 1.181525010615587165e-02
9.650000000000000000e+04 1.191869783215225055e-02
9.660000000000000000e+04 1.215657655149697536e-02
9.670000000000000000e+04 1.248338036239146805e-02
9.680000000000000000e+04 1.288812370349961406e-02
9.690000000000000000e+04 1.322355337440967067e-02
9.700000000000000000e+04 1.332318317145108830e-02
9.710000000000000000e+04 1.324910499155521060e-02
9.720000000000000000e+04 1.299423906952143146e-02
9.730000000000000000e+04 1.279286218496660486e-02
9.740000000000000000e+04 1.260328490287064389e-02
9.750000000000000000e+04 1.242618681862950325e-02
9.760000000000000000e+04 1.224725122253099950e-02
9.770000000000000000e+04 1.204568147969742320e-02
9.780000000000000000e+04 1.190855186432599952e-02
9.790000000000000000e+04 1.180534070668120758e-02
9.800000000000000000e+04 1.178614385426044603e-02
9.810000000000000000e+04 1.184557087719440363e-02
9.820000000000000000e+04 1.193843590716520651e-02
9.830000000000000000e+04 1.200297269349297029e-02
9.840000000000000000e+04 1.200225319713353958e-02
9.850000000000000000e+04 1.192920318183799712e-02
9.860000000000000000e+04 1.183529779935876131e-02
9.870000000000000000e+04 1.177886883728206796e-02
9.880000000000000000e+04 1.180349911252657515e-02
9.890000000000000000e+04 1.201302707195281427e-02
9.900000000000000000e+04 1.230723774060606644e-02
9.910000000000000000e+04 1.261920631863175379e-02
9.920000000000000000e+04 1.292750697582958561e-02
9.930000000000000000e+04 1.320700874552129846e-02
9.940000000000000000e+04 1.343916526064275682e-02
9.950000000000000000e+04 1.358839844663938153e-02
9.960000000000000000e+04 1.353707741945982257e-02
9.970000000000000000e+04 1.334183773025870816e-02
9.980000000000000000e+04 1.310500875115394419e-02
9.990000000000000000e+04 1.291559197939932263e-02
1.000000000000000000e+05 1.288455476363499497e-02
1.001000000000000000e+05 1.296606615185737395e-02
1.002000000000000000e+05 1.305822998285293551e-02
1.003000000000000000e+05 1.307248540222644487e-02
1.004000000000000000e+05 1.307711197684208529e-02
1.005000000000000000e+05 1.318296724930405860e-02
1.006000000000000000e+05 1.341392541925113570e-02
1.007000000000000000e+05 1.366237802430988156e-02
1.008000000000000000e+05 1.384952921420336269e-02
1.009000000000000000e+05 1.381626309206088199e-02
1.010000000000000000e+05 1.368466150015593824e-02
1.011000000000000000e+05 1.366115026175974100e-02
1.012000000000000000e+05 1.377842901895443700e-02
1.013000000000000000e+05 1.376127890000740546e-02
1.014000000000000000e+05 1.336919322609900207e-02
1.015000000000000000e+05 1.274456502869726789e-02
1.016000000000000000e+05 1.230466846376658020e-02
1.017000000000000000e+05 1.218708146363495400e-02
1.018000000000000000e+05 1.252530494704841291e-02
1.019000000000000000e+05 1.301436996087432935e-02
1.020000000000000000e+05 1.338169947266578709e-02
1.021000000000000000e+05 1.357593076924483097e-02
1.022000000000000000e+05 1.365291718393564155e-02
1.023000000000000000e+05 1.368967603892087825e-02
1.024000000000000000e+05 1.371616637955108686e-02
1.025000000000000000e+05 1.369106203007200775e-02
1.026000000000000000e+05 1.356780521571636366e-02
1.027000000000000000e+05 1.335788158078988520e-02
1.028000000000000000e+05 1.320242080837487862e-02
1.029000000000000000e+05 1.303807935677468548e-02
1.030000000000000000e+05 1.284281518310308179e-02
1.031000000000000000e+05 1.268055306747555878e-02
1.032000000000000000e+05 1.255557019263506789e-02
1.033000000000000000e+05 1.245049882680178237e-02
1.034000000000000000e+05 1.224784949173529994e-02
1.035000000000000000e+05 1.200428921729327497e-02
1.036000000000000000e+05 1.172849413007497066e-02
1.037000000000000000e+05 1.154396620889504115e-02
1.038000000000000000e+05 1.141813587397337050e-02
1.039000000000000000e+05 1.130647007375955131e-02
1.040000000000000000e+05 1.124820330490668326e-02
1.041000000000000000e+05 1.130848059430718255e-02
1.042000000000000000e+05 1.147779632359743895e-02
1.043000000000000000e+05 1.165209336206318030e-02
1.044000000000000000e+05 1.181731119751930001e-02
1.045000000000000000e+05 1.193676171824335427e-02
1.046000000000000000e+05 1.197564174110690716e-02
1.047000000000000000e+05 1.204086571931838739e-02
1.048000000000000000e+05 1.216254887481530052e-02
1.049000000000000000e+05 1.236045946056643988e-02
1.050000000000000000e+05 1.263807062059640884e-02
1.051000000000000000e+05 1.287872089073062096e-02
1.052000000000000000e+05 1.293970476835966214e-02
1.053000000000000000e+05 1.281731497496365994e-02
1.054000000000000000e+05 1.255685105919836751e-02
1.055000000000000000e+05 1.229326655156910697e-02
1.056000000000000000e+05 1.223401695489883395e-02
1.057000000000000000e+05 1.235465634614230611e-02
1.058000000000000000e+05 1.246281952286759989e-02
1.059000000000000000e+05 1.256484890356658959e-02
1.060000000000000000e+05 1.247798341015973929e-02
1.061000000000000000e+05 1.219043564051387925e-02
1.062000000000000000e+05 1.181030292063951423e-02
1.063000000000000000e+05 1.144736249931157038e-02
1.064000000000000000e+05 1.131849431743225075e-02
1.065000000000000000e+05 1.152951018884777919e-02
1.066000000000000000e+05 1.198941234499215774e-02
1.067000000000000000e+05 1.250572654418649968e-02
1.068000000000000000e+05 1.297937899827955079e-02
1.069000000000000000e+05 1.323968275450169985e-02
1.070000000000000000e+05 1.338839624077082201e-02
1.071000000000000000e+05 1.347580036148428827e-02
1.072000000000000000e+05 1.361757279684145706e-02
1.073000000000000000e+05 1.380763677259285761e-02
1.074000000000000000e+05 1.387361515313385342e-02
1.075000000000000000e+05 1.366159040480853515e-02
1.076000000000000000e+05 1.334264669567348030e-02
1.077000000000000000e+05 1.306614243425428465e-02
1.078000000000000000e+05 1.279100747158129318e-02
1.079000000000000000e+05 1.237366233021022777e-02
1.080000000000000000e+05 1.175788696855310095e-02
1.081000000000000000e+05 1.123684441670776482e-02
1.082000000000000000e+05 1.094389714300632657e-02
1.083000000000000000e+05 1.090234022587538085e-02
1.084000000000000000e+05 1.110031721492609792e-02
1.085000000000000000e+05 1.148760101447505316e-02
1.086000000000000000e+05 1.185880564153193872e-02
1.087000000000000000e+05 1.222044678094481862e-02
1.088000000000000000e+05 1.264767491569122014e-02
1.089000000000000000e+05 1.302253335714342007e-02
1.090000000000000000e+05 1.335718572760619290e-02
1.091000000000000000e+05 1.347055902704597484e-02
1.092000000000000000e+05 1.333961356431247886e-02
1.093000000000000000e+05 1.302001883586249333e-02
1.094000000000000000e+05 1.260688226670029360e-02
1.095000000000000000e+05 1.221192497760059323e-02
1.096000000000000000e+05 1.182158373296261777e-02
1.097000000000000000e+05 1.149281809106467156e-02
1.098000000000000000e+05 1.119432196021079816e-02
1.099000000000000000e+05 1.099910258005061710e-02
1.100000000000000000e+05 1.088529049108425718e-02
1.101000000000000000e+05 1.072079634293913834e-02
1.102000000000000000e+05 1.052038024490077953e-02
1.103000000000000000e+05 1.008269861340522870e-02
1.104000000000000000e+05 9.688406586647029667e-03
1.105000000000000000e+05 9.421246995528558335e-03
1.106000000000000000e+05 9.314898662269114823e-03
1.107000000000000000e+05 9.298705616965892429e-03
1.108000000000000000e+05 9.339417777955532490e-03
1.109000000000000000e+05 9.494883393247922909e-03
1.110000000000000000e+05 9.702102281153202057e-03
1.111000000000000000e+05 9.929608162492510257e-03
1.112000000000000000e+05 1.010345002015433299e-02
1.113000000000000000e+05 1.015979841351508789e-02
1.114000000000000000e+05 1.019972798724969217e-02
1.115000000000000000e+05 1.023258659988641843e-02
1.116000000000000000e+05 1.024798113852739417e-02
1.117000000000000000e+05 1.010016265014807881e-02
1.118000000000000000e+05 9.714149453987698177e-03
1.119000000000000000e+05 9.417064990848293335e-03
1.120000000000000000e+05 9.476285117367897609e-03
1.121000000000000000e+05 9.844395822534950449e-03
1.122000000000000000e+05 1.041232816874980080e-02
1.123000000000000000e+05 1.083966375639040629e-02
1.124000000000000000e+05 1.084174574663241547e-02
1.125000000000000000e+05 1.061679632402955445e-02
1.126000000000000000e+05 1.047388929252822919e-02
1.127000000000000000e+05 1.045141704690953112e-02
1.128000000000000000e+05 1.055445060133934458e-02
1.129000000000000000e+05 1.062596883624792113e-02
1.130000000000000000e+05 1.059538715829451069e-02
1.131000000000000000e+05 1.039799565449357581e-02
1.132000000000000000e+05 1.010546399901310170e-02
1.133000000000000000e+05 9.927647672593593181e-03
1.134000000000000000e+05 9.820814318954941211e-03
1.135000000000000000e+05 9.648473312457422207e-03
1.136000000000000000e+05 9.495331036547823012e-03
1.137000000000000000e+05 9.519235817715503839e-03
1.138000000000000000e+05 9.710934180766328180e-03
1.139000000000000000e+05 9.926178576424716030e-03
1.140000000000000000e+05 9.984092228114612236e-03
1.141000000000000000e+05 9.948436922083301812e-03
1.142000000000000000e+05 9.863215641429029512e-03
1.143000000000000000e+05 9.881235668435694314e-03
1.144000000000000000e+05 9.857189804315567849e-03
1.145000000000000000e+05 9.804837778210640301e-03
1.146000000000000000e+05 9.682363271713257183e-03
1.147000000000000000e+05 9.655814021825789850e-03
1.148000000000000000e+05 9.741889896492160125e-03
1.149000000000000000e+05 9.911831598728892273e-03
1.150000000000000000e+05 1.001375603179137375e-02
1.151000000000000000e+05 1.004112360998988054e-02
1.152000000000000000e+05 1.008765980601310924e-02
1.153000000000000000e+05 1.042657955239218066e-02
1.154000000000000000e+05 1.093730730315051365e-02
1.155000000000000000e+05 1.143593974411487649e-02
1.156000000000000000e+05 1.177433352917432903e-02
1.157000000000000000e+05 1.181259368856748398e-02
1.158000000000000000e+05 1.178367033600806989e-02
1.159000000000000000e+05 1.202528772565229082e-02
1.160000000000000000e+05 1.251060658444958298e-02
1.161000000000000000e+05 1.292626162059603775e-02
1.162000000000000000e+05 1.284428695837656724e-02
1.163000000000000000e+05 1.244677269831300642e-02
1.164000000000000000e+05 1.157233156263826231e-02
1.165000000000000000e+05 1.067608191321295537e-02
1.166000000000000000e+05 1.015063036233186840e-02
1.167000000000000000e+05 9.856265038251876831e-03
1.168000000000000000e+05 9.534511454403394107e-03
1.169000000000000000e+05 9.140592130521943415e-03
1.170000000000000000e+05 8.657375071197754429e-03
1.171000000000000000e+05 8.187786353131155243e-03
1.172000000000000000e+05 7.725499942898755856e-03
1.173000000000000000e+05 7.349071986973288242e-03
1.174000000000000000e+05 6.743494570255255394e-03
1.175000000000000000e+05 5.560862986991786661e-03
1.176000000000000000e+05 4.308131560683215767e-03
1.177000000000000000e+05 3.699664818123000413e-03
1.178000000000000000e+05 3.382882759906351636e-03
1.179000000000000000e+05 3.623357042670266419e-03
1.180000000000000000e+05 4.109861173977422989e-03
1.181000000000000000e+05 4.454512830513226648e-03
1.182000000000000000e+05 4.669569991528996211e-03
1.183000000000000000e+05 4.805948274830977411e-03
1.184000000000000000e+05 4.858387888719634812e-03
1.185000000000000000e+05 4.869878897443413214e-03
1.186000000000000000e+05 4.820614137376353324e-03
1.187000000000000000e+05 4.774812087416647512e-03
1.188000000000000000e+05 4.723932780325417261e-03
1.189000000000000000e+05 4.667347550081712461e-03
1.190000000000000000e+05 4.746520829697445029e-03
1.191000000000000000e+05 4.838403388857843296e-03
1.192000000000000000e+05 4.760922230780132748e-03
1.193000000000000000e+05 4.610607894137510633e-03
1.194000000000000000e+05 4.399475641548626637e-03
1.195000000000000000e+05 4.141344556895402984e-03
1.196000000000000000e+05 3.838096320008246506e-03
1.197000000000000000e+05 3.439815607853244448e-03
1.198000000000000000e+05 3.138896200495467411e-03
1.199000000000000000e+05 3.279188778251408351e-03
