9.000000000000000000e+04 2.264015376567840576e-03
9.010000000000000000e+04 2.829973334834619617e-03
9.020000000000000000e+04 2.234492958523425811e-03
9.030000000000000000e+04 1.951582883484668770e-03
9.040000000000000000e+04 3.381628245115254287e-03
9.050000000000000000e+04 4.228697728831323430e-03
9.060000000000000000e+04 3.195073851384182869e-03
9.070000000000000000e+04 2.486408016799637050e-03
9.080000000000000000e+04 2.683096588589240980e-03
9.090000000000000000e+04 2.940885173156855461e-03
9.100000000000000000e+04 3.207247168757027325e-03
9.110000000000000000e+04 3.387214974500236519e-03
9.120000000000000000e+04 3.603767654858533193e-03
9.130000000000000000e+04 3.807091816173253408e-03
9.140000000000000000e+04 3.948773552353184065e-03
9.150000000000000000e+04 4.073027987033128738e-03
9.160000000000000000e+04 4.180269284794729812e-03
9.170000000000000000e+04 4.274047693858541372e-03
9.180000000000000000e+04 4.395248480141164711e-03
9.190000000000000000e+04 4.681428843177859629e-03
9.200000000000000000e+04 5.254992687453828235e-03
9.210000000000000000e+04 6.042701443657312425e-03
9.220000000000000000e+04 6.754830566545301854e-03
9.230000000000000000e+04 7.047183498119318629e-03
9.240000000000000000e+04 6.903314320370553675e-03
9.250000000000000000e+04 6.860843471561872166e-03
9.260000000000000000e+04 6.400045780465001694e-03
9.270000000000000000e+04 6.438925382681186943e-03
9.280000000000000000e+04 6.338188638910650756e-03
9.290000000000000000e+04 6.529533357049028056e-03
9.300000000000000000e+04 6.566687114536764493e-03
9.310000000000000000e+04 6.553816169810790931e-03
9.320000000000000000e+04 6.386274474983411921e-03
9.330000000000000000e+04 6.535300172399732474e-03
9.340000000000000000e+04 6.704755374230434578e-03
9.350000000000000000e+04 6.621795787941657865e-03
9.360000000000000000e+04 6.596226124092936620e-03
9.370000000000000000e+04 6.749279511471594634e-03
9.380000000000000000e+04 7.013858702654644089e-03
9.390000000000000000e+04 6.945910467766221175e-03
9.400000000000000000e+04 6.749929999932646231e-03
9.410000000000000000e+04 7.166637037104612792e-03
9.420000000000000000e+04 7.251449264585967808e-03
9.430000000000000000e+04 6.989226404887928165e-03
9.440000000000000000e+04 7.051740962391100757e-03
9.450000000000000000e+04 7.192780775949357899e-03
9.460000000000000000e+04 7.220680903022487669e-03
9.470000000000000000e+04 7.230834184835353839e-03
9.480000000000000000e+04 7.250752029940485920e-03
9.490000000000000000e+04 7.287533846683801747e-03
9.500000000000000000e+04 7.316140225157141685e-03
9.510000000000000000e+04 7.331972867250441568e-03
9.520000000000000000e+04 7.326556192710996160e-03
9.530000000000000000e+04 7.337320636336998325e-03
9.540000000000000000e+04 7.223072550259528567e-03
9.550000000000000000e+04 7.329988727966936686e-03
9.560000000000000000e+04 7.210534146676461122e-03
9.570000000000000000e+04 7.415470702107997136e-03
9.580000000000000000e+04 7.189318678962696926e-03
9.590000000000000000e+04 7.146144247769065788e-03
9.600000000000000000e+04 6.986787542700768384e-03
9.610000000000000000e+04 6.927986940524230239e-03
9.620000000000000000e+04 6.779867925991616036e-03
9.630000000000000000e+04 6.807192291598765203e-03
9.640000000000000000e+04 7.403034679591686054e-03
9.650000000000000000e+04 7.541359518654647959e-03
9.660000000000000000e+04 8.052385114133383745e-03
9.670000000000000000e+04 7.872811895795190154e-03
9.680000000000000000e+04 7.536442099759978024e-03
9.690000000000000000e+04 7.798247348982831686e-03
9.700000000000000000e+04 7.775089129184683569e-03
9.710000000000000000e+04 7.739005056209862475e-03
9.720000000000000000e+04 7.627767939120528445e-03
9.730000000000000000e+04 7.612509592436252776e-03
9.740000000000000000e+04 7.646793125507731631e-03
9.750000000000000000e+04 7.725167030002918350e-03
9.760000000000000000e+04 7.795597653215130887e-03
9.770000000000000000e+04 7.646333592322962329e-03
9.780000000000000000e+04 7.601289562880992473e-03
9.790000000000000000e+04 7.600678778253495971e-03
9.800000000000000000e+04 7.571123292048773101e-03
9.810000000000000000e+04 7.632850331719965783e-03
9.820000000000000000e+04 8.202784486735864578e-03
9.830000000000000000e+04 7.830305507717041230e-03
9.840000000000000000e+04 7.976809293031687093e-03
9.850000000000000000e+04 7.906398906682930369e-03
9.860000000000000000e+04 7.951346191888098922e-03
9.870000000000000000e+04 8.644386017695068064e-03
9.880000000000000000e+04 8.292812258005143392e-03
9.890000000000000000e+04 9.013783774959545358e-03
9.900000000000000000e+04 1.044282591901723664e-02
9.910000000000000000e+04 1.100678195711225250e-02
9.920000000000000000e+04 9.609509923805801407e-03
9.930000000000000000e+04 1.218278225045659607e-02
9.940000000000000000e+04 9.928151853382574318e-03
9.950000000000000000e+04 1.123644768570855948e-02
9.960000000000000000e+04 1.170148089528084273e-02
9.970000000000000000e+04 1.061692160243786487e-02
9.980000000000000000e+04 1.088104271640377360e-02
9.990000000000000000e+04 1.034497875720273227e-02
1.000000000000000000e+05 9.487517488499387641e-03
1.001000000000000000e+05 1.156065138212094418e-02
1.002000000000000000e+05 1.150137563236057481e-02
1.003000000000000000e+05 1.125358890897283984e-02
1.004000000000000000e+05 1.090029676755271439e-02
1.005000000000000000e+05 1.114910936448723980e-02
1.006000000000000000e+05 1.131687117430071193e-02
1.007000000000000000e+05 1.174598709059260920e-02
1.008000000000000000e+05 1.253312181681393890e-02
1.009000000000000000e+05 1.267801218355695675e-02
1.010000000000000000e+05 1.123678693547833056e-02
1.011000000000000000e+05 1.145387901924549770e-02
1.012000000000000000e+05 1.086362240215148905e-02
1.013000000000000000e+05 1.415178425610059965e-02
1.014000000000000000e+05 1.201161580160260006e-02
1.015000000000000000e+05 1.133499955758444748e-02
1.016000000000000000e+05 8.590412028133861955e-03
1.017000000000000000e+05 9.317911369726109005e-03
1.018000000000000000e+05 1.212548385684689319e-02
1.019000000000000000e+05 1.098283759007851607e-02
1.020000000000000000e+05 1.279574632644646728e-02
1.021000000000000000e+05 1.280661470722408227e-02
1.022000000000000000e+05 1.199012222699820558e-02
1.023000000000000000e+05 1.140044968575235421e-02
1.024000000000000000e+05 1.202189441770312728e-02
1.025000000000000000e+05 1.142704067751767333e-02
1.026000000000000000e+05 1.245836070738733092e-02
1.027000000000000000e+05 1.088549863547078750e-02
1.028000000000000000e+05 1.118907188375801651e-02
1.029000000000000000e+05 1.384479040745647052e-02
1.030000000000000000e+05 1.087110489606863545e-02
1.031000000000000000e+05 1.037724029272792461e-02
1.032000000000000000e+05 1.101986868306991697e-02
1.033000000000000000e+05 1.201600811133774968e-02
1.034000000000000000e+05 1.067809155831742421e-02
1.035000000000000000e+05 1.101958714425559788e-02
1.036000000000000000e+05 1.162998310600702953e-02
1.037000000000000000e+05 9.746565936754165993e-03
1.038000000000000000e+05 1.148961125873027705e-02
1.039000000000000000e+05 1.174573765136299221e-02
1.040000000000000000e+05 8.938425562034023331e-03
1.041000000000000000e+05 1.069196592085053243e-02
1.042000000000000000e+05 1.199270805033544537e-02
1.043000000000000000e+05 1.103829018461207484e-02
1.044000000000000000e+05 1.085319308564068261e-02
1.045000000000000000e+05 1.240139421230803188e-02
1.046000000000000000e+05 1.210800190145767952e-02
1.047000000000000000e+05 1.067746606655414071e-02
1.048000000000000000e+05 1.216715293005110610e-02
1.049000000000000000e+05 1.243569072335954512e-02
1.050000000000000000e+05 1.182484673336148262e-02
1.051000000000000000e+05 1.300522328354418444e-02
1.052000000000000000e+05 1.273932078232367995e-02
1.053000000000000000e+05 1.304299383889886803e-02
1.054000000000000000e+05 1.334810393551981098e-02
1.055000000000000000e+05 1.130014072793219561e-02
1.056000000000000000e+05 1.190920462831851490e-02
1.057000000000000000e+05 1.253677506620685597e-02
1.058000000000000000e+05 1.278816479568681448e-02
1.059000000000000000e+05 1.294050682336092030e-02
1.060000000000000000e+05 1.306502573813001292e-02
1.061000000000000000e+05 1.289890693500637432e-02
1.062000000000000000e+05 1.206042479723692593e-02
1.063000000000000000e+05 1.207075845139721215e-02
1.064000000000000000e+05 1.098156511783602435e-02
1.065000000000000000e+05 1.142271165736023775e-02
1.066000000000000000e+05 1.241150318955378667e-02
1.067000000000000000e+05 1.348621698096389918e-02
1.068000000000000000e+05 1.406285513192416514e-02
1.069000000000000000e+05 1.366480426241955051e-02
1.070000000000000000e+05 1.332229071607193144e-02
1.071000000000000000e+05 1.325244103558361961e-02
1.072000000000000000e+05 1.378783107424773335e-02
1.073000000000000000e+05 1.479225335332253269e-02
1.074000000000000000e+05 1.583656491711735517e-02
1.075000000000000000e+05 1.491743155444671259e-02
1.076000000000000000e+05 1.331447743500267962e-02
1.077000000000000000e+05 1.342393290251495119e-02
1.078000000000000000e+05 1.391802248234548685e-02
1.079000000000000000e+05 1.402522613294421988e-02
1.080000000000000000e+05 1.326291849836704756e-02
1.081000000000000000e+05 1.100755356252193506e-02
1.082000000000000000e+05 1.198188449566568725e-02
1.083000000000000000e+05 1.196851477958261675e-02
1.084000000000000000e+05 1.212717593957980851e-02
1.085000000000000000e+05 1.272791967106364636e-02
1.086000000000000000e+05 1.298276860266926909e-02
1.087000000000000000e+05 1.273781721169752607e-02
1.088000000000000000e+05 1.354480164746442970e-02
1.089000000000000000e+05 1.355048992671072094e-02
1.090000000000000000e+05 1.457332472006481194e-02
1.091000000000000000e+05 1.620533832659322090e-02
1.092000000000000000e+05 1.554164668545122627e-02
1.093000000000000000e+05 1.369448566188415616e-02
1.094000000000000000e+05 1.427950877075394309e-02
1.095000000000000000e+05 1.424658074975013178e-02
1.096000000000000000e+05 1.350821753342951875e-02
1.097000000000000000e+05 1.301335587787130765e-02
1.098000000000000000e+05 1.289499513804912706e-02
1.099000000000000000e+05 1.250953233490389657e-02
1.100000000000000000e+05 1.224322679142155965e-02
1.101000000000000000e+05 1.264785886742174695e-02
1.102000000000000000e+05 1.245212281743686075e-02
1.103000000000000000e+05 1.195326579424244549e-02
1.104000000000000000e+05 1.085271742194890941e-02
1.105000000000000000e+05 1.036392038998504642e-02
1.106000000000000000e+05 1.024819057434797967e-02
1.107000000000000000e+05 1.094128084834664928e-02
1.108000000000000000e+05 1.080724565933149570e-02
1.109000000000000000e+05 1.051628310854236560e-02
1.110000000000000000e+05 1.079591531306506313e-02
1.111000000000000000e+05 1.139572081156074723e-02
1.112000000000000000e+05 1.203118841474256490e-02
1.113000000000000000e+05 1.176128969527781912e-02
1.114000000000000000e+05 1.079944421847661012e-02
1.115000000000000000e+05 1.166369017834467149e-02
1.116000000000000000e+05 1.161284102126956472e-02
1.117000000000000000e+05 1.298313488252463010e-02
1.118000000000000000e+05 1.113373416786396508e-02
1.119000000000000000e+05 9.516292577609419476e-03
1.120000000000000000e+05 9.083916867772722642e-03
1.121000000000000000e+05 1.053235652235648412e-02
1.122000000000000000e+05 1.238409387879065363e-02
1.123000000000000000e+05 1.411521015688774194e-02
1.124000000000000000e+05 1.422791413341959604e-02
1.125000000000000000e+05 1.182616036385297775e-02
1.126000000000000000e+05 9.838622100651304991e-03
1.127000000000000000e+05 1.335441546359407081e-02
1.128000000000000000e+05 1.208587378263470055e-02
1.129000000000000000e+05 1.198165596307571718e-02
1.130000000000000000e+05 1.356680147970718009e-02
1.131000000000000000e+05 1.353855715133245839e-02
1.132000000000000000e+05 1.070073206598579768e-02
1.133000000000000000e+05 1.012272126662235733e-02
1.134000000000000000e+05 1.319326319731776651e-02
1.135000000000000000e+05 1.203383333049694304e-02
1.136000000000000000e+05 9.611611850559684256e-03
1.137000000000000000e+05 1.167059721425169755e-02
1.138000000000000000e+05 1.116182236000905909e-02
1.139000000000000000e+05 1.188538459129634579e-02
1.140000000000000000e+05 1.345095820724963830e-02
1.141000000000000000e+05 1.223827269393958084e-02
1.142000000000000000e+05 9.887552186846722962e-03
1.143000000000000000e+05 1.221287490800021525e-02
1.144000000000000000e+05 1.264749279245734256e-02
1.145000000000000000e+05 1.243497196895379867e-02
1.146000000000000000e+05 1.110923545435066676e-02
1.147000000000000000e+05 1.039112975200017289e-02
1.148000000000000000e+05 1.081665632004543201e-02
1.149000000000000000e+05 1.152831984683871588e-02
1.150000000000000000e+05 1.178231074785193386e-02
1.151000000000000000e+05 1.167257962127527665e-02
1.152000000000000000e+05 1.089784346520902489e-02
1.153000000000000000e+05 9.972046980013436757e-03
1.154000000000000000e+05 1.174306535162029930e-02
1.155000000000000000e+05 1.338973385281860828e-02
1.156000000000000000e+05 1.405090693384409423e-02
1.157000000000000000e+05 1.368578639502327290e-02
1.158000000000000000e+05 1.276821214705709667e-02
1.159000000000000000e+05 1.100727384599551120e-02
1.160000000000000000e+05 1.360011895497626432e-02
1.161000000000000000e+05 1.578418333083390218e-02
1.162000000000000000e+05 1.600851248949765673e-02
1.163000000000000000e+05 1.402567937970172936e-02
1.164000000000000000e+05 1.274559060111641814e-02
1.165000000000000000e+05 1.271472147976358824e-02
1.166000000000000000e+05 1.197591464656095825e-02
1.167000000000000000e+05 1.146944847889242933e-02
1.168000000000000000e+05 1.133987821638585136e-02
1.169000000000000000e+05 1.097984844818707117e-02
1.170000000000000000e+05 9.293924830853898117e-03
1.171000000000000000e+05 8.178740037449932360e-03
1.172000000000000000e+05 6.819796233127449134e-03
1.173000000000000000e+05 6.471490850672148923e-03
1.174000000000000000e+05 6.843460813785554563e-03
1.175000000000000000e+05 7.915099345458358193e-03
1.176000000000000000e+05 1.668562409468037988e-03
1.177000000000000000e+05 7.263919338583963792e-04
1.178000000000000000e+05 1.444783279051361710e-03
1.179000000000000000e+05 1.739012877224003790e-03
1.180000000000000000e+05 2.774505084380498709e-03
1.181000000000000000e+05 2.684611837224420809e-03
1.182000000000000000e+05 1.919418729376036557e-03
1.183000000000000000e+05 1.963665531560156857e-03
1.184000000000000000e+05 2.068792525678872680e-03
1.185000000000000000e+05 2.002154424553753177e-03
1.186000000000000000e+05 1.570193904141590916e-03
1.187000000000000000e+05 1.910339865523075567e-03
1.188000000000000000e+05 1.847095093689861845e-03
1.189000000000000000e+05 1.424677483349423264e-03
1.190000000000000000e+05 1.771333499345917632e-03
1.191000000000000000e+05 1.893097158754244828e-03
1.192000000000000000e+05 1.996150310151274376e-03
1.193000000000000000e+05 1.857568492996492784e-03
1.194000000000000000e+05 1.413195182103657577e-03
1.195000000000000000e+05 1.258883470048511970e-03
1.196000000000000000e+05 1.237929227451484322e-03
1.197000000000000000e+05 1.193956246133895307e-03
1.198000000000000000e+05 9.812799945939586731e-04
1.199000000000000000e+05 8.286941202822968632e-04
