9.000000000000000000e+04 2.005373500287532806e-02
9.010000000000000000e+04 2.864485941206467226e-02
9.020000000000000000e+04 2.796098557611147867e-02
9.030000000000000000e+04 1.701662346720677482e-02
9.040000000000000000e+04 3.356414847075939178e-02
9.050000000000000000e+04 4.745789232353366666e-02
9.060000000000000000e+04 3.551593400537927242e-02
9.070000000000000000e+04 2.098867467915018631e-02
9.080000000000000000e+04 2.227971357603883776e-02
9.090000000000000000e+04 2.434689735993732923e-02
9.100000000000000000e+04 2.665845279892279859e-02
9.110000000000000000e+04 2.851147415116429829e-02
9.120000000000000000e+04 3.074331566691406586e-02
9.130000000000000000e+04 3.315624804546445092e-02
9.140000000000000000e+04 3.486608395973830876e-02
9.150000000000000000e+04 3.648339025676244907e-02
9.160000000000000000e+04 3.797641669710476175e-02
9.170000000000000000e+04 3.932182140648367297e-02
9.180000000000000000e+04 4.091466687619693676e-02
9.190000000000000000e+04 4.390619918704041780e-02
9.200000000000000000e+04 5.758538246154693702e-02
9.210000000000000000e+04 7.744621336460179306e-02
9.220000000000000000e+04 8.700984433293346143e-02
9.230000000000000000e+04 9.031869488457842932e-02
9.240000000000000000e+04 8.924582600593540527e-02
9.250000000000000000e+04 8.861256018280988522e-02
9.260000000000000000e+04 8.478138933579133785e-02
9.270000000000000000e+04 8.464928619563581724e-02
9.280000000000000000e+04 8.188240428765623802e-02
9.290000000000000000e+04 8.474427943428360088e-02
9.300000000000000000e+04 8.524490892887112703e-02
9.310000000000000000e+04 8.285305629173918274e-02
9.320000000000000000e+04 7.967408190170935378e-02
9.330000000000000000e+04 7.896553605794907893e-02
9.340000000000000000e+04 8.037544717391320592e-02
9.350000000000000000e+04 7.817474404970811697e-02
9.360000000000000000e+04 7.928551316261280013e-02
9.370000000000000000e+04 8.328156895935516502e-02
9.380000000000000000e+04 8.607575252652169273e-02
9.390000000000000000e+04 8.303911156952366313e-02
9.400000000000000000e+04 8.057964295148854761e-02
9.410000000000000000e+04 8.399289761980395508e-02
9.420000000000000000e+04 8.797828271985072557e-02
9.430000000000000000e+04 8.416909009218218052e-02
9.440000000000000000e+04 8.366169621547062119e-02
9.450000000000000000e+04 7.833981588482848146e-02
9.460000000000000000e+04 7.820339908202490753e-02
9.470000000000000000e+04 7.846725754439828893e-02
9.480000000000000000e+04 7.867743521928786954e-02
9.490000000000000000e+04 7.888014751176039563e-02
9.500000000000000000e+04 7.892975956201553345e-02
9.510000000000000000e+04 7.906566679477693149e-02
9.520000000000000000e+04 7.933740456899009141e-02
9.530000000000000000e+04 8.032163163026161123e-02
9.540000000000000000e+04 8.674174830317488150e-02
9.550000000000000000e+04 8.835818208754056546e-02
9.560000000000000000e+04 8.530324389537168039e-02
9.570000000000000000e+04 8.547852963209175148e-02
9.580000000000000000e+04 8.468698446949324277e-02
9.590000000000000000e+04 8.469611446062726146e-02
9.600000000000000000e+04 8.271952867507934015e-02
9.610000000000000000e+04 8.386816911399359864e-02
9.620000000000000000e+04 7.784016182025223218e-02
9.630000000000000000e+04 7.396796539425824768e-02
9.640000000000000000e+04 8.371982872486113947e-02
9.650000000000000000e+04 9.256984318296108960e-02
9.660000000000000000e+04 1.017924085259441364e-01
9.670000000000000000e+04 9.660846394797098502e-02
9.680000000000000000e+04 8.615871012210850333e-02
9.690000000000000000e+04 8.526821769773978987e-02
9.700000000000000000e+04 8.350035150845847021e-02
9.710000000000000000e+04 8.330274348457654410e-02
9.720000000000000000e+04 8.609830617904670746e-02
9.730000000000000000e+04 8.466573881606262453e-02
9.740000000000000000e+04 8.580751041571299531e-02
9.750000000000000000e+04 8.813127316534499767e-02
9.760000000000000000e+04 8.863882283369695081e-02
9.770000000000000000e+04 8.845146271089704415e-02
9.780000000000000000e+04 8.704706043004993565e-02
9.790000000000000000e+04 8.717370589574172102e-02
9.800000000000000000e+04 8.657612750927594358e-02
9.810000000000000000e+04 8.983269289135928370e-02
9.820000000000000000e+04 9.524885192513413146e-02
9.830000000000000000e+04 8.619165457785106510e-02
9.840000000000000000e+04 9.013992398977280218e-02
9.850000000000000000e+04 9.079778542121244578e-02
9.860000000000000000e+04 9.002691060304700288e-02
9.870000000000000000e+04 9.948315240442758001e-02
9.880000000000000000e+04 9.743006378412247259e-02
9.890000000000000000e+04 1.041866805404426527e-01
9.900000000000000000e+04 1.134784705936908722e-01
9.910000000000000000e+04 1.203308607389535767e-01
9.920000000000000000e+04 1.099451273679733221e-01
9.930000000000000000e+04 1.318920060992239129e-01
9.940000000000000000e+04 1.195141650736338129e-01
9.950000000000000000e+04 1.266541425138706101e-01
9.960000000000000000e+04 1.318350619077694463e-01
9.970000000000000000e+04 1.207967441529037150e-01
9.980000000000000000e+04 1.240995667874807140e-01
9.990000000000000000e+04 1.206356087326994342e-01
1.000000000000000000e+05 1.066287532448768616e-01
1.001000000000000000e+05 1.246769148856403941e-01
1.002000000000000000e+05 1.245179213583470501e-01
1.003000000000000000e+05 1.227807153016329256e-01
1.004000000000000000e+05 1.217128306627273532e-01
1.005000000000000000e+05 1.215205080807209154e-01
1.006000000000000000e+05 1.222210720181466093e-01
1.007000000000000000e+05 1.253357619047163196e-01
1.008000000000000000e+05 1.329165220260620228e-01
1.009000000000000000e+05 1.343431547284127947e-01
1.010000000000000000e+05 1.244118059674891308e-01
1.011000000000000000e+05 1.231683198362585469e-01
1.012000000000000000e+05 1.219411581754684393e-01
1.013000000000000000e+05 1.468665920197966823e-01
1.014000000000000000e+05 1.368450334668161461e-01
1.015000000000000000e+05 1.239779096096750022e-01
1.016000000000000000e+05 1.030725359916686984e-01
1.017000000000000000e+05 1.057787138968711294e-01
1.018000000000000000e+05 1.278700083494181128e-01
1.019000000000000000e+05 1.221558228135108115e-01
1.020000000000000000e+05 1.336958706378936768e-01
1.021000000000000000e+05 1.368972726166245713e-01
1.022000000000000000e+05 1.314436987042429950e-01
1.023000000000000000e+05 1.296074979007246775e-01
1.024000000000000000e+05 1.314279526472091619e-01
1.025000000000000000e+05 1.327712461352350548e-01
1.026000000000000000e+05 1.380254447460171618e-01
1.027000000000000000e+05 1.214477422088375558e-01
1.028000000000000000e+05 1.223137184977531461e-01
1.029000000000000000e+05 1.439716428518293956e-01
1.030000000000000000e+05 1.194687423606717730e-01
1.031000000000000000e+05 1.190043527632947407e-01
1.032000000000000000e+05 1.246524989604949896e-01
1.033000000000000000e+05 1.308968335390083282e-01
1.034000000000000000e+05 1.181266888976104101e-01
1.035000000000000000e+05 1.215965803712602405e-01
1.036000000000000000e+05 1.212309873104097935e-01
1.037000000000000000e+05 1.066989153623582182e-01
1.038000000000000000e+05 1.201386734843240267e-01
1.039000000000000000e+05 1.229957716663696854e-01
1.040000000000000000e+05 9.952366203069769324e-02
1.041000000000000000e+05 1.131680212914954603e-01
1.042000000000000000e+05 1.249951086938381056e-01
1.043000000000000000e+05 1.166182386626794520e-01
1.044000000000000000e+05 1.150696516036987249e-01
1.045000000000000000e+05 1.280735880136490423e-01
1.046000000000000000e+05 1.259985350072377885e-01
1.047000000000000000e+05 1.144940480589869691e-01
1.048000000000000000e+05 1.256732538342476002e-01
1.049000000000000000e+05 1.278939567506311159e-01
1.050000000000000000e+05 1.236341185867786407e-01
1.051000000000000000e+05 1.330341912806034532e-01
1.052000000000000000e+05 1.306182980537414495e-01
1.053000000000000000e+05 1.331636473536494947e-01
1.054000000000000000e+05 1.357253594199812896e-01
1.055000000000000000e+05 1.181992868582398548e-01
1.056000000000000000e+05 1.227271616458892878e-01
1.057000000000000000e+05 1.283736929297447926e-01
1.058000000000000000e+05 1.308025404810903847e-01
1.059000000000000000e+05 1.323776148259639129e-01
1.060000000000000000e+05 1.334180086851119995e-01
1.061000000000000000e+05 1.318503506481645826e-01
1.062000000000000000e+05 1.235331681370738788e-01
1.063000000000000000e+05 1.237324446439742182e-01
1.064000000000000000e+05 1.164229188362756323e-01
1.065000000000000000e+05 1.193403620272878718e-01
1.066000000000000000e+05 1.265927970409397307e-01
1.067000000000000000e+05 1.356014661490913265e-01
1.068000000000000000e+05 1.405157387256622259e-01
1.069000000000000000e+05 1.385480299592017628e-01
1.070000000000000000e+05 1.354437942306199183e-01
1.071000000000000000e+05 1.338510982692241169e-01
1.072000000000000000e+05 1.372546941041946356e-01
1.073000000000000000e+05 1.470107838511470477e-01
1.074000000000000000e+05 1.576274335384364733e-01
1.075000000000000000e+05 1.469565716882544615e-01
1.076000000000000000e+05 1.336379762490587098e-01
1.077000000000000000e+05 1.352790892124174360e-01
1.078000000000000000e+05 1.396564170718190556e-01
1.079000000000000000e+05 1.405485339462758665e-01
1.080000000000000000e+05 1.328221648931503240e-01
1.081000000000000000e+05 1.175632101049025185e-01
1.082000000000000000e+05 1.235777437686923358e-01
1.083000000000000000e+05 1.230992093682291705e-01
1.084000000000000000e+05 1.245421871542930631e-01
1.085000000000000000e+05 1.294458359479906673e-01
1.086000000000000000e+05 1.314828732609747419e-01
1.087000000000000000e+05 1.312410667538640163e-01
1.088000000000000000e+05 1.372879803180694636e-01
1.089000000000000000e+05 1.364433936774729905e-01
1.090000000000000000e+05 1.444088220596313477e-01
1.091000000000000000e+05 1.568242058157920393e-01
1.092000000000000000e+05 1.509996867179867475e-01
1.093000000000000000e+05 1.375873394310473674e-01
1.094000000000000000e+05 1.424821496009821831e-01
1.095000000000000000e+05 1.418370090425015995e-01
1.096000000000000000e+05 1.350331910451254280e-01
1.097000000000000000e+05 1.326573289930819133e-01
1.098000000000000000e+05 1.304887536168095608e-01
1.099000000000000000e+05 1.280526222785313140e-01
1.100000000000000000e+05 1.267974674701690674e-01
1.101000000000000000e+05 1.289979726076126432e-01
1.102000000000000000e+05 1.274733427166938604e-01
1.103000000000000000e+05 1.228807550668713777e-01
1.104000000000000000e+05 1.160540717840192887e-01
1.105000000000000000e+05 1.127837590873238816e-01
1.106000000000000000e+05 1.118940897285939928e-01
1.107000000000000000e+05 1.160799562186002609e-01
1.108000000000000000e+05 1.145670406023660826e-01
1.109000000000000000e+05 1.129487134516239111e-01
1.110000000000000000e+05 1.155635714530944824e-01
1.111000000000000000e+05 1.197809964418409812e-01
1.112000000000000000e+05 1.241305485367774908e-01
1.113000000000000000e+05 1.207588402181863224e-01
1.114000000000000000e+05 1.173233643174170227e-01
1.115000000000000000e+05 1.210993662476540778e-01
1.116000000000000000e+05 1.234518855810165378e-01
1.117000000000000000e+05 1.291201080878578988e-01
1.118000000000000000e+05 1.162698113918304993e-01
1.119000000000000000e+05 1.057589288055895277e-01
1.120000000000000000e+05 1.051354855298995972e-01
1.121000000000000000e+05 1.156848490238193555e-01
1.122000000000000000e+05 1.278129249811162105e-01
1.123000000000000000e+05 1.392963068187236253e-01
1.124000000000000000e+05 1.388578450679778253e-01
1.125000000000000000e+05 1.183031871914854011e-01
1.126000000000000000e+05 1.116609245538725259e-01
1.127000000000000000e+05 1.360778509080401988e-01
1.128000000000000000e+05 1.213806536793715224e-01
1.129000000000000000e+05 1.261208038777120177e-01
1.130000000000000000e+05 1.354294493794442056e-01
1.131000000000000000e+05 1.327901905775063507e-01
1.132000000000000000e+05 1.100392134984328335e-01
1.133000000000000000e+05 1.125694163143641097e-01
1.134000000000000000e+05 1.337129488587368853e-01
1.135000000000000000e+05 1.189631940176086033e-01
1.136000000000000000e+05 1.063353401422501426e-01
1.137000000000000000e+05 1.202642586082216247e-01
1.138000000000000000e+05 1.159653233985104143e-01
1.139000000000000000e+05 1.248587235808366058e-01
1.140000000000000000e+05 1.336701184511184803e-01
1.141000000000000000e+05 1.180248836427920389e-01
1.142000000000000000e+05 1.077806016802790590e-01
1.143000000000000000e+05 1.258113391697402161e-01
1.144000000000000000e+05 1.268824402491253445e-01
1.145000000000000000e+05 1.247968307385842329e-01
1.146000000000000000e+05 1.152057527005671267e-01
1.147000000000000000e+05 1.112684517850479338e-01
1.148000000000000000e+05 1.167416029175118858e-01
1.149000000000000000e+05 1.218720749020580363e-01
1.150000000000000000e+05 1.228539658089478764e-01
1.151000000000000000e+05 1.218288200596968213e-01
1.152000000000000000e+05 1.143832650780674393e-01
1.153000000000000000e+05 1.046537555754187554e-01
1.154000000000000000e+05 1.231922738254057625e-01
1.155000000000000000e+05 1.369252294301984696e-01
1.156000000000000000e+05 1.391261066993077777e-01
1.157000000000000000e+05 1.366854690512021020e-01
1.158000000000000000e+05 1.280270129442208915e-01
1.159000000000000000e+05 1.183125581343967975e-01
1.160000000000000000e+05 1.400844901800155640e-01
1.161000000000000000e+05 1.559776371717452870e-01
1.162000000000000000e+05 1.520357359449068246e-01
1.163000000000000000e+05 1.382482259968913496e-01
1.164000000000000000e+05 1.321339666843411864e-01
1.165000000000000000e+05 1.241293365756674094e-01
1.166000000000000000e+05 1.191601864993570431e-01
1.167000000000000000e+05 1.237392087280750480e-01
1.168000000000000000e+05 1.142809754610059486e-01
1.169000000000000000e+05 1.070510023583965825e-01
1.170000000000000000e+05 9.873473122715882566e-02
1.171000000000000000e+05 8.437589002152358353e-02
1.172000000000000000e+05 6.498113403717703518e-02
1.173000000000000000e+05 5.985969875007864788e-02
1.174000000000000000e+05 5.963871573408455889e-02
1.175000000000000000e+05 4.971136897802089227e-02
1.176000000000000000e+05 9.139125421643256447e-03
1.177000000000000000e+05 1.172904780134495159e-02
1.178000000000000000e+05 1.450899988412946567e-02
1.179000000000000000e+05 1.587160388007712725e-02
1.180000000000000000e+05 2.409127851327269587e-02
1.181000000000000000e+05 2.197084954629338269e-02
1.182000000000000000e+05 1.706655841320745340e-02
1.183000000000000000e+05 1.661958560347555694e-02
1.184000000000000000e+05 1.763565458357334650e-02
1.185000000000000000e+05 1.587165067903675841e-02
1.186000000000000000e+05 1.358443144708839680e-02
1.187000000000000000e+05 1.625940802196663981e-02
1.188000000000000000e+05 1.517671108245857541e-02
1.189000000000000000e+05 1.199782887784142833e-02
1.190000000000000000e+05 1.577102718874812126e-02
1.191000000000000000e+05 1.661163836717611392e-02
1.192000000000000000e+05 1.761448025703433312e-02
1.193000000000000000e+05 1.462965202517830035e-02
1.194000000000000000e+05 1.116594107821586301e-02
1.195000000000000000e+05 1.039191152279575654e-02
1.196000000000000000e+05 1.027720263848700896e-02
1.197000000000000000e+05 9.538209466263644631e-03
1.198000000000000000e+05 6.591571945076421697e-03
1.199000000000000000e+05 5.358817268473266282e-03
