9.000000000000000000e+04 8.353301882743835449e-02
9.010000000000000000e+04 1.007999985665087028e-01
9.020000000000000000e+04 9.152661144733392762e-02
9.030000000000000000e+04 7.934313144534824169e-02
9.040000000000000000e+04 1.290826147794707501e-01
9.050000000000000000e+04 1.594310056418181964e-01
9.060000000000000000e+04 1.217968791723249428e-01
9.070000000000000000e+04 8.124697770923405837e-02
9.080000000000000000e+04 7.634863197803501422e-02
9.090000000000000000e+04 8.096755977720010433e-02
9.100000000000000000e+04 8.719201721250996462e-02
9.110000000000000000e+04 9.360618688166158496e-02
9.120000000000000000e+04 1.005492781102654554e-01
9.130000000000000000e+04 1.074951094761493198e-01
9.140000000000000000e+04 1.135716015845536775e-01
9.150000000000000000e+04 1.188794508576393322e-01
9.160000000000000000e+04 1.240762306749823018e-01
9.170000000000000000e+04 1.296890443563459838e-01
9.180000000000000000e+04 1.368014411628245552e-01
9.190000000000000000e+04 1.559986604750159822e-01
9.200000000000000000e+04 2.092520520091046277e-01
9.210000000000000000e+04 2.692722146213071266e-01
9.220000000000000000e+04 2.952773645520208601e-01
9.230000000000000000e+04 3.037732037901879067e-01
9.240000000000000000e+04 3.057115495204925648e-01
9.250000000000000000e+04 3.053977005183696747e-01
9.260000000000000000e+04 3.028505900502205250e-01
9.270000000000000000e+04 3.002076283097266374e-01
9.280000000000000000e+04 2.968873953819274880e-01
9.290000000000000000e+04 2.991512382030487305e-01
9.300000000000000000e+04 2.985952973365783025e-01
9.310000000000000000e+04 2.926431031525133508e-01
9.320000000000000000e+04 2.836316758394243909e-01
9.330000000000000000e+04 2.776138460636138339e-01
9.340000000000000000e+04 2.745186758041383013e-01
9.350000000000000000e+04 2.718358367681504295e-01
9.360000000000000000e+04 2.794956475496295223e-01
9.370000000000000000e+04 2.902730827033515038e-01
9.380000000000000000e+04 2.944395843148230885e-01
9.390000000000000000e+04 2.858377678692339829e-01
9.400000000000000000e+04 2.809912443161011186e-01
9.410000000000000000e+04 2.851341642439371160e-01
9.420000000000000000e+04 2.941910931468010304e-01
9.430000000000000000e+04 2.906101121008397570e-01
9.440000000000000000e+04 2.802170151472094251e-01
9.450000000000000000e+04 2.627870507538320188e-01
9.460000000000000000e+04 2.575001046061515808e-01
9.470000000000000000e+04 2.576961730420589403e-01
9.480000000000000000e+04 2.583960139751434459e-01
9.490000000000000000e+04 2.579442685842514016e-01
9.500000000000000000e+04 2.579567804932594299e-01
9.510000000000000000e+04 2.585132378339766168e-01
9.520000000000000000e+04 2.608814787864685569e-01
9.530000000000000000e+04 2.703268469870091506e-01
9.540000000000000000e+04 2.933639726042740481e-01
9.550000000000000000e+04 3.004813499748705818e-01
9.560000000000000000e+04 2.936502122879027787e-01
9.570000000000000000e+04 2.908538410067557090e-01
9.580000000000000000e+04 2.938199287652970004e-01
9.590000000000000000e+04 2.944936162233353638e-01
9.600000000000000000e+04 2.934274911880493386e-01
9.610000000000000000e+04 2.945359387993813360e-01
9.620000000000000000e+04 2.804715171456340084e-01
9.630000000000000000e+04 2.743086190521720757e-01
9.640000000000000000e+04 2.924396306276314528e-01
9.650000000000000000e+04 3.144491858780379401e-01
9.660000000000000000e+04 3.264262989163400075e-01
9.670000000000000000e+04 3.145112672448163726e-01
9.680000000000000000e+04 2.920918470621105545e-01
9.690000000000000000e+04 2.803129313886167928e-01
9.700000000000000000e+04 2.726310431957245095e-01
9.710000000000000000e+04 2.749362845718859027e-01
9.720000000000000000e+04 2.852037185430525978e-01
9.730000000000000000e+04 2.875977769494056924e-01
9.740000000000000000e+04 2.886642250418662847e-01
9.750000000000000000e+04 2.939549088478088379e-01
9.760000000000000000e+04 2.985036402940750566e-01
9.770000000000000000e+04 3.014453966915607852e-01
9.780000000000000000e+04 3.001367366313934526e-01
9.790000000000000000e+04 3.009089738130569236e-01
9.800000000000000000e+04 3.016558349132538175e-01
9.810000000000000000e+04 3.084559695422648407e-01
9.820000000000000000e+04 3.113617599010464754e-01
9.830000000000000000e+04 2.979765148460862267e-01
9.840000000000000000e+04 3.022258037328715563e-01
9.850000000000000000e+04 3.074261389672756084e-01
9.860000000000000000e+04 3.095175591111183899e-01
9.870000000000000000e+04 3.217490619421001785e-01
9.880000000000000000e+04 3.279577463865283038e-01
9.890000000000000000e+04 3.386474409699437582e-01
9.900000000000000000e+04 3.490907654166218732e-01
9.910000000000000000e+04 3.528043785691259981e-01
9.920000000000000000e+04 3.504774022102354891e-01
9.930000000000000000e+04 3.594152973592281697e-01
9.940000000000000000e+04 3.585954281687735445e-01
9.950000000000000000e+04 3.637130185961721662e-01
9.960000000000000000e+04 3.659110653400422519e-01
9.970000000000000000e+04 3.615471069514751834e-01
9.980000000000000000e+04 3.641182869672774380e-01
9.990000000000000000e+04 3.586785295605660062e-01
1.000000000000000000e+05 3.489325344562530518e-01
1.001000000000000000e+05 3.587930238246918035e-01
1.002000000000000000e+05 3.614867770671844616e-01
1.003000000000000000e+05 3.611727300286293185e-01
1.004000000000000000e+05 3.616075837612152677e-01
1.005000000000000000e+05 3.603013090789318196e-01
1.006000000000000000e+05 3.612411692738533020e-01
1.007000000000000000e+05 3.654396399855613931e-01
1.008000000000000000e+05 3.701804298162461038e-01
1.009000000000000000e+05 3.721911655366420546e-01
1.010000000000000000e+05 3.656106263399120371e-01
1.011000000000000000e+05 3.641702216863632602e-01
1.012000000000000000e+05 3.699390715360636461e-01
1.013000000000000000e+05 3.833110031485557623e-01
1.014000000000000000e+05 3.780133700370789107e-01
1.015000000000000000e+05 3.622807510197170178e-01
1.016000000000000000e+05 3.439396083354946398e-01
1.017000000000000000e+05 3.488109110295768978e-01
1.018000000000000000e+05 3.661739429831502024e-01
1.019000000000000000e+05 3.705845841765403881e-01
1.020000000000000000e+05 3.791067659854887584e-01
1.021000000000000000e+05 3.831155590713023473e-01
1.022000000000000000e+05 3.810292059183120750e-01
1.023000000000000000e+05 3.801326300203800024e-01
1.024000000000000000e+05 3.818749809265136186e-01
1.025000000000000000e+05 3.820729553699493408e-01
1.026000000000000000e+05 3.805042192339898044e-01
1.027000000000000000e+05 3.681766347587107080e-01
1.028000000000000000e+05 3.739604449272155851e-01
1.029000000000000000e+05 3.840286216139792153e-01
1.030000000000000000e+05 3.704331010580061978e-01
1.031000000000000000e+05 3.701796783506871580e-01
1.032000000000000000e+05 3.778045243024824584e-01
1.033000000000000000e+05 3.801529635488986036e-01
1.034000000000000000e+05 3.711352479457854514e-01
1.035000000000000000e+05 3.739184692502024454e-01
1.036000000000000000e+05 3.703027296066280227e-01
1.037000000000000000e+05 3.604434910416602911e-01
1.038000000000000000e+05 3.673307397961617093e-01
1.039000000000000000e+05 3.666760170459746337e-01
1.040000000000000000e+05 3.525763332843783182e-01
1.041000000000000000e+05 3.609330788254738187e-01
1.042000000000000000e+05 3.714023628830909196e-01
1.043000000000000000e+05 3.687513272464276737e-01
1.044000000000000000e+05 3.695065754652022694e-01
1.045000000000000000e+05 3.765397250652312566e-01
1.046000000000000000e+05 3.763955283164976962e-01
1.047000000000000000e+05 3.732121630012988911e-01
1.048000000000000000e+05 3.784489130973814897e-01
1.049000000000000000e+05 3.811159774661064814e-01
1.050000000000000000e+05 3.822758346796035767e-01
1.051000000000000000e+05 3.861341482400894032e-01
1.052000000000000000e+05 3.864164143800735696e-01
1.053000000000000000e+05 3.878278543055057592e-01
1.054000000000000000e+05 3.872565478086472668e-01
1.055000000000000000e+05 3.803132042288780990e-01
1.056000000000000000e+05 3.808123511075973688e-01
1.057000000000000000e+05 3.844901624321935829e-01
1.058000000000000000e+05 3.865024074912071228e-01
1.059000000000000000e+05 3.872768644988536790e-01
1.060000000000000000e+05 3.879414319992064986e-01
1.061000000000000000e+05 3.860607536137105056e-01
1.062000000000000000e+05 3.821222385764121987e-01
1.063000000000000000e+05 3.808063337206840648e-01
1.064000000000000000e+05 3.780520129203797652e-01
1.065000000000000000e+05 3.798266828060150035e-01
1.066000000000000000e+05 3.867152202129365834e-01
1.067000000000000000e+05 3.938949555158615667e-01
1.068000000000000000e+05 3.989322900772094838e-01
1.069000000000000000e+05 3.995998463034629578e-01
1.070000000000000000e+05 3.982178524136543718e-01
1.071000000000000000e+05 3.995655402541161139e-01
1.072000000000000000e+05 4.037982285022736484e-01
1.073000000000000000e+05 4.107529158890247944e-01
1.074000000000000000e+05 4.169412776827811085e-01
1.075000000000000000e+05 4.128098003566265106e-01
1.076000000000000000e+05 4.051462513208387572e-01
1.077000000000000000e+05 4.033402319252491486e-01
1.078000000000000000e+05 4.050466430187225630e-01
1.079000000000000000e+05 4.051125261187553117e-01
1.080000000000000000e+05 4.007345199584960715e-01
1.081000000000000000e+05 3.931418716907500999e-01
1.082000000000000000e+05 3.930729249119758739e-01
1.083000000000000000e+05 3.952496196329593481e-01
1.084000000000000000e+05 3.971460455656050659e-01
1.085000000000000000e+05 4.007728986442089525e-01
1.086000000000000000e+05 4.038265770673752364e-01
1.087000000000000000e+05 4.065367151796817069e-01
1.088000000000000000e+05 4.113670831918716519e-01
1.089000000000000000e+05 4.149718897044662458e-01
1.090000000000000000e+05 4.209424704313278198e-01
1.091000000000000000e+05 4.271150787174701757e-01
1.092000000000000000e+05 4.256059098243711869e-01
1.093000000000000000e+05 4.195522622764110143e-01
1.094000000000000000e+05 4.180708560347556890e-01
1.095000000000000000e+05 4.178231410682201052e-01
1.096000000000000000e+05 4.138173151016234508e-01
1.097000000000000000e+05 4.109435714781284332e-01
1.098000000000000000e+05 4.085444644093512712e-01
1.099000000000000000e+05 4.051566384732723236e-01
1.100000000000000000e+05 4.035949558019638062e-01
1.101000000000000000e+05 4.041784758865832883e-01
1.102000000000000000e+05 4.027500781416893383e-01
1.103000000000000000e+05 3.994147454202173764e-01
1.104000000000000000e+05 3.939068979024887840e-01
1.105000000000000000e+05 3.884110651910305245e-01
1.106000000000000000e+05 3.861861616373062356e-01
1.107000000000000000e+05 3.878723536431790131e-01
1.108000000000000000e+05 3.882172608375549228e-01
1.109000000000000000e+05 3.875043439865112349e-01
1.110000000000000000e+05 3.907047674059868081e-01
1.111000000000000000e+05 3.955036789178849599e-01
1.112000000000000000e+05 3.997420877218246238e-01
1.113000000000000000e+05 4.001469102501868935e-01
1.114000000000000000e+05 3.987947764992714195e-01
1.115000000000000000e+05 4.017475351691245922e-01
1.116000000000000000e+05 4.040781408548356213e-01
1.117000000000000000e+05 4.062130576372146584e-01
1.118000000000000000e+05 3.999688830971716569e-01
1.119000000000000000e+05 3.906726163625718340e-01
1.120000000000000000e+05 3.884601265192031416e-01
1.121000000000000000e+05 3.976810367405412272e-01
1.122000000000000000e+05 4.092380401492117237e-01
1.123000000000000000e+05 4.173251068592072066e-01
1.124000000000000000e+05 4.176289498806001754e-01
1.125000000000000000e+05 4.068877547979354858e-01
1.126000000000000000e+05 3.992679628729823293e-01
1.127000000000000000e+05 4.094830411672590875e-01
1.128000000000000000e+05 4.098658686876297530e-01
1.129000000000000000e+05 4.093259048461914684e-01
1.130000000000000000e+05 4.160835564136505238e-01
1.131000000000000000e+05 4.146944060921672892e-01
1.132000000000000000e+05 4.002010017633440553e-01
1.133000000000000000e+05 3.961745247244835566e-01
1.134000000000000000e+05 4.056070125102995139e-01
1.135000000000000000e+05 4.026272676885125357e-01
1.136000000000000000e+05 3.932246118783951916e-01
1.137000000000000000e+05 3.987234039604661273e-01
1.138000000000000000e+05 4.031231364607811285e-01
1.139000000000000000e+05 4.067447380721572747e-01
1.140000000000000000e+05 4.118704020977020375e-01
1.141000000000000000e+05 4.035369996726516639e-01
1.142000000000000000e+05 3.937870734930037364e-01
1.143000000000000000e+05 4.032449643313886778e-01
1.144000000000000000e+05 4.090880453586578369e-01
1.145000000000000000e+05 4.071111135184764529e-01
1.146000000000000000e+05 4.018161511421202148e-01
1.147000000000000000e+05 3.985863298177718672e-01
1.148000000000000000e+05 4.022408759593963934e-01
1.149000000000000000e+05 4.086169697344305130e-01
1.150000000000000000e+05 4.114168584346771240e-01
1.151000000000000000e+05 4.094768969714642770e-01
1.152000000000000000e+05 4.003213858604431907e-01
1.153000000000000000e+05 3.891766044497487753e-01
1.154000000000000000e+05 4.001116684079164543e-01
1.155000000000000000e+05 4.188011802732943267e-01
1.156000000000000000e+05 4.267250967025757458e-01
1.157000000000000000e+05 4.274797868728638095e-01
1.158000000000000000e+05 4.227106317877768471e-01
1.159000000000000000e+05 4.156656622886657493e-01
1.160000000000000000e+05 4.205719470977783425e-01
1.161000000000000000e+05 4.296926306188105782e-01
1.162000000000000000e+05 4.326876834034919517e-01
1.163000000000000000e+05 4.314868892729281646e-01
1.164000000000000000e+05 4.292336922883988604e-01
1.165000000000000000e+05 4.205078564584255330e-01
1.166000000000000000e+05 4.071682399511336037e-01
1.167000000000000000e+05 4.055978739261628108e-01
1.168000000000000000e+05 4.066949373483656482e-01
1.169000000000000000e+05 3.959779831767077929e-01
1.170000000000000000e+05 3.675455957651138084e-01
1.171000000000000000e+05 3.326278436183922604e-01
1.172000000000000000e+05 3.015951687097546685e-01
1.173000000000000000e+05 2.872871953248975485e-01
1.174000000000000000e+05 2.784307771921157304e-01
1.175000000000000000e+05 2.241991671423117227e-01
1.176000000000000000e+05 1.059576076269143768e-01
1.177000000000000000e+05 4.889113315691542838e-02
1.178000000000000000e+05 5.439905901749922390e-02
1.179000000000000000e+05 6.568274434655962946e-02
1.180000000000000000e+05 8.453487157821604203e-02
1.181000000000000000e+05 8.667743977159260427e-02
1.182000000000000000e+05 7.330489926040140158e-02
1.183000000000000000e+05 6.637268494814635433e-02
1.184000000000000000e+05 6.684917330741887986e-02
1.185000000000000000e+05 6.433185786008822904e-02
1.186000000000000000e+05 5.763194851577282951e-02
1.187000000000000000e+05 6.103241125121689620e-02
1.188000000000000000e+05 6.072314925491802129e-02
1.189000000000000000e+05 5.474763926118612900e-02
1.190000000000000000e+05 5.892482921481100033e-02
1.191000000000000000e+05 6.585294246673592533e-02
1.192000000000000000e+05 6.782028704881659653e-02
1.193000000000000000e+05 6.227198198437735449e-02
1.194000000000000000e+05 4.857288546860205614e-02
1.195000000000000000e+05 4.091125465929505711e-02
1.196000000000000000e+05 3.878465577960018423e-02
1.197000000000000000e+05 3.625106226652858449e-02
1.198000000000000000e+05 2.977347094565649388e-02
1.199000000000000000e+05 2.661222333088616998e-02
