9.000000000000000000e+04 4.260480031371116638e-02
9.010000000000000000e+04 4.186703632275264736e-02
9.020000000000000000e+04 4.223872517546016503e-02
9.030000000000000000e+04 4.472940772771829415e-02
9.040000000000000000e+04 4.745961825052894684e-02
9.050000000000000000e+04 4.865064000089964341e-02
9.060000000000000000e+04 4.876179106533527763e-02
9.070000000000000000e+04 4.936754277596877571e-02
9.080000000000000000e+04 5.061961119373638990e-02
9.090000000000000000e+04 5.196277022361760894e-02
9.100000000000000000e+04 5.319796937207377230e-02
9.110000000000000000e+04 5.439058429251111826e-02
9.120000000000000000e+04 5.544313296675678487e-02
9.130000000000000000e+04 5.626664763937395258e-02
9.140000000000000000e+04 5.692742345233756107e-02
9.150000000000000000e+04 5.750102438032628216e-02
9.160000000000000000e+04 5.784338717659314594e-02
9.170000000000000000e+04 5.795715279877185905e-02
9.180000000000000000e+04 5.771073155105112262e-02
9.190000000000000000e+04 5.678819056600330206e-02
9.200000000000000000e+04 5.562562917669620910e-02
9.210000000000000000e+04 5.550451405346393946e-02
9.220000000000000000e+04 5.575016515950362295e-02
9.230000000000000000e+04 5.559662174433469689e-02
9.240000000000000000e+04 5.506745487451553817e-02
9.250000000000000000e+04 5.439495698859294487e-02
9.260000000000000000e+04 5.383466752866902100e-02
9.270000000000000000e+04 5.351737696677446449e-02
9.280000000000000000e+04 5.338861058155695838e-02
9.290000000000000000e+04 5.343532480299472559e-02
9.300000000000000000e+04 5.357596725225447637e-02
9.310000000000000000e+04 5.377761085828144938e-02
9.320000000000000000e+04 5.412426501512527383e-02
9.330000000000000000e+04 5.453972466289996185e-02
9.340000000000000000e+04 5.486191863814990355e-02
9.350000000000000000e+04 5.477447590480248596e-02
9.360000000000000000e+04 5.449698358774184709e-02
9.370000000000000000e+04 5.444463029503822382e-02
9.380000000000000000e+04 5.482831274469695398e-02
9.390000000000000000e+04 5.532981034368274903e-02
9.400000000000000000e+04 5.575370068351427622e-02
9.410000000000000000e+04 5.603718144198257395e-02
9.420000000000000000e+04 5.629402458667756570e-02
9.430000000000000000e+04 5.691542948285735481e-02
9.440000000000000000e+04 5.801352257529896611e-02
9.450000000000000000e+04 5.913345739245415289e-02
9.460000000000000000e+04 5.971411528686682707e-02
9.470000000000000000e+04 5.988915031154951052e-02
9.480000000000000000e+04 5.996561288833618386e-02
9.490000000000000000e+04 6.003648492197194431e-02
9.500000000000000000e+04 5.983537932236989570e-02
9.510000000000000000e+04 5.935647249221803756e-02
9.520000000000000000e+04 5.849236860871315918e-02
9.530000000000000000e+04 5.722476840019225658e-02
9.540000000000000000e+04 5.608250804245473037e-02
9.550000000000000000e+04 5.557307011137404412e-02
9.560000000000000000e+04 5.554059381286303304e-02
9.570000000000000000e+04 5.531017165631053889e-02
9.580000000000000000e+04 5.493327029049396848e-02
9.590000000000000000e+04 5.478209995975097391e-02
9.600000000000000000e+04 5.473648458719253956e-02
9.610000000000000000e+04 5.488734247783819825e-02
9.620000000000000000e+04 5.525111759702363429e-02
9.630000000000000000e+04 5.554468054324389337e-02
9.640000000000000000e+04 5.582614322503406945e-02
9.650000000000000000e+04 5.626939553767444646e-02
9.660000000000000000e+04 5.696022301912309627e-02
9.670000000000000000e+04 5.779304074744385372e-02
9.680000000000000000e+04 5.875937437017764164e-02
9.690000000000000000e+04 5.954979989677668811e-02
9.700000000000000000e+04 5.979553225139778994e-02
9.710000000000000000e+04 5.929229265699782758e-02
9.720000000000000000e+04 5.854400172829628962e-02
9.730000000000000000e+04 5.800998702645301236e-02
9.740000000000000000e+04 5.754011402527490354e-02
9.750000000000000000e+04 5.706390365958213806e-02
9.760000000000000000e+04 5.656709134578702391e-02
9.770000000000000000e+04 5.612789435933034088e-02
9.780000000000000000e+04 5.583687208592893331e-02
9.790000000000000000e+04 5.554413620382547823e-02
9.800000000000000000e+04 5.544496377309163226e-02
9.810000000000000000e+04 5.544354472309350607e-02
9.820000000000000000e+04 5.577231235802174170e-02
9.830000000000000000e+04 5.562940895557404175e-02
9.840000000000000000e+04 5.517945230007169355e-02
9.850000000000000000e+04 5.469876093169053627e-02
9.860000000000000000e+04 5.412334131697810885e-02
9.870000000000000000e+04 5.355315443128345898e-02
9.880000000000000000e+04 5.319737056891122445e-02
9.890000000000000000e+04 5.330539767940838114e-02
9.900000000000000000e+04 5.392565578222276168e-02
9.910000000000000000e+04 5.485354115565613253e-02
9.920000000000000000e+04 5.592060705025993228e-02
9.930000000000000000e+04 5.691938038915395071e-02
9.940000000000000000e+04 5.769294269382954643e-02
9.950000000000000000e+04 5.821941656370958895e-02
9.960000000000000000e+04 5.849947124719619834e-02
9.970000000000000000e+04 5.857949157555897984e-02
9.980000000000000000e+04 5.857986792922020153e-02
9.990000000000000000e+04 5.853073261678218980e-02
1.000000000000000000e+05 5.856081222494443489e-02
1.001000000000000000e+05 5.871931022653976984e-02
1.002000000000000000e+05 5.896702371537685533e-02
1.003000000000000000e+05 5.922316213448843014e-02
1.004000000000000000e+05 5.944873377680778143e-02
1.005000000000000000e+05 5.973556097596886133e-02
1.006000000000000000e+05 6.010128751397133401e-02
1.007000000000000000e+05 6.045383345335723219e-02
1.008000000000000000e+05 6.062146574258803905e-02
1.009000000000000000e+05 6.056387003511190525e-02
1.010000000000000000e+05 6.044640528659026013e-02
1.011000000000000000e+05 6.045002173632383485e-02
1.012000000000000000e+05 6.060772478580474937e-02
1.013000000000000000e+05 6.065152827650308054e-02
1.014000000000000000e+05 6.045421965420245958e-02
1.015000000000000000e+05 6.014812737703322670e-02
1.016000000000000000e+05 6.001744995514551873e-02
1.017000000000000000e+05 6.024229351431131113e-02
1.018000000000000000e+05 6.067776004473365847e-02
1.019000000000000000e+05 6.112341025223335528e-02
1.020000000000000000e+05 6.145112663507460576e-02
1.021000000000000000e+05 6.173120625317096710e-02
1.022000000000000000e+05 6.196092747151851765e-02
1.023000000000000000e+05 6.213519793003797337e-02
1.024000000000000000e+05 6.220003883043925125e-02
1.025000000000000000e+05 6.207714385042587685e-02
1.026000000000000000e+05 6.180422559380528702e-02
1.027000000000000000e+05 6.146542632331451067e-02
1.028000000000000000e+05 6.114016031225523451e-02
1.029000000000000000e+05 6.078890860080719133e-02
1.030000000000000000e+05 6.038926852246125077e-02
1.031000000000000000e+05 5.997017742445072408e-02
1.032000000000000000e+05 5.955928474664686639e-02
1.033000000000000000e+05 5.915729911377032996e-02
1.034000000000000000e+05 5.875670075416563470e-02
1.035000000000000000e+05 5.837893374264241375e-02
1.036000000000000000e+05 5.805261497696241613e-02
1.037000000000000000e+05 5.780372101813553709e-02
1.038000000000000000e+05 5.765698298811912370e-02
1.039000000000000000e+05 5.762176426748434610e-02
1.040000000000000000e+05 5.767594849069913876e-02
1.041000000000000000e+05 5.783869933336972802e-02
1.042000000000000000e+05 5.809796651204427592e-02
1.043000000000000000e+05 5.842273672421773728e-02
1.044000000000000000e+05 5.877453267574311163e-02
1.045000000000000000e+05 5.912715606391431844e-02
1.046000000000000000e+05 5.946925684809685475e-02
1.047000000000000000e+05 5.980123702436683508e-02
1.048000000000000000e+05 6.017972782254218944e-02
1.049000000000000000e+05 6.056200804809728361e-02
1.050000000000000000e+05 6.090413779020309448e-02
1.051000000000000000e+05 6.115482033540805412e-02
1.052000000000000000e+05 6.127153307199478122e-02
1.053000000000000000e+05 6.126375440508127074e-02
1.054000000000000000e+05 6.112783767282962966e-02
1.055000000000000000e+05 6.095636369039616337e-02
1.056000000000000000e+05 6.079244822263717152e-02
1.057000000000000000e+05 6.066618507107097991e-02
1.058000000000000000e+05 6.052548604706923380e-02
1.059000000000000000e+05 6.034483537077903192e-02
1.060000000000000000e+05 6.011409883697828305e-02
1.061000000000000000e+05 5.989489325632650629e-02
1.062000000000000000e+05 5.975094385445117728e-02
1.063000000000000000e+05 5.977376357962688180e-02
1.064000000000000000e+05 5.999601821104686566e-02
1.065000000000000000e+05 6.041806321591140089e-02
1.066000000000000000e+05 6.099677748978134945e-02
1.067000000000000000e+05 6.163275754700105191e-02
1.068000000000000000e+05 6.228085532784467804e-02
1.069000000000000000e+05 6.287528681258361396e-02
1.070000000000000000e+05 6.338124622901281091e-02
1.071000000000000000e+05 6.376884140074252916e-02
1.072000000000000000e+05 6.401328941186269772e-02
1.073000000000000000e+05 6.410112629334131784e-02
1.074000000000000000e+05 6.403328001499176969e-02
1.075000000000000000e+05 6.380902292827764222e-02
1.076000000000000000e+05 6.340546578168865244e-02
1.077000000000000000e+05 6.282245118170977360e-02
1.078000000000000000e+05 6.209808051586152011e-02
1.079000000000000000e+05 6.128980079044899637e-02
1.080000000000000000e+05 6.049702763557431723e-02
1.081000000000000000e+05 5.983712771286568005e-02
1.082000000000000000e+05 5.942603662610053405e-02
1.083000000000000000e+05 5.933675147593021199e-02
1.084000000000000000e+05 5.950324272116026825e-02
1.085000000000000000e+05 5.988200319310028191e-02
1.086000000000000000e+05 6.036270566284655803e-02
1.087000000000000000e+05 6.083130316187941589e-02
1.088000000000000000e+05 6.121167620023092865e-02
1.089000000000000000e+05 6.145208325237035835e-02
1.090000000000000000e+05 6.149101269741853032e-02
1.091000000000000000e+05 6.121536721785866136e-02
1.092000000000000000e+05 6.078116476535797008e-02
1.093000000000000000e+05 6.043183499326310049e-02
1.094000000000000000e+05 5.991376198828220895e-02
1.095000000000000000e+05 5.915236882865422541e-02
1.096000000000000000e+05 5.834928378462790610e-02
1.097000000000000000e+05 5.750060832748812856e-02
1.098000000000000000e+05 5.666084617376326849e-02
1.099000000000000000e+05 5.585180186976988759e-02
1.100000000000000000e+05 5.508295074105262756e-02
1.101000000000000000e+05 5.434688556939360621e-02
1.102000000000000000e+05 5.365547172725201180e-02
1.103000000000000000e+05 5.305327735841271208e-02
1.104000000000000000e+05 5.254627540707589028e-02
1.105000000000000000e+05 5.213951685776314210e-02
1.106000000000000000e+05 5.183333667616048246e-02
1.107000000000000000e+05 5.165430217981337863e-02
1.108000000000000000e+05 5.158908749620119694e-02
1.109000000000000000e+05 5.161568580816189300e-02
1.110000000000000000e+05 5.168845988810061992e-02
1.111000000000000000e+05 5.176922753453255116e-02
1.112000000000000000e+05 5.183344090978304203e-02
1.113000000000000000e+05 5.187793519347905918e-02
1.114000000000000000e+05 5.192166112363338915e-02
1.115000000000000000e+05 5.197658352553844591e-02
1.116000000000000000e+05 5.204836443066596791e-02
1.117000000000000000e+05 5.213065877556800898e-02
1.118000000000000000e+05 5.222557944556076998e-02
1.119000000000000000e+05 5.232555344700813571e-02
1.120000000000000000e+05 5.243267292777697292e-02
1.121000000000000000e+05 5.255162409196297707e-02
1.122000000000000000e+05 5.267269894480705594e-02
1.123000000000000000e+05 5.279204220821460264e-02
1.124000000000000000e+05 5.287996600071588615e-02
1.125000000000000000e+05 5.292088445276021957e-02
1.126000000000000000e+05 5.290240707496801642e-02
1.127000000000000000e+05 5.282362731794516125e-02
1.128000000000000000e+05 5.269533738493919345e-02
1.129000000000000000e+05 5.254322857906421063e-02
1.130000000000000000e+05 5.237070110936958844e-02
1.131000000000000000e+05 5.220399741083384115e-02
1.132000000000000000e+05 5.201973175009092648e-02
1.133000000000000000e+05 5.182972336808839425e-02
1.134000000000000000e+05 5.161424703896044797e-02
1.135000000000000000e+05 5.137895587831736027e-02
1.136000000000000000e+05 5.112381512920061155e-02
1.137000000000000000e+05 5.085444752126933032e-02
1.138000000000000000e+05 5.057938851416109854e-02
1.139000000000000000e+05 5.032958341141541975e-02
1.140000000000000000e+05 5.013094395399093212e-02
1.141000000000000000e+05 5.002156984061002787e-02
1.142000000000000000e+05 5.003808317085107343e-02
1.143000000000000000e+05 5.022787369787691525e-02
1.144000000000000000e+05 5.061546107133230166e-02
1.145000000000000000e+05 5.123988899091885818e-02
1.146000000000000000e+05 5.202679827809334606e-02
1.147000000000000000e+05 5.293014095475275654e-02
1.148000000000000000e+05 5.387262632449468791e-02
1.149000000000000000e+05 5.483254887163641761e-02
1.150000000000000000e+05 5.579542244474092888e-02
1.151000000000000000e+05 5.677190682540329825e-02
1.152000000000000000e+05 5.779733657836915589e-02
1.153000000000000000e+05 5.885069350401567201e-02
1.154000000000000000e+05 5.812865942716605172e-02
1.155000000000000000e+05 5.920529644936323166e-02
1.156000000000000000e+05 6.002412140369411259e-02
1.157000000000000000e+05 6.072556171566245720e-02
1.158000000000000000e+05 6.148336827754972284e-02
1.159000000000000000e+05 6.234198063611987722e-02
1.160000000000000000e+05 6.301799416542053223e-02
1.161000000000000000e+05 6.309446010738606336e-02
1.162000000000000000e+05 6.161096505820744945e-02
1.163000000000000000e+05 5.928473416715862587e-02
1.164000000000000000e+05 5.601558834314346313e-02
1.165000000000000000e+05 5.281988065689802170e-02
1.166000000000000000e+05 5.019461438059821118e-02
1.167000000000000000e+05 4.834504630416627813e-02
1.168000000000000000e+05 4.748449842135109983e-02
1.169000000000000000e+05 4.563911817967882673e-02
1.170000000000000000e+05 4.382306523621082306e-02
1.171000000000000000e+05 4.268337853252887615e-02
1.172000000000000000e+05 3.935001909732792347e-02
1.173000000000000000e+05 3.507705155760053317e-02
1.174000000000000000e+05 3.189844598372785361e-02
1.175000000000000000e+05 2.955455472692847252e-02
1.176000000000000000e+05 2.813894934952258439e-02
1.177000000000000000e+05 2.785113078852494498e-02
1.178000000000000000e+05 2.854416613777482209e-02
1.179000000000000000e+05 2.982408981770275427e-02
1.180000000000000000e+05 3.118756388624515860e-02
1.181000000000000000e+05 3.225225285937387276e-02
1.182000000000000000e+05 3.293114222586153439e-02
1.183000000000000000e+05 3.328008489062390246e-02
1.184000000000000000e+05 3.341301247477531516e-02
1.185000000000000000e+05 3.341722246259450774e-02
1.186000000000000000e+05 3.336825229227542711e-02
1.187000000000000000e+05 3.326517451554537180e-02
1.188000000000000000e+05 3.312098756432532709e-02
1.189000000000000000e+05 3.286403474708397832e-02
1.190000000000000000e+05 3.245346310238041848e-02
1.191000000000000000e+05 3.182692620903249808e-02
1.192000000000000000e+05 3.095622683564819635e-02
1.193000000000000000e+05 2.989166407535479020e-02
1.194000000000000000e+05 2.873804658651350069e-02
1.195000000000000000e+05 2.772026943663757556e-02
1.196000000000000000e+05 2.702497571706771393e-02
1.197000000000000000e+05 2.685389449819922808e-02
1.198000000000000000e+05 2.735682364553213702e-02
1.199000000000000000e+05 2.857171396414446424e-02
