9.000000000000000000e+04 1.123263174667954445e-02
9.010000000000000000e+04 1.171189515230557261e-02
9.020000000000000000e+04 1.218888440479836723e-02
9.030000000000000000e+04 1.265856340527537170e-02
9.040000000000000000e+04 1.298307651033005217e-02
9.050000000000000000e+04 1.327957947117587058e-02
9.060000000000000000e+04 1.357055852189659358e-02
9.070000000000000000e+04 1.351628324016928770e-02
9.080000000000000000e+04 1.343123976141214274e-02
9.090000000000000000e+04 1.339095815084874463e-02
9.100000000000000000e+04 1.402581526587407500e-02
9.110000000000000000e+04 1.482707123272119371e-02
9.120000000000000000e+04 1.564972251653667587e-02
9.130000000000000000e+04 1.673490492627020126e-02
9.140000000000000000e+04 1.788804632922011417e-02
9.150000000000000000e+04 1.903261439874768396e-02
9.160000000000000000e+04 2.066970395545168412e-02
9.170000000000000000e+04 2.249027877425161318e-02
9.180000000000000000e+04 2.435355603694926846e-02
9.190000000000000000e+04 2.681795134519536147e-02
9.200000000000000000e+04 2.960007252792511839e-02
9.210000000000000000e+04 3.234915869310488884e-02
9.220000000000000000e+04 3.441887733836965224e-02
9.230000000000000000e+04 3.614327600846689581e-02
9.240000000000000000e+04 3.782807476818564330e-02
9.250000000000000000e+04 3.873570372040072846e-02
9.260000000000000000e+04 3.908672326554854526e-02
9.270000000000000000e+04 3.942160256206989066e-02
9.280000000000000000e+04 3.964814983308315166e-02
9.290000000000000000e+04 3.977584995329379314e-02
9.300000000000000000e+04 3.991437852382659357e-02
9.310000000000000000e+04 4.010263754675785774e-02
9.320000000000000000e+04 4.035683917502563139e-02
9.330000000000000000e+04 4.061185311526060993e-02
9.340000000000000000e+04 4.088788603742919692e-02
9.350000000000000000e+04 4.120928936948380084e-02
9.360000000000000000e+04 4.151976734399795421e-02
9.370000000000000000e+04 4.184591967612504709e-02
9.380000000000000000e+04 4.223146888116995762e-02
9.390000000000000000e+04 4.262171577662230565e-02
9.400000000000000000e+04 4.300971043606600930e-02
9.410000000000000000e+04 4.334576616684596151e-02
9.420000000000000000e+04 4.368296407163143463e-02
9.430000000000000000e+04 4.405178379267453426e-02
9.440000000000000000e+04 4.435459631184736351e-02
9.450000000000000000e+04 4.465302117168903212e-02
9.460000000000000000e+04 4.493599404891332472e-02
9.470000000000000000e+04 4.514128192017476116e-02
9.480000000000000000e+04 4.534076862037182687e-02
9.490000000000000000e+04 4.553395522137482915e-02
9.500000000000000000e+04 4.553678631782531738e-02
9.510000000000000000e+04 4.553442109376192037e-02
9.520000000000000000e+04 4.553187963863213755e-02
9.530000000000000000e+04 4.532751234869161761e-02
9.540000000000000000e+04 4.510748244822024300e-02
9.550000000000000000e+04 4.489877919356027175e-02
9.560000000000000000e+04 4.460566068689027219e-02
9.570000000000000000e+04 4.429785657674074201e-02
9.580000000000000000e+04 4.399261521796386104e-02
9.590000000000000000e+04 4.375184601793687122e-02
9.600000000000000000e+04 4.354146234691143313e-02
9.610000000000000000e+04 4.332181170582771051e-02
9.620000000000000000e+04 4.363606187204520370e-02
9.630000000000000000e+04 4.409393429756167104e-02
9.640000000000000000e+04 4.454903781414035202e-02
9.650000000000000000e+04 4.520198317865535553e-02
9.660000000000000000e+04 4.592346340417864659e-02
9.670000000000000000e+04 4.662754523257414685e-02
9.680000000000000000e+04 4.704063241680463137e-02
9.690000000000000000e+04 4.731172576546669589e-02
9.700000000000000000e+04 4.757388780514400228e-02
9.710000000000000000e+04 4.764897530277569654e-02
9.720000000000000000e+04 4.756611950695514845e-02
9.730000000000000000e+04 4.749761834740638677e-02
9.740000000000000000e+04 4.741232010225455290e-02
9.750000000000000000e+04 4.730832297354936600e-02
9.760000000000000000e+04 4.718573682010173548e-02
9.770000000000000000e+04 4.712427478904525346e-02
9.780000000000000000e+04 4.716846413910388836e-02
9.790000000000000000e+04 4.719136036932468359e-02
9.800000000000000000e+04 4.736724955340226167e-02
9.810000000000000000e+04 4.773431245237588078e-02
9.820000000000000000e+04 4.810783425966898286e-02
9.830000000000000000e+04 4.861289565761885145e-02
9.840000000000000000e+04 4.930025205016137779e-02
9.850000000000000000e+04 5.000615175813441504e-02
9.860000000000000000e+04 5.111615372200815910e-02
9.870000000000000000e+04 5.252454495057472250e-02
9.880000000000000000e+04 5.416187355915708795e-02
9.890000000000000000e+04 5.605696945140755533e-02
9.900000000000000000e+04 5.805037114769225071e-02
9.910000000000000000e+04 5.994150308892134266e-02
9.920000000000000000e+04 6.149753193060558676e-02
9.930000000000000000e+04 6.283004585653545471e-02
9.940000000000000000e+04 6.378040174643197224e-02
9.950000000000000000e+04 6.442639368275801526e-02
9.960000000000000000e+04 6.488263934850693748e-02
9.970000000000000000e+04 6.514873955398797767e-02
9.980000000000000000e+04 6.533331756790478062e-02
9.990000000000000000e+04 6.560953669250010889e-02
1.000000000000000000e+05 6.611062710483871230e-02
1.001000000000000000e+05 6.666974049061535901e-02
1.002000000000000000e+05 6.745666116476059515e-02
1.003000000000000000e+05 6.817705715696016633e-02
1.004000000000000000e+05 6.892204001545904068e-02
1.005000000000000000e+05 6.967502962797880728e-02
1.006000000000000000e+05 7.041033037006852457e-02
1.007000000000000000e+05 7.108670003712180829e-02
1.008000000000000000e+05 7.157774016261100880e-02
1.009000000000000000e+05 7.184586069236198469e-02
1.010000000000000000e+05 7.186982681353887292e-02
1.011000000000000000e+05 7.168009415268900009e-02
1.012000000000000000e+05 7.124731610218687505e-02
1.013000000000000000e+05 7.046538929144544050e-02
1.014000000000000000e+05 6.953926563262939620e-02
1.015000000000000000e+05 6.862256551782290603e-02
1.016000000000000000e+05 6.788953855633735046e-02
1.017000000000000000e+05 6.796373989433049378e-02
1.018000000000000000e+05 6.830082334578041481e-02
1.019000000000000000e+05 6.926748265822726958e-02
1.020000000000000000e+05 7.014597058296204168e-02
1.021000000000000000e+05 7.088296408454577979e-02
1.022000000000000000e+05 7.116000821193060877e-02
1.023000000000000000e+05 7.123987719416619013e-02
1.024000000000000000e+05 7.114129210511843660e-02
1.025000000000000000e+05 7.092695869505405426e-02
1.026000000000000000e+05 7.067962624132632932e-02
1.027000000000000000e+05 7.038629787663619464e-02
1.028000000000000000e+05 6.998149156570432350e-02
1.029000000000000000e+05 6.950133051723242361e-02
1.030000000000000000e+05 6.893020868301388826e-02
1.031000000000000000e+05 6.824672050774098497e-02
1.032000000000000000e+05 6.756549164652828066e-02
1.033000000000000000e+05 6.693650804460046788e-02
1.034000000000000000e+05 6.640557418266930523e-02
1.035000000000000000e+05 6.590313892811536234e-02
1.036000000000000000e+05 6.551928838094076002e-02
1.037000000000000000e+05 6.522032689303158826e-02
1.038000000000000000e+05 6.504095479846000449e-02
1.039000000000000000e+05 6.508910555392502517e-02
1.040000000000000000e+05 6.532410954435666217e-02
1.041000000000000000e+05 6.572888467460871742e-02
1.042000000000000000e+05 6.644513197243215319e-02
1.043000000000000000e+05 6.724874611943962299e-02
1.044000000000000000e+05 6.810658946633341149e-02
1.045000000000000000e+05 6.898036294927201162e-02
1.046000000000000000e+05 6.983178608119489095e-02
1.047000000000000000e+05 7.068855825811622140e-02
1.048000000000000000e+05 7.158704653382300109e-02
1.049000000000000000e+05 7.248191299537817822e-02
1.050000000000000000e+05 7.338349334895610809e-02
1.051000000000000000e+05 7.407725539058446218e-02
1.052000000000000000e+05 7.455685988068581904e-02
1.053000000000000000e+05 7.480361126363277435e-02
1.054000000000000000e+05 7.471187703311443773e-02
1.055000000000000000e+05 7.465230065087477551e-02
1.056000000000000000e+05 7.467715814709663391e-02
1.057000000000000000e+05 7.485521782189608064e-02
1.058000000000000000e+05 7.504546165466308150e-02
1.059000000000000000e+05 7.522941164672375391e-02
1.060000000000000000e+05 7.501678044597306916e-02
1.061000000000000000e+05 7.468691726525625296e-02
1.062000000000000000e+05 7.414356485009196418e-02
1.063000000000000000e+05 7.395141532023749575e-02
1.064000000000000000e+05 7.382496123512580222e-02
1.065000000000000000e+05 7.461392860859634990e-02
1.066000000000000000e+05 7.573087677359585657e-02
1.067000000000000000e+05 7.711993639667832912e-02
1.068000000000000000e+05 7.864291593432426453e-02
1.069000000000000000e+05 8.005688272416597306e-02
1.070000000000000000e+05 8.140332549810419538e-02
1.071000000000000000e+05 8.253971830010417565e-02
1.072000000000000000e+05 8.354112500945731767e-02
1.073000000000000000e+05 8.433113834510247431e-02
1.074000000000000000e+05 8.457089290022851147e-02
1.075000000000000000e+05 8.425758096079030701e-02
1.076000000000000000e+05 8.356634666522344546e-02
1.077000000000000000e+05 8.244053877890106241e-02
1.078000000000000000e+05 8.100133148332441801e-02
1.079000000000000000e+05 7.946327072878675568e-02
1.080000000000000000e+05 7.786840200424194336e-02
1.081000000000000000e+05 7.641821881135303640e-02
1.082000000000000000e+05 7.559057831764218194e-02
1.083000000000000000e+05 7.519757375121116638e-02
1.084000000000000000e+05 7.544813379645348705e-02
1.085000000000000000e+05 7.626769815882047943e-02
1.086000000000000000e+05 7.754654496908197636e-02
1.087000000000000000e+05 7.909514104326569039e-02
1.088000000000000000e+05 8.082150608301169603e-02
1.089000000000000000e+05 8.253976732492453172e-02
1.090000000000000000e+05 8.395767733454706505e-02
1.091000000000000000e+05 8.499118238687522475e-02
1.092000000000000000e+05 8.529951557517051475e-02
1.093000000000000000e+05 8.496573482950528500e-02
1.094000000000000000e+05 8.411639697849751518e-02
1.095000000000000000e+05 8.296252582222221617e-02
1.096000000000000000e+05 8.138830244541164771e-02
1.097000000000000000e+05 7.973304515083630417e-02
1.098000000000000000e+05 7.807550989091394111e-02
1.099000000000000000e+05 7.648133208354312984e-02
1.100000000000000000e+05 7.489732528726258942e-02
1.101000000000000000e+05 7.326945841312408614e-02
1.102000000000000000e+05 7.151861208180587681e-02
1.103000000000000000e+05 6.974661017457646495e-02
1.104000000000000000e+05 6.796825692057609225e-02
1.105000000000000000e+05 6.648683678358789650e-02
1.106000000000000000e+05 6.547086596488951860e-02
1.107000000000000000e+05 6.486626166850331665e-02
1.108000000000000000e+05 6.466573968529701344e-02
1.109000000000000000e+05 6.485980215171971430e-02
1.110000000000000000e+05 6.542101651430129450e-02
1.111000000000000000e+05 6.602325615783533053e-02
1.112000000000000000e+05 6.659800097346305070e-02
1.113000000000000000e+05 6.699764925986527453e-02
1.114000000000000000e+05 6.732642635703085798e-02
1.115000000000000000e+05 6.743404095371563489e-02
1.116000000000000000e+05 6.721476688981056768e-02
1.117000000000000000e+05 6.681105549136798216e-02
1.118000000000000000e+05 6.668175021807352942e-02
1.119000000000000000e+05 6.656902704387902825e-02
1.120000000000000000e+05 6.697536855936048195e-02
1.121000000000000000e+05 6.808608695864679095e-02
1.122000000000000000e+05 6.961046084761621233e-02
1.123000000000000000e+05 7.113485402117172840e-02
1.124000000000000000e+05 7.209891170263291182e-02
1.125000000000000000e+05 7.250133343040943146e-02
1.126000000000000000e+05 7.269014095266659869e-02
1.127000000000000000e+05 7.277976602315902599e-02
1.128000000000000000e+05 7.282596468925475741e-02
1.129000000000000000e+05 7.282422984639803920e-02
1.130000000000000000e+05 7.250616128245987446e-02
1.131000000000000000e+05 7.185310073196883585e-02
1.132000000000000000e+05 7.102674290537833168e-02
1.133000000000000000e+05 7.017080100874105442e-02
1.134000000000000000e+05 6.949626922607417268e-02
1.135000000000000000e+05 6.879973908265427096e-02
1.136000000000000000e+05 6.843979969620704595e-02
1.137000000000000000e+05 6.861671850085260260e-02
1.138000000000000000e+05 6.893611058592796770e-02
1.139000000000000000e+05 6.923821850369374364e-02
1.140000000000000000e+05 6.951578110456468895e-02
1.141000000000000000e+05 6.963755468527475789e-02
1.142000000000000000e+05 6.969628229737280523e-02
1.143000000000000000e+05 6.952962748706340013e-02
1.144000000000000000e+05 6.915912598371504183e-02
1.145000000000000000e+05 6.876689090083039357e-02
1.146000000000000000e+05 6.817480653524393697e-02
1.147000000000000000e+05 6.755614109337329531e-02
1.148000000000000000e+05 6.704058493177095235e-02
1.149000000000000000e+05 6.707030691206455897e-02
1.150000000000000000e+05 6.722692276040713455e-02
1.151000000000000000e+05 6.749829227725664960e-02
1.152000000000000000e+05 6.854101330041886819e-02
1.153000000000000000e+05 6.979713449875514508e-02
1.154000000000000000e+05 7.123577229678629275e-02
1.155000000000000000e+05 7.295607961714264955e-02
1.156000000000000000e+05 7.461957052350040587e-02
1.157000000000000000e+05 7.627230510115630413e-02
1.158000000000000000e+05 7.762341007590298214e-02
1.159000000000000000e+05 7.883116170763969366e-02
1.160000000000000000e+05 8.000513737400373471e-02
1.161000000000000000e+05 8.015804141759871881e-02
1.162000000000000000e+05 7.981465677420296334e-02
1.163000000000000000e+05 7.922757169852674697e-02
1.164000000000000000e+05 7.689028456807131540e-02
1.165000000000000000e+05 7.374942650397599275e-02
1.166000000000000000e+05 7.048871830105771230e-02
1.167000000000000000e+05 6.648000229150023699e-02
1.168000000000000000e+05 6.190586174527788754e-02
1.169000000000000000e+05 5.731235199918349732e-02
1.170000000000000000e+05 5.241235718131065369e-02
1.171000000000000000e+05 4.736267199118903565e-02
1.172000000000000000e+05 4.251466227074435222e-02
1.173000000000000000e+05 3.770036369562135975e-02
1.174000000000000000e+05 3.284777211646236483e-02
1.175000000000000000e+05 2.814130671322345734e-02
1.176000000000000000e+05 2.357850115746239206e-02
1.177000000000000000e+05 1.937833152090498445e-02
1.178000000000000000e+05 1.512823844949408303e-02
1.179000000000000000e+05 1.235176797024904738e-02
1.180000000000000000e+05 1.101556479309994535e-02
1.181000000000000000e+05 9.702429886286483701e-03
1.182000000000000000e+05 8.704831344075490002e-03
1.183000000000000000e+05 8.107218504107232757e-03
1.184000000000000000e+05 7.522755805403007201e-03
1.185000000000000000e+05 6.978116813115775585e-03
1.186000000000000000e+05 6.681205745165541207e-03
1.187000000000000000e+05 6.363411353280133687e-03
1.188000000000000000e+05 6.099999286234372188e-03
1.189000000000000000e+05 5.991264224673303017e-03
1.190000000000000000e+05 5.889572839563081419e-03
1.191000000000000000e+05 5.766068557277298154e-03
1.192000000000000000e+05 5.542593076825124560e-03
1.193000000000000000e+05 5.317647708579885737e-03
1.194000000000000000e+05 5.104179382324216044e-03
1.195000000000000000e+05 4.972917555520932516e-03
1.196000000000000000e+05 4.845917935793602263e-03
1.197000000000000000e+05 4.764627101831107360e-03
1.198000000000000000e+05 5.309100402519086395e-03
1.199000000000000000e+05 5.828258769276231481e-03
