9.000000000000000000e+04 9.134018793702125549e-03
9.010000000000000000e+04 8.538777081606274688e-03
9.020000000000000000e+04 8.132382445037372037e-03
9.030000000000000000e+04 8.511893362738193192e-03
9.040000000000000000e+04 9.229718130081897981e-03
9.050000000000000000e+04 1.033060486273218795e-02
9.060000000000000000e+04 1.051686052232982463e-02
9.070000000000000000e+04 1.007526254436621332e-02
9.080000000000000000e+04 1.007200434183080917e-02
9.090000000000000000e+04 1.025825031567365389e-02
9.100000000000000000e+04 1.073629339225590923e-02
9.110000000000000000e+04 1.125118000743290797e-02
9.120000000000000000e+04 1.179982684552669317e-02
9.130000000000000000e+04 1.226018633693455942e-02
9.140000000000000000e+04 1.263660763700803769e-02
9.150000000000000000e+04 1.295441731344908198e-02
9.160000000000000000e+04 1.326796501874924310e-02
9.170000000000000000e+04 1.344252554234117054e-02
9.180000000000000000e+04 1.355516347102820457e-02
9.190000000000000000e+04 1.335037410569687132e-02
9.200000000000000000e+04 1.281129913404584555e-02
9.210000000000000000e+04 1.232225710060447579e-02
9.220000000000000000e+04 1.210133304198582685e-02
9.230000000000000000e+04 1.214319999950627671e-02
9.240000000000000000e+04 1.211917327716947185e-02
9.250000000000000000e+04 1.191096174685904799e-02
9.260000000000000000e+04 1.163248631171882180e-02
9.270000000000000000e+04 1.141490995883941498e-02
9.280000000000000000e+04 1.136010841156045656e-02
9.290000000000000000e+04 1.138215906141946954e-02
9.300000000000000000e+04 1.144090197049081256e-02
9.310000000000000000e+04 1.154897691371539747e-02
9.320000000000000000e+04 1.173153006161252628e-02
9.330000000000000000e+04 1.198975566774607149e-02
9.340000000000000000e+04 1.223314655323822983e-02
9.350000000000000000e+04 1.231459667906164776e-02
9.360000000000000000e+04 1.220173595473171037e-02
9.370000000000000000e+04 1.201130785048008277e-02
9.380000000000000000e+04 1.200621141741672893e-02
9.390000000000000000e+04 1.213174803182482178e-02
9.400000000000000000e+04 1.232428491736452247e-02
9.410000000000000000e+04 1.243851765835036864e-02
9.420000000000000000e+04 1.241773402318358324e-02
9.430000000000000000e+04 1.241729619602362222e-02
9.440000000000000000e+04 1.267905709023275929e-02
9.450000000000000000e+04 1.312997476197779942e-02
9.460000000000000000e+04 1.353450682635108995e-02
9.470000000000000000e+04 1.375283690635114783e-02
9.480000000000000000e+04 1.385549180209636605e-02
9.490000000000000000e+04 1.389590663524965450e-02
9.500000000000000000e+04 1.393158920109271830e-02
9.510000000000000000e+04 1.386473033577204084e-02
9.520000000000000000e+04 1.366284475351373096e-02
9.530000000000000000e+04 1.323708162332574989e-02
9.540000000000000000e+04 1.267800746485590185e-02
9.550000000000000000e+04 1.225288113734374768e-02
9.560000000000000000e+04 1.211758306870857824e-02
9.570000000000000000e+04 1.210647911764681922e-02
9.580000000000000000e+04 1.204088844979802828e-02
9.590000000000000000e+04 1.188436537360151868e-02
9.600000000000000000e+04 1.171409711241722107e-02
9.610000000000000000e+04 1.166782460020234467e-02
9.620000000000000000e+04 1.170533452183008562e-02
9.630000000000000000e+04 1.177360229194164380e-02
9.640000000000000000e+04 1.183146586020787649e-02
9.650000000000000000e+04 1.189484943946202480e-02
9.660000000000000000e+04 1.207992056384682607e-02
9.670000000000000000e+04 1.236060444576044665e-02
9.680000000000000000e+04 1.276926836619773561e-02
9.690000000000000000e+04 1.321572621818632373e-02
9.700000000000000000e+04 1.347729340195655615e-02
9.710000000000000000e+04 1.348375107472141697e-02
9.720000000000000000e+04 1.323503205552696571e-02
9.730000000000000000e+04 1.297184480354190289e-02
9.740000000000000000e+04 1.277542559740443839e-02
9.750000000000000000e+04 1.263466640375554215e-02
9.760000000000000000e+04 1.246806050961216279e-02
9.770000000000000000e+04 1.228248603641987277e-02
9.780000000000000000e+04 1.211739937774837170e-02
9.790000000000000000e+04 1.199941528805841505e-02
9.800000000000000000e+04 1.194953847055633782e-02
9.810000000000000000e+04 1.198157087434083626e-02
9.820000000000000000e+04 1.213851067237555967e-02
9.830000000000000000e+04 1.229229260856906994e-02
9.840000000000000000e+04 1.231230264529585908e-02
9.850000000000000000e+04 1.224134932272136211e-02
9.860000000000000000e+04 1.214865713069836380e-02
9.870000000000000000e+04 1.204591803252696991e-02
9.880000000000000000e+04 1.199034637461105987e-02
9.890000000000000000e+04 1.212627350197483488e-02
9.900000000000000000e+04 1.245109876617789615e-02
9.910000000000000000e+04 1.279914837020138321e-02
9.920000000000000000e+04 1.309232147410510985e-02
9.930000000000000000e+04 1.341064926236867211e-02
9.940000000000000000e+04 1.375276603735983705e-02
9.950000000000000000e+04 1.398946092619249987e-02
9.960000000000000000e+04 1.405380617827177089e-02
9.970000000000000000e+04 1.392696274599681053e-02
9.980000000000000000e+04 1.369406602034966246e-02
9.990000000000000000e+04 1.341585231013596273e-02
1.000000000000000000e+05 1.324408811827500546e-02
1.001000000000000000e+05 1.338591470072666295e-02
1.002000000000000000e+05 1.358263032510876808e-02
1.003000000000000000e+05 1.365783183525006578e-02
1.004000000000000000e+05 1.361424999932447921e-02
1.005000000000000000e+05 1.359808908309787304e-02
1.006000000000000000e+05 1.379860030176739173e-02
1.007000000000000000e+05 1.416820797137916497e-02
1.008000000000000000e+05 1.454861629754305129e-02
1.009000000000000000e+05 1.468022648865978386e-02
1.010000000000000000e+05 1.434630965813994338e-02
1.011000000000000000e+05 1.412495020311325608e-02
1.012000000000000000e+05 1.427994472905993323e-02
1.013000000000000000e+05 1.467409119320412306e-02
1.014000000000000000e+05 1.460673017427325734e-02
1.015000000000000000e+05 1.385585859728352687e-02
1.016000000000000000e+05 1.295958812658983862e-02
1.017000000000000000e+05 1.260113613680005282e-02
1.018000000000000000e+05 1.292132144793869605e-02
1.019000000000000000e+05 1.353526566177606395e-02
1.020000000000000000e+05 1.408196324482561060e-02
1.021000000000000000e+05 1.435826409608125312e-02
1.022000000000000000e+05 1.438359342515468584e-02
1.023000000000000000e+05 1.434665591921657248e-02
1.024000000000000000e+05 1.446000241364042010e-02
1.025000000000000000e+05 1.458691832764695724e-02
1.026000000000000000e+05 1.450909750536084203e-02
1.027000000000000000e+05 1.420437846798450546e-02
1.028000000000000000e+05 1.402323468898733841e-02
1.029000000000000000e+05 1.397796912118792582e-02
1.030000000000000000e+05 1.377386942816276674e-02
1.031000000000000000e+05 1.348600474186241460e-02
1.032000000000000000e+05 1.336191525682806427e-02
1.033000000000000000e+05 1.334520952776074507e-02
1.034000000000000000e+05 1.325000150439639875e-02
1.035000000000000000e+05 1.302044852636755241e-02
1.036000000000000000e+05 1.276428941637279199e-02
1.037000000000000000e+05 1.250603636105854927e-02
1.038000000000000000e+05 1.240116216242313427e-02
1.039000000000000000e+05 1.234143445578714249e-02
1.040000000000000000e+05 1.214102127899726463e-02
1.041000000000000000e+05 1.212981729768217339e-02
1.042000000000000000e+05 1.237264179314175906e-02
1.043000000000000000e+05 1.265265877669055974e-02
1.044000000000000000e+05 1.274473369121552346e-02
1.045000000000000000e+05 1.294200075790285717e-02
1.046000000000000000e+05 1.304744130000471888e-02
1.047000000000000000e+05 1.306488295085728168e-02
1.048000000000000000e+05 1.309730737159649563e-02
1.049000000000000000e+05 1.323934951797126926e-02
1.050000000000000000e+05 1.344446907751262188e-02
1.051000000000000000e+05 1.363493614830076951e-02
1.052000000000000000e+05 1.376477902755141036e-02
1.053000000000000000e+05 1.379947188775986280e-02
1.054000000000000000e+05 1.365092109267909692e-02
1.055000000000000000e+05 1.331466494593770006e-02
1.056000000000000000e+05 1.310995120555163290e-02
1.057000000000000000e+05 1.313185780930022431e-02
1.058000000000000000e+05 1.332284848205745470e-02
1.059000000000000000e+05 1.346875112038105511e-02
1.060000000000000000e+05 1.347492961212992668e-02
1.061000000000000000e+05 1.335606510130066954e-02
1.062000000000000000e+05 1.302381134591996080e-02
1.063000000000000000e+05 1.260378925750653759e-02
1.064000000000000000e+05 1.226965531085927666e-02
1.065000000000000000e+05 1.227732258848846306e-02
1.066000000000000000e+05 1.270935172835984533e-02
1.067000000000000000e+05 1.328447277347246866e-02
1.068000000000000000e+05 1.379523145034908596e-02
1.069000000000000000e+05 1.402675935843338689e-02
1.070000000000000000e+05 1.412528157234191339e-02
1.071000000000000000e+05 1.413457630202174208e-02
1.072000000000000000e+05 1.420187757660945627e-02
1.073000000000000000e+05 1.436031940858809725e-02
1.074000000000000000e+05 1.448663825169205742e-02
1.075000000000000000e+05 1.438592048361897816e-02
1.076000000000000000e+05 1.410229107365012363e-02
1.077000000000000000e+05 1.385824433527886590e-02
1.078000000000000000e+05 1.370808955902855057e-02
1.079000000000000000e+05 1.351386418566108069e-02
1.080000000000000000e+05 1.302375327795743908e-02
1.081000000000000000e+05 1.233927518129347700e-02
1.082000000000000000e+05 1.184868582524358643e-02
1.083000000000000000e+05 1.176045789383351262e-02
1.084000000000000000e+05 1.194893351445594498e-02
1.085000000000000000e+05 1.226015249267219803e-02
1.086000000000000000e+05 1.263427100144327159e-02
1.087000000000000000e+05 1.297786470347393403e-02
1.088000000000000000e+05 1.326283418883879642e-02
1.089000000000000000e+05 1.354912401176988287e-02
1.090000000000000000e+05 1.377637435992559028e-02
1.091000000000000000e+05 1.391600402072071599e-02
1.092000000000000000e+05 1.388278905302285822e-02
1.093000000000000000e+05 1.366013414536911691e-02
1.094000000000000000e+05 1.337505592964588833e-02
1.095000000000000000e+05 1.311401601415127308e-02
1.096000000000000000e+05 1.279142086704572467e-02
1.097000000000000000e+05 1.248159578846146436e-02
1.098000000000000000e+05 1.220293074846268838e-02
1.099000000000000000e+05 1.193495699825385982e-02
1.100000000000000000e+05 1.180749526247381991e-02
1.101000000000000000e+05 1.176617906894534930e-02
1.102000000000000000e+05 1.160975071912012310e-02
1.103000000000000000e+05 1.130221056286246847e-02
1.104000000000000000e+05 1.087284773588179793e-02
1.105000000000000000e+05 1.047559385964024967e-02
1.106000000000000000e+05 1.025788635636367893e-02
1.107000000000000000e+05 1.026962108444422553e-02
1.108000000000000000e+05 1.029012213150660125e-02
1.109000000000000000e+05 1.034489441352585970e-02
1.110000000000000000e+05 1.044713822193443775e-02
1.111000000000000000e+05 1.067662326308587047e-02
1.112000000000000000e+05 1.085399070133765201e-02
1.113000000000000000e+05 1.089976548682898561e-02
1.114000000000000000e+05 1.089414192053178923e-02
1.115000000000000000e+05 1.091624090913683245e-02
1.116000000000000000e+05 1.100788736715913041e-02
1.117000000000000000e+05 1.103083076265951035e-02
1.118000000000000000e+05 1.065259152092040522e-02
1.119000000000000000e+05 1.014823945704847880e-02
1.120000000000000000e+05 9.892618997643407713e-03
1.121000000000000000e+05 1.016964158198487359e-02
1.122000000000000000e+05 1.083250077441335821e-02
1.123000000000000000e+05 1.145606694277372800e-02
1.124000000000000000e+05 1.163230617220203933e-02
1.125000000000000000e+05 1.136564603075381624e-02
1.126000000000000000e+05 1.099686565808953055e-02
1.127000000000000000e+05 1.094457866934438195e-02
1.128000000000000000e+05 1.109825164079665874e-02
1.129000000000000000e+05 1.124312062282115283e-02
1.130000000000000000e+05 1.135211659905810758e-02
1.131000000000000000e+05 1.120424809399992241e-02
1.132000000000000000e+05 1.078762829303741080e-02
1.133000000000000000e+05 1.047288415177414361e-02
1.134000000000000000e+05 1.047951718792319332e-02
1.135000000000000000e+05 1.041855805863935863e-02
1.136000000000000000e+05 1.016089641178647210e-02
1.137000000000000000e+05 1.002139233984053121e-02
1.138000000000000000e+05 1.021170287082592484e-02
1.139000000000000000e+05 1.049868630710991055e-02
1.140000000000000000e+05 1.071599330753087928e-02
1.141000000000000000e+05 1.060214277046421863e-02
1.142000000000000000e+05 1.037967217465241530e-02
1.143000000000000000e+05 1.035136361140758486e-02
1.144000000000000000e+05 1.049085671703020237e-02
1.145000000000000000e+05 1.045449990779161176e-02
1.146000000000000000e+05 1.023031537421048229e-02
1.147000000000000000e+05 1.005482345819472441e-02
1.148000000000000000e+05 1.007712393999101244e-02
1.149000000000000000e+05 1.035502598155291568e-02
1.150000000000000000e+05 1.058644545264541929e-02
1.151000000000000000e+05 1.055344542488455620e-02
1.152000000000000000e+05 1.042131349444389531e-02
1.153000000000000000e+05 1.045109397731721831e-02
1.154000000000000000e+05 1.095475468784572193e-02
1.155000000000000000e+05 1.167636225000023842e-02
1.156000000000000000e+05 1.211334835117061637e-02
1.157000000000000000e+05 1.218835641474774224e-02
1.158000000000000000e+05 1.204331869259477224e-02
1.159000000000000000e+05 1.198826486555238172e-02
1.160000000000000000e+05 1.226916974410412892e-02
1.161000000000000000e+05 1.261119881644845453e-02
1.162000000000000000e+05 1.273674089461565052e-02
1.163000000000000000e+05 1.245417874306440492e-02
1.164000000000000000e+05 1.183969074860216630e-02
1.165000000000000000e+05 1.102751631600161659e-02
1.166000000000000000e+05 1.038851909960311279e-02
1.167000000000000000e+05 1.023057230748235930e-02
1.168000000000000000e+05 1.019086773196856838e-02
1.169000000000000000e+05 9.858073613916811667e-03
1.170000000000000000e+05 9.315304504707477146e-03
1.171000000000000000e+05 8.646005840661618452e-03
1.172000000000000000e+05 8.160063090423747001e-03
1.173000000000000000e+05 7.744095590896903775e-03
1.174000000000000000e+05 7.174507404367102409e-03
1.175000000000000000e+05 6.048636064709461344e-03
1.176000000000000000e+05 4.759864248335332268e-03
1.177000000000000000e+05 3.846631781198091120e-03
1.178000000000000000e+05 3.562676024933641820e-03
1.179000000000000000e+05 3.836671067401764557e-03
1.180000000000000000e+05 4.378778541771080959e-03
1.181000000000000000e+05 4.809381132945441707e-03
1.182000000000000000e+05 5.088215200230484202e-03
1.183000000000000000e+05 5.260757847378656413e-03
1.184000000000000000e+05 5.381648795058323158e-03
1.185000000000000000e+05 5.309821607079356562e-03
1.186000000000000000e+05 5.264173468264441574e-03
1.187000000000000000e+05 5.238528975751253342e-03
1.188000000000000000e+05 5.158639336004853734e-03
1.189000000000000000e+05 5.016127508133658847e-03
1.190000000000000000e+05 5.099612381309265308e-03
1.191000000000000000e+05 5.255212886258959874e-03
1.192000000000000000e+05 5.229897533232967174e-03
1.193000000000000000e+05 5.160532780767727173e-03
1.194000000000000000e+05 4.943210403434917383e-03
1.195000000000000000e+05 4.716736803917811680e-03
1.196000000000000000e+05 4.467136766761544905e-03
1.197000000000000000e+05 4.094232444185748679e-03
1.198000000000000000e+05 3.634062292209526077e-03
1.199000000000000000e+05 3.573074645052353414e-03
