9.000000000000000000e+04 1.017378456890583038e-02
9.010000000000000000e+04 9.427548620539417598e-03
9.020000000000000000e+04 9.031582263608776973e-03
9.030000000000000000e+04 9.111868343315988883e-03
9.040000000000000000e+04 1.062819169834252481e-02
9.050000000000000000e+04 1.154051202659805639e-02
9.060000000000000000e+04 1.174427596852181677e-02
9.070000000000000000e+04 1.120633121424664813e-02
9.080000000000000000e+04 1.107675772160290895e-02
9.090000000000000000e+04 1.143153770826757162e-02
9.100000000000000000e+04 1.209330689162014735e-02
9.110000000000000000e+04 1.269967000931501028e-02
9.120000000000000000e+04 1.320658076554534141e-02
9.130000000000000000e+04 1.365848260466010280e-02
9.140000000000000000e+04 1.404017201314368760e-02
9.150000000000000000e+04 1.434938944876194486e-02
9.160000000000000000e+04 1.454405137027303153e-02
9.170000000000000000e+04 1.469632965823014850e-02
9.180000000000000000e+04 1.479364810511470119e-02
9.190000000000000000e+04 1.460422788125773433e-02
9.200000000000000000e+04 1.410512517516812440e-02
9.210000000000000000e+04 1.357495119795203153e-02
9.220000000000000000e+04 1.350143610189358245e-02
9.230000000000000000e+04 1.362402152270078895e-02
9.240000000000000000e+04 1.355898056179285355e-02
9.250000000000000000e+04 1.330281161547949495e-02
9.260000000000000000e+04 1.297048447964090773e-02
9.270000000000000000e+04 1.277962867636233193e-02
9.280000000000000000e+04 1.274908703441421029e-02
9.290000000000000000e+04 1.281616936903447190e-02
9.300000000000000000e+04 1.287158839404583394e-02
9.310000000000000000e+04 1.296498739160597581e-02
9.320000000000000000e+04 1.314172881344955260e-02
9.330000000000000000e+04 1.346224296372383958e-02
9.340000000000000000e+04 1.374242276263733242e-02
9.350000000000000000e+04 1.379949306137859266e-02
9.360000000000000000e+04 1.358051182702182079e-02
9.370000000000000000e+04 1.338159183661142074e-02
9.380000000000000000e+04 1.340783236858745370e-02
9.390000000000000000e+04 1.358059414662420722e-02
9.400000000000000000e+04 1.380733931437135367e-02
9.410000000000000000e+04 1.396591990720481499e-02
9.420000000000000000e+04 1.391110088676213857e-02
9.430000000000000000e+04 1.387252515337119262e-02
9.440000000000000000e+04 1.419156153996785352e-02
9.450000000000000000e+04 1.473593721166252882e-02
9.460000000000000000e+04 1.511642226328452701e-02
9.470000000000000000e+04 1.526004373406370657e-02
9.480000000000000000e+04 1.529711363837122848e-02
9.490000000000000000e+04 1.530786647616575250e-02
9.500000000000000000e+04 1.529968211737771887e-02
9.510000000000000000e+04 1.527425495442003012e-02
9.520000000000000000e+04 1.511429602280260978e-02
9.530000000000000000e+04 1.475200283030669510e-02
9.540000000000000000e+04 1.413282979279757712e-02
9.550000000000000000e+04 1.370047960275163484e-02
9.560000000000000000e+04 1.369266168524822108e-02
9.570000000000000000e+04 1.376764835789799982e-02
9.580000000000000000e+04 1.366737447679042955e-02
9.590000000000000000e+04 1.341043880209326702e-02
9.600000000000000000e+04 1.321081137284636428e-02
9.610000000000000000e+04 1.312533926373968610e-02
9.620000000000000000e+04 1.318225463852286221e-02
9.630000000000000000e+04 1.331637495197356136e-02
9.640000000000000000e+04 1.338216756160060493e-02
9.650000000000000000e+04 1.352498154155909980e-02
9.660000000000000000e+04 1.379623163491487670e-02
9.670000000000000000e+04 1.413522748897472550e-02
9.680000000000000000e+04 1.453380828723311799e-02
9.690000000000000000e+04 1.490555020049215591e-02
9.700000000000000000e+04 1.506784140753249061e-02
9.710000000000000000e+04 1.503778557448338243e-02
9.720000000000000000e+04 1.483206601813436346e-02
9.730000000000000000e+04 1.465331244748086306e-02
9.740000000000000000e+04 1.455259709929426076e-02
9.750000000000000000e+04 1.443987851962447166e-02
9.760000000000000000e+04 1.430688984692096710e-02
9.770000000000000000e+04 1.411757848225533157e-02
9.780000000000000000e+04 1.395860913209617457e-02
9.790000000000000000e+04 1.388227575769027285e-02
9.800000000000000000e+04 1.384467901661991934e-02
9.810000000000000000e+04 1.393519423902035009e-02
9.820000000000000000e+04 1.414710491585234771e-02
9.830000000000000000e+04 1.432852583006023750e-02
9.840000000000000000e+04 1.435117837041616218e-02
9.850000000000000000e+04 1.431019368271032981e-02
9.860000000000000000e+04 1.426613504067063276e-02
9.870000000000000000e+04 1.423266246914863843e-02
9.880000000000000000e+04 1.420092072958747606e-02
9.890000000000000000e+04 1.429347574400404580e-02
9.900000000000000000e+04 1.457942621782423384e-02
9.910000000000000000e+04 1.479580152779818789e-02
9.920000000000000000e+04 1.496800838659207572e-02
9.930000000000000000e+04 1.517930379137397146e-02
9.940000000000000000e+04 1.537082691987355990e-02
9.950000000000000000e+04 1.550023204181342866e-02
9.960000000000000000e+04 1.549891686066984936e-02
9.970000000000000000e+04 1.534003112465143204e-02
9.980000000000000000e+04 1.514958599582313936e-02
9.990000000000000000e+04 1.490107805468141901e-02
1.000000000000000000e+05 1.470870043461521351e-02
1.001000000000000000e+05 1.472651301417499808e-02
1.002000000000000000e+05 1.480546569451689914e-02
1.003000000000000000e+05 1.478566124259183753e-02
1.004000000000000000e+05 1.471851617718736294e-02
1.005000000000000000e+05 1.472037069033831601e-02
1.006000000000000000e+05 1.482744660228490705e-02
1.007000000000000000e+05 1.504889948293566121e-02
1.008000000000000000e+05 1.529761865735053752e-02
1.009000000000000000e+05 1.537530377507209146e-02
1.010000000000000000e+05 1.523265933307508743e-02
1.011000000000000000e+05 1.511298832483590031e-02
1.012000000000000000e+05 1.526102029408017008e-02
1.013000000000000000e+05 1.555217002984136607e-02
1.014000000000000000e+05 1.556354605592785538e-02
1.015000000000000000e+05 1.504705936337508848e-02
1.016000000000000000e+05 1.446396940077343887e-02
1.017000000000000000e+05 1.426463676616549978e-02
1.018000000000000000e+05 1.450782437498371324e-02
1.019000000000000000e+05 1.487452541788418514e-02
1.020000000000000000e+05 1.519973846152425020e-02
1.021000000000000000e+05 1.540248025829593290e-02
1.022000000000000000e+05 1.541789339544872434e-02
1.023000000000000000e+05 1.543078258633613642e-02
1.024000000000000000e+05 1.556483249490459714e-02
1.025000000000000000e+05 1.568973266209165718e-02
1.026000000000000000e+05 1.558973154053092114e-02
1.027000000000000000e+05 1.530560073597978139e-02
1.028000000000000000e+05 1.516840030749638801e-02
1.029000000000000000e+05 1.510419293772428603e-02
1.030000000000000000e+05 1.487473205973705026e-02
1.031000000000000000e+05 1.462248214986175063e-02
1.032000000000000000e+05 1.452759779989719509e-02
1.033000000000000000e+05 1.446726979222148421e-02
1.034000000000000000e+05 1.429268935074409774e-02
1.035000000000000000e+05 1.407459517940879909e-02
1.036000000000000000e+05 1.382611472780504412e-02
1.037000000000000000e+05 1.357616687193512542e-02
1.038000000000000000e+05 1.344299266114830707e-02
1.039000000000000000e+05 1.333026065335919316e-02
1.040000000000000000e+05 1.312299836426972927e-02
1.041000000000000000e+05 1.311228552367538214e-02
1.042000000000000000e+05 1.327681020523110815e-02
1.043000000000000000e+05 1.331314335732410037e-02
1.044000000000000000e+05 1.338394679129124507e-02
1.045000000000000000e+05 1.352340515392521855e-02
1.046000000000000000e+05 1.355334031085173724e-02
1.047000000000000000e+05 1.348355930764228577e-02
1.048000000000000000e+05 1.352613452201088112e-02
1.049000000000000000e+05 1.367077424811819625e-02
1.050000000000000000e+05 1.381301134824752808e-02
1.051000000000000000e+05 1.398644597890476640e-02
1.052000000000000000e+05 1.411206565176447575e-02
1.053000000000000000e+05 1.412687025964260226e-02
1.054000000000000000e+05 1.393976384773849136e-02
1.055000000000000000e+05 1.364035261794925048e-02
1.056000000000000000e+05 1.349666895344853526e-02
1.057000000000000000e+05 1.352304228271047556e-02
1.058000000000000000e+05 1.365326286604007580e-02
1.059000000000000000e+05 1.370874814689159588e-02
1.060000000000000000e+05 1.370552837227781429e-02
1.061000000000000000e+05 1.359455644153058709e-02
1.062000000000000000e+05 1.334379727020860301e-02
1.063000000000000000e+05 1.311830123110364378e-02
1.064000000000000000e+05 1.298765739426016586e-02
1.065000000000000000e+05 1.303587565198538814e-02
1.066000000000000000e+05 1.331718326235811593e-02
1.067000000000000000e+05 1.371427011520912065e-02
1.068000000000000000e+05 1.405097896233199750e-02
1.069000000000000000e+05 1.427200814088185402e-02
1.070000000000000000e+05 1.433000598723689623e-02
1.071000000000000000e+05 1.432087367866188149e-02
1.072000000000000000e+05 1.438667330270012278e-02
1.073000000000000000e+05 1.455447624127069808e-02
1.074000000000000000e+05 1.466581707820296260e-02
1.075000000000000000e+05 1.453341411737103794e-02
1.076000000000000000e+05 1.423759823665022434e-02
1.077000000000000000e+05 1.399734877049921972e-02
1.078000000000000000e+05 1.388040458783506778e-02
1.079000000000000000e+05 1.372252624016255182e-02
1.080000000000000000e+05 1.335318824276329232e-02
1.081000000000000000e+05 1.295029331464321067e-02
1.082000000000000000e+05 1.270689525020617799e-02
1.083000000000000000e+05 1.265620375052094529e-02
1.084000000000000000e+05 1.272422101969519770e-02
1.085000000000000000e+05 1.289045296919841960e-02
1.086000000000000000e+05 1.310219454579055094e-02
1.087000000000000000e+05 1.332992519717663554e-02
1.088000000000000000e+05 1.354473354294896160e-02
1.089000000000000000e+05 1.374362614471465183e-02
1.090000000000000000e+05 1.395585089921951016e-02
1.091000000000000000e+05 1.410053417862703294e-02
1.092000000000000000e+05 1.405827939510345508e-02
1.093000000000000000e+05 1.382028911728412808e-02
1.094000000000000000e+05 1.358548951956132025e-02
1.095000000000000000e+05 1.336082310881464563e-02
1.096000000000000000e+05 1.311681518331170651e-02
1.097000000000000000e+05 1.286790462831655796e-02
1.098000000000000000e+05 1.264230104163288279e-02
1.099000000000000000e+05 1.244731397833675340e-02
1.100000000000000000e+05 1.229985198006033897e-02
1.101000000000000000e+05 1.217516886536032170e-02
1.102000000000000000e+05 1.202018372093637509e-02
1.103000000000000000e+05 1.181443075804660195e-02
1.104000000000000000e+05 1.157898550853132466e-02
1.105000000000000000e+05 1.137710701829443283e-02
1.106000000000000000e+05 1.124465278660257903e-02
1.107000000000000000e+05 1.119484741240739899e-02
1.108000000000000000e+05 1.117495977009336228e-02
1.109000000000000000e+05 1.118515352718531947e-02
1.110000000000000000e+05 1.124549740925431460e-02
1.111000000000000000e+05 1.134608608825753151e-02
1.112000000000000000e+05 1.144501693546771948e-02
1.113000000000000000e+05 1.149246019311249249e-02
1.114000000000000000e+05 1.149466505584617257e-02
1.115000000000000000e+05 1.152816636022180319e-02
1.116000000000000000e+05 1.157367559149861252e-02
1.117000000000000000e+05 1.156463003096481340e-02
1.118000000000000000e+05 1.141926959156989996e-02
1.119000000000000000e+05 1.120682765729726776e-02
1.120000000000000000e+05 1.113657054180900233e-02
1.121000000000000000e+05 1.130100062116979123e-02
1.122000000000000000e+05 1.162732404656708143e-02
1.123000000000000000e+05 1.191090560207764583e-02
1.124000000000000000e+05 1.198666245987017875e-02
1.125000000000000000e+05 1.186515111476182938e-02
1.126000000000000000e+05 1.173838581889867679e-02
1.127000000000000000e+05 1.173279736656695701e-02
1.128000000000000000e+05 1.177286960184573995e-02
1.129000000000000000e+05 1.180710652377456489e-02
1.130000000000000000e+05 1.183217663007477861e-02
1.131000000000000000e+05 1.174611611757427065e-02
1.132000000000000000e+05 1.154950559139251293e-02
1.133000000000000000e+05 1.141253107227385710e-02
1.134000000000000000e+05 1.139508400112390629e-02
1.135000000000000000e+05 1.133419778198003526e-02
1.136000000000000000e+05 1.121366436282793255e-02
1.137000000000000000e+05 1.117665063589811172e-02
1.138000000000000000e+05 1.124403946101665275e-02
1.139000000000000000e+05 1.135351608196894478e-02
1.140000000000000000e+05 1.142942290753126179e-02
1.141000000000000000e+05 1.138735640173156941e-02
1.142000000000000000e+05 1.129442235765357704e-02
1.143000000000000000e+05 1.128999008797109196e-02
1.144000000000000000e+05 1.131947668269276536e-02
1.145000000000000000e+05 1.128346545932193759e-02
1.146000000000000000e+05 1.118698579259216896e-02
1.147000000000000000e+05 1.112894104793667877e-02
1.148000000000000000e+05 1.115099871531128814e-02
1.149000000000000000e+05 1.125030975788831634e-02
1.150000000000000000e+05 1.133030295992890936e-02
1.151000000000000000e+05 1.135284414514899434e-02
1.152000000000000000e+05 1.134620690718293398e-02
1.153000000000000000e+05 1.145765092844764493e-02
1.154000000000000000e+05 1.176430483348668218e-02
1.155000000000000000e+05 1.215821683872489976e-02
1.156000000000000000e+05 1.242481141040721257e-02
1.157000000000000000e+05 1.247657880497475558e-02
1.158000000000000000e+05 1.240598878823221014e-02
1.159000000000000000e+05 1.245081225875765106e-02
1.160000000000000000e+05 1.267770988245804989e-02
1.161000000000000000e+05 1.296328046824783177e-02
1.162000000000000000e+05 1.300575485453009210e-02
1.163000000000000000e+05 1.272808579883224697e-02
1.164000000000000000e+05 1.219582807272674707e-02
1.165000000000000000e+05 1.164605971425769666e-02
1.166000000000000000e+05 1.124040120591720399e-02
1.167000000000000000e+05 1.104519791901110992e-02
1.168000000000000000e+05 1.079704122617841655e-02
1.169000000000000000e+05 1.043669783975928120e-02
1.170000000000000000e+05 9.960455587133747873e-03
1.171000000000000000e+05 9.419472548179302213e-03
1.172000000000000000e+05 8.862171427657199868e-03
1.173000000000000000e+05 8.501309687271713794e-03
1.174000000000000000e+05 8.153024126465124866e-03
1.175000000000000000e+05 7.478260667994642702e-03
1.176000000000000000e+05 5.854450305923802542e-03
1.177000000000000000e+05 4.457665085016434409e-03
1.178000000000000000e+05 4.038194081901281922e-03
1.179000000000000000e+05 4.573155534453663372e-03
1.180000000000000000e+05 5.197817816709478234e-03
1.181000000000000000e+05 5.486729827243838620e-03
1.182000000000000000e+05 5.570744276046750432e-03
1.183000000000000000e+05 5.699626564358673680e-03
1.184000000000000000e+05 5.767954181258876448e-03
1.185000000000000000e+05 5.748782143928109906e-03
1.186000000000000000e+05 5.687910998240108644e-03
1.187000000000000000e+05 5.640964056365192075e-03
1.188000000000000000e+05 5.622952412813901624e-03
1.189000000000000000e+05 5.569853743072597854e-03
1.190000000000000000e+05 5.563750537112359049e-03
1.191000000000000000e+05 5.655029998160900073e-03
1.192000000000000000e+05 5.637429347261786391e-03
1.193000000000000000e+05 5.534270190012943735e-03
1.194000000000000000e+05 5.326115544885403480e-03
1.195000000000000000e+05 5.136625453208880712e-03
1.196000000000000000e+05 4.932298325002189981e-03
1.197000000000000000e+05 4.690984252374613001e-03
1.198000000000000000e+05 4.151482056671129336e-03
1.199000000000000000e+05 3.957216284470632325e-03
