9.000000000000000000e+04 8.635695558041334152e-03
9.010000000000000000e+04 8.949349457398059204e-03
9.020000000000000000e+04 9.262424577027559419e-03
9.030000000000000000e+04 9.612409928813580445e-03
9.040000000000000000e+04 1.002870942776402235e-02
9.050000000000000000e+04 1.043999119040867410e-02
9.060000000000000000e+04 1.026561371982097001e-02
9.070000000000000000e+04 9.865120865094154090e-03
9.080000000000000000e+04 9.496300487468641027e-03
9.090000000000000000e+04 9.711863500997426971e-03
9.100000000000000000e+04 9.924470679834493728e-03
9.110000000000000000e+04 1.036666932981465672e-02
9.120000000000000000e+04 1.115802345797416162e-02
9.130000000000000000e+04 1.197269712264339633e-02
9.140000000000000000e+04 1.298515020559229752e-02
9.150000000000000000e+04 1.408115299418565870e-02
9.160000000000000000e+04 1.532374388227855481e-02
9.170000000000000000e+04 1.737065737135708859e-02
9.180000000000000000e+04 1.940739295445385176e-02
9.190000000000000000e+04 2.233682631204537972e-02
9.200000000000000000e+04 2.599666863679896828e-02
9.210000000000000000e+04 2.963228411041199384e-02
9.220000000000000000e+04 3.241932775204370287e-02
9.230000000000000000e+04 3.489625557325791438e-02
9.240000000000000000e+04 3.690310306847094379e-02
9.250000000000000000e+04 3.750112513080237214e-02
9.260000000000000000e+04 3.793734852224587423e-02
9.270000000000000000e+04 3.817194335162639451e-02
9.280000000000000000e+04 3.816735476255417314e-02
9.290000000000000000e+04 3.818285099541147976e-02
9.300000000000000000e+04 3.817459009587764740e-02
9.310000000000000000e+04 3.816870147362351473e-02
9.320000000000000000e+04 3.818893052637577223e-02
9.330000000000000000e+04 3.829510752111673494e-02
9.340000000000000000e+04 3.843262378126383050e-02
9.350000000000000000e+04 3.870730378354589329e-02
9.360000000000000000e+04 3.908488519489766028e-02
9.370000000000000000e+04 3.947624789550902014e-02
9.380000000000000000e+04 3.986768141388893905e-02
9.390000000000000000e+04 4.024020416662096866e-02
9.400000000000000000e+04 4.057875325282415957e-02
9.410000000000000000e+04 4.082466063400108647e-02
9.420000000000000000e+04 4.099604889750479986e-02
9.430000000000000000e+04 4.101972217361132128e-02
9.440000000000000000e+04 4.096538143853346858e-02
9.450000000000000000e+04 4.088508710265159607e-02
9.460000000000000000e+04 4.084666301806767763e-02
9.470000000000000000e+04 4.082688957452773604e-02
9.480000000000000000e+04 4.085866317152976601e-02
9.490000000000000000e+04 4.095639352997143545e-02
9.500000000000000000e+04 4.105407185852527618e-02
9.510000000000000000e+04 4.123028414323926666e-02
9.520000000000000000e+04 4.143266089260578405e-02
9.530000000000000000e+04 4.164426752676567145e-02
9.540000000000000000e+04 4.183890063315629654e-02
9.550000000000000000e+04 4.196970922251541669e-02
9.560000000000000000e+04 4.196056157350539634e-02
9.570000000000000000e+04 4.183349376544356207e-02
9.580000000000000000e+04 4.158831627418597965e-02
9.590000000000000000e+04 4.124832618981599114e-02
9.600000000000000000e+04 4.092140793800354975e-02
9.610000000000000000e+04 4.079375828305881191e-02
9.620000000000000000e+04 4.091125433643658105e-02
9.630000000000000000e+04 4.151320153847336270e-02
9.640000000000000000e+04 4.241841646532219789e-02
9.650000000000000000e+04 4.340430920322737446e-02
9.660000000000000000e+04 4.421049222350122154e-02
9.670000000000000000e+04 4.469585819169877988e-02
9.680000000000000000e+04 4.484749580423036397e-02
9.690000000000000000e+04 4.472632087767124121e-02
9.700000000000000000e+04 4.452016539871692102e-02
9.710000000000000000e+04 4.434892617166041884e-02
9.720000000000000000e+04 4.425618767738342257e-02
9.730000000000000000e+04 4.423994541168212863e-02
9.740000000000000000e+04 4.431166200588146364e-02
9.750000000000000000e+04 4.442208958789706230e-02
9.760000000000000000e+04 4.451713072756925682e-02
9.770000000000000000e+04 4.459237777317563711e-02
9.780000000000000000e+04 4.468604754656552852e-02
9.790000000000000000e+04 4.487991744652389953e-02
9.800000000000000000e+04 4.518969257672626749e-02
9.810000000000000000e+04 4.558507991954682814e-02
9.820000000000000000e+04 4.608535967767238284e-02
9.830000000000000000e+04 4.665668152272700597e-02
9.840000000000000000e+04 4.736804477870468211e-02
9.850000000000000000e+04 4.837493244558574434e-02
9.860000000000000000e+04 4.966026376932862474e-02
9.870000000000000000e+04 5.145827993750577006e-02
9.880000000000000000e+04 5.368416341642540113e-02
9.890000000000000000e+04 5.626049283891929043e-02
9.900000000000000000e+04 5.882802456617362841e-02
9.910000000000000000e+04 6.120638923098653539e-02
9.920000000000000000e+04 6.325774945318710096e-02
9.930000000000000000e+04 6.485633015632633058e-02
9.940000000000000000e+04 6.586922576030093679e-02
9.950000000000000000e+04 6.651605994751053075e-02
9.960000000000000000e+04 6.680422648787498474e-02
9.970000000000000000e+04 6.666308137277762724e-02
9.980000000000000000e+04 6.640472382307052723e-02
9.990000000000000000e+04 6.629257451742887053e-02
1.000000000000000000e+05 6.642576927940049836e-02
1.001000000000000000e+05 6.693469439943633414e-02
1.002000000000000000e+05 6.755153164267541088e-02
1.003000000000000000e+05 6.821589777867001492e-02
1.004000000000000000e+05 6.888273785511656033e-02
1.005000000000000000e+05 6.963103301823139746e-02
1.006000000000000000e+05 7.052823809285958812e-02
1.007000000000000000e+05 7.142908471326034348e-02
1.008000000000000000e+05 7.218516245484353500e-02
1.009000000000000000e+05 7.259360128392776390e-02
1.010000000000000000e+05 7.271447181701660989e-02
1.011000000000000000e+05 7.269394472241400007e-02
1.012000000000000000e+05 7.243151004115742919e-02
1.013000000000000000e+05 7.172593572487433178e-02
1.014000000000000000e+05 7.055206336081029650e-02
1.015000000000000000e+05 6.893614580233892175e-02
1.016000000000000000e+05 6.773448636134463130e-02
1.017000000000000000e+05 6.769865047186612861e-02
1.018000000000000000e+05 6.849985890090469487e-02
1.019000000000000000e+05 6.979384011278549904e-02
1.020000000000000000e+05 7.123628705739978861e-02
1.021000000000000000e+05 7.232312152783078318e-02
1.022000000000000000e+05 7.292375495036440558e-02
1.023000000000000000e+05 7.293958179652690332e-02
1.024000000000000000e+05 7.287086675564447003e-02
1.025000000000000000e+05 7.269473063449063965e-02
1.026000000000000000e+05 7.243318967521189533e-02
1.027000000000000000e+05 7.212186849365631591e-02
1.028000000000000000e+05 7.170928965012234035e-02
1.029000000000000000e+05 7.110910877585409351e-02
1.030000000000000000e+05 7.035433525840442681e-02
1.031000000000000000e+05 6.945731714367869847e-02
1.032000000000000000e+05 6.861744686961174233e-02
1.033000000000000000e+05 6.785936971505482362e-02
1.034000000000000000e+05 6.713051232198874452e-02
1.035000000000000000e+05 6.641205549240111750e-02
1.036000000000000000e+05 6.573621471722920773e-02
1.037000000000000000e+05 6.512729536741970748e-02
1.038000000000000000e+05 6.471731461584566414e-02
1.039000000000000000e+05 6.451542176306247767e-02
1.040000000000000000e+05 6.457971235116324871e-02
1.041000000000000000e+05 6.503524973988536462e-02
1.042000000000000000e+05 6.582960883776345362e-02
1.043000000000000000e+05 6.678267020732170378e-02
1.044000000000000000e+05 6.775513559579848799e-02
1.045000000000000000e+05 6.868576034903528527e-02
1.046000000000000000e+05 6.954853293796381397e-02
1.047000000000000000e+05 7.041680682450535134e-02
1.048000000000000000e+05 7.135559752583503501e-02
1.049000000000000000e+05 7.236677760879198229e-02
1.050000000000000000e+05 7.342189177870750427e-02
1.051000000000000000e+05 7.428909298032523867e-02
1.052000000000000000e+05 7.481572816769282985e-02
1.053000000000000000e+05 7.503800723701714581e-02
1.054000000000000000e+05 7.480678677558898204e-02
1.055000000000000000e+05 7.451551780104637146e-02
1.056000000000000000e+05 7.451455190777780957e-02
1.057000000000000000e+05 7.478371846179168725e-02
1.058000000000000000e+05 7.520103782415393789e-02
1.059000000000000000e+05 7.543535798788070235e-02
1.060000000000000000e+05 7.525566667318343839e-02
1.061000000000000000e+05 7.468688813348606237e-02
1.062000000000000000e+05 7.385284230113026149e-02
1.063000000000000000e+05 7.322063258538641373e-02
1.064000000000000000e+05 7.314667597413063160e-02
1.065000000000000000e+05 7.402405664324757106e-02
1.066000000000000000e+05 7.540095172822469660e-02
1.067000000000000000e+05 7.738465052098034147e-02
1.068000000000000000e+05 7.916299507021906656e-02
1.069000000000000000e+05 8.077125638723375856e-02
1.070000000000000000e+05 8.207714880506200572e-02
1.071000000000000000e+05 8.338300511240964719e-02
1.072000000000000000e+05 8.467629750569666269e-02
1.073000000000000000e+05 8.571417023738228669e-02
1.074000000000000000e+05 8.620660230517387945e-02
1.075000000000000000e+05 8.561273105442523956e-02
1.076000000000000000e+05 8.466994826992355061e-02
1.077000000000000000e+05 8.323274858295917622e-02
1.078000000000000000e+05 8.161052251855527295e-02
1.079000000000000000e+05 7.967554909487564729e-02
1.080000000000000000e+05 7.772365659475322097e-02
1.081000000000000000e+05 7.596537806093692224e-02
1.082000000000000000e+05 7.494710400700568820e-02
1.083000000000000000e+05 7.459027726203203146e-02
1.084000000000000000e+05 7.498894229531288813e-02
1.085000000000000000e+05 7.612140538791814515e-02
1.086000000000000000e+05 7.762979745864870273e-02
1.087000000000000000e+05 7.945309323569146875e-02
1.088000000000000000e+05 8.164010256528862752e-02
1.089000000000000000e+05 8.383318655192857627e-02
1.090000000000000000e+05 8.571474701166152677e-02
1.091000000000000000e+05 8.705704630663001209e-02
1.092000000000000000e+05 8.747821822762485988e-02
1.093000000000000000e+05 8.683296424647173051e-02
1.094000000000000000e+05 8.567859319349133140e-02
1.095000000000000000e+05 8.406990189105265077e-02
1.096000000000000000e+05 8.231503307819354465e-02
1.097000000000000000e+05 8.047367737938948551e-02
1.098000000000000000e+05 7.871597357094285707e-02
1.099000000000000000e+05 7.702405948191880236e-02
1.100000000000000000e+05 7.545800755421316897e-02
1.101000000000000000e+05 7.389081474393610627e-02
1.102000000000000000e+05 7.208652918537461485e-02
1.103000000000000000e+05 7.006829214592771859e-02
1.104000000000000000e+05 6.804012298583983487e-02
1.105000000000000000e+05 6.635641641914841182e-02
1.106000000000000000e+05 6.519674199322864072e-02
1.107000000000000000e+05 6.461171552538871876e-02
1.108000000000000000e+05 6.459146728118261849e-02
1.109000000000000000e+05 6.504274372011424610e-02
1.110000000000000000e+05 6.570949442684648201e-02
1.111000000000000000e+05 6.651394764582313490e-02
1.112000000000000000e+05 6.729470307628312997e-02
1.113000000000000000e+05 6.790606595575809923e-02
1.114000000000000000e+05 6.823168846468130599e-02
1.115000000000000000e+05 6.846893914043902796e-02
1.116000000000000000e+05 6.812287420034407459e-02
1.117000000000000000e+05 6.736799223969379413e-02
1.118000000000000000e+05 6.656711091597870833e-02
1.119000000000000000e+05 6.587727531790729674e-02
1.120000000000000000e+05 6.670734211802482883e-02
1.121000000000000000e+05 6.825127229094507531e-02
1.122000000000000000e+05 7.037741206586370368e-02
1.123000000000000000e+05 7.234475978960600018e-02
1.124000000000000000e+05 7.330464358131091873e-02
1.125000000000000000e+05 7.364381290972232819e-02
1.126000000000000000e+05 7.351647143562635434e-02
1.127000000000000000e+05 7.359337375809749116e-02
1.128000000000000000e+05 7.381282806396485818e-02
1.129000000000000000e+05 7.378571925063928671e-02
1.130000000000000000e+05 7.356424505511918732e-02
1.131000000000000000e+05 7.297133259475230282e-02
1.132000000000000000e+05 7.186850811044372123e-02
1.133000000000000000e+05 7.067818154891325477e-02
1.134000000000000000e+05 6.968114010989664986e-02
1.135000000000000000e+05 6.904081354538596504e-02
1.136000000000000000e+05 6.861048171917598359e-02
1.137000000000000000e+05 6.875763919204475050e-02
1.138000000000000000e+05 6.936834591130416894e-02
1.139000000000000000e+05 7.008802879601719327e-02
1.140000000000000000e+05 7.037745043635368347e-02
1.141000000000000000e+05 7.058056287467479040e-02
1.142000000000000000e+05 7.062291284402211211e-02
1.143000000000000000e+05 7.055694960057734555e-02
1.144000000000000000e+05 7.038832565148671339e-02
1.145000000000000000e+05 6.969505958259103462e-02
1.146000000000000000e+05 6.861899733543394553e-02
1.147000000000000000e+05 6.779062729328871884e-02
1.148000000000000000e+05 6.738436535000802419e-02
1.149000000000000000e+05 6.720990832895039346e-02
1.150000000000000000e+05 6.723097463448843292e-02
1.151000000000000000e+05 6.754182200878858233e-02
1.152000000000000000e+05 6.806791946291926299e-02
1.153000000000000000e+05 6.938875988125803307e-02
1.154000000000000000e+05 7.141397207975389017e-02
1.155000000000000000e+05 7.365730591118330173e-02
1.156000000000000000e+05 7.533437639474874215e-02
1.157000000000000000e+05 7.697837814688683611e-02
1.158000000000000000e+05 7.842436268925673248e-02
1.159000000000000000e+05 7.992410529404880837e-02
1.160000000000000000e+05 8.154218917091689278e-02
1.161000000000000000e+05 8.213354308158157813e-02
1.162000000000000000e+05 8.235054189960161475e-02
1.163000000000000000e+05 8.148216068744666696e-02
1.164000000000000000e+05 7.881723061203964320e-02
1.165000000000000000e+05 7.563353069126618755e-02
1.166000000000000000e+05 7.192138396203530404e-02
1.167000000000000000e+05 6.749881474301228090e-02
1.168000000000000000e+05 6.297535017132765978e-02
1.169000000000000000e+05 5.755429410686074831e-02
1.170000000000000000e+05 5.176035743206731238e-02
1.171000000000000000e+05 4.587766005347139464e-02
1.172000000000000000e+05 4.014266528189184419e-02
1.173000000000000000e+05 3.448810610920186037e-02
1.174000000000000000e+05 2.889970241735364750e-02
1.175000000000000000e+05 2.336739329621181915e-02
1.176000000000000000e+05 1.790382843464645435e-02
1.177000000000000000e+05 1.411279570000864569e-02
1.178000000000000000e+05 1.099469255966439157e-02
1.179000000000000000e+05 8.637549923732818977e-03
1.180000000000000000e+05 7.642673188820480953e-03
1.181000000000000000e+05 6.815744428895405618e-03
1.182000000000000000e+05 6.201019920408707906e-03
1.183000000000000000e+05 5.717448466457416070e-03
1.184000000000000000e+05 5.221634839350957832e-03
1.185000000000000000e+05 4.849880584515619056e-03
1.186000000000000000e+05 4.528128900565198990e-03
1.187000000000000000e+05 4.248892008326943942e-03
1.188000000000000000e+05 4.133139243349431835e-03
1.189000000000000000e+05 4.018108996096994220e-03
1.190000000000000000e+05 3.936812374740842127e-03
1.191000000000000000e+05 3.877604901790616780e-03
1.192000000000000000e+05 3.820782036830978803e-03
1.193000000000000000e+05 3.585496470332140070e-03
1.194000000000000000e+05 3.340003858320418455e-03
1.195000000000000000e+05 3.150516119785608422e-03
1.196000000000000000e+05 3.105080497140687637e-03
1.197000000000000000e+05 3.061307184398175639e-03
1.198000000000000000e+05 3.376390103561161329e-03
1.199000000000000000e+05 3.894355236552651117e-03
