9.000000000000000000e+04 8.087100461125373840e-03
9.010000000000000000e+04 8.699870215107983681e-03
9.020000000000000000e+04 9.335302586356800103e-03
9.030000000000000000e+04 9.386732215061784415e-03
9.040000000000000000e+04 9.450529031455516191e-03
9.050000000000000000e+04 9.620842368652429005e-03
9.060000000000000000e+04 9.782535806298260986e-03
9.070000000000000000e+04 9.978746200601259705e-03
9.080000000000000000e+04 1.023701357344785658e-02
9.090000000000000000e+04 1.058642713353036453e-02
9.100000000000000000e+04 1.108755910148222050e-02
9.110000000000000000e+04 1.173661651710671688e-02
9.120000000000000000e+04 1.222628336399795429e-02
9.130000000000000000e+04 1.278932104818523291e-02
9.140000000000000000e+04 1.295470504090189857e-02
9.150000000000000000e+04 1.297576995566487694e-02
9.160000000000000000e+04 1.293581513067086804e-02
9.170000000000000000e+04 1.295203939080238377e-02
9.180000000000000000e+04 1.291084066033363308e-02
9.190000000000000000e+04 1.282350843772293338e-02
9.200000000000000000e+04 1.262866538017988829e-02
9.210000000000000000e+04 1.254234652966260827e-02
9.220000000000000000e+04 1.263803474605084028e-02
9.230000000000000000e+04 1.254828212161858934e-02
9.240000000000000000e+04 1.237414218485355377e-02
9.250000000000000000e+04 1.238902378827333450e-02
9.260000000000000000e+04 1.251731831580400398e-02
9.270000000000000000e+04 1.220265069045125758e-02
9.280000000000000000e+04 1.223859851559003752e-02
9.290000000000000000e+04 1.242345727980136670e-02
9.300000000000000000e+04 1.262847194448113788e-02
9.310000000000000000e+04 1.264033198356628342e-02
9.320000000000000000e+04 1.263159406681855709e-02
9.330000000000000000e+04 1.263189868070185677e-02
9.340000000000000000e+04 1.254473172128200628e-02
9.350000000000000000e+04 1.266226312145590956e-02
9.360000000000000000e+04 1.261854145675897487e-02
9.370000000000000000e+04 1.274133965373039530e-02
9.380000000000000000e+04 1.281282572696607232e-02
9.390000000000000000e+04 1.268717844970524561e-02
9.400000000000000000e+04 1.273888734479745530e-02
9.410000000000000000e+04 1.288025466104348454e-02
9.420000000000000000e+04 1.300799809396266903e-02
9.430000000000000000e+04 1.312574657301108019e-02
9.440000000000000000e+04 1.319654371589422046e-02
9.450000000000000000e+04 1.315709035843610868e-02
9.460000000000000000e+04 1.308463701978325802e-02
9.470000000000000000e+04 1.319922004205485548e-02
9.480000000000000000e+04 1.313230916857718346e-02
9.490000000000000000e+04 1.285408480713764318e-02
9.500000000000000000e+04 1.269656062747040980e-02
9.510000000000000000e+04 1.272169370204209379e-02
9.520000000000000000e+04 1.251425147056579520e-02
9.530000000000000000e+04 1.257800757884979317e-02
9.540000000000000000e+04 1.252218110486865051e-02
9.550000000000000000e+04 1.249126391485333443e-02
9.560000000000000000e+04 1.227699215213456409e-02
9.570000000000000000e+04 1.181100644171237911e-02
9.580000000000000000e+04 1.185138809184233324e-02
9.590000000000000000e+04 1.153464105290671199e-02
9.600000000000000000e+04 1.145989000797273567e-02
9.610000000000000000e+04 1.127324098721145008e-02
9.620000000000000000e+04 1.178495252504944968e-02
9.630000000000000000e+04 1.219769243150949957e-02
9.640000000000000000e+04 1.226131271570921055e-02
9.650000000000000000e+04 1.243887164940436600e-02
9.660000000000000000e+04 1.242837801575660817e-02
9.670000000000000000e+04 1.239961704549690305e-02
9.680000000000000000e+04 1.244691016773382709e-02
9.690000000000000000e+04 1.248956875875592044e-02
9.700000000000000000e+04 1.251481274763742955e-02
9.710000000000000000e+04 1.253566779196262429e-02
9.720000000000000000e+04 1.248371709138155344e-02
9.730000000000000000e+04 1.230626445263624351e-02
9.740000000000000000e+04 1.213716110214590679e-02
9.750000000000000000e+04 1.203718432225286787e-02
9.760000000000000000e+04 1.198852357765038505e-02
9.770000000000000000e+04 1.188347515339652390e-02
9.780000000000000000e+04 1.173534400761127965e-02
9.790000000000000000e+04 1.190894686306514724e-02
9.800000000000000000e+04 1.217389479279518648e-02
9.810000000000000000e+04 1.205350477248430183e-02
9.820000000000000000e+04 1.210105456411838566e-02
9.830000000000000000e+04 1.197252950010200059e-02
9.840000000000000000e+04 1.184343345463275375e-02
9.850000000000000000e+04 1.217437611582380431e-02
9.860000000000000000e+04 1.237143992135922126e-02
9.870000000000000000e+04 1.243508812040090492e-02
9.880000000000000000e+04 1.245530416568120351e-02
9.890000000000000000e+04 1.269243401475250374e-02
9.900000000000000000e+04 1.289926357567311790e-02
9.910000000000000000e+04 1.325988521178563494e-02
9.920000000000000000e+04 1.356875784695148537e-02
9.930000000000000000e+04 1.382778190076351318e-02
9.940000000000000000e+04 1.370411712676286239e-02
9.950000000000000000e+04 1.356282383203505880e-02
9.960000000000000000e+04 1.335136253386735861e-02
9.970000000000000000e+04 1.329722225666046288e-02
9.980000000000000000e+04 1.319031706700722964e-02
9.990000000000000000e+04 1.320209888741373690e-02
1.000000000000000000e+05 1.301706706484158892e-02
1.001000000000000000e+05 1.314437194416920480e-02
1.002000000000000000e+05 1.300782220438124678e-02
1.003000000000000000e+05 1.318517169604698815e-02
1.004000000000000000e+05 1.331215371688206951e-02
1.005000000000000000e+05 1.346712638624011568e-02
1.006000000000000000e+05 1.355298594882091250e-02
1.007000000000000000e+05 1.361786882703503246e-02
1.008000000000000000e+05 1.360923297703266373e-02
1.009000000000000000e+05 1.364561019465327339e-02
1.010000000000000000e+05 1.358612167338531067e-02
1.011000000000000000e+05 1.362549399025737330e-02
1.012000000000000000e+05 1.326184775680303539e-02
1.013000000000000000e+05 1.317819089939196824e-02
1.014000000000000000e+05 1.281247906386856136e-02
1.015000000000000000e+05 1.263850154355167753e-02
1.016000000000000000e+05 1.254845650245745708e-02
1.017000000000000000e+05 1.279882745817301215e-02
1.018000000000000000e+05 1.313586949060360082e-02
1.019000000000000000e+05 1.322438449909289770e-02
1.020000000000000000e+05 1.325194947421551306e-02
1.021000000000000000e+05 1.336126556309560898e-02
1.022000000000000000e+05 1.340839687113960267e-02
1.023000000000000000e+05 1.324475562199952001e-02
1.024000000000000000e+05 1.297802442063889297e-02
1.025000000000000000e+05 1.283947618988653429e-02
1.026000000000000000e+05 1.273374279960990188e-02
1.027000000000000000e+05 1.264043007356425129e-02
1.028000000000000000e+05 1.254872577885786551e-02
1.029000000000000000e+05 1.241268261335789699e-02
1.030000000000000000e+05 1.228332379832863808e-02
1.031000000000000000e+05 1.227494841441511934e-02
1.032000000000000000e+05 1.223609793931246768e-02
1.033000000000000000e+05 1.209703959835073048e-02
1.034000000000000000e+05 1.173188450435797350e-02
1.035000000000000000e+05 1.156659200787543869e-02
1.036000000000000000e+05 1.135537732392549563e-02
1.037000000000000000e+05 1.118563442801435992e-02
1.038000000000000000e+05 1.111686632037163155e-02
1.039000000000000000e+05 1.081924430094657885e-02
1.040000000000000000e+05 1.083971410989761040e-02
1.041000000000000000e+05 1.090583294630050569e-02
1.042000000000000000e+05 1.107054550200700996e-02
1.043000000000000000e+05 1.133764384314419130e-02
1.044000000000000000e+05 1.167755067348479059e-02
1.045000000000000000e+05 1.152816042304038655e-02
1.046000000000000000e+05 1.165479676797986398e-02
1.047000000000000000e+05 1.205921719782054868e-02
1.048000000000000000e+05 1.216627281159162952e-02
1.049000000000000000e+05 1.226692318916321363e-02
1.050000000000000000e+05 1.238482305780053139e-02
1.051000000000000000e+05 1.227664081690212419e-02
1.052000000000000000e+05 1.217680492748816727e-02
1.053000000000000000e+05 1.218570667318999434e-02
1.054000000000000000e+05 1.217667717486619998e-02
1.055000000000000000e+05 1.207985387494166750e-02
1.056000000000000000e+05 1.201263386756181752e-02
1.057000000000000000e+05 1.200455843160549811e-02
1.058000000000000000e+05 1.200588463495175055e-02
1.059000000000000000e+05 1.180210360325871163e-02
1.060000000000000000e+05 1.136073345939319149e-02
1.061000000000000000e+05 1.101584394462407600e-02
1.062000000000000000e+05 1.077119404450059548e-02
1.063000000000000000e+05 1.087381752828756910e-02
1.064000000000000000e+05 1.110128282258907896e-02
1.065000000000000000e+05 1.161592174321413040e-02
1.066000000000000000e+05 1.187232771267495920e-02
1.067000000000000000e+05 1.211017020046711162e-02
1.068000000000000000e+05 1.226696316152811085e-02
1.069000000000000000e+05 1.231768503785133327e-02
1.070000000000000000e+05 1.234862239410479921e-02
1.071000000000000000e+05 1.242345555685460227e-02
1.072000000000000000e+05 1.254120079179604774e-02
1.073000000000000000e+05 1.254737166377405296e-02
1.074000000000000000e+05 1.250438224524259498e-02
1.075000000000000000e+05 1.229731878265739528e-02
1.076000000000000000e+05 1.209567144513131604e-02
1.077000000000000000e+05 1.191582520492374606e-02
1.078000000000000000e+05 1.142695318907500056e-02
1.079000000000000000e+05 1.094562363500396589e-02
1.080000000000000000e+05 1.067926585674286617e-02
1.081000000000000000e+05 1.058888531910876472e-02
1.082000000000000000e+05 1.055783671016494348e-02
1.083000000000000000e+05 1.054932810366153786e-02
1.084000000000000000e+05 1.069945630927880524e-02
1.085000000000000000e+05 1.082309014163910024e-02
1.086000000000000000e+05 1.138423550873994897e-02
1.087000000000000000e+05 1.175980084575709364e-02
1.088000000000000000e+05 1.198268232246239504e-02
1.089000000000000000e+05 1.211208900436758044e-02
1.090000000000000000e+05 1.221580052127440620e-02
1.091000000000000000e+05 1.219886784131328158e-02
1.092000000000000000e+05 1.204269949346780007e-02
1.093000000000000000e+05 1.159262034421165884e-02
1.094000000000000000e+05 1.118064818282922881e-02
1.095000000000000000e+05 1.084635565057398381e-02
1.096000000000000000e+05 1.059745656947295132e-02
1.097000000000000000e+05 1.054630569182336657e-02
1.098000000000000000e+05 1.047761118039488952e-02
1.099000000000000000e+05 1.027155470103026380e-02
1.100000000000000000e+05 9.978104072312513409e-03
1.101000000000000000e+05 9.729838259518151095e-03
1.102000000000000000e+05 9.438266890744362661e-03
1.103000000000000000e+05 9.143101880326867659e-03
1.104000000000000000e+05 9.157956130802630962e-03
1.105000000000000000e+05 8.981356583535668806e-03
1.106000000000000000e+05 8.958600560824075271e-03
1.107000000000000000e+05 8.940987251698971627e-03
1.108000000000000000e+05 9.000189205010731067e-03
1.109000000000000000e+05 9.053673616920908385e-03
1.110000000000000000e+05 9.073821920901536595e-03
1.111000000000000000e+05 9.123644984016817880e-03
1.112000000000000000e+05 9.188035689294337532e-03
1.113000000000000000e+05 9.219826925545931973e-03
1.114000000000000000e+05 9.229826045533021800e-03
1.115000000000000000e+05 9.158445025483770777e-03
1.116000000000000000e+05 9.050273224711424119e-03
1.117000000000000000e+05 8.982101889948050297e-03
1.118000000000000000e+05 8.958114981651306777e-03
1.119000000000000000e+05 8.995489170774837590e-03
1.120000000000000000e+05 9.219611808657650343e-03
1.121000000000000000e+05 9.341210580120485468e-03
1.122000000000000000e+05 9.449935443699363294e-03
1.123000000000000000e+05 9.436778513093791246e-03
1.124000000000000000e+05 9.382749336461229661e-03
1.125000000000000000e+05 9.256415534764536948e-03
1.126000000000000000e+05 9.179763930539290226e-03
1.127000000000000000e+05 9.263568924119070999e-03
1.128000000000000000e+05 9.359862096607683701e-03
1.129000000000000000e+05 9.270346205060677261e-03
1.130000000000000000e+05 9.189050551503893591e-03
1.131000000000000000e+05 9.031368419528016181e-03
1.132000000000000000e+05 8.970780037343497465e-03
1.133000000000000000e+05 8.965295661861707663e-03
1.134000000000000000e+05 8.942786008119582575e-03
1.135000000000000000e+05 8.874603873118757855e-03
1.136000000000000000e+05 8.891370818018912159e-03
1.137000000000000000e+05 8.973180651664731597e-03
1.138000000000000000e+05 9.005795804162820134e-03
1.139000000000000000e+05 9.008001076678434291e-03
1.140000000000000000e+05 8.966357447206970560e-03
1.141000000000000000e+05 8.910828332106270414e-03
1.142000000000000000e+05 8.871724468966325078e-03
1.143000000000000000e+05 8.835277631878853816e-03
1.144000000000000000e+05 8.672215305268770810e-03
1.145000000000000000e+05 8.446393286188444427e-03
1.146000000000000000e+05 8.282691910862921558e-03
1.147000000000000000e+05 8.267431470255055814e-03
1.148000000000000000e+05 8.367721661925314747e-03
1.149000000000000000e+05 8.354955278336999996e-03
1.150000000000000000e+05 8.417635224759578705e-03
1.151000000000000000e+05 8.619667002931244784e-03
1.152000000000000000e+05 8.890406638383861401e-03
1.153000000000000000e+05 9.100264019022381162e-03
1.154000000000000000e+05 9.266029012699921255e-03
1.155000000000000000e+05 9.365525422617794471e-03
1.156000000000000000e+05 9.441308913131555430e-03
1.157000000000000000e+05 9.587237630039449621e-03
1.158000000000000000e+05 9.721450489014377139e-03
1.159000000000000000e+05 9.749803381661573468e-03
1.160000000000000000e+05 9.728810129066307183e-03
1.161000000000000000e+05 9.517774172127246163e-03
1.162000000000000000e+05 9.488183446228504528e-03
1.163000000000000000e+05 9.313782987495263996e-03
1.164000000000000000e+05 8.994572795927524567e-03
1.165000000000000000e+05 8.550925149271892609e-03
1.166000000000000000e+05 8.043954080591612238e-03
1.167000000000000000e+05 7.650656038895271155e-03
1.168000000000000000e+05 7.239094153046633263e-03
1.169000000000000000e+05 6.780212307348846765e-03
1.170000000000000000e+05 6.397634372115127907e-03
1.171000000000000000e+05 6.024664266345416963e-03
1.172000000000000000e+05 5.272673505047967280e-03
1.173000000000000000e+05 4.421914671547707079e-03
1.174000000000000000e+05 3.668863878895824247e-03
1.175000000000000000e+05 3.096015774644911289e-03
1.176000000000000000e+05 3.009916571900257687e-03
1.177000000000000000e+05 3.256813495730343389e-03
1.178000000000000000e+05 3.314086003229023761e-03
1.179000000000000000e+05 3.445407259277998100e-03
1.180000000000000000e+05 3.491204759726920619e-03
1.181000000000000000e+05 3.526006348741549459e-03
1.182000000000000000e+05 3.458143901079898091e-03
1.183000000000000000e+05 3.387924437411136015e-03
1.184000000000000000e+05 3.306999495252968980e-03
1.185000000000000000e+05 3.237475710920989253e-03
1.186000000000000000e+05 3.216596866647402665e-03
1.187000000000000000e+05 3.175800424069168560e-03
1.188000000000000000e+05 3.086508959531788186e-03
1.189000000000000000e+05 3.007419928908350304e-03
1.190000000000000000e+05 2.873366791754962835e-03
1.191000000000000000e+05 2.845436986535787756e-03
1.192000000000000000e+05 2.757451971992848361e-03
1.193000000000000000e+05 2.611723217802743545e-03
1.194000000000000000e+05 2.437258865684275005e-03
1.195000000000000000e+05 2.345379830027619419e-03
1.196000000000000000e+05 2.302456100781759708e-03
1.197000000000000000e+05 2.374290695879608098e-03
1.198000000000000000e+05 2.537285505483547615e-03
1.199000000000000000e+05 2.786858333274722186e-03
