9.000000000000000000e+04 1.080462858080863953e-01
9.010000000000000000e+04 1.105596820016701010e-01
9.020000000000000000e+04 1.015513779719668108e-01
9.030000000000000000e+04 1.082589946687221583e-01
9.040000000000000000e+04 1.339393381277729222e-01
9.050000000000000000e+04 1.435416117310524819e-01
9.060000000000000000e+04 1.255922394990920121e-01
9.070000000000000000e+04 1.162202537059784102e-01
9.080000000000000000e+04 1.187069520354272628e-01
9.090000000000000000e+04 1.236918783187866966e-01
9.100000000000000000e+04 1.288694371779757764e-01
9.110000000000000000e+04 1.336500316858293402e-01
9.120000000000000000e+04 1.384940648078918923e-01
9.130000000000000000e+04 1.428916141390801919e-01
9.140000000000000000e+04 1.468879934151967048e-01
9.150000000000000000e+04 1.504509329795835348e-01
9.160000000000000000e+04 1.535425007343292625e-01
9.170000000000000000e+04 1.567917436361312700e-01
9.180000000000000000e+04 1.601887679100037210e-01
9.190000000000000000e+04 1.642257787783938938e-01
9.200000000000000000e+04 1.732870697975154584e-01
9.210000000000000000e+04 1.823353737592696422e-01
9.220000000000000000e+04 1.891269653042157439e-01
9.230000000000000000e+04 1.917162994047005575e-01
9.240000000000000000e+04 1.921270507574081576e-01
9.250000000000000000e+04 1.916505470871925076e-01
9.260000000000000000e+04 1.910446087519327707e-01
9.270000000000000000e+04 1.912946791946887881e-01
9.280000000000000000e+04 1.918016856908798251e-01
9.290000000000000000e+04 1.923201724886894337e-01
9.300000000000000000e+04 1.924584358930587769e-01
9.310000000000000000e+04 1.919889745116233615e-01
9.320000000000000000e+04 1.915413463115691883e-01
9.330000000000000000e+04 1.911904476583003998e-01
9.340000000000000000e+04 1.912472903728485163e-01
9.350000000000000000e+04 1.922669164836407485e-01
9.360000000000000000e+04 1.939738422632218684e-01
9.370000000000000000e+04 1.957667803267637563e-01
9.380000000000000000e+04 1.965104067325592896e-01
9.390000000000000000e+04 1.956148712337017204e-01
9.400000000000000000e+04 1.963845312595366710e-01
9.410000000000000000e+04 1.975253389775752655e-01
9.420000000000000000e+04 1.979741793870926081e-01
9.430000000000000000e+04 1.972084468603134688e-01
9.440000000000000000e+04 1.947072380781174339e-01
9.450000000000000000e+04 1.932265110313892698e-01
9.460000000000000000e+04 1.925781878829002369e-01
9.470000000000000000e+04 1.924364875257015273e-01
9.480000000000000000e+04 1.926721537113189608e-01
9.490000000000000000e+04 1.929021102190017767e-01
9.500000000000000000e+04 1.936329975724220276e-01
9.510000000000000000e+04 1.944073791801929629e-01
9.520000000000000000e+04 1.959861880540847978e-01
9.530000000000000000e+04 1.989000156521797680e-01
9.540000000000000000e+04 2.020130074024201194e-01
9.550000000000000000e+04 2.026591822504996976e-01
9.560000000000000000e+04 2.021190536022186013e-01
9.570000000000000000e+04 2.021185956895351632e-01
9.580000000000000000e+04 2.027596858143806413e-01
9.590000000000000000e+04 2.031815141439438088e-01
9.600000000000000000e+04 2.037829071283340232e-01
9.610000000000000000e+04 2.024986700713632959e-01
9.620000000000000000e+04 1.990885010361668761e-01
9.630000000000000000e+04 1.995040798187257269e-01
9.640000000000000000e+04 2.057970464229584850e-01
9.650000000000000000e+04 2.114468033115070866e-01
9.660000000000000000e+04 2.135650715231895425e-01
9.670000000000000000e+04 2.098777782917025103e-01
9.680000000000000000e+04 2.059794384241104837e-01
9.690000000000000000e+04 2.039018079638481029e-01
9.700000000000000000e+04 2.027559439341227177e-01
9.710000000000000000e+04 2.039369428157806197e-01
9.720000000000000000e+04 2.052734553813934104e-01
9.730000000000000000e+04 2.059605625271797025e-01
9.740000000000000000e+04 2.069391980767250061e-01
9.750000000000000000e+04 2.079112380743026733e-01
9.760000000000000000e+04 2.089810609817504827e-01
9.770000000000000000e+04 2.095400491356849693e-01
9.780000000000000000e+04 2.094875216484069769e-01
9.790000000000000000e+04 2.101304970681667494e-01
9.800000000000000000e+04 2.105840593576431552e-01
9.810000000000000000e+04 2.114114801585674497e-01
9.820000000000000000e+04 2.114508780837058566e-01
9.830000000000000000e+04 2.110013157129287942e-01
9.840000000000000000e+04 2.118469786643982500e-01
9.850000000000000000e+04 2.128096677362919520e-01
9.860000000000000000e+04 2.139196023344993036e-01
9.870000000000000000e+04 2.155452851951121240e-01
9.880000000000000000e+04 2.164926439523696677e-01
9.890000000000000000e+04 2.165440045297145899e-01
9.900000000000000000e+04 2.178625553846358365e-01
9.910000000000000000e+04 2.189784292876720273e-01
9.920000000000000000e+04 2.212982910871504061e-01
9.930000000000000000e+04 2.248967349529265025e-01
9.940000000000000000e+04 2.285037171840666459e-01
9.950000000000000000e+04 2.302637048065662995e-01
9.960000000000000000e+04 2.278537863492966498e-01
9.970000000000000000e+04 2.268135900298754171e-01
9.980000000000000000e+04 2.279073092341422913e-01
9.990000000000000000e+04 2.250557748973369965e-01
1.000000000000000000e+05 2.217805633942286636e-01
1.001000000000000000e+05 2.205776960651079366e-01
1.002000000000000000e+05 2.202182808518409751e-01
1.003000000000000000e+05 2.206842845678329557e-01
1.004000000000000000e+05 2.205341392755508223e-01
1.005000000000000000e+05 2.198276303708553148e-01
1.006000000000000000e+05 2.206735762953758728e-01
1.007000000000000000e+05 2.227974905073643874e-01
1.008000000000000000e+05 2.249932199716568881e-01
1.009000000000000000e+05 2.264657223224640081e-01
1.010000000000000000e+05 2.262359544634818531e-01
1.011000000000000000e+05 2.268372918665410853e-01
1.012000000000000000e+05 2.302066636085513540e-01
1.013000000000000000e+05 2.342901203036311109e-01
1.014000000000000000e+05 2.347069168090820113e-01
1.015000000000000000e+05 2.326671918233235992e-01
1.016000000000000000e+05 2.284518057107925437e-01
1.017000000000000000e+05 2.290830691158771693e-01
1.018000000000000000e+05 2.295762336254119629e-01
1.019000000000000000e+05 2.308295115828513377e-01
1.020000000000000000e+05 2.329038947820662731e-01
1.021000000000000000e+05 2.358239917457103096e-01
1.022000000000000000e+05 2.393586331605910555e-01
1.023000000000000000e+05 2.424782910943031056e-01
1.024000000000000000e+05 2.450884801149368075e-01
1.025000000000000000e+05 2.470029368996620178e-01
1.026000000000000000e+05 2.440829414129259411e-01
1.027000000000000000e+05 2.402079455554485543e-01
1.028000000000000000e+05 2.404806019862492927e-01
1.029000000000000000e+05 2.420950461924076536e-01
1.030000000000000000e+05 2.416768272717793598e-01
1.031000000000000000e+05 2.428424261013667207e-01
1.032000000000000000e+05 2.440407902002334484e-01
1.033000000000000000e+05 2.437983582913876013e-01
1.034000000000000000e+05 2.408139885465303276e-01
1.035000000000000000e+05 2.378760345280170052e-01
1.036000000000000000e+05 2.340870587031047279e-01
1.037000000000000000e+05 2.300919429957865858e-01
1.038000000000000000e+05 2.285511213541030762e-01
1.039000000000000000e+05 2.271051177879175043e-01
1.040000000000000000e+05 2.249219119548797885e-01
1.041000000000000000e+05 2.265895907580854629e-01
1.042000000000000000e+05 2.270033214489619033e-01
1.043000000000000000e+05 2.274790919820467716e-01
1.044000000000000000e+05 2.283949977159500100e-01
1.045000000000000000e+05 2.295140246550242402e-01
1.046000000000000000e+05 2.304738664627074829e-01
1.047000000000000000e+05 2.313593164086342191e-01
1.048000000000000000e+05 2.323570966720580888e-01
1.049000000000000000e+05 2.336750094095866870e-01
1.050000000000000000e+05 2.350722700357437134e-01
1.051000000000000000e+05 2.361476964751879626e-01
1.052000000000000000e+05 2.372036061684290875e-01
1.053000000000000000e+05 2.379087251424789606e-01
1.054000000000000000e+05 2.378616123398145377e-01
1.055000000000000000e+05 2.367131727437178368e-01
1.056000000000000000e+05 2.372714602947234297e-01
1.057000000000000000e+05 2.379578744868437457e-01
1.058000000000000000e+05 2.385629094640414061e-01
1.059000000000000000e+05 2.388757464289665289e-01
1.060000000000000000e+05 2.386976609627405876e-01
1.061000000000000000e+05 2.378827953338623069e-01
1.062000000000000000e+05 2.370039325952530140e-01
1.063000000000000000e+05 2.365248818695545319e-01
1.064000000000000000e+05 2.367832545439402525e-01
1.065000000000000000e+05 2.379989206790923684e-01
1.066000000000000000e+05 2.388852516810099358e-01
1.067000000000000000e+05 2.407826367020605707e-01
1.068000000000000000e+05 2.426028579473495095e-01
1.069000000000000000e+05 2.447115437189738840e-01
1.070000000000000000e+05 2.466167300939560714e-01
1.071000000000000000e+05 2.481593646109104545e-01
1.072000000000000000e+05 2.498854347070057769e-01
1.073000000000000000e+05 2.515314441919326849e-01
1.074000000000000000e+05 2.529628288745880416e-01
1.075000000000000000e+05 2.512977073589961474e-01
1.076000000000000000e+05 2.491277760267258112e-01
1.077000000000000000e+05 2.486985144019127070e-01
1.078000000000000000e+05 2.502782133221624905e-01
1.079000000000000000e+05 2.491905671854813542e-01
1.080000000000000000e+05 2.472206771373749168e-01
1.081000000000000000e+05 2.464359233280023209e-01
1.082000000000000000e+05 2.467005139589309726e-01
1.083000000000000000e+05 2.476127809286117476e-01
1.084000000000000000e+05 2.477776561180750625e-01
1.085000000000000000e+05 2.484605908393859586e-01
1.086000000000000000e+05 2.499939954280853971e-01
1.087000000000000000e+05 2.520233960946400842e-01
1.088000000000000000e+05 2.543201076984407116e-01
1.089000000000000000e+05 2.569916808605194336e-01
1.090000000000000000e+05 2.596185207366943359e-01
1.091000000000000000e+05 2.616889369487762074e-01
1.092000000000000000e+05 2.614285898208618120e-01
1.093000000000000000e+05 2.603383534153302370e-01
1.094000000000000000e+05 2.594712237517039499e-01
1.095000000000000000e+05 2.584936916828156073e-01
1.096000000000000000e+05 2.571057768662771137e-01
1.097000000000000000e+05 2.557562914490699724e-01
1.098000000000000000e+05 2.545304942131041970e-01
1.099000000000000000e+05 2.536232036352157326e-01
1.100000000000000000e+05 2.529525260130564557e-01
1.101000000000000000e+05 2.521220934391021906e-01
1.102000000000000000e+05 2.513646314541498894e-01
1.103000000000000000e+05 2.503614540398120814e-01
1.104000000000000000e+05 2.490903460979462525e-01
1.105000000000000000e+05 2.480915938814481358e-01
1.106000000000000000e+05 2.473057644565900270e-01
1.107000000000000000e+05 2.468773697316646587e-01
1.108000000000000000e+05 2.468722228209177805e-01
1.109000000000000000e+05 2.475867832203706431e-01
1.110000000000000000e+05 2.486629262566566190e-01
1.111000000000000000e+05 2.497409098347027623e-01
1.112000000000000000e+05 2.507477207978566769e-01
1.113000000000000000e+05 2.519698250293731512e-01
1.114000000000000000e+05 2.531557683149974203e-01
1.115000000000000000e+05 2.543516178925832594e-01
1.116000000000000000e+05 2.556203758716584229e-01
1.117000000000000000e+05 2.553896610935528777e-01
1.118000000000000000e+05 2.543316447734833008e-01
1.119000000000000000e+05 2.532474493980407804e-01
1.120000000000000000e+05 2.539952536424001095e-01
1.121000000000000000e+05 2.570748816927274638e-01
1.122000000000000000e+05 2.590053880214692739e-01
1.123000000000000000e+05 2.612003741661708678e-01
1.124000000000000000e+05 2.606930232048035312e-01
1.125000000000000000e+05 2.579439505934715271e-01
1.126000000000000000e+05 2.583645015954971758e-01
1.127000000000000000e+05 2.605632329980532846e-01
1.128000000000000000e+05 2.606112277507782182e-01
1.129000000000000000e+05 2.611580151319503607e-01
1.130000000000000000e+05 2.618827263514200698e-01
1.131000000000000000e+05 2.601538369059562816e-01
1.132000000000000000e+05 2.573252236843110996e-01
1.133000000000000000e+05 2.584098438421884025e-01
1.134000000000000000e+05 2.601100409030914218e-01
1.135000000000000000e+05 2.586522092421849606e-01
1.136000000000000000e+05 2.589120201269786148e-01
1.137000000000000000e+05 2.598020374774933083e-01
1.138000000000000000e+05 2.605346985658009706e-01
1.139000000000000000e+05 2.611709371209144370e-01
1.140000000000000000e+05 2.611174941062927024e-01
1.141000000000000000e+05 2.603960461417834105e-01
1.142000000000000000e+05 2.603571865955988107e-01
1.143000000000000000e+05 2.608907142281532421e-01
1.144000000000000000e+05 2.609773206710815363e-01
1.145000000000000000e+05 2.605212926864624023e-01
1.146000000000000000e+05 2.603275847434997625e-01
1.147000000000000000e+05 2.609557624657948272e-01
1.148000000000000000e+05 2.619884689648945830e-01
1.149000000000000000e+05 2.628558799624443054e-01
1.150000000000000000e+05 2.625555296738942834e-01
1.151000000000000000e+05 2.615551610787710257e-01
1.152000000000000000e+05 2.591995716094971369e-01
1.153000000000000000e+05 2.594545818368593770e-01
1.154000000000000000e+05 2.643621764580409983e-01
1.155000000000000000e+05 2.664308816194535523e-01
1.156000000000000000e+05 2.679885677496592900e-01
1.157000000000000000e+05 2.697845133145649332e-01
1.158000000000000000e+05 2.692247283458709672e-01
1.159000000000000000e+05 2.692146678765615087e-01
1.160000000000000000e+05 2.711436053117114442e-01
1.161000000000000000e+05 2.727056354284286832e-01
1.162000000000000000e+05 2.737738863627115493e-01
1.163000000000000000e+05 2.742614027857780412e-01
1.164000000000000000e+05 2.720560514926908535e-01
1.165000000000000000e+05 2.691222419341404715e-01
1.166000000000000000e+05 2.677735225359598736e-01
1.167000000000000000e+05 2.676925069093704090e-01
1.168000000000000000e+05 2.686495606104532530e-01
1.169000000000000000e+05 2.656501127282782648e-01
1.170000000000000000e+05 2.594567537307739258e-01
1.171000000000000000e+05 2.518706284960111064e-01
1.172000000000000000e+05 2.405407716830569032e-01
1.173000000000000000e+05 2.217537730932224171e-01
1.174000000000000000e+05 1.945719433824184830e-01
1.175000000000000000e+05 1.429637546340573606e-01
1.176000000000000000e+05 8.028989374637589271e-02
1.177000000000000000e+05 5.845596386740624373e-02
1.178000000000000000e+05 6.801775855322704512e-02
1.179000000000000000e+05 9.163372673094050125e-02
1.180000000000000000e+05 1.083985815445582118e-01
1.181000000000000000e+05 1.070420083900295999e-01
1.182000000000000000e+05 1.003990598022937719e-01
1.183000000000000000e+05 1.030129503707091082e-01
1.184000000000000000e+05 1.034015897909800336e-01
1.185000000000000000e+05 9.935475438833227257e-02
1.186000000000000000e+05 9.833709945281346454e-02
1.187000000000000000e+05 9.969204140206179565e-02
1.188000000000000000e+05 9.721866548061368352e-02
1.189000000000000000e+05 9.742865845561030080e-02
1.190000000000000000e+05 1.011449284851547309e-01
1.191000000000000000e+05 1.033494248986244202e-01
1.192000000000000000e+05 1.014809171358747458e-01
1.193000000000000000e+05 9.296076655387938703e-02
1.194000000000000000e+05 8.235412761569023410e-02
1.195000000000000000e+05 7.606805823743353900e-02
1.196000000000000000e+05 7.076184521118826509e-02
1.197000000000000000e+05 6.345170520245996260e-02
1.198000000000000000e+05 5.528892253835989562e-02
1.199000000000000000e+05 6.128203123807846042e-02
