9.000000000000000000e+04 6.881715357303619385e-02
9.010000000000000000e+04 1.028553658972195806e-01
9.020000000000000000e+04 7.732481768975657532e-02
9.030000000000000000e+04 6.434759527444833260e-02
9.040000000000000000e+04 1.253018503884474610e-01
9.050000000000000000e+04 1.498105591783921442e-01
9.060000000000000000e+04 1.013113911449893267e-01
9.070000000000000000e+04 7.078193414956332474e-02
9.080000000000000000e+04 7.429100056489285064e-02
9.090000000000000000e+04 7.990770198404770208e-02
9.100000000000000000e+04 8.640641036132962194e-02
9.110000000000000000e+04 9.179097625116509895e-02
9.120000000000000000e+04 9.846546873450276460e-02
9.130000000000000000e+04 1.047223614528774993e-01
9.140000000000000000e+04 1.097955440233150809e-01
9.150000000000000000e+04 1.145039493218064919e-01
9.160000000000000000e+04 1.187014852960905781e-01
9.170000000000000000e+04 1.230061128238839341e-01
9.180000000000000000e+04 1.277859549224376057e-01
9.190000000000000000e+04 1.383564640581607108e-01
9.200000000000000000e+04 1.804697314898173199e-01
9.210000000000000000e+04 2.275473052263260743e-01
9.220000000000000000e+04 2.433555606007575256e-01
9.230000000000000000e+04 2.481037703156470930e-01
9.240000000000000000e+04 2.467961445450783109e-01
9.250000000000000000e+04 2.463728326062361307e-01
9.260000000000000000e+04 2.414694429437319323e-01
9.270000000000000000e+04 2.403424160927531417e-01
9.280000000000000000e+04 2.360433297355969406e-01
9.290000000000000000e+04 2.406705141067504994e-01
9.300000000000000000e+04 2.404520086944100798e-01
9.310000000000000000e+04 2.346872944633165980e-01
9.320000000000000000e+04 2.258688407142951937e-01
9.330000000000000000e+04 2.239430354535578982e-01
9.340000000000000000e+04 2.232901637256148597e-01
9.350000000000000000e+04 2.204898371050754147e-01
9.360000000000000000e+04 2.248570919036865512e-01
9.370000000000000000e+04 2.357875735064346445e-01
9.380000000000000000e+04 2.384089812139670583e-01
9.390000000000000000e+04 2.288979122787715981e-01
9.400000000000000000e+04 2.264692157506942860e-01
9.410000000000000000e+04 2.329003978520640394e-01
9.420000000000000000e+04 2.400354729592799885e-01
9.430000000000000000e+04 2.337357726941509117e-01
9.440000000000000000e+04 2.283415109912562690e-01
9.450000000000000000e+04 2.136412747204302909e-01
9.460000000000000000e+04 2.128080763916174734e-01
9.470000000000000000e+04 2.135167975972095955e-01
9.480000000000000000e+04 2.138515925407409868e-01
9.490000000000000000e+04 2.140068408598502780e-01
9.500000000000000000e+04 2.138719049592812671e-01
9.510000000000000000e+04 2.141811084747314575e-01
9.520000000000000000e+04 2.154233943422635411e-01
9.530000000000000000e+04 2.497400799890354128e-01
9.540000000000000000e+04 2.673601135611532453e-01
9.550000000000000000e+04 2.704601901272932762e-01
9.560000000000000000e+04 2.647093012928962152e-01
9.570000000000000000e+04 2.635891832411291213e-01
9.580000000000000000e+04 2.653631738324959688e-01
9.590000000000000000e+04 2.652765269080798460e-01
9.600000000000000000e+04 2.641723975539207458e-01
9.610000000000000000e+04 2.649494397888579877e-01
9.620000000000000000e+04 2.524505351980527723e-01
9.630000000000000000e+04 2.469726730883119448e-01
9.640000000000000000e+04 2.662972544630362592e-01
9.650000000000000000e+04 2.847742820779484152e-01
9.660000000000000000e+04 2.954192891716957980e-01
9.670000000000000000e+04 2.836480180422458197e-01
9.680000000000000000e+04 2.645315277576448243e-01
9.690000000000000000e+04 2.561404432356357841e-01
9.700000000000000000e+04 2.521144919097423331e-01
9.710000000000000000e+04 2.536027605334917334e-01
9.720000000000000000e+04 2.620078554749489252e-01
9.730000000000000000e+04 2.618445017685492870e-01
9.740000000000000000e+04 2.635903730491797048e-01
9.750000000000000000e+04 2.687551509588956833e-01
9.760000000000000000e+04 2.710892002781234988e-01
9.770000000000000000e+04 2.723066857457158152e-01
9.780000000000000000e+04 2.707801541686057356e-01
9.790000000000000000e+04 2.714847557743390594e-01
9.800000000000000000e+04 2.722208182017009093e-01
9.810000000000000000e+04 2.785761804878711945e-01
9.820000000000000000e+04 2.819688525795936984e-01
9.830000000000000000e+04 2.681949151804051690e-01
9.840000000000000000e+04 2.751669308543203685e-01
9.850000000000000000e+04 2.782673530280589391e-01
9.860000000000000000e+04 2.796004808445773926e-01
9.870000000000000000e+04 2.914029565453528647e-01
9.880000000000000000e+04 2.939957267045970601e-01
9.890000000000000000e+04 3.034292461971440646e-01
9.900000000000000000e+04 3.132174849510193093e-01
9.910000000000000000e+04 3.163695921997227156e-01
9.920000000000000000e+04 3.130556911230086836e-01
9.930000000000000000e+04 3.278754393756388996e-01
9.940000000000000000e+04 3.249250507354737305e-01
9.950000000000000000e+04 3.322064717610676565e-01
9.960000000000000000e+04 3.323108482360840332e-01
9.970000000000000000e+04 3.245810357729593809e-01
9.980000000000000000e+04 3.277351877093313548e-01
9.990000000000000000e+04 3.214257860183722948e-01
1.000000000000000000e+05 3.102313131093978882e-01
1.001000000000000000e+05 3.203907817105452471e-01
1.002000000000000000e+05 3.208207753300665876e-01
1.003000000000000000e+05 3.203025688727696441e-01
1.004000000000000000e+05 3.201271971066793065e-01
1.005000000000000000e+05 3.192004062235355155e-01
1.006000000000000000e+05 3.202334749698638738e-01
1.007000000000000000e+05 3.249770260850588510e-01
1.008000000000000000e+05 3.312493211030961282e-01
1.009000000000000000e+05 3.334221042692661063e-01
1.010000000000000000e+05 3.252753516038259241e-01
1.011000000000000000e+05 3.261336958408357356e-01
1.012000000000000000e+05 3.301574267943709895e-01
1.013000000000000000e+05 3.492770399153226069e-01
1.014000000000000000e+05 3.413382297754290473e-01
1.015000000000000000e+05 3.256297647953031449e-01
1.016000000000000000e+05 3.061289407809575924e-01
1.017000000000000000e+05 3.104464925825597410e-01
1.018000000000000000e+05 3.295952956875162210e-01
1.019000000000000000e+05 3.300869822502137119e-01
1.020000000000000000e+05 3.412701457738874233e-01
1.021000000000000000e+05 3.444291430215039584e-01
1.022000000000000000e+05 3.434603662292161630e-01
1.023000000000000000e+05 3.440278810262682452e-01
1.024000000000000000e+05 3.474182717005407373e-01
1.025000000000000000e+05 3.473343501488367346e-01
1.026000000000000000e+05 3.466367769241330832e-01
1.027000000000000000e+05 3.310741433004534273e-01
1.028000000000000000e+05 3.358664431174586129e-01
1.029000000000000000e+05 3.480722568929196514e-01
1.030000000000000000e+05 3.307520180940628496e-01
1.031000000000000000e+05 3.343546032905579946e-01
1.032000000000000000e+05 3.402407187223434049e-01
1.033000000000000000e+05 3.427474282185236643e-01
1.034000000000000000e+05 3.308237377802532020e-01
1.035000000000000000e+05 3.331158593297005033e-01
1.036000000000000000e+05 3.283424564202621632e-01
1.037000000000000000e+05 3.149680872261527154e-01
1.038000000000000000e+05 3.239077144861214341e-01
1.039000000000000000e+05 3.219637064635756940e-01
1.040000000000000000e+05 3.044127662976582882e-01
1.041000000000000000e+05 3.166388535499577994e-01
1.042000000000000000e+05 3.267260227600733424e-01
1.043000000000000000e+05 3.213781467576827255e-01
1.044000000000000000e+05 3.221740961074827103e-01
1.045000000000000000e+05 3.316982194781302740e-01
1.046000000000000000e+05 3.302788882454235075e-01
1.047000000000000000e+05 3.245794032514096594e-01
1.048000000000000000e+05 3.322653526067732566e-01
1.049000000000000000e+05 3.349152316649755545e-01
1.050000000000000000e+05 3.342995345592498779e-01
1.051000000000000000e+05 3.409860453009604941e-01
1.052000000000000000e+05 3.400816673040389926e-01
1.053000000000000000e+05 3.423193682730195642e-01
1.054000000000000000e+05 3.419848983486495353e-01
1.055000000000000000e+05 3.306186646223068237e-01
1.056000000000000000e+05 3.333541125059126808e-01
1.057000000000000000e+05 3.378647076090176560e-01
1.058000000000000000e+05 3.394686928391457137e-01
1.059000000000000000e+05 3.412100437283516197e-01
1.060000000000000000e+05 3.414236932992935625e-01
1.061000000000000000e+05 3.390247184038160944e-01
1.062000000000000000e+05 3.327947416901586575e-01
1.063000000000000000e+05 3.322215524315833002e-01
1.064000000000000000e+05 3.278001405795417100e-01
1.065000000000000000e+05 3.305989056825638928e-01
1.066000000000000000e+05 3.387506501873335796e-01
1.067000000000000000e+05 3.477907481789591082e-01
1.068000000000000000e+05 3.527736204862593761e-01
1.069000000000000000e+05 3.518630903959273915e-01
1.070000000000000000e+05 3.502248232563336949e-01
1.071000000000000000e+05 3.510798917710781231e-01
1.072000000000000000e+05 3.559444298346840507e-01
1.073000000000000000e+05 3.647119816144306359e-01
1.074000000000000000e+05 3.719289007782935474e-01
1.075000000000000000e+05 3.651222214102745056e-01
1.076000000000000000e+05 3.543473541736600896e-01
1.077000000000000000e+05 3.530823031067849005e-01
1.078000000000000000e+05 3.561032377680141692e-01
1.079000000000000000e+05 3.556280464927354945e-01
1.080000000000000000e+05 3.499476999044416337e-01
1.081000000000000000e+05 3.386599993705751155e-01
1.082000000000000000e+05 3.399435202280683965e-01
1.083000000000000000e+05 3.421651081740856859e-01
1.084000000000000000e+05 3.436098331212997237e-01
1.085000000000000000e+05 3.482098601758479850e-01
1.086000000000000000e+05 3.519452783465384371e-01
1.087000000000000000e+05 3.533196964859964817e-01
1.088000000000000000e+05 3.594674634933471835e-01
1.089000000000000000e+05 3.632771641016006026e-01
1.090000000000000000e+05 3.706293265024822592e-01
1.091000000000000000e+05 3.793060151239237010e-01
1.092000000000000000e+05 3.760292255878446843e-01
1.093000000000000000e+05 3.666295014321807599e-01
1.094000000000000000e+05 3.658648408452669365e-01
1.095000000000000000e+05 3.653611563146115238e-01
1.096000000000000000e+05 3.598338150978086514e-01
1.097000000000000000e+05 3.557604174812634690e-01
1.098000000000000000e+05 3.540028244256973600e-01
1.099000000000000000e+05 3.500928335388502344e-01
1.100000000000000000e+05 3.482280870278676166e-01
1.101000000000000000e+05 3.492946425080298845e-01
1.102000000000000000e+05 3.475986772775648825e-01
1.103000000000000000e+05 3.434722993771237576e-01
1.104000000000000000e+05 3.366685897111892367e-01
1.105000000000000000e+05 3.325053167839844281e-01
1.106000000000000000e+05 3.301210194826126321e-01
1.107000000000000000e+05 3.325988291203977321e-01
1.108000000000000000e+05 3.324391923348109512e-01
1.109000000000000000e+05 3.312431655327479629e-01
1.110000000000000000e+05 3.341728135943412559e-01
1.111000000000000000e+05 3.391700941820940951e-01
1.112000000000000000e+05 3.436386120319367965e-01
1.113000000000000000e+05 3.439381550252439412e-01
1.114000000000000000e+05 3.411848179499307743e-01
1.115000000000000000e+05 3.459859522680441835e-01
1.116000000000000000e+05 3.486479228734971070e-01
1.117000000000000000e+05 3.530095623433590624e-01
1.118000000000000000e+05 3.429128845532739556e-01
1.119000000000000000e+05 3.301713505387307013e-01
1.120000000000000000e+05 3.281692266464231733e-01
1.121000000000000000e+05 3.404596568147342794e-01
1.122000000000000000e+05 3.541324329376226432e-01
1.123000000000000000e+05 3.643127373357610832e-01
1.124000000000000000e+05 3.634807403882344135e-01
1.125000000000000000e+05 3.494650423526763916e-01
1.126000000000000000e+05 3.388151431083680221e-01
1.127000000000000000e+05 3.547553628683093319e-01
1.128000000000000000e+05 3.539502489566809795e-01
1.129000000000000000e+05 3.520908819635708009e-01
1.130000000000000000e+05 3.629348516464233065e-01
1.131000000000000000e+05 3.597213385999206703e-01
1.132000000000000000e+05 3.424202541510253939e-01
1.133000000000000000e+05 3.364588103195030877e-01
1.134000000000000000e+05 3.524138841032978808e-01
1.135000000000000000e+05 3.477349040408930225e-01
1.136000000000000000e+05 3.341195970773697121e-01
1.137000000000000000e+05 3.427315831184390982e-01
1.138000000000000000e+05 3.466655606031421866e-01
1.139000000000000000e+05 3.499092196921508302e-01
1.140000000000000000e+05 3.583618372678756270e-01
1.141000000000000000e+05 3.485782019297280487e-01
1.142000000000000000e+05 3.362022055188814695e-01
1.143000000000000000e+05 3.488768148422236592e-01
1.144000000000000000e+05 3.544474905729293468e-01
1.145000000000000000e+05 3.516437533001105509e-01
1.146000000000000000e+05 3.450685721635816661e-01
1.147000000000000000e+05 3.394799666106700364e-01
1.148000000000000000e+05 3.431924511988953541e-01
1.149000000000000000e+05 3.491572552919387507e-01
1.150000000000000000e+05 3.506467590729395178e-01
1.151000000000000000e+05 3.483312407632667140e-01
1.152000000000000000e+05 3.406993371248238089e-01
1.153000000000000000e+05 3.318708173433941866e-01
1.154000000000000000e+05 3.448953507343925917e-01
1.155000000000000000e+05 3.617245778441431914e-01
1.156000000000000000e+05 3.682519966363906883e-01
1.157000000000000000e+05 3.675581468641756500e-01
1.158000000000000000e+05 3.624170717597008928e-01
1.159000000000000000e+05 3.538087176283202240e-01
1.160000000000000000e+05 3.643189281225203136e-01
1.161000000000000000e+05 3.790757974982262302e-01
1.162000000000000000e+05 3.783618041872977011e-01
1.163000000000000000e+05 3.721940780182680930e-01
1.164000000000000000e+05 3.666826736927032981e-01
1.165000000000000000e+05 3.588514352838196864e-01
1.166000000000000000e+05 3.475894214709601693e-01
1.167000000000000000e+05 3.493697512149812612e-01
1.168000000000000000e+05 3.502005972464880545e-01
1.169000000000000000e+05 3.359219767153260872e-01
1.170000000000000000e+05 3.073185294866563888e-01
1.171000000000000000e+05 2.855333281556763358e-01
1.172000000000000000e+05 2.614560307065635358e-01
1.173000000000000000e+05 2.477520653605466139e-01
1.174000000000000000e+05 2.375374843676879566e-01
1.175000000000000000e+05 1.926463929315407886e-01
1.176000000000000000e+05 8.685473874211130374e-02
1.177000000000000000e+05 3.994090748019500647e-02
1.178000000000000000e+05 5.313955099632306639e-02
1.179000000000000000e+05 6.070864308625510686e-02
1.180000000000000000e+05 8.250681956609109968e-02
1.181000000000000000e+05 7.998536236584194437e-02
1.182000000000000000e+05 6.470154009759382374e-02
1.183000000000000000e+05 6.202374495565879386e-02
1.184000000000000000e+05 6.380930344263704979e-02
1.185000000000000000e+05 6.100629167631270444e-02
1.186000000000000000e+05 5.362072267880031023e-02
1.187000000000000000e+05 5.872005918994546714e-02
1.188000000000000000e+05 5.761991433799255186e-02
1.189000000000000000e+05 5.119379148508114430e-02
1.190000000000000000e+05 5.783160769691056413e-02
1.191000000000000000e+05 6.309404240921141771e-02
1.192000000000000000e+05 6.408734269440187481e-02
1.193000000000000000e+05 5.755209935829064954e-02
1.194000000000000000e+05 4.439404319971798629e-02
1.195000000000000000e+05 3.895013642807801379e-02
1.196000000000000000e+05 3.714909446736178178e-02
1.197000000000000000e+05 3.373927470296607389e-02
1.198000000000000000e+05 2.744639550025299024e-02
1.199000000000000000e+05 2.737315212686909291e-02
