9.000000000000000000e+04 1.327097136527299881e-02
9.010000000000000000e+04 1.261485664794841782e-02
9.020000000000000000e+04 1.213528158764045142e-02
9.030000000000000000e+04 1.222558468580237437e-02
9.040000000000000000e+04 1.377810412396981467e-02
9.050000000000000000e+04 1.505882438893115828e-02
9.060000000000000000e+04 1.513931000605222600e-02
9.070000000000000000e+04 1.418704491108657359e-02
9.080000000000000000e+04 1.401367918277780789e-02
9.090000000000000000e+04 1.448998499661684203e-02
9.100000000000000000e+04 1.521041852732500643e-02
9.110000000000000000e+04 1.601644477496545066e-02
9.120000000000000000e+04 1.673559460788966863e-02
9.130000000000000000e+04 1.738327652215958252e-02
9.140000000000000000e+04 1.791924950977166753e-02
9.150000000000000000e+04 1.837882772088050842e-02
9.160000000000000000e+04 1.879954357941945528e-02
9.170000000000000000e+04 1.925009790807962612e-02
9.180000000000000000e+04 1.965310752391815144e-02
9.190000000000000000e+04 2.009514432400465178e-02
9.200000000000000000e+04 2.042487928022940560e-02
9.210000000000000000e+04 2.074322499334813052e-02
9.220000000000000000e+04 2.125636246055366205e-02
9.230000000000000000e+04 2.161694084604581095e-02
9.240000000000000000e+04 2.176928993314504457e-02
9.250000000000000000e+04 2.163760891805092262e-02
9.260000000000000000e+04 2.139824237674474092e-02
9.270000000000000000e+04 2.123725119978189108e-02
9.280000000000000000e+04 2.131541460752487543e-02
9.290000000000000000e+04 2.147870259980360491e-02
9.300000000000000000e+04 2.164730150252580643e-02
9.310000000000000000e+04 2.183045800775290299e-02
9.320000000000000000e+04 2.206326764076948360e-02
9.330000000000000000e+04 2.229841992259024713e-02
9.340000000000000000e+04 2.252830969790617366e-02
9.350000000000000000e+04 2.266527979324261741e-02
9.360000000000000000e+04 2.275724161416292288e-02
9.370000000000000000e+04 2.282936298598845989e-02
9.380000000000000000e+04 2.294725379596153705e-02
9.390000000000000000e+04 2.313260629773139510e-02
9.400000000000000000e+04 2.334917206317185800e-02
9.410000000000000000e+04 2.351872055480877521e-02
9.420000000000000000e+04 2.367268182337283616e-02
9.430000000000000000e+04 2.388540934771298668e-02
9.440000000000000000e+04 2.417014069855211167e-02
9.450000000000000000e+04 2.456731237471103044e-02
9.460000000000000000e+04 2.490382123738527770e-02
9.470000000000000000e+04 2.516442803045113724e-02
9.480000000000000000e+04 2.532265149056911122e-02
9.490000000000000000e+04 2.542570626984039933e-02
9.500000000000000000e+04 2.546016654620567726e-02
9.510000000000000000e+04 2.539463385939597778e-02
9.520000000000000000e+04 2.517973497509955888e-02
9.530000000000000000e+04 2.475972358137371043e-02
9.540000000000000000e+04 2.431568078696728571e-02
9.550000000000000000e+04 2.396187757452328260e-02
9.560000000000000000e+04 2.376162481804688920e-02
9.570000000000000000e+04 2.360426284372807437e-02
9.580000000000000000e+04 2.339628043274085550e-02
9.590000000000000000e+04 2.312641461690266922e-02
9.600000000000000000e+04 2.286395058035850525e-02
9.610000000000000000e+04 2.270962665478388348e-02
9.620000000000000000e+04 2.275721768538157067e-02
9.630000000000000000e+04 2.295329302549362419e-02
9.640000000000000000e+04 2.323806953926881025e-02
9.650000000000000000e+04 2.358787233630815078e-02
9.660000000000000000e+04 2.395427279174326685e-02
9.670000000000000000e+04 2.433571800589560616e-02
9.680000000000000000e+04 2.473001112540562652e-02
9.690000000000000000e+04 2.507798463106155479e-02
9.700000000000000000e+04 2.528616804629564563e-02
9.710000000000000000e+04 2.533590613553921012e-02
9.720000000000000000e+04 2.518309660255908453e-02
9.730000000000000000e+04 2.498950500041246386e-02
9.740000000000000000e+04 2.480386192599932579e-02
9.750000000000000000e+04 2.463769167661666870e-02
9.760000000000000000e+04 2.443590997407833407e-02
9.770000000000000000e+04 2.425453548630078504e-02
9.780000000000000000e+04 2.410333208739758037e-02
9.790000000000000000e+04 2.401854626834392867e-02
9.800000000000000000e+04 2.403729576617479394e-02
9.810000000000000000e+04 2.412512719631194902e-02
9.820000000000000000e+04 2.427822361389796180e-02
9.830000000000000000e+04 2.445866183688243795e-02
9.840000000000000000e+04 2.457610461860895365e-02
9.850000000000000000e+04 2.465273576478163586e-02
9.860000000000000000e+04 2.477811334033806767e-02
9.870000000000000000e+04 2.503940708935260828e-02
9.880000000000000000e+04 2.549064654856920964e-02
9.890000000000000000e+04 2.622389312833548619e-02
9.900000000000000000e+04 2.723627984523771528e-02
9.910000000000000000e+04 2.805208587398129449e-02
9.920000000000000000e+04 2.862385801970958321e-02
9.930000000000000000e+04 2.886174719780683004e-02
9.940000000000000000e+04 2.906251388291518356e-02
9.950000000000000000e+04 2.924211813757817552e-02
9.960000000000000000e+04 2.936430387198924602e-02
9.970000000000000000e+04 2.913674590488275068e-02
9.980000000000000000e+04 2.873597213377556553e-02
9.990000000000000000e+04 2.830418601632118947e-02
1.000000000000000000e+05 2.821001938233772682e-02
1.001000000000000000e+05 2.877380183587472523e-02
1.002000000000000000e+05 2.940704222768544818e-02
1.003000000000000000e+05 2.961249656975269498e-02
1.004000000000000000e+05 2.949640687555075275e-02
1.005000000000000000e+05 2.949012909084558487e-02
1.006000000000000000e+05 2.980637180308499251e-02
1.007000000000000000e+05 3.050409004092216950e-02
1.008000000000000000e+05 3.113933131098749196e-02
1.009000000000000000e+05 3.126824676990507673e-02
1.010000000000000000e+05 3.078788556158540066e-02
1.011000000000000000e+05 3.038772284984588012e-02
1.012000000000000000e+05 3.077018139262993612e-02
1.013000000000000000e+05 3.149564708272616781e-02
1.014000000000000000e+05 3.115348987281325865e-02
1.015000000000000000e+05 2.952859389285255459e-02
1.016000000000000000e+05 2.758721361557645024e-02
1.017000000000000000e+05 2.747050311416385227e-02
1.018000000000000000e+05 2.848179531594117672e-02
1.019000000000000000e+05 2.994162090122704650e-02
1.020000000000000000e+05 3.097278773784639672e-02
1.021000000000000000e+05 3.138462925950685073e-02
1.022000000000000000e+05 3.108782490094501652e-02
1.023000000000000000e+05 3.057055298238994107e-02
1.024000000000000000e+05 3.047295765330394063e-02
1.025000000000000000e+05 3.062717958043018746e-02
1.026000000000000000e+05 3.068087156862019799e-02
1.027000000000000000e+05 3.042882164319357305e-02
1.028000000000000000e+05 3.036948141952354810e-02
1.029000000000000000e+05 3.051477003842591879e-02
1.030000000000000000e+05 2.991920573016008944e-02
1.031000000000000000e+05 2.929174327601990341e-02
1.032000000000000000e+05 2.892320133745670749e-02
1.033000000000000000e+05 2.911027325938145977e-02
1.034000000000000000e+05 2.886511231462159446e-02
1.035000000000000000e+05 2.853034138679504117e-02
1.036000000000000000e+05 2.823940742760897016e-02
1.037000000000000000e+05 2.796796094626188486e-02
1.038000000000000000e+05 2.787814136594533865e-02
1.039000000000000000e+05 2.777717687189578885e-02
1.040000000000000000e+05 2.724953237921001747e-02
1.041000000000000000e+05 2.744317013770340707e-02
1.042000000000000000e+05 2.781278390437363912e-02
1.043000000000000000e+05 2.818971592932938836e-02
1.044000000000000000e+05 2.843872357159853148e-02
1.045000000000000000e+05 2.885657784839471690e-02
1.046000000000000000e+05 2.925163688759008923e-02
1.047000000000000000e+05 2.915237467736005172e-02
1.048000000000000000e+05 2.945389568805694552e-02
1.049000000000000000e+05 2.987080233792463457e-02
1.050000000000000000e+05 3.031917847692966461e-02
1.051000000000000000e+05 3.078338038176298835e-02
1.052000000000000000e+05 3.116298377513885415e-02
1.053000000000000000e+05 3.133088875561954034e-02
1.054000000000000000e+05 3.087375702957313381e-02
1.055000000000000000e+05 3.025964510937532992e-02
1.056000000000000000e+05 2.997941996902227582e-02
1.057000000000000000e+05 3.029274029036364835e-02
1.058000000000000000e+05 3.097994013379019168e-02
1.059000000000000000e+05 3.144274462014437499e-02
1.060000000000000000e+05 3.163598589599131428e-02
1.061000000000000000e+05 3.130002237856388536e-02
1.062000000000000000e+05 3.050304539501667855e-02
1.063000000000000000e+05 2.964995525777340546e-02
1.064000000000000000e+05 2.898648630827667730e-02
1.065000000000000000e+05 2.927126623690126661e-02
1.066000000000000000e+05 3.025703666110829068e-02
1.067000000000000000e+05 3.163677995403604837e-02
1.068000000000000000e+05 3.275020413100717537e-02
1.069000000000000000e+05 3.307035277287165287e-02
1.070000000000000000e+05 3.306020523111025122e-02
1.071000000000000000e+05 3.305509462952614663e-02
1.072000000000000000e+05 3.369031282762685597e-02
1.073000000000000000e+05 3.456955959399540118e-02
1.074000000000000000e+05 3.520912677049636841e-02
1.075000000000000000e+05 3.479008376598358154e-02
1.076000000000000000e+05 3.378455276290574794e-02
1.077000000000000000e+05 3.297752887010574341e-02
1.078000000000000000e+05 3.274888147910436087e-02
1.079000000000000000e+05 3.234225136538347589e-02
1.080000000000000000e+05 3.131171222776178709e-02
1.081000000000000000e+05 3.001058561106528799e-02
1.082000000000000000e+05 2.927431533734005387e-02
1.083000000000000000e+05 2.942424211651087015e-02
1.084000000000000000e+05 2.993230997274321306e-02
1.085000000000000000e+05 3.056299605717264362e-02
1.086000000000000000e+05 3.110689606517554745e-02
1.087000000000000000e+05 3.162036069979269615e-02
1.088000000000000000e+05 3.233522410194079183e-02
1.089000000000000000e+05 3.340573288500305743e-02
1.090000000000000000e+05 3.468270177642499008e-02
1.091000000000000000e+05 3.579649466400344066e-02
1.092000000000000000e+05 3.567030094563962417e-02
1.093000000000000000e+05 3.499016568064689664e-02
1.094000000000000000e+05 3.419797919690606425e-02
1.095000000000000000e+05 3.362887874245641673e-02
1.096000000000000000e+05 3.302471898496148889e-02
1.097000000000000000e+05 3.229722879827021109e-02
1.098000000000000000e+05 3.155618607997895397e-02
1.099000000000000000e+05 3.098214235156775131e-02
1.100000000000000000e+05 3.055688242117563652e-02
1.101000000000000000e+05 3.030761986970900712e-02
1.102000000000000000e+05 2.974904913455246602e-02
1.103000000000000000e+05 2.889764064302047242e-02
1.104000000000000000e+05 2.780731748789552066e-02
1.105000000000000000e+05 2.692986583958070432e-02
1.106000000000000000e+05 2.653866308430830739e-02
1.107000000000000000e+05 2.646493427455425332e-02
1.108000000000000000e+05 2.653423622250557223e-02
1.109000000000000000e+05 2.669487886130810297e-02
1.110000000000000000e+05 2.701683491468430398e-02
1.111000000000000000e+05 2.753582033018270314e-02
1.112000000000000000e+05 2.796972760309775208e-02
1.113000000000000000e+05 2.806919336318969629e-02
1.114000000000000000e+05 2.801065350572268242e-02
1.115000000000000000e+05 2.823934157689411695e-02
1.116000000000000000e+05 2.870416924357413468e-02
1.117000000000000000e+05 2.875684532026451939e-02
1.118000000000000000e+05 2.770522354791567221e-02
1.119000000000000000e+05 2.597531232982878968e-02
1.120000000000000000e+05 2.546538884441058859e-02
1.121000000000000000e+05 2.631003147612023807e-02
1.122000000000000000e+05 2.898006014525886936e-02
1.123000000000000000e+05 3.083807740360496041e-02
1.124000000000000000e+05 3.130694498618445676e-02
1.125000000000000000e+05 2.993106469511985779e-02
1.126000000000000000e+05 2.882021967321639344e-02
1.127000000000000000e+05 2.885289007176951304e-02
1.128000000000000000e+05 2.951291590929028957e-02
1.129000000000000000e+05 2.999290812760589675e-02
1.130000000000000000e+05 3.056169239183265107e-02
1.131000000000000000e+05 3.021452568471431205e-02
1.132000000000000000e+05 2.887923634300630996e-02
1.133000000000000000e+05 2.805184405297040523e-02
1.134000000000000000e+05 2.827569179236889135e-02
1.135000000000000000e+05 2.834909955660500774e-02
1.136000000000000000e+05 2.750415167460838056e-02
1.137000000000000000e+05 2.740742735564708626e-02
1.138000000000000000e+05 2.794086555639899855e-02
1.139000000000000000e+05 2.884186853965121228e-02
1.140000000000000000e+05 2.966623697429893181e-02
1.141000000000000000e+05 2.915662224094077437e-02
1.142000000000000000e+05 2.856316185245913464e-02
1.143000000000000000e+05 2.865353435277935915e-02
1.144000000000000000e+05 2.954545843104521008e-02
1.145000000000000000e+05 2.927276591459907623e-02
1.146000000000000000e+05 2.822871670126912355e-02
1.147000000000000000e+05 2.696755665043986533e-02
1.148000000000000000e+05 2.661723804970583113e-02
1.149000000000000000e+05 2.693069268018006765e-02
1.150000000000000000e+05 2.738863695412874222e-02
1.151000000000000000e+05 2.725123506039380666e-02
1.152000000000000000e+05 2.679739337414505096e-02
1.153000000000000000e+05 2.684986262271798346e-02
1.154000000000000000e+05 2.788764983415598434e-02
1.155000000000000000e+05 2.982322368770831678e-02
1.156000000000000000e+05 3.115946220854912824e-02
1.157000000000000000e+05 3.131337330987060685e-02
1.158000000000000000e+05 3.049346197396515801e-02
1.159000000000000000e+05 3.010389824708305934e-02
1.160000000000000000e+05 3.157765169938409056e-02
1.161000000000000000e+05 3.363643921911720763e-02
1.162000000000000000e+05 3.446173633138335801e-02
1.163000000000000000e+05 3.336737220486006572e-02
1.164000000000000000e+05 3.171174872666601696e-02
1.165000000000000000e+05 3.028969087948404568e-02
1.166000000000000000e+05 2.927504854897655662e-02
1.167000000000000000e+05 2.828595809638499714e-02
1.168000000000000000e+05 2.697724152356386490e-02
1.169000000000000000e+05 2.534207623451944363e-02
1.170000000000000000e+05 2.332583144307136605e-02
1.171000000000000000e+05 2.160379782319072489e-02
1.172000000000000000e+05 2.046037169794242411e-02
1.173000000000000000e+05 2.013739287853240703e-02
1.174000000000000000e+05 2.033151547114053770e-02
1.175000000000000000e+05 1.906650109837452339e-02
1.176000000000000000e+05 1.559380587190372161e-02
1.177000000000000000e+05 1.040745177616651806e-02
1.178000000000000000e+05 7.816361083338706564e-03
1.179000000000000000e+05 7.998295584693535659e-03
1.180000000000000000e+05 8.848537256320317471e-03
1.181000000000000000e+05 9.446365572512147035e-03
1.182000000000000000e+05 9.199087824672482969e-03
1.183000000000000000e+05 8.774646800011408343e-03
1.184000000000000000e+05 8.537543360143900681e-03
1.185000000000000000e+05 8.335231244564056743e-03
1.186000000000000000e+05 8.097573257982743078e-03
1.187000000000000000e+05 7.961963343744481517e-03
1.188000000000000000e+05 7.869484322145584021e-03
1.189000000000000000e+05 7.780774673447014150e-03
1.190000000000000000e+05 7.845914596691726250e-03
1.191000000000000000e+05 8.001441881060606179e-03
1.192000000000000000e+05 8.069319725036614224e-03
1.193000000000000000e+05 7.801480811710153479e-03
1.194000000000000000e+05 7.230406356975453523e-03
1.195000000000000000e+05 6.737194272379086468e-03
1.196000000000000000e+05 6.326701498279963844e-03
1.197000000000000000e+05 5.949336923658852042e-03
1.198000000000000000e+05 5.687027294188746161e-03
1.199000000000000000e+05 5.814404406895217620e-03
