9.000000000000000000e+04 7.622460648417472839e-02
9.010000000000000000e+04 7.751214666912945028e-02
9.020000000000000000e+04 7.128979802131704679e-02
9.030000000000000000e+04 7.728324368595983207e-02
9.040000000000000000e+04 9.144186799725045889e-02
9.050000000000000000e+04 1.012118178730207763e-01
9.060000000000000000e+04 9.162959463894324030e-02
9.070000000000000000e+04 8.214699652045966138e-02
9.080000000000000000e+04 8.557402595877641738e-02
9.090000000000000000e+04 8.950852885842308648e-02
9.100000000000000000e+04 9.325613218049196018e-02
9.110000000000000000e+04 9.676223057011762441e-02
9.120000000000000000e+04 1.001361645758153673e-01
9.130000000000000000e+04 1.033287535856168282e-01
9.140000000000000000e+04 1.059894204884767738e-01
9.150000000000000000e+04 1.082751970738172198e-01
9.160000000000000000e+04 1.102891067663827884e-01
9.170000000000000000e+04 1.122811485081910560e-01
9.180000000000000000e+04 1.142308052629232434e-01
9.190000000000000000e+04 1.166859220713376277e-01
9.200000000000000000e+04 1.202988490462304771e-01
9.210000000000000000e+04 1.258338709175587378e-01
9.220000000000000000e+04 1.307505700488885148e-01
9.230000000000000000e+04 1.322315863519906709e-01
9.240000000000000000e+04 1.314981031417846724e-01
9.250000000000000000e+04 1.301810095707575110e-01
9.260000000000000000e+04 1.290492537120978001e-01
9.270000000000000000e+04 1.285377236455678973e-01
9.280000000000000000e+04 1.284114105502764391e-01
9.290000000000000000e+04 1.285606013983487950e-01
9.300000000000000000e+04 1.284649252891540416e-01
9.310000000000000000e+04 1.282468913247187814e-01
9.320000000000000000e+04 1.282224550843238942e-01
9.330000000000000000e+04 1.283213896304369050e-01
9.340000000000000000e+04 1.285544971128304570e-01
9.350000000000000000e+04 1.288548036168019051e-01
9.360000000000000000e+04 1.292552265524864186e-01
9.370000000000000000e+04 1.298051686336596511e-01
9.380000000000000000e+04 1.303726975619793060e-01
9.390000000000000000e+04 1.305778013914823399e-01
9.400000000000000000e+04 1.308322171370188414e-01
9.410000000000000000e+04 1.315165723115205854e-01
9.420000000000000000e+04 1.317679911851882824e-01
9.430000000000000000e+04 1.315817577640215619e-01
9.440000000000000000e+04 1.316245735685030449e-01
9.450000000000000000e+04 1.317217186093330439e-01
9.460000000000000000e+04 1.318626095851262447e-01
9.470000000000000000e+04 1.320329431196053949e-01
9.480000000000000000e+04 1.322128936648368780e-01
9.490000000000000000e+04 1.323674603054920684e-01
9.500000000000000000e+04 1.325325779616832733e-01
9.510000000000000000e+04 1.326872573047876425e-01
9.520000000000000000e+04 1.328611921270688445e-01
9.530000000000000000e+04 1.330296948303779092e-01
9.540000000000000000e+04 1.331705667078494915e-01
9.550000000000000000e+04 1.331872695436080445e-01
9.560000000000000000e+04 1.331527339418729361e-01
9.570000000000000000e+04 1.330431254208088165e-01
9.580000000000000000e+04 1.327358204623063087e-01
9.590000000000000000e+04 1.324749186386664501e-01
9.600000000000000000e+04 1.321445345878600741e-01
9.610000000000000000e+04 1.317911259084939835e-01
9.620000000000000000e+04 1.313456297417481822e-01
9.630000000000000000e+04 1.320178063213824915e-01
9.640000000000000000e+04 1.348774691422778560e-01
9.650000000000000000e+04 1.383117932826281038e-01
9.660000000000000000e+04 1.393516497313976310e-01
9.670000000000000000e+04 1.381999645878870808e-01
9.680000000000000000e+04 1.371968612074851990e-01
9.690000000000000000e+04 1.372111652046442143e-01
9.700000000000000000e+04 1.371158421039581354e-01
9.710000000000000000e+04 1.369812715053558283e-01
9.720000000000000000e+04 1.368776649236679022e-01
9.730000000000000000e+04 1.368185143421093708e-01
9.740000000000000000e+04 1.368152438600858112e-01
9.750000000000000000e+04 1.368276681751012802e-01
9.760000000000000000e+04 1.368213159839312132e-01
9.770000000000000000e+04 1.368332352240880234e-01
9.780000000000000000e+04 1.368155361711979046e-01
9.790000000000000000e+04 1.369281314065058930e-01
9.800000000000000000e+04 1.370954071482022862e-01
9.810000000000000000e+04 1.375154692679643742e-01
9.820000000000000000e+04 1.378096114099025549e-01
9.830000000000000000e+04 1.380224833885828617e-01
9.840000000000000000e+04 1.385096165537834101e-01
9.850000000000000000e+04 1.392760906368493701e-01
9.860000000000000000e+04 1.404706176122029748e-01
9.870000000000000000e+04 1.423144005239009580e-01
9.880000000000000000e+04 1.445074302951493972e-01
9.890000000000000000e+04 1.470485408604144395e-01
9.900000000000000000e+04 1.501488260924815910e-01
9.910000000000000000e+04 1.529592881600062571e-01
9.920000000000000000e+04 1.543256407976150990e-01
9.930000000000000000e+04 1.574628311395646074e-01
9.940000000000000000e+04 1.585664136211077380e-01
9.950000000000000000e+04 1.597346314539511980e-01
9.960000000000000000e+04 1.595220375061035534e-01
9.970000000000000000e+04 1.584891607860723917e-01
9.980000000000000000e+04 1.587546025216579060e-01
9.990000000000000000e+04 1.585580296069384332e-01
1.000000000000000000e+05 1.578386550148328515e-01
1.001000000000000000e+05 1.599718814591566673e-01
1.002000000000000000e+05 1.605286453664302726e-01
1.003000000000000000e+05 1.606655702988306622e-01
1.004000000000000000e+05 1.610720634460449108e-01
1.005000000000000000e+05 1.623831126838922723e-01
1.006000000000000000e+05 1.639804028471312236e-01
1.007000000000000000e+05 1.656855125228564596e-01
1.008000000000000000e+05 1.659383964538574119e-01
1.009000000000000000e+05 1.646648064504067088e-01
1.010000000000000000e+05 1.638791613280772830e-01
1.011000000000000000e+05 1.654778295010327360e-01
1.012000000000000000e+05 1.676362712184586434e-01
1.013000000000000000e+05 1.670412776867546967e-01
1.014000000000000000e+05 1.620925003290174526e-01
1.015000000000000000e+05 1.572170396645863333e-01
1.016000000000000000e+05 1.576574632525443720e-01
1.017000000000000000e+05 1.624817544221876520e-01
1.018000000000000000e+05 1.667782694598037296e-01
1.019000000000000000e+05 1.692980777720610175e-01
1.020000000000000000e+05 1.706580325961113143e-01
1.021000000000000000e+05 1.702791390071312361e-01
1.022000000000000000e+05 1.698626410464445791e-01
1.023000000000000000e+05 1.704341022670269046e-01
1.024000000000000000e+05 1.706602849562963153e-01
1.025000000000000000e+05 1.692701739569505981e-01
1.026000000000000000e+05 1.673095141351223780e-01
1.027000000000000000e+05 1.674582177400589789e-01
1.028000000000000000e+05 1.688274495800336228e-01
1.029000000000000000e+05 1.674738720804452574e-01
1.030000000000000000e+05 1.658897891640663258e-01
1.031000000000000000e+05 1.665722437451283011e-01
1.032000000000000000e+05 1.667947843670845032e-01
1.033000000000000000e+05 1.653398832678794339e-01
1.034000000000000000e+05 1.641437878708044973e-01
1.035000000000000000e+05 1.630006834864616283e-01
1.036000000000000000e+05 1.613003182411193726e-01
1.037000000000000000e+05 1.613210782160361401e-01
1.038000000000000000e+05 1.614157287776470384e-01
1.039000000000000000e+05 1.602800721675157747e-01
1.040000000000000000e+05 1.614485745628673474e-01
1.041000000000000000e+05 1.640137986838817730e-01
1.042000000000000000e+05 1.649997577567894891e-01
1.043000000000000000e+05 1.656792300939559648e-01
1.044000000000000000e+05 1.672339382767677463e-01
1.045000000000000000e+05 1.679839129249254825e-01
1.046000000000000000e+05 1.682888823747634710e-01
1.047000000000000000e+05 1.693252445012331242e-01
1.048000000000000000e+05 1.706043746074040746e-01
1.049000000000000000e+05 1.717114062110582928e-01
1.050000000000000000e+05 1.728094890713691434e-01
1.051000000000000000e+05 1.733570442348718599e-01
1.052000000000000000e+05 1.731498094399769871e-01
1.053000000000000000e+05 1.723211541771889066e-01
1.054000000000000000e+05 1.714658646285533439e-01
1.055000000000000000e+05 1.714810186376174161e-01
1.056000000000000000e+05 1.724964907765388356e-01
1.057000000000000000e+05 1.738061952839294599e-01
1.058000000000000000e+05 1.745174003144105424e-01
1.059000000000000000e+05 1.741178758442401553e-01
1.060000000000000000e+05 1.726902703444161968e-01
1.061000000000000000e+05 1.708729571352401722e-01
1.062000000000000000e+05 1.695838640630245031e-01
1.063000000000000000e+05 1.696054361015558176e-01
1.064000000000000000e+05 1.712835612893103820e-01
1.065000000000000000e+05 1.741372428834436770e-01
1.066000000000000000e+05 1.770697446167468769e-01
1.067000000000000000e+05 1.791595079253116563e-01
1.068000000000000000e+05 1.803403955698013594e-01
1.069000000000000000e+05 1.810693041731913921e-01
1.070000000000000000e+05 1.820866731305917086e-01
1.071000000000000000e+05 1.838587445765733075e-01
1.072000000000000000e+05 1.857780147592226205e-01
1.073000000000000000e+05 1.863766601930062494e-01
1.074000000000000000e+05 1.850888727605342621e-01
1.075000000000000000e+05 1.832129241277773435e-01
1.076000000000000000e+05 1.821244116624196330e-01
1.077000000000000000e+05 1.816609378904104344e-01
1.078000000000000000e+05 1.804325425128142368e-01
1.079000000000000000e+05 1.782381333907446241e-01
1.080000000000000000e+05 1.762315064668656395e-01
1.081000000000000000e+05 1.754968762149413386e-01
1.082000000000000000e+05 1.760218505561352009e-01
1.083000000000000000e+05 1.772661852836609486e-01
1.084000000000000000e+05 1.789629249771436115e-01
1.085000000000000000e+05 1.810660713662703425e-01
1.086000000000000000e+05 1.835447214543818595e-01
1.087000000000000000e+05 1.861116502930720840e-01
1.088000000000000000e+05 1.884165250261624625e-01
1.089000000000000000e+05 1.901998827606439790e-01
1.090000000000000000e+05 1.911016941070556863e-01
1.091000000000000000e+05 1.909830504904190540e-01
1.092000000000000000e+05 1.901454499363899320e-01
1.093000000000000000e+05 1.888713190207879089e-01
1.094000000000000000e+05 1.873521656791369838e-01
1.095000000000000000e+05 1.856889344751835313e-01
1.096000000000000000e+05 1.840012417236963072e-01
1.097000000000000000e+05 1.824561699231465606e-01
1.098000000000000000e+05 1.811524647474288818e-01
1.099000000000000000e+05 1.800141119460264838e-01
1.100000000000000000e+05 1.786382248004277362e-01
1.101000000000000000e+05 1.767741624265908584e-01
1.102000000000000000e+05 1.743476573129494889e-01
1.103000000000000000e+05 1.718625603864590567e-01
1.104000000000000000e+05 1.699621343612670865e-01
1.105000000000000000e+05 1.690032059947649545e-01
1.106000000000000000e+05 1.688750851651032725e-01
1.107000000000000000e+05 1.694065894186496668e-01
1.108000000000000000e+05 1.705432471632956914e-01
1.109000000000000000e+05 1.722049613296985915e-01
1.110000000000000000e+05 1.739192984998226277e-01
1.111000000000000000e+05 1.749303476760784570e-01
1.112000000000000000e+05 1.753260022401809670e-01
1.113000000000000000e+05 1.756184738874435047e-01
1.114000000000000000e+05 1.760105490187803823e-01
1.115000000000000000e+05 1.757560876508553471e-01
1.116000000000000000e+05 1.741804602742194619e-01
1.117000000000000000e+05 1.717368094374736032e-01
1.118000000000000000e+05 1.705252652863661345e-01
1.119000000000000000e+05 1.721520058810709353e-01
1.120000000000000000e+05 1.763813073436419077e-01
1.121000000000000000e+05 1.807454684873421036e-01
1.122000000000000000e+05 1.827410122752189392e-01
1.123000000000000000e+05 1.818423917144536550e-01
1.124000000000000000e+05 1.796453830599784585e-01
1.125000000000000000e+05 1.788831613957881927e-01
1.126000000000000000e+05 1.798059807221094319e-01
1.127000000000000000e+05 1.811381285140911124e-01
1.128000000000000000e+05 1.818905591964721791e-01
1.129000000000000000e+05 1.813954671720663381e-01
1.130000000000000000e+05 1.794779015084106977e-01
1.131000000000000000e+05 1.773174416273832210e-01
1.132000000000000000e+05 1.765366005897522073e-01
1.133000000000000000e+05 1.763530845940113334e-01
1.134000000000000000e+05 1.756829500198364702e-01
1.135000000000000000e+05 1.752107753107945420e-01
1.136000000000000000e+05 1.760828472177187465e-01
1.137000000000000000e+05 1.777539864182472729e-01
1.138000000000000000e+05 1.790409583350022760e-01
1.139000000000000000e+05 1.789163068185249950e-01
1.140000000000000000e+05 1.778533414006233659e-01
1.141000000000000000e+05 1.774655168503522784e-01
1.142000000000000000e+05 1.782175952692826859e-01
1.143000000000000000e+05 1.785553755611181403e-01
1.144000000000000000e+05 1.776071028908093319e-01
1.145000000000000000e+05 1.763185729583104377e-01
1.146000000000000000e+05 1.760164687037467923e-01
1.147000000000000000e+05 1.770600007226069417e-01
1.148000000000000000e+05 1.783129246036211368e-01
1.149000000000000000e+05 1.784822658449411736e-01
1.150000000000000000e+05 1.773843765258789062e-01
1.151000000000000000e+05 1.768256803601980232e-01
1.152000000000000000e+05 1.787977641820908403e-01
1.153000000000000000e+05 1.834838039179642888e-01
1.154000000000000000e+05 1.882559475799400750e-01
1.155000000000000000e+05 1.906220588833093532e-01
1.156000000000000000e+05 1.903317503134409339e-01
1.157000000000000000e+05 1.897307315220435053e-01
1.158000000000000000e+05 1.912640781700611081e-01
1.159000000000000000e+05 1.945510257283846467e-01
1.160000000000000000e+05 1.973429322242736539e-01
1.161000000000000000e+05 1.971984282135963440e-01
1.162000000000000000e+05 1.940825877587002424e-01
1.163000000000000000e+05 1.891659566760065803e-01
1.164000000000000000e+05 1.841086381673812666e-01
1.165000000000000000e+05 1.799147597203653026e-01
1.166000000000000000e+05 1.757675861815612417e-01
1.167000000000000000e+05 1.695836374908690769e-01
1.168000000000000000e+05 1.609982625643411880e-01
1.169000000000000000e+05 1.520069122811155138e-01
1.170000000000000000e+05 1.405052758753296271e-01
1.171000000000000000e+05 1.304744519790013713e-01
1.172000000000000000e+05 1.218812446792923582e-01
1.173000000000000000e+05 1.109923294931650928e-01
1.174000000000000000e+05 9.262168178955709763e-02
1.175000000000000000e+05 7.076174517472635928e-02
1.176000000000000000e+05 5.296798638999535014e-02
1.177000000000000000e+05 5.462175063167980238e-02
1.178000000000000000e+05 6.260184285541392502e-02
1.179000000000000000e+05 6.784239586442715464e-02
1.180000000000000000e+05 7.277464196085928205e-02
1.181000000000000000e+05 7.367929539332793154e-02
1.182000000000000000e+05 7.189606599509718032e-02
1.183000000000000000e+05 7.132171735167500137e-02
1.184000000000000000e+05 7.013941551248227546e-02
1.185000000000000000e+05 6.886617094278334184e-02
1.186000000000000000e+05 6.812360852956772517e-02
1.187000000000000000e+05 6.772484518587590374e-02
1.188000000000000000e+05 6.813312694430345706e-02
1.189000000000000000e+05 6.950046406437949964e-02
1.190000000000000000e+05 7.007182091474531416e-02
1.191000000000000000e+05 6.812761861830940457e-02
1.192000000000000000e+05 6.580011407534275270e-02
1.193000000000000000e+05 6.079063410560292535e-02
1.194000000000000000e+05 5.534507282078278412e-02
1.195000000000000000e+05 5.106320005531127942e-02
1.196000000000000000e+05 4.792271164556359542e-02
1.197000000000000000e+05 4.557888766750670811e-02
1.198000000000000000e+05 4.865660679837081892e-02
1.199000000000000000e+05 5.398068748414531354e-02
