9.000000000000000000e+04 7.140609622001647949e-02
9.010000000000000000e+04 9.499116353690627290e-02
9.020000000000000000e+04 8.254765585065101940e-02
9.030000000000000000e+04 6.724338315427348667e-02
9.040000000000000000e+04 1.190069071451811122e-01
9.050000000000000000e+04 1.513140899439652520e-01
9.060000000000000000e+04 1.055048175156093615e-01
9.070000000000000000e+04 6.871741101145746600e-02
9.080000000000000000e+04 7.015338540077198370e-02
9.090000000000000000e+04 7.525476731359943827e-02
9.100000000000000000e+04 8.095334097743019097e-02
9.110000000000000000e+04 8.649142280220965817e-02
9.120000000000000000e+04 9.294553458690621439e-02
9.130000000000000000e+04 9.880506090819815568e-02
9.140000000000000000e+04 1.037376499176023426e-01
9.150000000000000000e+04 1.085289265960452942e-01
9.160000000000000000e+04 1.128871938586233081e-01
9.170000000000000000e+04 1.175332567840812054e-01
9.180000000000000000e+04 1.236971858143801062e-01
9.190000000000000000e+04 1.406357389688489834e-01
9.200000000000000000e+04 1.931239604949989974e-01
9.210000000000000000e+04 2.465535384416588094e-01
9.220000000000000000e+04 2.661661159992219083e-01
9.230000000000000000e+04 2.727298203110694597e-01
9.240000000000000000e+04 2.730498552322387917e-01
9.250000000000000000e+04 2.730494315425555096e-01
9.260000000000000000e+04 2.695222328106561260e-01
9.270000000000000000e+04 2.673481696844097755e-01
9.280000000000000000e+04 2.622172764937082401e-01
9.290000000000000000e+04 2.664774832129478965e-01
9.300000000000000000e+04 2.658317297697067039e-01
9.310000000000000000e+04 2.592672942082088205e-01
9.320000000000000000e+04 2.500568334261581427e-01
9.330000000000000000e+04 2.451777245104311831e-01
9.340000000000000000e+04 2.428362800677617839e-01
9.350000000000000000e+04 2.394760241111124344e-01
9.360000000000000000e+04 2.465996253490450041e-01
9.370000000000000000e+04 2.587039519349735306e-01
9.380000000000000000e+04 2.622981689373652392e-01
9.390000000000000000e+04 2.521771097183230226e-01
9.400000000000000000e+04 2.478589097658793206e-01
9.410000000000000000e+04 2.516817592084400479e-01
9.420000000000000000e+04 2.631507241725920543e-01
9.430000000000000000e+04 2.579295532902079469e-01
9.440000000000000000e+04 2.495486565430955483e-01
9.450000000000000000e+04 2.301529116928577312e-01
9.460000000000000000e+04 2.277290164430935959e-01
9.470000000000000000e+04 2.285908948878446756e-01
9.480000000000000000e+04 2.288717013597488525e-01
9.490000000000000000e+04 2.290384897092977989e-01
9.500000000000000000e+04 2.285564218958218707e-01
9.510000000000000000e+04 2.288773369789124101e-01
9.520000000000000000e+04 2.308058039347330725e-01
9.530000000000000000e+04 2.378064426779745166e-01
9.540000000000000000e+04 2.627805745601647924e-01
9.550000000000000000e+04 2.677064746618273983e-01
9.560000000000000000e+04 2.598977418740586742e-01
9.570000000000000000e+04 2.567961803078654404e-01
9.580000000000000000e+04 2.596220262845357896e-01
9.590000000000000000e+04 2.608203726013499923e-01
9.600000000000000000e+04 2.579959988594054954e-01
9.610000000000000000e+04 2.616774235169093688e-01
9.620000000000000000e+04 2.462280532717714132e-01
9.630000000000000000e+04 2.376303534209723012e-01
9.640000000000000000e+04 2.579918944835666306e-01
9.650000000000000000e+04 2.793065473437315593e-01
9.660000000000000000e+04 2.941893631219867355e-01
9.670000000000000000e+04 2.808238605658210929e-01
9.680000000000000000e+04 2.556889454523722516e-01
9.690000000000000000e+04 2.474418501555923078e-01
9.700000000000000000e+04 2.405050242940584837e-01
9.710000000000000000e+04 2.421488764385381076e-01
9.720000000000000000e+04 2.543692243099220374e-01
9.730000000000000000e+04 2.536071194211639290e-01
9.740000000000000000e+04 2.551225062211355255e-01
9.750000000000000000e+04 2.609946653246879578e-01
9.760000000000000000e+04 2.637202008565265321e-01
9.770000000000000000e+04 2.673360039790473319e-01
9.780000000000000000e+04 2.643973553180693492e-01
9.790000000000000000e+04 2.652534324924151199e-01
9.800000000000000000e+04 2.653422753016155267e-01
9.810000000000000000e+04 2.729789406061174928e-01
9.820000000000000000e+04 2.785742406050363829e-01
9.830000000000000000e+04 2.599222684899967217e-01
9.840000000000000000e+04 2.675448441505428598e-01
9.850000000000000000e+04 2.722032283743223147e-01
9.860000000000000000e+04 2.706441217660907061e-01
9.870000000000000000e+04 2.873086157441145927e-01
9.880000000000000000e+04 2.890935373306280365e-01
9.890000000000000000e+04 3.020941236615182768e-01
9.900000000000000000e+04 3.134493410587310680e-01
9.910000000000000000e+04 3.181542834639551343e-01
9.920000000000000000e+04 3.116129354635870929e-01
9.930000000000000000e+04 3.265458983182903951e-01
9.940000000000000000e+04 3.195942461490629549e-01
9.950000000000000000e+04 3.272778938213991573e-01
9.960000000000000000e+04 3.312931764125821577e-01
9.970000000000000000e+04 3.221268111467361916e-01
9.980000000000000000e+04 3.258418879906335719e-01
9.990000000000000000e+04 3.219448778033265901e-01
1.000000000000000000e+05 3.092831075191487256e-01
1.001000000000000000e+05 3.255031255880996288e-01
1.002000000000000000e+05 3.264062654972076372e-01
1.003000000000000000e+05 3.260734885931015348e-01
1.004000000000000000e+05 3.260315128167470267e-01
1.005000000000000000e+05 3.247885406017302912e-01
1.006000000000000000e+05 3.253521414597828620e-01
1.007000000000000000e+05 3.295605306824051506e-01
1.008000000000000000e+05 3.350581240653990878e-01
1.009000000000000000e+05 3.375581732392312073e-01
1.010000000000000000e+05 3.280004193385433475e-01
1.011000000000000000e+05 3.277296000719073232e-01
1.012000000000000000e+05 3.310488831996918346e-01
1.013000000000000000e+05 3.496322452028591266e-01
1.014000000000000000e+05 3.406045740842823522e-01
1.015000000000000000e+05 3.261598492662122206e-01
1.016000000000000000e+05 3.013390274842569494e-01
1.017000000000000000e+05 3.077716994285599750e-01
1.018000000000000000e+05 3.318528435627620121e-01
1.019000000000000000e+05 3.314286952217420645e-01
1.020000000000000000e+05 3.426965355873113905e-01
1.021000000000000000e+05 3.456237316131592352e-01
1.022000000000000000e+05 3.423910691340765755e-01
1.023000000000000000e+05 3.406466034054758119e-01
1.024000000000000000e+05 3.433007868131006668e-01
1.025000000000000000e+05 3.410432885090508015e-01
1.026000000000000000e+05 3.437084525823588810e-01
1.027000000000000000e+05 3.252941260735193185e-01
1.028000000000000000e+05 3.329761532942450697e-01
1.029000000000000000e+05 3.492520675063131019e-01
1.030000000000000000e+05 3.285188347101223316e-01
1.031000000000000000e+05 3.287636321783076743e-01
1.032000000000000000e+05 3.374524235725407939e-01
1.033000000000000000e+05 3.420802141229308813e-01
1.034000000000000000e+05 3.286675510803855893e-01
1.035000000000000000e+05 3.354816228151321633e-01
1.036000000000000000e+05 3.319515923659009382e-01
1.037000000000000000e+05 3.159738820791239688e-01
1.038000000000000000e+05 3.295404773950574850e-01
1.039000000000000000e+05 3.283531223734222348e-01
1.040000000000000000e+05 3.108384450276685529e-01
1.041000000000000000e+05 3.225116938352594054e-01
1.042000000000000000e+05 3.330329535404840668e-01
1.043000000000000000e+05 3.273375000556307257e-01
1.044000000000000000e+05 3.286048960685726827e-01
1.045000000000000000e+05 3.372272883852323044e-01
1.046000000000000000e+05 3.357909140984220997e-01
1.047000000000000000e+05 3.305234038829804044e-01
1.048000000000000000e+05 3.375544770558670526e-01
1.049000000000000000e+05 3.398992665608723818e-01
1.050000000000000000e+05 3.397547602653503418e-01
1.051000000000000000e+05 3.448837328950564163e-01
1.052000000000000000e+05 3.438066959381102516e-01
1.053000000000000000e+05 3.461385273933410001e-01
1.054000000000000000e+05 3.458780203262962205e-01
1.055000000000000000e+05 3.356980875134470410e-01
1.056000000000000000e+05 3.383862447738649193e-01
1.057000000000000000e+05 3.422157291571298887e-01
1.058000000000000000e+05 3.435557790597280614e-01
1.059000000000000000e+05 3.447926795482635365e-01
1.060000000000000000e+05 3.455711881319681877e-01
1.061000000000000000e+05 3.434163448214530012e-01
1.062000000000000000e+05 3.382818287611006891e-01
1.063000000000000000e+05 3.375519058108329418e-01
1.064000000000000000e+05 3.331383371353148770e-01
1.065000000000000000e+05 3.357887372374530055e-01
1.066000000000000000e+05 3.428357160091400346e-01
1.067000000000000000e+05 3.502636573712034629e-01
1.068000000000000000e+05 3.551196110248565629e-01
1.069000000000000000e+05 3.547174243132271698e-01
1.070000000000000000e+05 3.526795049508413271e-01
1.071000000000000000e+05 3.532613211870193060e-01
1.072000000000000000e+05 3.573752474784849809e-01
1.073000000000000000e+05 3.652251713474595207e-01
1.074000000000000000e+05 3.729307591915129172e-01
1.075000000000000000e+05 3.664484570423757748e-01
1.076000000000000000e+05 3.561969506740571001e-01
1.077000000000000000e+05 3.560644918680191950e-01
1.078000000000000000e+05 3.586715410153071826e-01
1.079000000000000000e+05 3.585690876841544639e-01
1.080000000000000000e+05 3.529991626739507615e-01
1.081000000000000000e+05 3.429886677861213040e-01
1.082000000000000000e+05 3.453807801008224043e-01
1.083000000000000000e+05 3.466006419062614419e-01
1.084000000000000000e+05 3.481280231475832321e-01
1.085000000000000000e+05 3.523904701073963808e-01
1.086000000000000000e+05 3.547732853889465354e-01
1.087000000000000000e+05 3.567560779054958497e-01
1.088000000000000000e+05 3.620987474918366256e-01
1.089000000000000000e+05 3.642955902218817932e-01
1.090000000000000000e+05 3.709101716677352667e-01
1.091000000000000000e+05 3.787250912189482621e-01
1.092000000000000000e+05 3.751944160461422872e-01
1.093000000000000000e+05 3.665989192326862822e-01
1.094000000000000000e+05 3.677012358109157386e-01
1.095000000000000000e+05 3.667237505316735535e-01
1.096000000000000000e+05 3.619246784845986942e-01
1.097000000000000000e+05 3.585871021946271386e-01
1.098000000000000000e+05 3.566269099712371382e-01
1.099000000000000000e+05 3.531764665246008850e-01
1.100000000000000000e+05 3.521850009759266986e-01
1.101000000000000000e+05 3.528883582353591342e-01
1.102000000000000000e+05 3.513603009780247866e-01
1.103000000000000000e+05 3.476093281308811900e-01
1.104000000000000000e+05 3.412000894546509677e-01
1.105000000000000000e+05 3.362955758968986797e-01
1.106000000000000000e+05 3.343540449937184578e-01
1.107000000000000000e+05 3.374832996726036538e-01
1.108000000000000000e+05 3.364785349369049938e-01
1.109000000000000000e+05 3.352440725763639051e-01
1.110000000000000000e+05 3.388199925422671899e-01
1.111000000000000000e+05 3.435326430201531833e-01
1.112000000000000000e+05 3.476720861593880496e-01
1.113000000000000000e+05 3.467284855246542952e-01
1.114000000000000000e+05 3.450403682390848492e-01
1.115000000000000000e+05 3.484247252345085144e-01
1.116000000000000000e+05 3.510997211933140072e-01
1.117000000000000000e+05 3.545171314477920665e-01
1.118000000000000000e+05 3.456847727298745787e-01
1.119000000000000000e+05 3.347282123565674672e-01
1.120000000000000000e+05 3.333377003669740768e-01
1.121000000000000000e+05 3.443746138612426844e-01
1.122000000000000000e+05 3.556767100095754586e-01
1.123000000000000000e+05 3.642923261721927597e-01
1.124000000000000000e+05 3.644108859697975933e-01
1.125000000000000000e+05 3.484609276056289673e-01
1.126000000000000000e+05 3.414413909117382517e-01
1.127000000000000000e+05 3.596000251173965823e-01
1.128000000000000000e+05 3.519390821456907514e-01
1.129000000000000000e+05 3.536648482084266965e-01
1.130000000000000000e+05 3.627968758344650713e-01
1.131000000000000000e+05 3.599224054813380813e-01
1.132000000000000000e+05 3.413863054911294714e-01
1.133000000000000000e+05 3.400773779551199971e-01
1.134000000000000000e+05 3.553970032930374168e-01
1.135000000000000000e+05 3.463699916998552730e-01
1.136000000000000000e+05 3.360379731655120938e-01
1.137000000000000000e+05 3.460954126715667378e-01
1.138000000000000000e+05 3.464070640007654855e-01
1.139000000000000000e+05 3.519321280717855327e-01
1.140000000000000000e+05 3.583818733692170633e-01
1.141000000000000000e+05 3.448815910021464926e-01
1.142000000000000000e+05 3.362514283259705472e-01
1.143000000000000000e+05 3.501770952343944421e-01
1.144000000000000000e+05 3.533777856826783026e-01
1.145000000000000000e+05 3.509512469172477167e-01
1.146000000000000000e+05 3.442541968822481202e-01
1.147000000000000000e+05 3.405291739106178217e-01
1.148000000000000000e+05 3.462321356932328564e-01
1.149000000000000000e+05 3.513363382220268116e-01
1.150000000000000000e+05 3.536367863416671753e-01
1.151000000000000000e+05 3.523196258147557880e-01
1.152000000000000000e+05 3.419736981391904851e-01
1.153000000000000000e+05 3.313281570871670634e-01
1.154000000000000000e+05 3.489853874842338555e-01
1.155000000000000000e+05 3.638084694743154435e-01
1.156000000000000000e+05 3.687116579214732570e-01
1.157000000000000000e+05 3.687352993090947662e-01
1.158000000000000000e+05 3.619533652067181140e-01
1.159000000000000000e+05 3.532658781607942444e-01
1.160000000000000000e+05 3.644575138886773646e-01
1.161000000000000000e+05 3.748700684309004827e-01
1.162000000000000000e+05 3.735056094328561560e-01
1.163000000000000000e+05 3.700710336367288855e-01
1.164000000000000000e+05 3.684023773670195845e-01
1.165000000000000000e+05 3.571177298823988155e-01
1.166000000000000000e+05 3.414366888999939009e-01
1.167000000000000000e+05 3.469415715336794936e-01
1.168000000000000000e+05 3.508624275525411007e-01
1.169000000000000000e+05 3.357597450415274465e-01
1.170000000000000000e+05 3.081739485263827460e-01
1.171000000000000000e+05 2.875277375181500283e-01
1.172000000000000000e+05 2.397895741462718056e-01
1.173000000000000000e+05 2.282218967378141505e-01
1.174000000000000000e+05 2.293973502516747087e-01
1.175000000000000000e+05 1.999681244293822491e-01
1.176000000000000000e+05 1.046883839368778907e-01
1.177000000000000000e+05 2.757113844777115547e-02
1.178000000000000000e+05 4.382994537552131753e-02
1.179000000000000000e+05 5.115447152406028125e-02
1.180000000000000000e+05 7.828268061081769535e-02
1.181000000000000000e+05 7.428765495618167014e-02
1.182000000000000000e+05 5.838285505771588502e-02
1.183000000000000000e+05 5.567883599549532103e-02
1.184000000000000000e+05 5.818207765618960831e-02
1.185000000000000000e+05 5.328880343586215457e-02
1.186000000000000000e+05 4.627696608503659159e-02
1.187000000000000000e+05 5.384885339687260630e-02
1.188000000000000000e+05 5.130014628171886831e-02
1.189000000000000000e+05 4.215337689965974188e-02
1.190000000000000000e+05 5.190393440425476734e-02
1.191000000000000000e+05 5.721435058861957385e-02
1.192000000000000000e+05 5.970943967501311789e-02
1.193000000000000000e+05 5.082204323261958062e-02
1.194000000000000000e+05 3.803306713700274622e-02
1.195000000000000000e+05 3.369751324256259339e-02
1.196000000000000000e+05 3.283964509765304601e-02
1.197000000000000000e+05 2.987549172714378323e-02
1.198000000000000000e+05 2.351520124822850319e-02
1.199000000000000000e+05 1.827926198020576876e-02
