9.000000000000000000e+04 2.068156172754243016e-04
9.010000000000000000e+04 2.069083729293197274e-04
9.020000000000000000e+04 2.078280904485533946e-04
9.030000000000000000e+04 2.088430547155439778e-04
9.040000000000000000e+04 2.085432340390980233e-04
9.050000000000000000e+04 2.085283825484414986e-04
9.060000000000000000e+04 2.084131282754242572e-04
9.070000000000000000e+04 2.084253006614744609e-04
9.080000000000000000e+04 2.088643726892769120e-04
9.090000000000000000e+04 2.102660748641937787e-04
9.100000000000000000e+04 2.116714788523192605e-04
9.110000000000000000e+04 2.128374636716519992e-04
9.120000000000000000e+04 2.134528273018076962e-04
9.130000000000000000e+04 2.133748461104308580e-04
9.140000000000000000e+04 2.133814685900385253e-04
9.150000000000000000e+04 2.134209760697558631e-04
9.160000000000000000e+04 2.133313254065190669e-04
9.170000000000000000e+04 2.127134984281535217e-04
9.180000000000000000e+04 2.125842438545078039e-04
9.190000000000000000e+04 2.128216453517476822e-04
9.200000000000000000e+04 2.085770509438589324e-04
9.210000000000000000e+04 2.080292097525671049e-04
9.220000000000000000e+04 2.080190886044874776e-04
9.230000000000000000e+04 2.080838516121730263e-04
9.240000000000000000e+04 2.082858647918328730e-04
9.250000000000000000e+04 2.087283646687865257e-04
9.260000000000000000e+04 2.130434481659904296e-04
9.270000000000000000e+04 2.125149668427184267e-04
9.280000000000000000e+04 2.124574017943814462e-04
9.290000000000000000e+04 2.128603489836678017e-04
9.300000000000000000e+04 2.136930095730349801e-04
9.310000000000000000e+04 2.145456817621986024e-04
9.320000000000000000e+04 2.141899367173512737e-04
9.330000000000000000e+04 2.148386416956782211e-04
9.340000000000000000e+04 2.154569413202504172e-04
9.350000000000000000e+04 2.158179859785983924e-04
9.360000000000000000e+04 2.158428460825234576e-04
9.370000000000000000e+04 2.156335160058612632e-04
9.380000000000000000e+04 2.156670195593809233e-04
9.390000000000000000e+04 2.158133953344076547e-04
9.400000000000000000e+04 2.150468935724347830e-04
9.410000000000000000e+04 2.146158445005615534e-04
9.420000000000000000e+04 2.142727654427290006e-04
9.430000000000000000e+04 2.172885065374402448e-04
9.440000000000000000e+04 3.086379257729319537e-04
9.450000000000000000e+04 3.285838945885190612e-04
9.460000000000000000e+04 3.318084520287811648e-04
9.470000000000000000e+04 3.323031487525440753e-04
9.480000000000000000e+04 3.334679058752954548e-04
9.490000000000000000e+04 3.327333414927127297e-04
9.500000000000000000e+04 3.331928019179031253e-04
9.510000000000000000e+04 3.318755983491429953e-04
9.520000000000000000e+04 3.225074301008195232e-04
9.530000000000000000e+04 2.282612223643797327e-04
9.540000000000000000e+04 2.146010258002206846e-04
9.550000000000000000e+04 2.129924774635582566e-04
9.560000000000000000e+04 2.142346568871289427e-04
9.570000000000000000e+04 2.149107772856951053e-04
9.580000000000000000e+04 2.154482235588754332e-04
9.590000000000000000e+04 2.160752271690095222e-04
9.600000000000000000e+04 2.169336396036669775e-04
9.610000000000000000e+04 2.178043187207852685e-04
9.620000000000000000e+04 2.177364194843297630e-04
9.630000000000000000e+04 2.163774997461587538e-04
9.640000000000000000e+04 2.179591152040909956e-04
9.650000000000000000e+04 2.182698401156812798e-04
9.660000000000000000e+04 2.176107512786984303e-04
9.670000000000000000e+04 2.162627095822245457e-04
9.680000000000000000e+04 2.170785295311361410e-04
9.690000000000000000e+04 2.174497960368171226e-04
9.700000000000000000e+04 2.175305611065899423e-04
9.710000000000000000e+04 2.174404581698278474e-04
9.720000000000000000e+04 2.175280661322176576e-04
9.730000000000000000e+04 2.177453720166037574e-04
9.740000000000000000e+04 2.178137481678277091e-04
9.750000000000000000e+04 2.174724650103598833e-04
9.760000000000000000e+04 2.174162146790573882e-04
9.770000000000000000e+04 2.177280647447332968e-04
9.780000000000000000e+04 2.184827398741617604e-04
9.790000000000000000e+04 2.197732161342477448e-04
9.800000000000000000e+04 2.210354665294289264e-04
9.810000000000000000e+04 2.214315207675099405e-04
9.820000000000000000e+04 2.212960585408533479e-04
9.830000000000000000e+04 2.210445564317827232e-04
9.840000000000000000e+04 2.214705216465518063e-04
9.850000000000000000e+04 2.209234798404698336e-04
9.860000000000000000e+04 2.203566505340859663e-04
9.870000000000000000e+04 2.212375000817700982e-04
9.880000000000000000e+04 2.210576731401185234e-04
9.890000000000000000e+04 2.208437533893932968e-04
9.900000000000000000e+04 2.456410977174585297e-04
9.910000000000000000e+04 3.346362966112792383e-04
9.920000000000000000e+04 3.352381521835923520e-04
9.930000000000000000e+04 3.351972484961152012e-04
9.940000000000000000e+04 3.355275676585733739e-04
9.950000000000000000e+04 3.359799331519752632e-04
9.960000000000000000e+04 3.358640964142978321e-04
9.970000000000000000e+04 3.341316629666834940e-04
9.980000000000000000e+04 3.101947013055877857e-04
9.990000000000000000e+04 2.649237922742011305e-04
1.000000000000000000e+05 2.249191747978329659e-04
1.001000000000000000e+05 2.237660994675630909e-04
1.002000000000000000e+05 2.229392115259543191e-04
1.003000000000000000e+05 2.229460676123077776e-04
1.004000000000000000e+05 2.225787563171858499e-04
1.005000000000000000e+05 2.222817071015015190e-04
1.006000000000000000e+05 2.223821713899572661e-04
1.007000000000000000e+05 2.558782676351300058e-04
1.008000000000000000e+05 3.302933205850422946e-04
1.009000000000000000e+05 3.331351935048587035e-04
1.010000000000000000e+05 3.331503481604158011e-04
1.011000000000000000e+05 3.329138562548906695e-04
1.012000000000000000e+05 3.343207668513060180e-04
1.013000000000000000e+05 3.369995660614221724e-04
1.014000000000000000e+05 3.371005575172602848e-04
1.015000000000000000e+05 3.370281876414082836e-04
1.016000000000000000e+05 3.372022754047066233e-04
1.017000000000000000e+05 3.371244086883961742e-04
1.018000000000000000e+05 3.369677159935236129e-04
1.019000000000000000e+05 3.361277014482766628e-04
1.020000000000000000e+05 3.348745172843337276e-04
1.021000000000000000e+05 3.189982913318094499e-04
1.022000000000000000e+05 2.440257830312506072e-04
1.023000000000000000e+05 2.267822728026659262e-04
1.024000000000000000e+05 2.265572218069185687e-04
1.025000000000000000e+05 2.260160060056174704e-04
1.026000000000000000e+05 2.256683487212285107e-04
1.027000000000000000e+05 2.250087953871116270e-04
1.028000000000000000e+05 2.261435003795971249e-04
1.029000000000000000e+05 2.272504253778606697e-04
1.030000000000000000e+05 2.454161774949160458e-04
1.031000000000000000e+05 3.135390959505500170e-04
1.032000000000000000e+05 3.262273757718504364e-04
1.033000000000000000e+05 3.273692203219979936e-04
1.034000000000000000e+05 3.279819205636158716e-04
1.035000000000000000e+05 3.276841147453524498e-04
1.036000000000000000e+05 3.245285828597843430e-04
1.037000000000000000e+05 3.250732505694032214e-04
1.038000000000000000e+05 3.269331931369379293e-04
1.039000000000000000e+05 3.270916600013153760e-04
1.040000000000000000e+05 3.294326481409372417e-04
1.041000000000000000e+05 3.295575038646347647e-04
1.042000000000000000e+05 3.296304907416924813e-04
1.043000000000000000e+05 3.293302678503098771e-04
1.044000000000000000e+05 3.212838410399850584e-04
1.045000000000000000e+05 3.274174348916861254e-04
1.046000000000000000e+05 3.318800911074504148e-04
1.047000000000000000e+05 3.325320631847716716e-04
1.048000000000000000e+05 3.324614942539483027e-04
1.049000000000000000e+05 3.321116493316366965e-04
1.050000000000000000e+05 3.322850243421271443e-04
1.051000000000000000e+05 3.322210788610391752e-04
1.052000000000000000e+05 3.311420639511198803e-04
1.053000000000000000e+05 3.293866253807209302e-04
1.054000000000000000e+05 3.304257581476122032e-04
1.055000000000000000e+05 nan
1.056000000000000000e+05 nan
1.057000000000000000e+05 nan
1.058000000000000000e+05 nan
1.059000000000000000e+05 nan
1.060000000000000000e+05 nan
1.061000000000000000e+05 3.322373505216090635e-04
1.062000000000000000e+05 3.397983033210033935e-04
1.063000000000000000e+05 3.423721040599048116e-04
1.064000000000000000e+05 nan
1.065000000000000000e+05 nan
1.066000000000000000e+05 nan
1.067000000000000000e+05 3.425815841183068428e-04
1.068000000000000000e+05 3.425360401161014687e-04
1.069000000000000000e+05 3.422926028724759622e-04
1.070000000000000000e+05 3.426062001381068988e-04
1.071000000000000000e+05 3.442322055343538935e-04
1.072000000000000000e+05 3.440951823722570983e-04
1.073000000000000000e+05 3.439082833938300783e-04
1.074000000000000000e+05 3.436297038570046078e-04
1.075000000000000000e+05 3.430917277000844479e-04
1.076000000000000000e+05 3.448640939313917550e-04
1.077000000000000000e+05 3.460650308988988378e-04
1.078000000000000000e+05 3.460750216618179516e-04
1.079000000000000000e+05 3.446693089790644235e-04
1.080000000000000000e+05 3.463919740170241378e-04
1.081000000000000000e+05 3.464834881015121937e-04
1.082000000000000000e+05 3.461946104653179711e-04
1.083000000000000000e+05 3.462311078328639616e-04
1.084000000000000000e+05 3.466705221217125502e-04
1.085000000000000000e+05 3.477089630905539339e-04
1.086000000000000000e+05 3.485350299160927924e-04
1.087000000000000000e+05 3.489480761345475804e-04
1.088000000000000000e+05 3.493634692858904709e-04
1.089000000000000000e+05 3.501178266014903762e-04
1.090000000000000000e+05 3.501675266306847225e-04
1.091000000000000000e+05 3.497347864322364265e-04
1.092000000000000000e+05 3.500856144819408959e-04
1.093000000000000000e+05 3.493550047278403846e-04
1.094000000000000000e+05 3.495770960580557737e-04
1.095000000000000000e+05 3.502268169540912130e-04
1.096000000000000000e+05 3.498747723642736305e-04
1.097000000000000000e+05 3.508776205126196211e-04
1.098000000000000000e+05 3.519808303099125689e-04
1.099000000000000000e+05 3.506591368932274037e-04
1.100000000000000000e+05 3.440517757553607225e-04
1.101000000000000000e+05 3.444851515814661893e-04
1.102000000000000000e+05 3.441061649937182882e-04
1.103000000000000000e+05 3.430241032037883303e-04
1.104000000000000000e+05 3.414493892341852101e-04
1.105000000000000000e+05 3.411323588807135712e-04
1.106000000000000000e+05 3.406044468283653173e-04
1.107000000000000000e+05 3.410677146166563424e-04
1.108000000000000000e+05 3.438345156610018560e-04
1.109000000000000000e+05 3.537166921887548404e-04
1.110000000000000000e+05 3.600988304242494866e-04
1.111000000000000000e+05 4.019521898590085770e-04
1.112000000000000000e+05 4.586460604332368647e-04
1.113000000000000000e+05 3.787585697136837621e-04
1.114000000000000000e+05 3.803980699740354085e-04
1.115000000000000000e+05 3.780280763749027466e-04
1.116000000000000000e+05 3.638242546003312198e-04
1.117000000000000000e+05 3.703669179230932866e-04
1.118000000000000000e+05 4.308416112326109160e-04
1.119000000000000000e+05 4.884332674555474322e-04
1.120000000000000000e+05 5.398448789492234527e-04
1.121000000000000000e+05 5.927438917569834284e-04
1.122000000000000000e+05 6.198475998826324766e-04
1.123000000000000000e+05 3.632554907995987070e-04
1.124000000000000000e+05 3.454276151023804729e-04
1.125000000000000000e+05 3.451622324064373970e-04
1.126000000000000000e+05 4.792916393669872672e-04
1.127000000000000000e+05 6.157728796824816966e-04
1.128000000000000000e+05 6.000242009758946721e-04
1.129000000000000000e+05 5.991284549236381351e-04
1.130000000000000000e+05 6.207410556574661153e-04
1.131000000000000000e+05 6.223926693201065410e-04
1.132000000000000000e+05 6.216736549201111938e-04
1.133000000000000000e+05 6.237876329881450769e-04
1.134000000000000000e+05 6.199163035489617694e-04
1.135000000000000000e+05 6.173988377364972649e-04
1.136000000000000000e+05 6.170036403151850715e-04
1.137000000000000000e+05 6.195508013479410908e-04
1.138000000000000000e+05 6.200730466904739264e-04
1.139000000000000000e+05 6.203353847377002109e-04
1.140000000000000000e+05 6.208302220329642296e-04
1.141000000000000000e+05 6.222175201401114247e-04
1.142000000000000000e+05 6.229221339647968668e-04
1.143000000000000000e+05 6.209628726355729276e-04
1.144000000000000000e+05 6.181857121797899044e-04
1.145000000000000000e+05 6.184149727535744870e-04
1.146000000000000000e+05 6.196712073870002833e-04
1.147000000000000000e+05 6.203846936114132881e-04
1.148000000000000000e+05 6.199855372930565978e-04
1.149000000000000000e+05 6.175023084506392956e-04
1.150000000000000000e+05 6.188326127206286156e-04
1.151000000000000000e+05 6.164886437666909939e-04
1.152000000000000000e+05 6.113916332833466355e-04
1.153000000000000000e+05 6.084181127759317152e-04
1.154000000000000000e+05 6.105488073080779553e-04
1.155000000000000000e+05 6.107538240030407255e-04
1.156000000000000000e+05 6.091499553682903564e-04
1.157000000000000000e+05 6.095587563080092286e-04
1.158000000000000000e+05 6.083041778765619452e-04
1.159000000000000000e+05 6.065231049433351430e-04
1.160000000000000000e+05 6.202753555650537386e-04
1.161000000000000000e+05 7.065484346821969061e-04
1.162000000000000000e+05 7.215796224772930969e-04
1.163000000000000000e+05 7.246672951926789140e-04
1.164000000000000000e+05 7.280754344537852417e-04
1.165000000000000000e+05 7.242869197701414354e-04
1.166000000000000000e+05 7.226786467557152083e-04
1.167000000000000000e+05 7.215407560579478090e-04
1.168000000000000000e+05 7.210670791876811923e-04
1.169000000000000000e+05 7.246017774256567926e-04
1.170000000000000000e+05 7.295532268472019110e-04
1.171000000000000000e+05 3.230331055237913333e-04
1.172000000000000000e+05 7.321663876064127014e-04
1.173000000000000000e+05 5.484045382605663840e-04
1.174000000000000000e+05 3.121987596387041752e-04
1.175000000000000000e+05 nan
1.176000000000000000e+05 nan
1.177000000000000000e+05 nan
1.178000000000000000e+05 nan
1.179000000000000000e+05 nan
1.180000000000000000e+05 nan
1.181000000000000000e+05 nan
1.182000000000000000e+05 nan
1.183000000000000000e+05 nan
1.184000000000000000e+05 nan
1.185000000000000000e+05 nan
1.186000000000000000e+05 nan
1.187000000000000000e+05 nan
1.188000000000000000e+05 nan
1.189000000000000000e+05 nan
1.190000000000000000e+05 nan
1.191000000000000000e+05 nan
1.192000000000000000e+05 nan
1.193000000000000000e+05 nan
1.194000000000000000e+05 nan
1.195000000000000000e+05 nan
1.196000000000000000e+05 nan
1.197000000000000000e+05 nan
1.198000000000000000e+05 nan
1.199000000000000000e+05 nan
