9.000000000000000000e+04 2.550359629094600677e-02
9.010000000000000000e+04 4.197340026497874133e-02
9.020000000000000000e+04 3.245551367600665177e-02
9.030000000000000000e+04 2.352722149342339683e-02
9.040000000000000000e+04 4.842047497630221076e-02
9.050000000000000000e+04 6.296955992778131839e-02
9.060000000000000000e+04 4.282755196094301109e-02
9.070000000000000000e+04 2.619605392217636344e-02
9.080000000000000000e+04 2.774943709373467113e-02
9.090000000000000000e+04 3.016550209373225835e-02
9.100000000000000000e+04 3.286229446530334469e-02
9.110000000000000000e+04 3.504789471626277436e-02
9.120000000000000000e+04 3.787841022014615949e-02
9.130000000000000000e+04 4.058033302426348327e-02
9.140000000000000000e+04 4.287197937568029693e-02
9.150000000000000000e+04 4.494491145014751360e-02
9.160000000000000000e+04 4.690273423989618079e-02
9.170000000000000000e+04 4.870672588547063364e-02
9.180000000000000000e+04 5.093221455812465409e-02
9.190000000000000000e+04 5.606141224503543435e-02
9.200000000000000000e+04 7.893434613943099698e-02
9.210000000000000000e+04 1.071615961194039568e-01
9.220000000000000000e+04 1.175225950280819887e-01
9.230000000000000000e+04 1.211106892426809245e-01
9.240000000000000000e+04 1.199510461091996827e-01
9.250000000000000000e+04 1.200867195924123082e-01
9.260000000000000000e+04 1.161474367976188943e-01
9.270000000000000000e+04 1.166721501946448858e-01
9.280000000000000000e+04 1.133048402269681565e-01
9.290000000000000000e+04 1.170412973562875991e-01
9.300000000000000000e+04 1.175862357020378279e-01
9.310000000000000000e+04 1.144012163082758216e-01
9.320000000000000000e+04 1.099731746315952136e-01
9.330000000000000000e+04 1.088469433784484408e-01
9.340000000000000000e+04 1.097627161939938450e-01
9.350000000000000000e+04 1.066573152939479241e-01
9.360000000000000000e+04 1.096838477253912203e-01
9.370000000000000000e+04 1.157457017898562285e-01
9.380000000000000000e+04 1.186462515592576622e-01
9.390000000000000000e+04 1.137444862723344802e-01
9.400000000000000000e+04 1.113077754775682882e-01
9.410000000000000000e+04 1.134557204445202222e-01
9.420000000000000000e+04 1.203581362962722195e-01
9.430000000000000000e+04 1.161892324686052413e-01
9.440000000000000000e+04 1.143813629945115706e-01
9.450000000000000000e+04 1.046365812420845670e-01
9.460000000000000000e+04 1.044752720991770911e-01
9.470000000000000000e+04 1.050742125511169439e-01
9.480000000000000000e+04 1.054583477973937977e-01
9.490000000000000000e+04 1.054192559917767891e-01
9.500000000000000000e+04 1.053300475080807957e-01
9.510000000000000000e+04 1.053886318206787437e-01
9.520000000000000000e+04 1.063742521405220409e-01
9.530000000000000000e+04 1.079088590542481296e-01
9.540000000000000000e+04 1.208572953939437422e-01
9.550000000000000000e+04 1.229073127110801578e-01
9.560000000000000000e+04 1.184171626965204172e-01
9.570000000000000000e+04 1.173076483607287807e-01
9.580000000000000000e+04 1.177790434161822553e-01
9.590000000000000000e+04 1.186683070659638739e-01
9.600000000000000000e+04 1.160219505429270492e-01
9.610000000000000000e+04 1.185711116592089581e-01
9.620000000000000000e+04 1.090123003721243516e-01
9.630000000000000000e+04 1.042074966430665550e-01
9.640000000000000000e+04 1.186214898029958192e-01
9.650000000000000000e+04 1.292546292146048714e-01
9.660000000000000000e+04 1.408353948593138449e-01
9.670000000000000000e+04 1.331899617115641921e-01
9.680000000000000000e+04 1.174542110164960157e-01
9.690000000000000000e+04 1.152464634180063036e-01
9.700000000000000000e+04 1.121066311995188303e-01
9.710000000000000000e+04 1.122262039780616005e-01
9.720000000000000000e+04 1.192776429653170239e-01
9.730000000000000000e+04 1.162436076005300134e-01
9.740000000000000000e+04 1.188639805714286068e-01
9.750000000000000000e+04 1.228258684277534485e-01
9.760000000000000000e+04 1.217337761322663803e-01
9.770000000000000000e+04 1.235620245337484546e-01
9.780000000000000000e+04 1.217508751153945495e-01
9.790000000000000000e+04 1.223372386892636055e-01
9.800000000000000000e+04 1.211686924099922291e-01
9.810000000000000000e+04 1.265028893947603983e-01
9.820000000000000000e+04 1.340492711464564279e-01
9.830000000000000000e+04 1.174491013089805497e-01
9.840000000000000000e+04 1.261512589454653055e-01
9.850000000000000000e+04 1.278195897738138853e-01
9.860000000000000000e+04 1.253658696015678975e-01
9.870000000000000000e+04 1.384422057867050748e-01
9.880000000000000000e+04 1.365650796890264806e-01
9.890000000000000000e+04 1.454051878054936908e-01
9.900000000000000000e+04 1.561689049005517416e-01
9.910000000000000000e+04 1.605111428101854976e-01
9.920000000000000000e+04 1.499952181180315425e-01
9.930000000000000000e+04 1.735442072153093873e-01
9.940000000000000000e+04 1.584951901435852351e-01
9.950000000000000000e+04 1.698948105176303902e-01
9.960000000000000000e+04 1.723848116397856123e-01
9.970000000000000000e+04 1.614577649037046148e-01
9.980000000000000000e+04 1.650970902045570121e-01
9.990000000000000000e+04 1.607944929599778583e-01
1.000000000000000000e+05 1.485260675350839610e-01
1.001000000000000000e+05 1.649638464053471698e-01
1.002000000000000000e+05 1.640805548429488114e-01
1.003000000000000000e+05 1.623519378900528110e-01
1.004000000000000000e+05 1.617008074124653139e-01
1.005000000000000000e+05 1.615686446428298839e-01
1.006000000000000000e+05 1.624198549985885198e-01
1.007000000000000000e+05 1.663509498039885681e-01
1.008000000000000000e+05 1.734587794542312433e-01
1.009000000000000000e+05 1.757259595394142782e-01
1.010000000000000000e+05 1.645401954650875520e-01
1.011000000000000000e+05 1.658814626932146319e-01
1.012000000000000000e+05 1.632745838165287344e-01
1.013000000000000000e+05 1.917280177275336173e-01
1.014000000000000000e+05 1.771831214427940504e-01
1.015000000000000000e+05 1.655134181181593112e-01
1.016000000000000000e+05 1.416575564940772691e-01
1.017000000000000000e+05 1.469404250383379573e-01
1.018000000000000000e+05 1.717239175240199422e-01
1.019000000000000000e+05 1.638040618101757329e-01
1.020000000000000000e+05 1.783832520246502185e-01
1.021000000000000000e+05 1.794000256061548393e-01
1.022000000000000000e+05 1.752625328302383767e-01
1.023000000000000000e+05 1.736072862148273499e-01
1.024000000000000000e+05 1.776879709959032771e-01
1.025000000000000000e+05 1.747750192880630493e-01
1.026000000000000000e+05 1.816432422399519020e-01
1.027000000000000000e+05 1.623674249649053325e-01
1.028000000000000000e+05 1.679848611354852472e-01
1.029000000000000000e+05 1.880789387226105558e-01
1.030000000000000000e+05 1.602720856666547400e-01
1.031000000000000000e+05 1.652466861406964305e-01
1.032000000000000000e+05 1.702449870109555841e-01
1.033000000000000000e+05 1.755177936951312356e-01
1.034000000000000000e+05 1.609483887751898268e-01
1.035000000000000000e+05 1.671286165714272187e-01
1.036000000000000000e+05 1.665185809135438233e-01
1.037000000000000000e+05 1.503726341327039084e-01
1.038000000000000000e+05 1.664411413669589224e-01
1.039000000000000000e+05 1.667223626375203549e-01
1.040000000000000000e+05 1.399708817402519623e-01
1.041000000000000000e+05 1.596620732545846466e-01
1.042000000000000000e+05 1.694794676701227298e-01
1.043000000000000000e+05 1.608049366871516228e-01
1.044000000000000000e+05 1.608196270465868105e-01
1.045000000000000000e+05 1.733011583487192586e-01
1.046000000000000000e+05 1.706980141003930640e-01
1.047000000000000000e+05 1.588198000192647119e-01
1.048000000000000000e+05 1.719685806830722474e-01
1.049000000000000000e+05 1.734405755996697440e-01
1.050000000000000000e+05 1.689268052577972412e-01
1.051000000000000000e+05 1.790475775798161528e-01
1.052000000000000000e+05 1.759176894028981197e-01
1.053000000000000000e+05 1.790627205371853603e-01
1.054000000000000000e+05 1.818114576737082100e-01
1.055000000000000000e+05 1.637688587109251415e-01
1.056000000000000000e+05 1.704833745956429725e-01
1.057000000000000000e+05 1.749482723077138424e-01
1.058000000000000000e+05 1.771892118453981257e-01
1.059000000000000000e+05 1.785577666759491366e-01
1.060000000000000000e+05 1.795684218406676802e-01
1.061000000000000000e+05 1.779790874322252914e-01
1.062000000000000000e+05 1.694775724411012319e-01
1.063000000000000000e+05 1.712271338701250867e-01
1.064000000000000000e+05 1.628803614775339303e-01
1.065000000000000000e+05 1.675006300210961085e-01
1.066000000000000000e+05 1.742631214857102706e-01
1.067000000000000000e+05 1.840360309680298678e-01
1.068000000000000000e+05 1.897586584091189299e-01
1.069000000000000000e+05 1.856631481647491588e-01
1.070000000000000000e+05 1.828694065411881897e-01
1.071000000000000000e+05 1.825703108310699485e-01
1.072000000000000000e+05 1.869861036539080812e-01
1.073000000000000000e+05 1.962320341666541901e-01
1.074000000000000000e+05 2.077943849563596845e-01
1.075000000000000000e+05 1.967756946881602520e-01
1.076000000000000000e+05 1.828959359725317313e-01
1.077000000000000000e+05 1.845494097471241102e-01
1.078000000000000000e+05 1.885492042700449844e-01
1.079000000000000000e+05 1.893807288010914136e-01
1.080000000000000000e+05 1.834436953067776210e-01
1.081000000000000000e+05 1.669166314601901735e-01
1.082000000000000000e+05 1.747093021869665364e-01
1.083000000000000000e+05 1.736527413129806963e-01
1.084000000000000000e+05 1.754884243011477496e-01
1.085000000000000000e+05 1.806596308946610274e-01
1.086000000000000000e+05 1.832885932922360128e-01
1.087000000000000000e+05 1.821959290901823403e-01
1.088000000000000000e+05 1.890019522110620576e-01
1.089000000000000000e+05 1.889886093139648282e-01
1.090000000000000000e+05 1.981305629014966652e-01
1.091000000000000000e+05 2.104815530776978083e-01
1.092000000000000000e+05 2.044228506088255626e-01
1.093000000000000000e+05 1.897307564814884329e-01
1.094000000000000000e+05 1.953382255633673847e-01
1.095000000000000000e+05 1.944085448980332198e-01
1.096000000000000000e+05 1.882316629091892735e-01
1.097000000000000000e+05 1.852781603733698046e-01
1.098000000000000000e+05 1.835451483726495414e-01
1.099000000000000000e+05 1.807753678162892230e-01
1.100000000000000000e+05 1.788882215817769461e-01
1.101000000000000000e+05 1.814894998073576793e-01
1.102000000000000000e+05 1.799975725015005024e-01
1.103000000000000000e+05 1.760678325096761698e-01
1.104000000000000000e+05 1.680466812849044922e-01
1.105000000000000000e+05 1.641170531511303987e-01
1.106000000000000000e+05 1.624743962287903132e-01
1.107000000000000000e+05 1.677878302335739091e-01
1.108000000000000000e+05 1.663428676128386186e-01
1.109000000000000000e+05 1.639196177323659354e-01
1.110000000000000000e+05 1.673008054494861674e-01
1.111000000000000000e+05 1.721162017186482485e-01
1.112000000000000000e+05 1.770689560969673226e-01
1.113000000000000000e+05 1.745856642723081498e-01
1.114000000000000000e+05 1.688431493441261422e-01
1.115000000000000000e+05 1.756987233956651961e-01
1.116000000000000000e+05 1.757178556919093693e-01
1.117000000000000000e+05 1.854057671626400949e-01
1.118000000000000000e+05 1.711231770118077922e-01
1.119000000000000000e+05 1.577477806806555638e-01
1.120000000000000000e+05 1.544440090656283293e-01
1.121000000000000000e+05 1.687780992190038576e-01
1.122000000000000000e+05 1.823909902572639075e-01
1.123000000000000000e+05 1.958578650156656553e-01
1.124000000000000000e+05 1.965716177225108885e-01
1.125000000000000000e+05 1.740349084138870239e-01
1.126000000000000000e+05 1.602184659242637532e-01
1.127000000000000000e+05 1.923256250222529218e-01
1.128000000000000000e+05 1.770866173505795116e-01
1.129000000000000000e+05 1.797625168164583287e-01
1.130000000000000000e+05 1.922558059295017829e-01
1.131000000000000000e+05 1.915059608221050258e-01
1.132000000000000000e+05 1.632062701384225656e-01
1.133000000000000000e+05 1.634428924322143817e-01
1.134000000000000000e+05 1.894694507122045013e-01
1.135000000000000000e+05 1.747139900922790035e-01
1.136000000000000000e+05 1.569272389014561564e-01
1.137000000000000000e+05 1.755463665723796252e-01
1.138000000000000000e+05 1.702377849817262589e-01
1.139000000000000000e+05 1.784995581706365908e-01
1.140000000000000000e+05 1.914737641811373459e-01
1.141000000000000000e+05 1.751547541220973836e-01
1.142000000000000000e+05 1.577229938904442241e-01
1.143000000000000000e+05 1.818921619653710853e-01
1.144000000000000000e+05 1.842967416842779260e-01
1.145000000000000000e+05 1.823041598002116959e-01
1.146000000000000000e+05 1.697585624456404707e-01
1.147000000000000000e+05 1.650729664166767918e-01
1.148000000000000000e+05 1.718916986385984058e-01
1.149000000000000000e+05 1.777097374200819757e-01
1.150000000000000000e+05 1.791475514570872174e-01
1.151000000000000000e+05 1.783861186107000008e-01
1.152000000000000000e+05 1.708101284503927286e-01
1.153000000000000000e+05 1.556159166495004742e-01
1.154000000000000000e+05 1.774185109138496919e-01
1.155000000000000000e+05 1.921375334262850898e-01
1.156000000000000000e+05 1.961271740992864276e-01
1.157000000000000000e+05 1.941912649075188957e-01
1.158000000000000000e+05 1.864681094884874102e-01
1.159000000000000000e+05 1.729216402769089278e-01
1.160000000000000000e+05 1.936265220244728358e-01
1.161000000000000000e+05 2.123584747314453958e-01
1.162000000000000000e+05 2.086902624368665304e-01
1.163000000000000000e+05 1.966319805383686947e-01
1.164000000000000000e+05 1.917751598358152509e-01
1.165000000000000000e+05 1.837855786085129950e-01
1.166000000000000000e+05 1.750854891538620728e-01
1.167000000000000000e+05 1.796017527580261175e-01
1.168000000000000000e+05 1.726690951983132771e-01
1.169000000000000000e+05 1.647754377126691150e-01
1.170000000000000000e+05 1.438160479068747721e-01
1.171000000000000000e+05 1.185819306969641829e-01
1.172000000000000000e+05 1.013323392470678458e-01
1.173000000000000000e+05 9.989415645599325488e-02
1.174000000000000000e+05 1.036220502853394676e-01
1.175000000000000000e+05 7.290084660053253174e-02
1.176000000000000000e+05 1.328571889549451032e-02
1.177000000000000000e+05 8.532665111124453430e-03
1.178000000000000000e+05 2.301604110747586598e-02
1.179000000000000000e+05 2.014121927320942917e-02
1.180000000000000000e+05 3.418686365087848095e-02
1.181000000000000000e+05 3.197047079602877151e-02
1.182000000000000000e+05 2.230871275067329226e-02
1.183000000000000000e+05 2.270925208926200325e-02
1.184000000000000000e+05 2.436010956764217070e-02
1.185000000000000000e+05 2.300018779933401050e-02
1.186000000000000000e+05 1.734871529042716909e-02
1.187000000000000000e+05 2.277719788253307343e-02
1.188000000000000000e+05 2.197208523750296752e-02
1.189000000000000000e+05 1.508176915347571312e-02
1.190000000000000000e+05 2.241259540120764393e-02
1.191000000000000000e+05 2.320237770676607941e-02
1.192000000000000000e+05 2.516069474319615473e-02
1.193000000000000000e+05 2.153069590528808308e-02
1.194000000000000000e+05 1.518354076892116343e-02
1.195000000000000000e+05 1.369438289354245851e-02
1.196000000000000000e+05 1.383234463632108772e-02
1.197000000000000000e+05 1.295291576534503622e-02
1.198000000000000000e+05 9.380037114024320291e-03
1.199000000000000000e+05 5.953300716355414135e-03
