9.000000000000000000e+04 1.398564781993627548e-03
9.010000000000000000e+04 1.462042676284908485e-03
9.020000000000000000e+04 1.324633704498426150e-03
9.030000000000000000e+04 1.405861503444634942e-03
9.040000000000000000e+04 1.916730515658865387e-03
9.050000000000000000e+04 2.154335367958997750e-03
9.060000000000000000e+04 1.766135254874848064e-03
9.070000000000000000e+04 1.499624772307773688e-03
9.080000000000000000e+04 1.526482379995289587e-03
9.090000000000000000e+04 1.615805523470044761e-03
9.100000000000000000e+04 1.694203137109679758e-03
9.110000000000000000e+04 1.759520296473054968e-03
9.120000000000000000e+04 1.835925960913300939e-03
9.130000000000000000e+04 1.918709601741282232e-03
9.140000000000000000e+04 1.980488517632090703e-03
9.150000000000000000e+04 2.025202591903509097e-03
9.160000000000000000e+04 2.067029839381576573e-03
9.170000000000000000e+04 2.122813098443055661e-03
9.180000000000000000e+04 2.219424694776537740e-03
9.190000000000000000e+04 2.419161023572080887e-03
9.200000000000000000e+04 2.835165336728096095e-03
9.210000000000000000e+04 3.325863978825518118e-03
9.220000000000000000e+04 3.669370940576001123e-03
9.230000000000000000e+04 3.791571877275905656e-03
9.240000000000000000e+04 3.764059506356714525e-03
9.250000000000000000e+04 3.665400901809337791e-03
9.260000000000000000e+04 3.554558575463794869e-03
9.270000000000000000e+04 3.513621662277727643e-03
9.280000000000000000e+04 3.525691169003645348e-03
9.290000000000000000e+04 3.581834150633462620e-03
9.300000000000000000e+04 3.591660992242395444e-03
9.310000000000000000e+04 3.560570854072768552e-03
9.320000000000000000e+04 3.512800075113774526e-03
9.330000000000000000e+04 3.520713255275038922e-03
9.340000000000000000e+04 3.542442908510566504e-03
9.350000000000000000e+04 3.529891755897551862e-03
9.360000000000000000e+04 3.572198692709208524e-03
9.370000000000000000e+04 3.676836425438520951e-03
9.380000000000000000e+04 3.732904588493207720e-03
9.390000000000000000e+04 3.689155834726985835e-03
9.400000000000000000e+04 3.672739102815588460e-03
9.410000000000000000e+04 3.786556428919232112e-03
9.420000000000000000e+04 3.833868289366364462e-03
9.430000000000000000e+04 3.757403045116615176e-03
9.440000000000000000e+04 3.722004881128666669e-03
9.450000000000000000e+04 3.685547364875673901e-03
9.460000000000000000e+04 3.682187674567103091e-03
9.470000000000000000e+04 3.699691048823295844e-03
9.480000000000000000e+04 3.706752220168710310e-03
9.490000000000000000e+04 3.716598525643348937e-03
9.500000000000000000e+04 3.723342204466462135e-03
9.510000000000000000e+04 3.732573851011693287e-03
9.520000000000000000e+04 3.742571584880353009e-03
9.530000000000000000e+04 3.789630238898104419e-03
9.540000000000000000e+04 3.884009821340447376e-03
9.550000000000000000e+04 3.919136830760785832e-03
9.560000000000000000e+04 3.887896838908394201e-03
9.570000000000000000e+04 3.893888816237449455e-03
9.580000000000000000e+04 3.873355686664579998e-03
9.590000000000000000e+04 3.840097696520388022e-03
9.600000000000000000e+04 3.817494632676244563e-03
9.610000000000000000e+04 3.763023065403109466e-03
9.620000000000000000e+04 3.647946519777178331e-03
9.630000000000000000e+04 3.684850884601468396e-03
9.640000000000000000e+04 3.973483281830949079e-03
9.650000000000000000e+04 4.229990183375785355e-03
9.660000000000000000e+04 4.423345290124418815e-03
9.670000000000000000e+04 4.273114333239702925e-03
9.680000000000000000e+04 4.070942364633082546e-03
9.690000000000000000e+04 4.017242323607206865e-03
9.700000000000000000e+04 3.999087307602166956e-03
9.710000000000000000e+04 4.006610736250877831e-03
9.720000000000000000e+04 4.032689779996872538e-03
9.730000000000000000e+04 4.035156363000472375e-03
9.740000000000000000e+04 4.044986311346290310e-03
9.750000000000000000e+04 4.094698349945248908e-03
9.760000000000000000e+04 4.133278150111436948e-03
9.770000000000000000e+04 4.123890053791304591e-03
9.780000000000000000e+04 4.102531243115664292e-03
9.790000000000000000e+04 4.102498376742005209e-03
9.800000000000000000e+04 4.121484886854889784e-03
9.810000000000000000e+04 4.216309096664185886e-03
9.820000000000000000e+04 4.289937162150939988e-03
9.830000000000000000e+04 4.196058372035627038e-03
9.840000000000000000e+04 4.230761174112558122e-03
9.850000000000000000e+04 4.276154671485223220e-03
9.860000000000000000e+04 4.407539712265136009e-03
9.870000000000000000e+04 4.583830996416510609e-03
9.880000000000000000e+04 4.715497940778731745e-03
9.890000000000000000e+04 5.023901561896025256e-03
9.900000000000000000e+04 5.367538426071395002e-03
9.910000000000000000e+04 5.398523582456016268e-03
9.920000000000000000e+04 5.455366820096957912e-03
9.930000000000000000e+04 5.843509761616592045e-03
9.940000000000000000e+04 5.781727253148952715e-03
9.950000000000000000e+04 6.103213224560015242e-03
9.960000000000000000e+04 5.999398995190850271e-03
9.970000000000000000e+04 5.745869083330037118e-03
9.980000000000000000e+04 5.873385565355419662e-03
9.990000000000000000e+04 5.530760893598177241e-03
1.000000000000000000e+05 5.344600106279055567e-03
1.001000000000000000e+05 5.678568966686725616e-03
1.002000000000000000e+05 5.728375958278775736e-03
1.003000000000000000e+05 5.687538576312363078e-03
1.004000000000000000e+05 5.637623164802792533e-03
1.005000000000000000e+05 5.632093478925526316e-03
1.006000000000000000e+05 5.712363521258028744e-03
1.007000000000000000e+05 5.989302123586323634e-03
1.008000000000000000e+05 6.243450660258529489e-03
1.009000000000000000e+05 6.356153590604670008e-03
1.010000000000000000e+05 6.065069309746223651e-03
1.011000000000000000e+05 5.950323590077460402e-03
1.012000000000000000e+05 6.278533395379768192e-03
1.013000000000000000e+05 6.815088358707719306e-03
1.014000000000000000e+05 6.505149621516472837e-03
1.015000000000000000e+05 5.813889764249324452e-03
1.016000000000000000e+05 5.176843224714195585e-03
1.017000000000000000e+05 5.500033027492462825e-03
1.018000000000000000e+05 6.045425236225115961e-03
1.019000000000000000e+05 6.198009187355632728e-03
1.020000000000000000e+05 6.495498679578285729e-03
1.021000000000000000e+05 6.541454301526142961e-03
1.022000000000000000e+05 6.412245625009138639e-03
1.023000000000000000e+05 6.309432117268438250e-03
1.024000000000000000e+05 6.456638835370539023e-03
1.025000000000000000e+05 6.516773719340562820e-03
1.026000000000000000e+05 6.427192203700550326e-03
1.027000000000000000e+05 5.977940978482393364e-03
1.028000000000000000e+05 6.281569860875585096e-03
1.029000000000000000e+05 6.495045702904461704e-03
1.030000000000000000e+05 5.893907168259228044e-03
1.031000000000000000e+05 5.927998692107692633e-03
1.032000000000000000e+05 6.283677648752935586e-03
1.033000000000000000e+05 6.249853290307032412e-03
1.034000000000000000e+05 5.904744438206173569e-03
1.035000000000000000e+05 5.884019774384795752e-03
1.036000000000000000e+05 5.666313202430803969e-03
1.037000000000000000e+05 5.405192114412782703e-03
1.038000000000000000e+05 5.693232826888559688e-03
1.039000000000000000e+05 5.476639041056225420e-03
1.040000000000000000e+05 5.014396955569581753e-03
1.041000000000000000e+05 5.424896720796819165e-03
1.042000000000000000e+05 5.717546387265116242e-03
1.043000000000000000e+05 5.468194438144564039e-03
1.044000000000000000e+05 5.636866502463837823e-03
1.045000000000000000e+05 5.945519637316459827e-03
1.046000000000000000e+05 5.779170288393888771e-03
1.047000000000000000e+05 5.709645822644241094e-03
1.048000000000000000e+05 6.073566377162945701e-03
1.049000000000000000e+05 6.097674129220339266e-03
1.050000000000000000e+05 6.089088506996631622e-03
1.051000000000000000e+05 6.268509533256284849e-03
1.052000000000000000e+05 6.276479642838238976e-03
1.053000000000000000e+05 6.370583008974791371e-03
1.054000000000000000e+05 6.222963485245914389e-03
1.055000000000000000e+05 5.798380589112656774e-03
1.056000000000000000e+05 6.033206656575177199e-03
1.057000000000000000e+05 6.305786296725266610e-03
1.058000000000000000e+05 6.444173399358991278e-03
1.059000000000000000e+05 6.543561350554227829e-03
1.060000000000000000e+05 6.565680323789516853e-03
1.061000000000000000e+05 6.384841548278945289e-03
1.062000000000000000e+05 6.061057224869745991e-03
1.063000000000000000e+05 5.901881459479519851e-03
1.064000000000000000e+05 5.673977999637530058e-03
1.065000000000000000e+05 5.907890573143986107e-03
1.066000000000000000e+05 6.365503128618019667e-03
1.067000000000000000e+05 6.813175641000240174e-03
1.068000000000000000e+05 7.021351344883443313e-03
1.069000000000000000e+05 6.935689241314935138e-03
1.070000000000000000e+05 6.784717924892905323e-03
1.071000000000000000e+05 6.789503805339337436e-03
1.072000000000000000e+05 7.055369243025791035e-03
1.073000000000000000e+05 7.527802760402323677e-03
1.074000000000000000e+05 7.777203759178518555e-03
1.075000000000000000e+05 7.179474690929055214e-03
1.076000000000000000e+05 6.692581878354169310e-03
1.077000000000000000e+05 6.653294269926847936e-03
1.078000000000000000e+05 6.787028290952245441e-03
1.079000000000000000e+05 6.696656982724850764e-03
1.080000000000000000e+05 6.275763455778360540e-03
1.081000000000000000e+05 5.895204506814476046e-03
1.082000000000000000e+05 6.045731256405510040e-03
1.083000000000000000e+05 6.098848683759571128e-03
1.084000000000000000e+05 6.208141110837480173e-03
1.085000000000000000e+05 6.478791218251001710e-03
1.086000000000000000e+05 6.556523442268371096e-03
1.087000000000000000e+05 6.653946656733744636e-03
1.088000000000000000e+05 6.925464266290269448e-03
1.089000000000000000e+05 7.060409253463166383e-03
1.090000000000000000e+05 7.563034072518312265e-03
1.091000000000000000e+05 7.826317250728607317e-03
1.092000000000000000e+05 7.448809482157198528e-03
1.093000000000000000e+05 7.091174777597189331e-03
1.094000000000000000e+05 7.205886629720522144e-03
1.095000000000000000e+05 7.164229545742271076e-03
1.096000000000000000e+05 6.852758228778843552e-03
1.097000000000000000e+05 6.698170630261299566e-03
1.098000000000000000e+05 6.555844713002430442e-03
1.099000000000000000e+05 6.388375470414753982e-03
1.100000000000000000e+05 6.383903324604034424e-03
1.101000000000000000e+05 6.414328431710603420e-03
1.102000000000000000e+05 6.314492523670189351e-03
1.103000000000000000e+05 6.040270617231707079e-03
1.104000000000000000e+05 5.705105885863299628e-03
1.105000000000000000e+05 5.545925488695502628e-03
1.106000000000000000e+05 5.567668210715050886e-03
1.107000000000000000e+05 5.664239600300794916e-03
1.108000000000000000e+05 5.625138711184261668e-03
1.109000000000000000e+05 5.597569551318883931e-03
1.110000000000000000e+05 5.745530314743519003e-03
1.111000000000000000e+05 5.948965260758994761e-03
1.112000000000000000e+05 6.070996131747955805e-03
1.113000000000000000e+05 5.940968897193666179e-03
1.114000000000000000e+05 5.927652139216660170e-03
1.115000000000000000e+05 6.048391852527856653e-03
1.116000000000000000e+05 6.143699176609529813e-03
1.117000000000000000e+05 6.174989501014334706e-03
1.118000000000000000e+05 5.666767284274097823e-03
1.119000000000000000e+05 5.194600876420747346e-03
1.120000000000000000e+05 5.280124209821224386e-03
1.121000000000000000e+05 5.935436083624764762e-03
1.122000000000000000e+05 6.689130589365975890e-03
1.123000000000000000e+05 7.105260742828248093e-03
1.124000000000000000e+05 6.968160979449665622e-03
1.125000000000000000e+05 6.057904101908206940e-03
1.126000000000000000e+05 5.927938601623008140e-03
1.127000000000000000e+05 6.534708694865283551e-03
1.128000000000000000e+05 6.333661861717710187e-03
1.129000000000000000e+05 6.575396185119943525e-03
1.130000000000000000e+05 6.919012436022356667e-03
1.131000000000000000e+05 6.632709503173802625e-03
1.132000000000000000e+05 5.798744075000289606e-03
1.133000000000000000e+05 5.912657945106418456e-03
1.134000000000000000e+05 6.369788702577340415e-03
1.135000000000000000e+05 5.902132671326364328e-03
1.136000000000000000e+05 5.696578733623025928e-03
1.137000000000000000e+05 6.169002559036017817e-03
1.138000000000000000e+05 6.097767148166896752e-03
1.139000000000000000e+05 6.525119810054657264e-03
1.140000000000000000e+05 6.790492497384552351e-03
1.141000000000000000e+05 6.204611808061601640e-03
1.142000000000000000e+05 5.874832794070240088e-03
1.143000000000000000e+05 6.443599918857195567e-03
1.144000000000000000e+05 6.699713543057444001e-03
1.145000000000000000e+05 6.521740369498724849e-03
1.146000000000000000e+05 5.993448700755841553e-03
1.147000000000000000e+05 5.787320202216504270e-03
1.148000000000000000e+05 5.993226064989943050e-03
1.149000000000000000e+05 6.219500377774232237e-03
1.150000000000000000e+05 6.257337052375078201e-03
1.151000000000000000e+05 6.104188095778235144e-03
1.152000000000000000e+05 5.772583410143844636e-03
1.153000000000000000e+05 5.761797791346909801e-03
1.154000000000000000e+05 6.460757429401043500e-03
1.155000000000000000e+05 7.143268827348947525e-03
1.156000000000000000e+05 7.306221853941681152e-03
1.157000000000000000e+05 7.138629099354134797e-03
1.158000000000000000e+05 6.705919299274665235e-03
1.159000000000000000e+05 6.635580463334900259e-03
1.160000000000000000e+05 7.622713347275982855e-03
1.161000000000000000e+05 8.375231148675089943e-03
1.162000000000000000e+05 8.222650215029676107e-03
1.163000000000000000e+05 7.437835047021492015e-03
1.164000000000000000e+05 6.899544466286901961e-03
1.165000000000000000e+05 6.628702270487942146e-03
1.166000000000000000e+05 6.174635626375642693e-03
1.167000000000000000e+05 6.080912356264876056e-03
1.168000000000000000e+05 6.164807472378016490e-03
1.169000000000000000e+05 5.809592241421354837e-03
1.170000000000000000e+05 5.103725939989089966e-03
1.171000000000000000e+05 4.412394436076248934e-03
1.172000000000000000e+05 4.051981624215839246e-03
1.173000000000000000e+05 3.988744653761387704e-03
1.174000000000000000e+05 4.131988268345626603e-03
1.175000000000000000e+05 3.883716824930292643e-03
1.176000000000000000e+05 2.140147211030169697e-03
1.177000000000000000e+05 9.382502036169008573e-04
1.178000000000000000e+05 8.902503930342701511e-04
1.179000000000000000e+05 1.153229242190755488e-03
1.180000000000000000e+05 1.433991617523139956e-03
1.181000000000000000e+05 1.369086164049798746e-03
1.182000000000000000e+05 1.181799699552357969e-03
1.183000000000000000e+05 1.120442242827266680e-03
1.184000000000000000e+05 1.137941591441626312e-03
1.185000000000000000e+05 1.034046988934272200e-03
1.186000000000000000e+05 1.026973659172655731e-03
1.187000000000000000e+05 1.126058765221386567e-03
1.188000000000000000e+05 1.067185713909571875e-03
1.189000000000000000e+05 1.000948639897009280e-03
1.190000000000000000e+05 1.097247074358169774e-03
1.191000000000000000e+05 1.174731845967471461e-03
1.192000000000000000e+05 1.188560230657456857e-03
1.193000000000000000e+05 1.058661856222907049e-03
1.194000000000000000e+05 9.152268618345207364e-04
1.195000000000000000e+05 8.495018788380585438e-04
1.196000000000000000e+05 8.164533398424574226e-04
1.197000000000000000e+05 7.412860728800243527e-04
1.198000000000000000e+05 6.061037303879802203e-04
1.199000000000000000e+05 6.388702732510930177e-04
