9.000000000000000000e+04 6.421767920255661011e-02
9.010000000000000000e+04 8.723078399896838642e-02
9.020000000000000000e+04 7.851515462001402990e-02
9.030000000000000000e+04 5.755906924605369568e-02
9.040000000000000000e+04 1.088485101858818194e-01
9.050000000000000000e+04 1.412837331493691784e-01
9.060000000000000000e+04 1.035826578736305237e-01
9.070000000000000000e+04 6.361459319790170597e-02
9.080000000000000000e+04 6.233605990807196406e-02
9.090000000000000000e+04 6.696331873536109924e-02
9.100000000000000000e+04 7.252436131238963746e-02
9.110000000000000000e+04 7.781976958115868759e-02
9.120000000000000000e+04 8.378846943378448486e-02
9.130000000000000000e+04 8.969084049264616776e-02
9.140000000000000000e+04 9.475810577472028318e-02
9.150000000000000000e+04 9.928023815155029297e-02
9.160000000000000000e+04 1.036161060134571793e-01
9.170000000000000000e+04 1.078920078774291136e-01
9.180000000000000000e+04 1.130489483475685120e-01
9.190000000000000000e+04 1.250894678135728022e-01
9.200000000000000000e+04 1.738130489985154625e-01
9.210000000000000000e+04 2.292578132450603379e-01
9.220000000000000000e+04 2.483372449874873544e-01
9.230000000000000000e+04 2.542268339792888021e-01
9.240000000000000000e+04 2.544963657855987549e-01
9.250000000000000000e+04 2.545038908720017035e-01
9.260000000000000000e+04 2.512608468532562811e-01
9.270000000000000000e+04 2.497045844793319702e-01
9.280000000000000000e+04 2.463239580392837524e-01
9.290000000000000000e+04 2.495108619332312150e-01
9.300000000000000000e+04 2.499236762523651123e-01
9.310000000000000000e+04 2.447122534116107362e-01
9.320000000000000000e+04 2.372647921244308566e-01
9.330000000000000000e+04 2.324543967843055725e-01
9.340000000000000000e+04 2.304591933886206423e-01
9.350000000000000000e+04 2.272255917390185176e-01
9.360000000000000000e+04 2.335100620985031128e-01
9.370000000000000000e+04 2.436749587456390198e-01
9.380000000000000000e+04 2.479098588228228484e-01
9.390000000000000000e+04 2.396738603711128235e-01
9.400000000000000000e+04 2.352183014154434204e-01
9.410000000000000000e+04 2.379943951964374471e-01
9.420000000000000000e+04 2.481273412704467773e-01
9.430000000000000000e+04 2.443396300077436412e-01
9.440000000000000000e+04 2.369910230239241633e-01
9.450000000000000000e+04 2.202784642577171326e-01
9.460000000000000000e+04 2.165788759787877493e-01
9.470000000000000000e+04 2.174715474247932157e-01
9.480000000000000000e+04 2.176827043294906616e-01
9.490000000000000000e+04 2.174956922729810171e-01
9.500000000000000000e+04 2.174915621678034650e-01
9.510000000000000000e+04 2.175412029027938843e-01
9.520000000000000000e+04 2.190610915422439853e-01
9.530000000000000000e+04 2.252354398369782740e-01
9.540000000000000000e+04 2.474939972162246704e-01
9.550000000000000000e+04 2.532513340314225814e-01
9.560000000000000000e+04 2.460606296857202058e-01
9.570000000000000000e+04 2.428077757358551025e-01
9.580000000000000000e+04 2.460694760084153609e-01
9.590000000000000000e+04 2.470660408337911895e-01
9.600000000000000000e+04 2.451344877481460571e-01
9.610000000000000000e+04 2.475717614094413155e-01
9.620000000000000000e+04 2.338867932558069129e-01
9.630000000000000000e+04 2.265867814421653748e-01
9.640000000000000000e+04 2.445430060227724300e-01
9.650000000000000000e+04 2.636639873186741312e-01
9.660000000000000000e+04 2.767616808414459229e-01
9.670000000000000000e+04 2.658484925826377632e-01
9.680000000000000000e+04 2.440281858046853825e-01
9.690000000000000000e+04 2.351028621196746826e-01
9.700000000000000000e+04 2.284053613742191569e-01
9.710000000000000000e+04 2.295091127355891880e-01
9.720000000000000000e+04 2.411809414625167847e-01
9.730000000000000000e+04 2.405942430098850227e-01
9.740000000000000000e+04 2.414869169394173731e-01
9.750000000000000000e+04 2.459752783179283142e-01
9.760000000000000000e+04 2.494570066531503760e-01
9.770000000000000000e+04 2.526966780424120262e-01
9.780000000000000000e+04 2.505804002285003662e-01
9.790000000000000000e+04 2.511603782574335919e-01
9.800000000000000000e+04 2.511697113513944868e-01
9.810000000000000000e+04 2.576697170734405518e-01
9.820000000000000000e+04 2.620948851108549915e-01
9.830000000000000000e+04 2.460651273528742800e-01
9.840000000000000000e+04 2.528757452964782715e-01
9.850000000000000000e+04 2.573247899611789125e-01
9.860000000000000000e+04 2.573921779791507602e-01
9.870000000000000000e+04 2.694020569324493408e-01
9.880000000000000000e+04 2.727564175923669065e-01
9.890000000000000000e+04 2.837626064817106997e-01
9.900000000000000000e+04 2.955227613449092350e-01
9.910000000000000000e+04 3.005123159289356805e-01
9.920000000000000000e+04 2.919143017133082330e-01
9.930000000000000000e+04 3.084108889102935569e-01
9.940000000000000000e+04 3.013464013735452363e-01
9.950000000000000000e+04 3.093676959474875865e-01
9.960000000000000000e+04 3.130086159706116922e-01
9.970000000000000000e+04 3.040357980132105120e-01
9.980000000000000000e+04 3.093572527170185826e-01
9.990000000000000000e+04 3.033829563856125788e-01
1.000000000000000000e+05 2.909449140230822572e-01
1.001000000000000000e+05 3.071329976121580652e-01
1.002000000000000000e+05 3.079396867752074995e-01
1.003000000000000000e+05 3.069143117467563742e-01
1.004000000000000000e+05 3.070618975162506814e-01
1.005000000000000000e+05 3.060624599456787109e-01
1.006000000000000000e+05 3.071723204851149469e-01
1.007000000000000000e+05 3.108272148172059324e-01
1.008000000000000000e+05 3.173472094535828014e-01
1.009000000000000000e+05 3.193389405806860704e-01
1.010000000000000000e+05 3.090671787659330927e-01
1.011000000000000000e+05 3.091443192958834851e-01
1.012000000000000000e+05 3.109533524513243274e-01
1.013000000000000000e+05 3.331127100189524293e-01
1.014000000000000000e+05 3.218001759052272481e-01
1.015000000000000000e+05 3.068568110465987875e-01
1.016000000000000000e+05 2.838905652364097087e-01
1.017000000000000000e+05 2.894992521405228558e-01
1.018000000000000000e+05 3.145229128996522849e-01
1.019000000000000000e+05 3.106707130869230116e-01
1.020000000000000000e+05 3.244168102741247783e-01
1.021000000000000000e+05 3.272839691241584137e-01
1.022000000000000000e+05 3.232902083794275128e-01
1.023000000000000000e+05 3.213559898734094089e-01
1.024000000000000000e+05 3.249581352869665984e-01
1.025000000000000000e+05 3.235112006465596379e-01
1.026000000000000000e+05 3.255360943078990377e-01
1.027000000000000000e+05 3.071249296267830053e-01
1.028000000000000000e+05 3.146176354090382543e-01
1.029000000000000000e+05 3.332057222723960876e-01
1.030000000000000000e+05 3.076421638329827069e-01
1.031000000000000000e+05 3.099446522196138143e-01
1.032000000000000000e+05 3.178681313991553736e-01
1.033000000000000000e+05 3.233777852853139123e-01
1.034000000000000000e+05 3.097843656937275814e-01
1.035000000000000000e+05 3.160956352949136350e-01
1.036000000000000000e+05 3.153935980796812033e-01
1.037000000000000000e+05 2.986149367690092427e-01
1.038000000000000000e+05 3.127678811550134719e-01
1.039000000000000000e+05 3.134304956595100333e-01
1.040000000000000000e+05 2.905874292055773966e-01
1.041000000000000000e+05 3.049371770024291162e-01
1.042000000000000000e+05 3.179389937718708481e-01
1.043000000000000000e+05 3.116615913311635566e-01
1.044000000000000000e+05 3.114268720149991343e-01
1.045000000000000000e+05 3.216871480147045492e-01
1.046000000000000000e+05 3.205227235953014842e-01
1.047000000000000000e+05 3.128160500526429022e-01
1.048000000000000000e+05 3.218767682711286549e-01
1.049000000000000000e+05 3.246712472041445863e-01
1.050000000000000000e+05 3.234268128871917725e-01
1.051000000000000000e+05 3.298490144809087532e-01
1.052000000000000000e+05 3.282964154084524466e-01
1.053000000000000000e+05 3.302365747094154758e-01
1.054000000000000000e+05 3.319368992249164263e-01
1.055000000000000000e+05 3.201702957352005607e-01
1.056000000000000000e+05 3.224653863906861706e-01
1.057000000000000000e+05 3.266831963260967697e-01
1.058000000000000000e+05 3.287399125099181862e-01
1.059000000000000000e+05 3.298244801163673912e-01
1.060000000000000000e+05 3.308498024940491056e-01
1.061000000000000000e+05 3.291163872679075397e-01
1.062000000000000000e+05 3.231028699874876065e-01
1.063000000000000000e+05 3.230779454112052140e-01
1.064000000000000000e+05 3.175671497980754321e-01
1.065000000000000000e+05 3.197316765785221393e-01
1.066000000000000000e+05 3.272428025801979445e-01
1.067000000000000000e+05 3.352153911193211933e-01
1.068000000000000000e+05 3.406937003135683262e-01
1.069000000000000000e+05 3.396549165248871627e-01
1.070000000000000000e+05 3.377508044242858998e-01
1.071000000000000000e+05 3.380894452333451650e-01
1.072000000000000000e+05 3.421613578001655998e-01
1.073000000000000000e+05 3.497514850894611893e-01
1.074000000000000000e+05 3.585167229175565407e-01
1.075000000000000000e+05 3.526297459999723216e-01
1.076000000000000000e+05 3.413083187739053281e-01
1.077000000000000000e+05 3.409502309560778488e-01
1.078000000000000000e+05 3.439832651615142289e-01
1.079000000000000000e+05 3.444735999902088786e-01
1.080000000000000000e+05 3.398379385471348435e-01
1.081000000000000000e+05 3.268911575277647086e-01
1.082000000000000000e+05 3.301396244764331356e-01
1.083000000000000000e+05 3.321929049491881281e-01
1.084000000000000000e+05 3.332843144734700669e-01
1.085000000000000000e+05 3.375153894225759177e-01
1.086000000000000000e+05 3.410395783185958818e-01
1.087000000000000000e+05 3.411897848049800230e-01
1.088000000000000000e+05 3.476713581879934956e-01
1.089000000000000000e+05 3.494368705153464982e-01
1.090000000000000000e+05 3.550293743610384301e-01
1.091000000000000000e+05 3.643178815642991175e-01
1.092000000000000000e+05 3.619299793243409558e-01
1.093000000000000000e+05 3.519073824087777802e-01
1.094000000000000000e+05 3.530569849411649419e-01
1.095000000000000000e+05 3.533427357673645242e-01
1.096000000000000000e+05 3.484061817328132915e-01
1.097000000000000000e+05 3.449062507351238760e-01
1.098000000000000000e+05 3.430898827314377009e-01
1.099000000000000000e+05 3.397416802247363865e-01
1.100000000000000000e+05 3.376848399639130749e-01
1.101000000000000000e+05 3.393353918194770835e-01
1.102000000000000000e+05 3.380575720469155554e-01
1.103000000000000000e+05 3.347785586118700030e-01
1.104000000000000000e+05 3.271301782131194602e-01
1.105000000000000000e+05 3.215909113486604687e-01
1.106000000000000000e+05 3.190754930178325566e-01
1.107000000000000000e+05 3.230785840749741400e-01
1.108000000000000000e+05 3.229733010133108428e-01
1.109000000000000000e+05 3.206291819612185900e-01
1.110000000000000000e+05 3.241731554269792759e-01
1.111000000000000000e+05 3.299517019589746081e-01
1.112000000000000000e+05 3.344034508864084376e-01
1.113000000000000000e+05 3.339553797245023437e-01
1.114000000000000000e+05 3.296721533934275361e-01
1.115000000000000000e+05 3.352367714047431724e-01
1.116000000000000000e+05 3.353779351711277945e-01
1.117000000000000000e+05 3.408847845594086268e-01
1.118000000000000000e+05 3.323775263627369858e-01
1.119000000000000000e+05 3.195603141188615437e-01
1.120000000000000000e+05 3.160388092199959975e-01
1.121000000000000000e+05 3.286014446616174478e-01
1.122000000000000000e+05 3.406767445802696415e-01
1.123000000000000000e+05 3.511930561065677026e-01
1.124000000000000000e+05 3.524202891190846287e-01
1.125000000000000000e+05 3.372104763984689613e-01
1.126000000000000000e+05 3.231127011775970503e-01
1.127000000000000000e+05 3.455023629466694723e-01
1.128000000000000000e+05 3.399669766426070550e-01
1.129000000000000000e+05 3.370390937725700753e-01
1.130000000000000000e+05 3.494079222281775698e-01
1.131000000000000000e+05 3.490813741087915867e-01
1.132000000000000000e+05 3.274199970563254070e-01
1.133000000000000000e+05 3.215108068784088280e-01
1.134000000000000000e+05 3.419291621446614582e-01
1.135000000000000000e+05 3.339140683412550881e-01
1.136000000000000000e+05 3.180510993798570940e-01
1.137000000000000000e+05 3.278130078315729112e-01
1.138000000000000000e+05 3.316809648275374500e-01
1.139000000000000000e+05 3.360342809557926302e-01
1.140000000000000000e+05 3.468367457389831543e-01
1.141000000000000000e+05 3.338880549867941916e-01
1.142000000000000000e+05 3.172438540061315315e-01
1.143000000000000000e+05 3.365493074059481837e-01
1.144000000000000000e+05 3.421310448646544544e-01
1.145000000000000000e+05 3.385344639420506119e-01
1.146000000000000000e+05 3.294132292270661733e-01
1.147000000000000000e+05 3.243885136644045208e-01
1.148000000000000000e+05 3.313162700335178790e-01
1.149000000000000000e+05 3.391915619373321311e-01
1.150000000000000000e+05 3.413859854141871875e-01
1.151000000000000000e+05 3.412727978825567665e-01
1.152000000000000000e+05 3.321676003932951815e-01
1.153000000000000000e+05 3.109257539113352564e-01
1.154000000000000000e+05 3.297469786802914582e-01
1.155000000000000000e+05 3.516488000750542797e-01
1.156000000000000000e+05 3.576359510421753818e-01
1.157000000000000000e+05 3.579633407791454336e-01
1.158000000000000000e+05 3.526584535837171130e-01
1.159000000000000000e+05 3.410158224900566304e-01
1.160000000000000000e+05 3.497181355953213333e-01
1.161000000000000000e+05 3.633300366997719300e-01
1.162000000000000000e+05 3.632079776128130377e-01
1.163000000000000000e+05 3.594881475965182593e-01
1.164000000000000000e+05 3.592596817016601718e-01
1.165000000000000000e+05 3.514388988415407256e-01
1.166000000000000000e+05 3.301894396543503252e-01
1.167000000000000000e+05 3.365308827161790362e-01
1.168000000000000000e+05 3.341918547948198870e-01
1.169000000000000000e+05 3.277850206693012636e-01
1.170000000000000000e+05 3.084893554449067432e-01
1.171000000000000000e+05 2.721723020076733945e-01
1.172000000000000000e+05 2.445705302556352434e-01
1.173000000000000000e+05 2.275076135993003845e-01
1.174000000000000000e+05 2.190998991330462276e-01
1.175000000000000000e+05 1.772410571575200877e-01
1.176000000000000000e+05 4.385027498007137980e-02
1.177000000000000000e+05 3.234320277969036234e-02
1.178000000000000000e+05 4.402316751579353482e-02
1.179000000000000000e+05 4.575617797672748566e-02
1.180000000000000000e+05 7.140852808952317943e-02
1.181000000000000000e+05 7.092247051497264920e-02
1.182000000000000000e+05 5.801325432956268291e-02
1.183000000000000000e+05 5.199611888577541224e-02
1.184000000000000000e+05 5.454332381486906578e-02
1.185000000000000000e+05 5.301330927759348444e-02
1.186000000000000000e+05 4.223611911137899189e-02
1.187000000000000000e+05 5.048510665694914273e-02
1.188000000000000000e+05 5.053563892841349964e-02
1.189000000000000000e+05 3.915705014020203628e-02
1.190000000000000000e+05 4.765616667767436088e-02
1.191000000000000000e+05 5.355053585022707952e-02
1.192000000000000000e+05 5.694178362687434686e-02
1.193000000000000000e+05 5.142705108970447442e-02
1.194000000000000000e+05 3.643948242068310861e-02
1.195000000000000000e+05 3.163339880605536836e-02
1.196000000000000000e+05 3.123198240995398237e-02
1.197000000000000000e+05 2.926488934084775853e-02
1.198000000000000000e+05 2.248038611064306219e-02
1.199000000000000000e+05 1.661876573537762400e-02
