9.000000000000000000e+04 9.092183783650398254e-03
9.010000000000000000e+04 9.270438924431800842e-03
9.020000000000000000e+04 9.487411752343176755e-03
9.030000000000000000e+04 9.745522122830150083e-03
9.040000000000000000e+04 1.009041566401719728e-02
9.050000000000000000e+04 1.041058916598558079e-02
9.060000000000000000e+04 1.069784425199031379e-02
9.070000000000000000e+04 1.091206494718789666e-02
9.080000000000000000e+04 1.114099122583865446e-02
9.090000000000000000e+04 1.139626979827880124e-02
9.100000000000000000e+04 1.176752652972935451e-02
9.110000000000000000e+04 1.217675659805534868e-02
9.120000000000000000e+04 1.262656439095733926e-02
9.130000000000000000e+04 1.306153649464248008e-02
9.140000000000000000e+04 1.348047882318495136e-02
9.150000000000000000e+04 1.387495007365940197e-02
9.160000000000000000e+04 1.423591494560240076e-02
9.170000000000000000e+04 1.458263020962475079e-02
9.180000000000000000e+04 1.491281282156704108e-02
9.190000000000000000e+04 1.524715805426238129e-02
9.200000000000000000e+04 1.558114588260648727e-02
9.210000000000000000e+04 1.591218411922452891e-02
9.220000000000000000e+04 1.620286568999288607e-02
9.230000000000000000e+04 1.645497780293225104e-02
9.240000000000000000e+04 1.661956369876861628e-02
9.250000000000000000e+04 1.675403847669562282e-02
9.260000000000000000e+04 1.687934793531895364e-02
9.270000000000000000e+04 1.700085278600454997e-02
9.280000000000000000e+04 1.713222011923790783e-02
9.290000000000000000e+04 1.727006386965514173e-02
9.300000000000000000e+04 1.741822585463524697e-02
9.310000000000000000e+04 1.758545201271773453e-02
9.320000000000000000e+04 1.776560649275780654e-02
9.330000000000000000e+04 1.796663895249367773e-02
9.340000000000000000e+04 1.816780172288418732e-02
9.350000000000000000e+04 1.836656127125025489e-02
9.360000000000000000e+04 1.855149790644646315e-02
9.370000000000000000e+04 1.872869186724226281e-02
9.380000000000000000e+04 1.889873736848433211e-02
9.390000000000000000e+04 1.907537233084439718e-02
9.400000000000000000e+04 1.925798207521438668e-02
9.410000000000000000e+04 1.945094272494316684e-02
9.420000000000000000e+04 1.962925419211387912e-02
9.430000000000000000e+04 1.980780810117721905e-02
9.440000000000000000e+04 1.998907238245010640e-02
9.450000000000000000e+04 2.015600278973579684e-02
9.460000000000000000e+04 2.031372852623462844e-02
9.470000000000000000e+04 2.043886092801888710e-02
9.480000000000000000e+04 2.051982857286930098e-02
9.490000000000000000e+04 2.048154043033719243e-02
9.500000000000000000e+04 2.042483631521463394e-02
9.510000000000000000e+04 2.035386001691221608e-02
9.520000000000000000e+04 2.026374131441116208e-02
9.530000000000000000e+04 2.014860665425658240e-02
9.540000000000000000e+04 2.002750664949417420e-02
9.550000000000000000e+04 1.990525089204311926e-02
9.560000000000000000e+04 1.981840983033180195e-02
9.570000000000000000e+04 1.975928511470556245e-02
9.580000000000000000e+04 1.972950972616672669e-02
9.590000000000000000e+04 1.977114330977201503e-02
9.600000000000000000e+04 1.975525021553039412e-02
9.610000000000000000e+04 1.973950143282612174e-02
9.620000000000000000e+04 1.979751339803138832e-02
9.630000000000000000e+04 1.997459348291158107e-02
9.640000000000000000e+04 2.019542699058850602e-02
9.650000000000000000e+04 2.045840860034029568e-02
9.660000000000000000e+04 2.071878850460051255e-02
9.670000000000000000e+04 2.095821507275103315e-02
9.680000000000000000e+04 2.117246791720389307e-02
9.690000000000000000e+04 2.130464565008879235e-02
9.700000000000000000e+04 2.139789834618568629e-02
9.710000000000000000e+04 2.142700437456369553e-02
9.720000000000000000e+04 2.138293802738189947e-02
9.730000000000000000e+04 2.135425325483083711e-02
9.740000000000000000e+04 2.134349837899208319e-02
9.750000000000000000e+04 2.137951552867889404e-02
9.760000000000000000e+04 2.143858974178632082e-02
9.770000000000000000e+04 2.142537083476781998e-02
9.780000000000000000e+04 2.144086606800556238e-02
9.790000000000000000e+04 2.150006298596660037e-02
9.800000000000000000e+04 2.159474554161230561e-02
9.810000000000000000e+04 2.171910788863897976e-02
9.820000000000000000e+04 2.186898872256280019e-02
9.830000000000000000e+04 2.209293372929097346e-02
9.840000000000000000e+04 2.238114319741727268e-02
9.850000000000000000e+04 2.272068187594415700e-02
9.860000000000000000e+04 2.316772364079953961e-02
9.870000000000000000e+04 2.373499877750875897e-02
9.880000000000000000e+04 2.439041741192343737e-02
9.890000000000000000e+04 2.518676672130825550e-02
9.900000000000000000e+04 2.599446475505831286e-02
9.910000000000000000e+04 2.679867204278709239e-02
9.920000000000000000e+04 2.749420516192914790e-02
9.930000000000000000e+04 2.807997468858958179e-02
9.940000000000000000e+04 2.856866121292114813e-02
9.950000000000000000e+04 2.852242719382048000e-02
9.960000000000000000e+04 2.835392221808433547e-02
9.970000000000000000e+04 2.821202307939528475e-02
9.980000000000000000e+04 2.828757915645838117e-02
9.990000000000000000e+04 2.811416316777468408e-02
1.000000000000000000e+05 2.814102793733279026e-02
1.001000000000000000e+05 2.827666476989786765e-02
1.002000000000000000e+05 2.851479724049568037e-02
1.003000000000000000e+05 2.871193513274192602e-02
1.004000000000000000e+05 2.893874064087867404e-02
1.005000000000000000e+05 2.924566268920898021e-02
1.006000000000000000e+05 2.964761205017565904e-02
1.007000000000000000e+05 3.012247800827025368e-02
1.008000000000000000e+05 3.051160007715224623e-02
1.009000000000000000e+05 3.057827495038507870e-02
1.010000000000000000e+05 3.037972822785376531e-02
1.011000000000000000e+05 3.007860451936721080e-02
1.012000000000000000e+05 2.971814423799514979e-02
1.013000000000000000e+05 2.929625622928143727e-02
1.014000000000000000e+05 2.910355761647225384e-02
1.015000000000000000e+05 2.917095124721526267e-02
1.016000000000000000e+05 2.914047278463839652e-02
1.017000000000000000e+05 2.922176945954560456e-02
1.018000000000000000e+05 2.937473602592943073e-02
1.019000000000000000e+05 2.993952412158252391e-02
1.020000000000000000e+05 3.050470724701884184e-02
1.021000000000000000e+05 3.097655475139616046e-02
1.022000000000000000e+05 3.107916742563247847e-02
1.023000000000000000e+05 3.109044142067432515e-02
1.024000000000000000e+05 3.106515333056450098e-02
1.025000000000000000e+05 3.096947725862265327e-02
1.026000000000000000e+05 3.076485656201840765e-02
1.027000000000000000e+05 3.041601918637752353e-02
1.028000000000000000e+05 3.004725813865660386e-02
1.029000000000000000e+05 2.967290783300995452e-02
1.030000000000000000e+05 2.963656000792979847e-02
1.031000000000000000e+05 2.947483559449513152e-02
1.032000000000000000e+05 2.944176375865937417e-02
1.033000000000000000e+05 2.956352181732653864e-02
1.034000000000000000e+05 2.936148662120104461e-02
1.035000000000000000e+05 2.914740266278386879e-02
1.036000000000000000e+05 2.892229318618774400e-02
1.037000000000000000e+05 2.870572291314600968e-02
1.038000000000000000e+05 2.857631083577868991e-02
1.039000000000000000e+05 2.842601406698425440e-02
1.040000000000000000e+05 2.848807188371817178e-02
1.041000000000000000e+05 2.867430556565522468e-02
1.042000000000000000e+05 2.895487797756986920e-02
1.043000000000000000e+05 2.932072762399912449e-02
1.044000000000000000e+05 2.966555021703243950e-02
1.045000000000000000e+05 2.999440021812916149e-02
1.046000000000000000e+05 3.030253283679485571e-02
1.047000000000000000e+05 3.059506502002477812e-02
1.048000000000000000e+05 3.094084680080413929e-02
1.049000000000000000e+05 3.134309165179729323e-02
1.050000000000000000e+05 3.179847821593284607e-02
1.051000000000000000e+05 3.225164458155631991e-02
1.052000000000000000e+05 3.247495606541633134e-02
1.053000000000000000e+05 3.233689863234758682e-02
1.054000000000000000e+05 3.224912315607070951e-02
1.055000000000000000e+05 3.224400281906127791e-02
1.056000000000000000e+05 3.228655189275741327e-02
1.057000000000000000e+05 3.227818194776772842e-02
1.058000000000000000e+05 3.220602579414844069e-02
1.059000000000000000e+05 3.199399191886186794e-02
1.060000000000000000e+05 3.184057623147965033e-02
1.061000000000000000e+05 3.178005173802374989e-02
1.062000000000000000e+05 3.166613847017289013e-02
1.063000000000000000e+05 3.149619878580172533e-02
1.064000000000000000e+05 3.153629178802172528e-02
1.065000000000000000e+05 3.195867128670214913e-02
1.066000000000000000e+05 3.256209805607798019e-02
1.067000000000000000e+05 3.325792826712135886e-02
1.068000000000000000e+05 3.399550378322598737e-02
1.069000000000000000e+05 3.460658229887486614e-02
1.070000000000000000e+05 3.519198372960093829e-02
1.071000000000000000e+05 3.578298188745972913e-02
1.072000000000000000e+05 3.639991268515587602e-02
1.073000000000000000e+05 3.680795382708311470e-02
1.074000000000000000e+05 3.633539900183673649e-02
1.075000000000000000e+05 3.564983420073983278e-02
1.076000000000000000e+05 3.492287486791609968e-02
1.077000000000000000e+05 3.421891223639250690e-02
1.078000000000000000e+05 3.463942684233189961e-02
1.079000000000000000e+05 3.473352895428740567e-02
1.080000000000000000e+05 3.379873558878898621e-02
1.081000000000000000e+05 3.305540586511291484e-02
1.082000000000000000e+05 3.310787573456762389e-02
1.083000000000000000e+05 3.277234055101869992e-02
1.084000000000000000e+05 3.276778459548950612e-02
1.085000000000000000e+05 3.308912472178541370e-02
1.086000000000000000e+05 3.349288284778596803e-02
1.087000000000000000e+05 3.423365689814093782e-02
1.088000000000000000e+05 3.513243213295940554e-02
1.089000000000000000e+05 3.622524186968806986e-02
1.090000000000000000e+05 3.719776049256327127e-02
1.091000000000000000e+05 3.755543362349276354e-02
1.092000000000000000e+05 3.669592365622522528e-02
1.093000000000000000e+05 3.576827120035884489e-02
1.094000000000000000e+05 3.489356495440006090e-02
1.095000000000000000e+05 3.462579641491177196e-02
1.096000000000000000e+05 3.568151046832402501e-02
1.097000000000000000e+05 3.490055064360301357e-02
1.098000000000000000e+05 3.416309148073201629e-02
1.099000000000000000e+05 3.354303145160279775e-02
1.100000000000000000e+05 3.293428197503089905e-02
1.101000000000000000e+05 3.233169551938770009e-02
1.102000000000000000e+05 3.160884427527588247e-02
1.103000000000000000e+05 3.085922036319973735e-02
1.104000000000000000e+05 3.009895585477352295e-02
1.105000000000000000e+05 2.953681818520027466e-02
1.106000000000000000e+05 2.928968798369169235e-02
1.107000000000000000e+05 2.929614678025246194e-02
1.108000000000000000e+05 2.920728683471679465e-02
1.109000000000000000e+05 2.931863348931067551e-02
1.110000000000000000e+05 2.953460887074469549e-02
1.111000000000000000e+05 2.986337643116711293e-02
1.112000000000000000e+05 3.026849381625650731e-02
1.113000000000000000e+05 3.063868183642627641e-02
1.114000000000000000e+05 3.086936537176371287e-02
1.115000000000000000e+05 3.069607811048627455e-02
1.116000000000000000e+05 3.049140997231006983e-02
1.117000000000000000e+05 3.056965062394738364e-02
1.118000000000000000e+05 3.026760001977284870e-02
1.119000000000000000e+05 2.993192708119749024e-02
1.120000000000000000e+05 3.021730581919352190e-02
1.121000000000000000e+05 3.075521994382141022e-02
1.122000000000000000e+05 3.171801090240479459e-02
1.123000000000000000e+05 3.269556030631069060e-02
1.124000000000000000e+05 3.337440013885494688e-02
1.125000000000000000e+05 3.361156024038790963e-02
1.126000000000000000e+05 3.366925207277139676e-02
1.127000000000000000e+05 3.375230804085731229e-02
1.128000000000000000e+05 3.359219789505003828e-02
1.129000000000000000e+05 3.325387477874755526e-02
1.130000000000000000e+05 3.276729881763459223e-02
1.131000000000000000e+05 3.236597105860709866e-02
1.132000000000000000e+05 3.206425458192824901e-02
1.133000000000000000e+05 3.202206064015627324e-02
1.134000000000000000e+05 3.216988034546373887e-02
1.135000000000000000e+05 3.239525295794010162e-02
1.136000000000000000e+05 3.231533259153365062e-02
1.137000000000000000e+05 3.223713885992766925e-02
1.138000000000000000e+05 3.251125872135163936e-02
1.139000000000000000e+05 3.288893096148969020e-02
1.140000000000000000e+05 3.318567574024199746e-02
1.141000000000000000e+05 3.293333705514669280e-02
1.142000000000000000e+05 3.256811462342739522e-02
1.143000000000000000e+05 3.196837574243548141e-02
1.144000000000000000e+05 3.135527618229393826e-02
1.145000000000000000e+05 3.118362324312328945e-02
1.146000000000000000e+05 3.154495462775229464e-02
1.147000000000000000e+05 3.122312192494672289e-02
1.148000000000000000e+05 3.071223927040894752e-02
1.149000000000000000e+05 3.081857092678545393e-02
1.150000000000000000e+05 3.061365708708763123e-02
1.151000000000000000e+05 3.031665472313765930e-02
1.152000000000000000e+05 3.057207122445106465e-02
1.153000000000000000e+05 3.082334090024232628e-02
1.154000000000000000e+05 3.160365186631678563e-02
1.155000000000000000e+05 3.245174065232275806e-02
1.156000000000000000e+05 3.336132377386091807e-02
1.157000000000000000e+05 3.398356422781943081e-02
1.158000000000000000e+05 3.458414763212202397e-02
1.159000000000000000e+05 3.518049836158750748e-02
1.160000000000000000e+05 3.587503656744958636e-02
1.161000000000000000e+05 3.513017751276497486e-02
1.162000000000000000e+05 3.429224262634914672e-02
1.163000000000000000e+05 3.340134685238201062e-02
1.164000000000000000e+05 3.334064438939093183e-02
1.165000000000000000e+05 3.418108131736517785e-02
1.166000000000000000e+05 3.367343388497822526e-02
1.167000000000000000e+05 3.222934152930972962e-02
1.168000000000000000e+05 3.050790339708328233e-02
1.169000000000000000e+05 2.852547895784171908e-02
1.170000000000000000e+05 2.649152856320127758e-02
1.171000000000000000e+05 2.466508440673342156e-02
1.172000000000000000e+05 2.301323217650254674e-02
1.173000000000000000e+05 2.147032463923091022e-02
1.174000000000000000e+05 1.947596007337169810e-02
1.175000000000000000e+05 1.710699009709070600e-02
1.176000000000000000e+05 1.420496318489313133e-02
1.177000000000000000e+05 1.180685730651026728e-02
1.178000000000000000e+05 9.902647919952930339e-03
1.179000000000000000e+05 9.076719470322161878e-03
1.180000000000000000e+05 8.680425335963566288e-03
1.181000000000000000e+05 8.488503294065592730e-03
1.182000000000000000e+05 8.337647859007127696e-03
1.183000000000000000e+05 7.617403795011343237e-03
1.184000000000000000e+05 7.520519345998767646e-03
1.185000000000000000e+05 7.423913059756157354e-03
1.186000000000000000e+05 7.333643902093167459e-03
1.187000000000000000e+05 7.248529433272775380e-03
1.188000000000000000e+05 7.133688461035489307e-03
1.189000000000000000e+05 6.966207670047882931e-03
1.190000000000000000e+05 6.750198826193822346e-03
1.191000000000000000e+05 6.459974423050900139e-03
1.192000000000000000e+05 6.183925941586500448e-03
1.193000000000000000e+05 5.958263692446050253e-03
1.194000000000000000e+05 5.867753317579626517e-03
1.195000000000000000e+05 5.994650186039503052e-03
1.196000000000000000e+05 5.861012085030476229e-03
1.197000000000000000e+05 5.685343039222055112e-03
1.198000000000000000e+05 5.786060821264981356e-03
1.199000000000000000e+05 5.850308248773217548e-03
