9.000000000000000000e+04 2.328623831272125244e-02
9.010000000000000000e+04 2.239338248968124334e-02
9.020000000000000000e+04 2.133394196629524384e-02
9.030000000000000000e+04 2.278958447277545929e-02
9.040000000000000000e+04 2.549963489174842876e-02
9.050000000000000000e+04 2.696186751127243111e-02
9.060000000000000000e+04 2.663913957774639157e-02
9.070000000000000000e+04 2.621624164283275701e-02
9.080000000000000000e+04 2.676360003650188335e-02
9.090000000000000000e+04 2.756322517991065951e-02
9.100000000000000000e+04 2.830869331955909729e-02
9.110000000000000000e+04 2.896211341023445171e-02
9.120000000000000000e+04 2.950922280550002941e-02
9.130000000000000000e+04 3.006558924913406428e-02
9.140000000000000000e+04 3.055645719170570207e-02
9.150000000000000000e+04 3.101367056369781425e-02
9.160000000000000000e+04 3.139413833618164007e-02
9.170000000000000000e+04 3.171047002077102828e-02
9.180000000000000000e+04 3.194745033979416032e-02
9.190000000000000000e+04 3.186620682477950967e-02
9.200000000000000000e+04 3.164991810917854032e-02
9.210000000000000000e+04 3.217933461070060508e-02
9.220000000000000000e+04 3.327256172895431269e-02
9.230000000000000000e+04 3.388887241482734652e-02
9.240000000000000000e+04 3.391324326395988437e-02
9.250000000000000000e+04 3.363867104053497314e-02
9.260000000000000000e+04 3.343396112322807173e-02
9.270000000000000000e+04 3.346815690398216581e-02
9.280000000000000000e+04 3.369133397936820845e-02
9.290000000000000000e+04 3.393308654427528576e-02
9.300000000000000000e+04 3.406577482819557467e-02
9.310000000000000000e+04 3.412574768066406472e-02
9.320000000000000000e+04 3.415847778320312694e-02
9.330000000000000000e+04 3.436264127492904413e-02
9.340000000000000000e+04 3.463052764534950423e-02
9.350000000000000000e+04 3.473948612809181491e-02
9.360000000000000000e+04 3.474464103579521373e-02
9.370000000000000000e+04 3.488146290183067461e-02
9.380000000000000000e+04 3.505742296576500050e-02
9.390000000000000000e+04 3.520420894026756592e-02
9.400000000000000000e+04 3.530458286404609958e-02
9.410000000000000000e+04 3.556404724717140281e-02
9.420000000000000000e+04 3.563154533505439453e-02
9.430000000000000000e+04 3.550519868731498441e-02
9.440000000000000000e+04 3.563129708170890975e-02
9.450000000000000000e+04 3.593168854713439664e-02
9.460000000000000000e+04 3.610755890607833529e-02
9.470000000000000000e+04 3.616844162344932251e-02
9.480000000000000000e+04 3.624066233634948980e-02
9.490000000000000000e+04 3.630746185779571561e-02
9.500000000000000000e+04 3.641287237405776978e-02
9.510000000000000000e+04 3.646003752946853915e-02
9.520000000000000000e+04 3.647066950798034946e-02
9.530000000000000000e+04 3.637878790497779680e-02
9.540000000000000000e+04 3.614874720573425099e-02
9.550000000000000000e+04 3.608747124671936313e-02
9.560000000000000000e+04 3.616397008299827853e-02
9.570000000000000000e+04 3.625006183981895752e-02
9.580000000000000000e+04 3.616361573338508495e-02
9.590000000000000000e+04 3.605613648891448780e-02
9.600000000000000000e+04 3.602716922760009627e-02
9.610000000000000000e+04 3.583339542150497381e-02
9.620000000000000000e+04 3.559678286314010842e-02
9.630000000000000000e+04 3.556623667478561734e-02
9.640000000000000000e+04 3.604340434074401744e-02
9.650000000000000000e+04 3.684943914413452148e-02
9.660000000000000000e+04 3.743454813957214355e-02
9.670000000000000000e+04 3.746646076440811324e-02
9.680000000000000000e+04 3.736851081252098167e-02
9.690000000000000000e+04 3.755905136466026334e-02
9.700000000000000000e+04 3.768038377165794373e-02
9.710000000000000000e+04 3.765619620680808743e-02
9.720000000000000000e+04 3.750072270631790022e-02
9.730000000000000000e+04 3.741674944758414945e-02
9.740000000000000000e+04 3.738934084773063576e-02
9.750000000000000000e+04 3.739072754979133606e-02
9.760000000000000000e+04 3.745783954858779990e-02
9.770000000000000000e+04 3.737003713846206998e-02
9.780000000000000000e+04 3.729283973574638172e-02
9.790000000000000000e+04 3.723743572831153537e-02
9.800000000000000000e+04 3.725049272179603577e-02
9.810000000000000000e+04 3.738345548510551425e-02
9.820000000000000000e+04 3.755222484469413619e-02
9.830000000000000000e+04 3.763705328106880382e-02
9.840000000000000000e+04 3.765679642558097950e-02
9.850000000000000000e+04 3.769042417407035550e-02
9.860000000000000000e+04 3.785890519618988204e-02
9.870000000000000000e+04 3.796761855483055115e-02
9.880000000000000000e+04 3.802769765257835166e-02
9.890000000000000000e+04 3.822522252798080111e-02
9.900000000000000000e+04 3.852505758404731889e-02
9.910000000000000000e+04 3.850089684128761569e-02
9.920000000000000000e+04 3.876888006925582886e-02
9.930000000000000000e+04 4.009072884917259244e-02
9.940000000000000000e+04 4.073121055960655240e-02
9.950000000000000000e+04 4.144552946090698103e-02
9.960000000000000000e+04 4.127409309148788452e-02
9.970000000000000000e+04 4.065777987241744884e-02
9.980000000000000000e+04 4.103801906108855979e-02
9.990000000000000000e+04 4.078197121620177890e-02
1.000000000000000000e+05 3.943165764212608337e-02
1.001000000000000000e+05 3.936087653040885870e-02
1.002000000000000000e+05 3.947170361876487649e-02
1.003000000000000000e+05 3.954858198761940224e-02
1.004000000000000000e+05 3.961713299155235346e-02
1.005000000000000000e+05 3.939611688256263594e-02
1.006000000000000000e+05 3.938349366188049344e-02
1.007000000000000000e+05 4.004792571067809781e-02
1.008000000000000000e+05 4.087377890944481063e-02
1.009000000000000000e+05 4.131702914834022716e-02
1.010000000000000000e+05 4.112123921513557295e-02
1.011000000000000000e+05 4.091371685266494834e-02
1.012000000000000000e+05 4.175356701016426364e-02
1.013000000000000000e+05 4.309920147061348239e-02
1.014000000000000000e+05 4.334705337882041598e-02
1.015000000000000000e+05 4.195053130388259888e-02
1.016000000000000000e+05 4.005688041448593473e-02
1.017000000000000000e+05 3.996019691228866466e-02
1.018000000000000000e+05 4.105744391679763683e-02
1.019000000000000000e+05 4.180975586175918884e-02
1.020000000000000000e+05 4.241216853260994235e-02
1.021000000000000000e+05 4.282561734318732910e-02
1.022000000000000000e+05 4.313782274723052673e-02
1.023000000000000000e+05 4.354278787970542602e-02
1.024000000000000000e+05 4.439139798283577021e-02
1.025000000000000000e+05 4.451834410429000854e-02
1.026000000000000000e+05 4.328978076577186251e-02
1.027000000000000000e+05 4.190236136317253279e-02
1.028000000000000000e+05 4.227947026491165466e-02
1.029000000000000000e+05 4.283841922879218916e-02
1.030000000000000000e+05 4.204934909939765653e-02
1.031000000000000000e+05 4.231884419918060386e-02
1.032000000000000000e+05 4.334838211536407721e-02
1.033000000000000000e+05 4.332211837172508101e-02
1.034000000000000000e+05 4.221654370427131708e-02
1.035000000000000000e+05 4.147028699517250200e-02
1.036000000000000000e+05 4.048987761139869607e-02
1.037000000000000000e+05 3.947616890072822710e-02
1.038000000000000000e+05 3.940188720822334484e-02
1.039000000000000000e+05 3.911404162645339827e-02
1.040000000000000000e+05 3.815493956208228926e-02
1.041000000000000000e+05 3.852695003151893755e-02
1.042000000000000000e+05 3.920669883489608792e-02
1.043000000000000000e+05 3.902823254466056963e-02
1.044000000000000000e+05 3.925050541758537404e-02
1.045000000000000000e+05 3.999412506818771085e-02
1.046000000000000000e+05 4.002211689949035367e-02
1.047000000000000000e+05 3.985865235328674150e-02
1.048000000000000000e+05 4.067131966352462852e-02
1.049000000000000000e+05 4.119828253984451211e-02
1.050000000000000000e+05 4.098172858357429504e-02
1.051000000000000000e+05 4.114071369171142661e-02
1.052000000000000000e+05 4.119680523872375211e-02
1.053000000000000000e+05 4.131765693426132230e-02
1.054000000000000000e+05 4.120760113000869473e-02
1.055000000000000000e+05 4.060954898595810214e-02
1.056000000000000000e+05 4.084783598780632186e-02
1.057000000000000000e+05 4.161824509501457076e-02
1.058000000000000000e+05 4.208839550614357217e-02
1.059000000000000000e+05 4.240040734410285839e-02
1.060000000000000000e+05 4.249815121293067793e-02
1.061000000000000000e+05 4.221923485398292736e-02
1.062000000000000000e+05 4.143448308110236900e-02
1.063000000000000000e+05 4.093508914113044850e-02
1.064000000000000000e+05 4.055040255188942233e-02
1.065000000000000000e+05 4.066178277134895047e-02
1.066000000000000000e+05 4.168010130524635315e-02
1.067000000000000000e+05 4.287272021174430570e-02
1.068000000000000000e+05 4.363517597317695396e-02
1.069000000000000000e+05 4.393223479390144515e-02
1.070000000000000000e+05 4.389830902218818526e-02
1.071000000000000000e+05 4.361155942082405035e-02
1.072000000000000000e+05 4.388545542955398643e-02
1.073000000000000000e+05 4.490027710795402305e-02
1.074000000000000000e+05 4.588718906044959855e-02
1.075000000000000000e+05 4.499030113220214844e-02
1.076000000000000000e+05 4.336263567209244080e-02
1.077000000000000000e+05 4.289715826511383140e-02
1.078000000000000000e+05 4.302819252014160323e-02
1.079000000000000000e+05 4.292882144451141274e-02
1.080000000000000000e+05 4.218281805515289307e-02
1.081000000000000000e+05 4.142976775765418868e-02
1.082000000000000000e+05 4.157667055726051164e-02
1.083000000000000000e+05 4.192651182413101307e-02
1.084000000000000000e+05 4.223138853907584811e-02
1.085000000000000000e+05 4.288975819945335666e-02
1.086000000000000000e+05 4.346411898732185225e-02
1.087000000000000000e+05 4.391772687435149813e-02
1.088000000000000000e+05 4.456231296062469760e-02
1.089000000000000000e+05 4.490227043628692433e-02
1.090000000000000000e+05 4.565489739179610928e-02
1.091000000000000000e+05 4.642448037862777904e-02
1.092000000000000000e+05 4.591440483927726468e-02
1.093000000000000000e+05 4.507044419646263206e-02
1.094000000000000000e+05 4.543352350592613081e-02
1.095000000000000000e+05 4.564845636487006864e-02
1.096000000000000000e+05 4.496649846434593034e-02
1.097000000000000000e+05 4.423697486519813371e-02
1.098000000000000000e+05 4.384473815560340632e-02
1.099000000000000000e+05 4.334668472409248380e-02
1.100000000000000000e+05 4.306536167860031128e-02
1.101000000000000000e+05 4.306045219302177124e-02
1.102000000000000000e+05 4.283536091446876748e-02
1.103000000000000000e+05 4.216364026069641113e-02
1.104000000000000000e+05 4.113804504275322266e-02
1.105000000000000000e+05 4.063503518700599393e-02
1.106000000000000000e+05 4.056158736348151883e-02
1.107000000000000000e+05 4.037115409970283564e-02
1.108000000000000000e+05 4.024522259831428417e-02
1.109000000000000000e+05 4.030420288443565396e-02
1.110000000000000000e+05 4.074828550219535689e-02
1.111000000000000000e+05 4.127400130033492820e-02
1.112000000000000000e+05 4.135126098990440230e-02
1.113000000000000000e+05 4.133718475699424411e-02
1.114000000000000000e+05 4.168145745992660189e-02
1.115000000000000000e+05 4.206307530403137485e-02
1.116000000000000000e+05 4.176229476928711160e-02
1.117000000000000000e+05 4.142326489090919495e-02
1.118000000000000000e+05 4.128962099552154624e-02
1.119000000000000000e+05 4.104330837726592740e-02
1.120000000000000000e+05 4.107982888817787032e-02
1.121000000000000000e+05 4.200564339756965304e-02
1.122000000000000000e+05 4.334385946393012889e-02
1.123000000000000000e+05 4.431018054485320878e-02
1.124000000000000000e+05 4.450289130210876437e-02
1.125000000000000000e+05 4.347722977399826050e-02
1.126000000000000000e+05 4.251800790429115240e-02
1.127000000000000000e+05 4.301971569657325745e-02
1.128000000000000000e+05 4.341750085353851540e-02
1.129000000000000000e+05 4.346689879894256869e-02
1.130000000000000000e+05 4.392871409654617448e-02
1.131000000000000000e+05 4.378165110945701766e-02
1.132000000000000000e+05 4.257809504866599815e-02
1.133000000000000000e+05 4.202231615781783919e-02
1.134000000000000000e+05 4.224279597401618680e-02
1.135000000000000000e+05 4.195585325360298018e-02
1.136000000000000000e+05 4.201644316315650968e-02
1.137000000000000000e+05 4.278521016240120073e-02
1.138000000000000000e+05 4.308056548237800681e-02
1.139000000000000000e+05 4.333748072385788103e-02
1.140000000000000000e+05 4.391456469893455228e-02
1.141000000000000000e+05 4.335493907332420294e-02
1.142000000000000000e+05 4.243438333272933627e-02
1.143000000000000000e+05 4.263141393661498690e-02
1.144000000000000000e+05 4.334332942962646623e-02
1.145000000000000000e+05 4.353968948125839372e-02
1.146000000000000000e+05 4.281340539455413818e-02
1.147000000000000000e+05 4.246963366866111922e-02
1.148000000000000000e+05 4.290296241641044367e-02
1.149000000000000000e+05 4.352009400725364435e-02
1.150000000000000000e+05 4.380167275667190552e-02
1.151000000000000000e+05 4.357352599501609913e-02
1.152000000000000000e+05 4.289574280381202448e-02
1.153000000000000000e+05 4.237439900636672668e-02
1.154000000000000000e+05 4.358652830123901228e-02
1.155000000000000000e+05 4.581877291202544888e-02
1.156000000000000000e+05 4.709278315305710089e-02
1.157000000000000000e+05 4.706734985113143754e-02
1.158000000000000000e+05 4.615289777517318781e-02
1.159000000000000000e+05 4.568429931998253118e-02
1.160000000000000000e+05 4.701612219214439115e-02
1.161000000000000000e+05 4.877977073192596436e-02
1.162000000000000000e+05 4.938883587718009838e-02
1.163000000000000000e+05 4.903039738535881070e-02
1.164000000000000000e+05 4.760660678148269376e-02
1.165000000000000000e+05 4.536883682012558122e-02
1.166000000000000000e+05 4.286277025938033808e-02
1.167000000000000000e+05 4.291221991181373707e-02
1.168000000000000000e+05 4.411055698990822005e-02
1.169000000000000000e+05 4.379914894700050187e-02
1.170000000000000000e+05 4.259270876646041593e-02
1.171000000000000000e+05 4.065500259399414118e-02
1.172000000000000000e+05 3.861330434679985379e-02
1.173000000000000000e+05 3.626340970396995517e-02
1.174000000000000000e+05 3.201316639780998202e-02
1.175000000000000000e+05 2.457828074693679810e-02
1.176000000000000000e+05 1.182312732562422822e-02
1.177000000000000000e+05 5.239637475460768093e-03
1.178000000000000000e+05 7.480411091819471475e-03
1.179000000000000000e+05 1.362563355825822942e-02
1.180000000000000000e+05 2.039166601995627201e-02
1.181000000000000000e+05 2.170876987278461470e-02
1.182000000000000000e+05 1.844815857708454257e-02
1.183000000000000000e+05 1.860842302441596818e-02
1.184000000000000000e+05 2.063260495662689112e-02
1.185000000000000000e+05 2.029958218336105208e-02
1.186000000000000000e+05 1.863010734319687015e-02
1.187000000000000000e+05 1.988841243088245239e-02
1.188000000000000000e+05 2.018979854881763555e-02
1.189000000000000000e+05 1.821864068508148235e-02
1.190000000000000000e+05 1.868412643671035767e-02
1.191000000000000000e+05 2.069230109453201391e-02
1.192000000000000000e+05 2.125340573489666041e-02
1.193000000000000000e+05 2.034804515540599920e-02
1.194000000000000000e+05 1.808312647044658591e-02
1.195000000000000000e+05 1.678090468049049308e-02
1.196000000000000000e+05 1.620197504758834686e-02
1.197000000000000000e+05 1.486905552446842263e-02
1.198000000000000000e+05 1.121315401047468137e-02
1.199000000000000000e+05 7.043183222413063396e-03
