9.000000000000000000e+04 2.121788263320922852e-02
9.010000000000000000e+04 2.157844383269548125e-02
9.020000000000000000e+04 1.994607318192717291e-02
9.030000000000000000e+04 2.053942997008570068e-02
9.040000000000000000e+04 2.511965036392222947e-02
9.050000000000000000e+04 2.749864570796492491e-02
9.060000000000000000e+04 2.506445776671161266e-02
9.070000000000000000e+04 2.329791296273468759e-02
9.080000000000000000e+04 2.390011422336106237e-02
9.090000000000000000e+04 2.502134829759603343e-02
9.100000000000000000e+04 2.608329337090260075e-02
9.110000000000000000e+04 2.698481546714907864e-02
9.120000000000000000e+04 2.792195424437529314e-02
9.130000000000000000e+04 2.879746284335847964e-02
9.140000000000000000e+04 2.949516478925939822e-02
9.150000000000000000e+04 3.007875820621844568e-02
9.160000000000000000e+04 3.064410537481305000e-02
9.170000000000000000e+04 3.113004138693211548e-02
9.180000000000000000e+04 3.155311480164526422e-02
9.190000000000000000e+04 3.187771193683146265e-02
9.200000000000000000e+04 3.247688338160510668e-02
9.210000000000000000e+04 3.430951014161104373e-02
9.220000000000000000e+04 3.600065812468527388e-02
9.230000000000000000e+04 3.663670420646666925e-02
9.240000000000000000e+04 3.659679830074310386e-02
9.250000000000000000e+04 3.625625092536211014e-02
9.260000000000000000e+04 3.586234450340270580e-02
9.270000000000000000e+04 3.591639794409275110e-02
9.280000000000000000e+04 3.607386678457260437e-02
9.290000000000000000e+04 3.642717674374581355e-02
9.300000000000000000e+04 3.655174262821674069e-02
9.310000000000000000e+04 3.643265638500451514e-02
9.320000000000000000e+04 3.620385438203810313e-02
9.330000000000000000e+04 3.633249606937171555e-02
9.340000000000000000e+04 3.657951660454274168e-02
9.350000000000000000e+04 3.656092379242181084e-02
9.360000000000000000e+04 3.671032831072809643e-02
9.370000000000000000e+04 3.715890277177093942e-02
9.380000000000000000e+04 3.746358118951320648e-02
9.390000000000000000e+04 3.735941845923664018e-02
9.400000000000000000e+04 3.734144046902655723e-02
9.410000000000000000e+04 3.792179938405750017e-02
9.420000000000000000e+04 3.804392322897912765e-02
9.430000000000000000e+04 3.775169685482979848e-02
9.440000000000000000e+04 3.769147932529449269e-02
9.450000000000000000e+04 3.767415676265954694e-02
9.460000000000000000e+04 3.772523880004882701e-02
9.470000000000000000e+04 3.783966746181249841e-02
9.480000000000000000e+04 3.791048094630241477e-02
9.490000000000000000e+04 3.803395681083202029e-02
9.500000000000000000e+04 3.808995336294174194e-02
9.510000000000000000e+04 3.815962046384811790e-02
9.520000000000000000e+04 3.823447495698929083e-02
9.530000000000000000e+04 3.838181350380182738e-02
9.540000000000000000e+04 3.857529796659946858e-02
9.550000000000000000e+04 3.863116502761840265e-02
9.560000000000000000e+04 3.853474751114845109e-02
9.570000000000000000e+04 3.859053637832402656e-02
9.580000000000000000e+04 3.848587289452552046e-02
9.590000000000000000e+04 3.833071168512104665e-02
9.600000000000000000e+04 3.834503144025802612e-02
9.610000000000000000e+04 3.817880410701034177e-02
9.620000000000000000e+04 3.756718143820757250e-02
9.630000000000000000e+04 3.716798979789020380e-02
9.640000000000000000e+04 3.834933608770359215e-02
9.650000000000000000e+04 3.991074915975324766e-02
9.660000000000000000e+04 4.091838903725145832e-02
9.670000000000000000e+04 4.041997194290165851e-02
9.680000000000000000e+04 3.977355465292930353e-02
9.690000000000000000e+04 3.980789098888635330e-02
9.700000000000000000e+04 3.981438912451266965e-02
9.710000000000000000e+04 3.979029174894094939e-02
9.720000000000000000e+04 3.972600072622299583e-02
9.730000000000000000e+04 3.967379096895456286e-02
9.740000000000000000e+04 3.968051187694073001e-02
9.750000000000000000e+04 3.989013843238353729e-02
9.760000000000000000e+04 4.006667509675025662e-02
9.770000000000000000e+04 3.991807080805301333e-02
9.780000000000000000e+04 3.976925894618034418e-02
9.790000000000000000e+04 3.969731546938419509e-02
9.800000000000000000e+04 3.980175107717515148e-02
9.810000000000000000e+04 4.013718597590924808e-02
9.820000000000000000e+04 4.043094985187052626e-02
9.830000000000000000e+04 4.016030423343180250e-02
9.840000000000000000e+04 4.029718041419982910e-02
9.850000000000000000e+04 4.035943280905485847e-02
9.860000000000000000e+04 4.070352658629414200e-02
9.870000000000000000e+04 4.122763518244027675e-02
9.880000000000000000e+04 4.146088212728497174e-02
9.890000000000000000e+04 4.216372072696680795e-02
9.900000000000000000e+04 4.333218298852438422e-02
9.910000000000000000e+04 4.329056739807134180e-02
9.920000000000000000e+04 4.347819402813897505e-02
9.930000000000000000e+04 4.568469882011412520e-02
9.940000000000000000e+04 4.581879056990146443e-02
9.950000000000000000e+04 4.713809546083209956e-02
9.960000000000000000e+04 4.676604390144352419e-02
9.970000000000000000e+04 4.567842207849026614e-02
9.980000000000000000e+04 4.655986741185187683e-02
9.990000000000000000e+04 4.556737411767246282e-02
1.000000000000000000e+05 4.393981769680976868e-02
1.001000000000000000e+05 4.503398999571800454e-02
1.002000000000000000e+05 4.514912344515323306e-02
1.003000000000000000e+05 4.509950064122676683e-02
1.004000000000000000e+05 4.501976892352103909e-02
1.005000000000000000e+05 4.478353355079888604e-02
1.006000000000000000e+05 4.497061692178252329e-02
1.007000000000000000e+05 4.603261388838297136e-02
1.008000000000000000e+05 4.731823757290845589e-02
1.009000000000000000e+05 4.777600172907112835e-02
1.010000000000000000e+05 4.668387658894050662e-02
1.011000000000000000e+05 4.630053456872706280e-02
1.012000000000000000e+05 4.765747025609034376e-02
1.013000000000000000e+05 5.015148688107746999e-02
1.014000000000000000e+05 4.967197686433807297e-02
1.015000000000000000e+05 4.663342349231267003e-02
1.016000000000000000e+05 4.364201918244374478e-02
1.017000000000000000e+05 4.461649850010859786e-02
1.018000000000000000e+05 4.676401503384106789e-02
1.019000000000000000e+05 4.742652561515565274e-02
1.020000000000000000e+05 4.869319498538968172e-02
1.021000000000000000e+05 4.917733170092105505e-02
1.022000000000000000e+05 4.915980726480483759e-02
1.023000000000000000e+05 4.933310911059379106e-02
1.024000000000000000e+05 5.057632923126220009e-02
1.025000000000000000e+05 5.041324067860841751e-02
1.026000000000000000e+05 4.912747211754320970e-02
1.027000000000000000e+05 4.683635450899598096e-02
1.028000000000000000e+05 4.834595516324048659e-02
1.029000000000000000e+05 4.934194386005399946e-02
1.030000000000000000e+05 4.722386449575423362e-02
1.031000000000000000e+05 4.773372124880558703e-02
1.032000000000000000e+05 4.922225505113606708e-02
1.033000000000000000e+05 4.901450503617515303e-02
1.034000000000000000e+05 4.745262548327441182e-02
1.035000000000000000e+05 4.718159325420856476e-02
1.036000000000000000e+05 4.577958166599292722e-02
1.037000000000000000e+05 4.430158011615280972e-02
1.038000000000000000e+05 4.532781518995759873e-02
1.039000000000000000e+05 4.466033685952441878e-02
1.040000000000000000e+05 4.252776727080355423e-02
1.041000000000000000e+05 4.417184043675649596e-02
1.042000000000000000e+05 4.547485232353211393e-02
1.043000000000000000e+05 4.447576273232704130e-02
1.044000000000000000e+05 4.500446334481231214e-02
1.045000000000000000e+05 4.650572966784236734e-02
1.046000000000000000e+05 4.606717288494113077e-02
1.047000000000000000e+05 4.550556909292934743e-02
1.048000000000000000e+05 4.697810232639310773e-02
1.049000000000000000e+05 4.740031972527504467e-02
1.050000000000000000e+05 4.725734889507293701e-02
1.051000000000000000e+05 4.795172996819020012e-02
1.052000000000000000e+05 4.791039720177650563e-02
1.053000000000000000e+05 4.834841165691615428e-02
1.054000000000000000e+05 4.804576486349104031e-02
1.055000000000000000e+05 4.628420285880564117e-02
1.056000000000000000e+05 4.682240605354314605e-02
1.057000000000000000e+05 4.802434500306847209e-02
1.058000000000000000e+05 4.862540535628797483e-02
1.059000000000000000e+05 4.908122748136523050e-02
1.060000000000000000e+05 4.917467534542081797e-02
1.061000000000000000e+05 4.848407778888932929e-02
1.062000000000000000e+05 4.710741691291322336e-02
1.063000000000000000e+05 4.664371557533736334e-02
1.064000000000000000e+05 4.589749231934540236e-02
1.065000000000000000e+05 4.634036291390671025e-02
1.066000000000000000e+05 4.808044224977483377e-02
1.067000000000000000e+05 4.990041285753241823e-02
1.068000000000000000e+05 5.077720716595649636e-02
1.069000000000000000e+05 5.073900774121285068e-02
1.070000000000000000e+05 5.029460787773134406e-02
1.071000000000000000e+05 5.003831788897513538e-02
1.072000000000000000e+05 5.089091211557385946e-02
1.073000000000000000e+05 5.276186462491748441e-02
1.074000000000000000e+05 5.414283744990826264e-02
1.075000000000000000e+05 5.215098150074481964e-02
1.076000000000000000e+05 4.974371850490569985e-02
1.077000000000000000e+05 4.969627302139998509e-02
1.078000000000000000e+05 5.035853661596776526e-02
1.079000000000000000e+05 5.019505411386487176e-02
1.080000000000000000e+05 4.867640510201447918e-02
1.081000000000000000e+05 4.675504058599465329e-02
1.082000000000000000e+05 4.735772013664248797e-02
1.083000000000000000e+05 4.771450102329253401e-02
1.084000000000000000e+05 4.809306249022474167e-02
1.085000000000000000e+05 4.917425457388152621e-02
1.086000000000000000e+05 4.967789128422736566e-02
1.087000000000000000e+05 5.015826128423204328e-02
1.088000000000000000e+05 5.119334727525706730e-02
1.089000000000000000e+05 5.151967149227856119e-02
1.090000000000000000e+05 5.310801044106470276e-02
1.091000000000000000e+05 5.450419593602415930e-02
1.092000000000000000e+05 5.339916840195665232e-02
1.093000000000000000e+05 5.199220206588506948e-02
1.094000000000000000e+05 5.254869632422920489e-02
1.095000000000000000e+05 5.256794095039370868e-02
1.096000000000000000e+05 5.132616907358172886e-02
1.097000000000000000e+05 5.057727806270122944e-02
1.098000000000000000e+05 4.999192111194134674e-02
1.099000000000000000e+05 4.930805310606956732e-02
1.100000000000000000e+05 4.914538562297821045e-02
1.101000000000000000e+05 4.925940237939357286e-02
1.102000000000000000e+05 4.886334687471389354e-02
1.103000000000000000e+05 4.773821275681254528e-02
1.104000000000000000e+05 4.635834708809850185e-02
1.105000000000000000e+05 4.578869603574275277e-02
1.106000000000000000e+05 4.566819489002228033e-02
1.107000000000000000e+05 4.574929375201464143e-02
1.108000000000000000e+05 4.570103079080581332e-02
1.109000000000000000e+05 4.562807153910400371e-02
1.110000000000000000e+05 4.632595218718058017e-02
1.111000000000000000e+05 4.712791636586191601e-02
1.112000000000000000e+05 4.743014961481094999e-02
1.113000000000000000e+05 4.722326025366780505e-02
1.114000000000000000e+05 4.738724820315844133e-02
1.115000000000000000e+05 4.782487601041793962e-02
1.116000000000000000e+05 4.777353927493095676e-02
1.117000000000000000e+05 4.789128169417384423e-02
1.118000000000000000e+05 4.680423900485045086e-02
1.119000000000000000e+05 4.551679901778699772e-02
1.120000000000000000e+05 4.561833366751667090e-02
1.121000000000000000e+05 4.748409673571581113e-02
1.122000000000000000e+05 4.988992735743518619e-02
1.123000000000000000e+05 5.151105809956788018e-02
1.124000000000000000e+05 5.133405581116676913e-02
1.125000000000000000e+05 4.875611234456300735e-02
1.126000000000000000e+05 4.767927989363671126e-02
1.127000000000000000e+05 4.989756356924775205e-02
1.128000000000000000e+05 4.943823352456090670e-02
1.129000000000000000e+05 4.956894766539338137e-02
1.130000000000000000e+05 5.088434517383575578e-02
1.131000000000000000e+05 5.012769889086477609e-02
1.132000000000000000e+05 4.736168310046182800e-02
1.133000000000000000e+05 4.721190091222528251e-02
1.134000000000000000e+05 4.899872720241537499e-02
1.135000000000000000e+05 4.785567186772841930e-02
1.136000000000000000e+05 4.694757610559453093e-02
1.137000000000000000e+05 4.837305143475521124e-02
1.138000000000000000e+05 4.843030504882332027e-02
1.139000000000000000e+05 4.937473736703383576e-02
1.140000000000000000e+05 5.065488815307612330e-02
1.141000000000000000e+05 4.895599398762002369e-02
1.142000000000000000e+05 4.731595143675803444e-02
1.143000000000000000e+05 4.859628990292541584e-02
1.144000000000000000e+05 4.954692184925078846e-02
1.145000000000000000e+05 4.924051724374296779e-02
1.146000000000000000e+05 4.778576083481313186e-02
1.147000000000000000e+05 4.751441210508346169e-02
1.148000000000000000e+05 4.823525890707968528e-02
1.149000000000000000e+05 4.913268189877271347e-02
1.150000000000000000e+05 4.948536679148674011e-02
1.151000000000000000e+05 4.909123394638299775e-02
1.152000000000000000e+05 4.778664439916609219e-02
1.153000000000000000e+05 4.715187717229128717e-02
1.154000000000000000e+05 4.975532479584224982e-02
1.155000000000000000e+05 5.275716148316865473e-02
1.156000000000000000e+05 5.386039942502976463e-02
1.157000000000000000e+05 5.343034476041788605e-02
1.158000000000000000e+05 5.195378698408594648e-02
1.159000000000000000e+05 5.097102504223583602e-02
1.160000000000000000e+05 5.363151952624338470e-02
1.161000000000000000e+05 5.595299039036043948e-02
1.162000000000000000e+05 5.703311622142798187e-02
1.163000000000000000e+05 5.538877848535755932e-02
1.164000000000000000e+05 5.309162512421591873e-02
1.165000000000000000e+05 5.064107682555935713e-02
1.166000000000000000e+05 4.758739419281490801e-02
1.167000000000000000e+05 4.824044298380602419e-02
1.168000000000000000e+05 4.977446928620340993e-02
1.169000000000000000e+05 4.864094119519001697e-02
1.170000000000000000e+05 4.607088118791588527e-02
1.171000000000000000e+05 4.215507280081520064e-02
1.172000000000000000e+05 3.937458246946337614e-02
1.173000000000000000e+05 3.717034958302979641e-02
1.174000000000000000e+05 3.180755633860830878e-02
1.175000000000000000e+05 2.545226924121379852e-02
1.176000000000000000e+05 9.623398408293312375e-03
1.177000000000000000e+05 4.883667938411232791e-03
1.178000000000000000e+05 7.355177700519510524e-03
1.179000000000000000e+05 1.442667733877904708e-02
1.180000000000000000e+05 2.138834819197664786e-02
1.181000000000000000e+05 2.063746098428955941e-02
1.182000000000000000e+05 1.680481262505050324e-02
1.183000000000000000e+05 1.752753190696250407e-02
1.184000000000000000e+05 1.917738579213627143e-02
1.185000000000000000e+05 1.748595973476797447e-02
1.186000000000000000e+05 1.583643898367885494e-02
1.187000000000000000e+05 1.822566492483016637e-02
1.188000000000000000e+05 1.752203933894650248e-02
1.189000000000000000e+05 1.490105792880076080e-02
1.190000000000000000e+05 1.711446959525330172e-02
1.191000000000000000e+05 1.899502247571940514e-02
1.192000000000000000e+05 1.936488881707197976e-02
1.193000000000000000e+05 1.736408432945623151e-02
1.194000000000000000e+05 1.442780854180463965e-02
1.195000000000000000e+05 1.333119645714760451e-02
1.196000000000000000e+05 1.297305103391410176e-02
1.197000000000000000e+05 1.166861319914463263e-02
1.198000000000000000e+05 7.741720089688954726e-03
1.199000000000000000e+05 5.361272073350843020e-03
