9.000000000000000000e+04 8.599821012467145920e-03
9.010000000000000000e+04 8.921153006764754798e-03
9.020000000000000000e+04 9.241877778743714383e-03
9.030000000000000000e+04 9.554347316734497497e-03
9.040000000000000000e+04 9.876834054787951220e-03
9.050000000000000000e+04 9.838859069471555391e-03
9.060000000000000000e+04 9.777043070644138995e-03
9.070000000000000000e+04 9.397274566193412199e-03
9.080000000000000000e+04 8.999330823620166689e-03
9.090000000000000000e+04 9.068557233549656704e-03
9.100000000000000000e+04 9.180459162841245885e-03
9.110000000000000000e+04 9.751480072736736643e-03
9.120000000000000000e+04 1.036648392677307073e-02
9.130000000000000000e+04 1.125241491322717322e-02
9.140000000000000000e+04 1.217331838794053975e-02
9.150000000000000000e+04 1.344150176737456126e-02
9.160000000000000000e+04 1.476689552267388371e-02
9.170000000000000000e+04 1.700602274232853803e-02
9.180000000000000000e+04 1.938858748413629929e-02
9.190000000000000000e+04 2.305812963594999071e-02
9.200000000000000000e+04 2.692369259893879346e-02
9.210000000000000000e+04 3.089847946539515944e-02
9.220000000000000000e+04 3.485675219446424111e-02
9.230000000000000000e+04 3.734871781120695927e-02
9.240000000000000000e+04 3.946621187031258693e-02
9.250000000000000000e+04 4.020491133754450913e-02
9.260000000000000000e+04 4.067787823577722478e-02
9.270000000000000000e+04 4.075782788917422378e-02
9.280000000000000000e+04 4.073923587799072044e-02
9.290000000000000000e+04 4.068386484558383920e-02
9.300000000000000000e+04 4.061998296529054781e-02
9.310000000000000000e+04 4.049353767186403275e-02
9.320000000000000000e+04 4.034408554434777694e-02
9.330000000000000000e+04 4.035069424659012971e-02
9.340000000000000000e+04 4.039075668901205562e-02
9.350000000000000000e+04 4.069642846783001755e-02
9.360000000000000000e+04 4.108231715857985078e-02
9.370000000000000000e+04 4.154949846367043259e-02
9.380000000000000000e+04 4.203681466480096995e-02
9.390000000000000000e+04 4.236718598753214104e-02
9.400000000000000000e+04 4.261420145630837042e-02
9.410000000000000000e+04 4.269106206173697848e-02
9.420000000000000000e+04 4.268606424331665428e-02
9.430000000000000000e+04 4.242241456483801521e-02
9.440000000000000000e+04 4.201388518015541917e-02
9.450000000000000000e+04 4.157959707081317069e-02
9.460000000000000000e+04 4.112679501374563729e-02
9.470000000000000000e+04 4.089031465351582184e-02
9.480000000000000000e+04 4.077378995716571253e-02
9.490000000000000000e+04 4.085441879307230573e-02
9.500000000000000000e+04 4.106759279966352982e-02
9.510000000000000000e+04 4.147686405107378627e-02
9.520000000000000000e+04 4.201393847664198350e-02
9.530000000000000000e+04 4.263787864396970106e-02
9.540000000000000000e+04 4.331130240112540664e-02
9.550000000000000000e+04 4.375379194195071209e-02
9.560000000000000000e+04 4.407002064088980098e-02
9.570000000000000000e+04 4.408756561577320543e-02
9.580000000000000000e+04 4.391086065520843906e-02
9.590000000000000000e+04 4.364280730485917137e-02
9.600000000000000000e+04 4.331648014485836584e-02
9.610000000000000000e+04 4.329056365415454022e-02
9.620000000000000000e+04 4.350441336631773875e-02
9.630000000000000000e+04 4.425911046564574847e-02
9.640000000000000000e+04 4.543641341229278513e-02
9.650000000000000000e+04 4.647355787456033949e-02
9.660000000000000000e+04 4.739499092102052169e-02
9.670000000000000000e+04 4.764447112878165275e-02
9.680000000000000000e+04 4.731643068293731047e-02
9.690000000000000000e+04 4.684618765488267333e-02
9.700000000000000000e+04 4.627802800387141591e-02
9.710000000000000000e+04 4.595508621384700176e-02
9.720000000000000000e+04 4.594472229480743575e-02
9.730000000000000000e+04 4.604794238383571464e-02
9.740000000000000000e+04 4.636240766694149640e-02
9.750000000000000000e+04 4.668352706357838111e-02
9.760000000000000000e+04 4.704811250170071873e-02
9.770000000000000000e+04 4.738799152895807609e-02
9.780000000000000000e+04 4.770805042237044602e-02
9.790000000000000000e+04 4.807821457584700309e-02
9.800000000000000000e+04 4.850463916858036711e-02
9.810000000000000000e+04 4.901553049683569918e-02
9.820000000000000000e+04 4.961146287620069040e-02
9.830000000000000000e+04 5.030678260450562045e-02
9.840000000000000000e+04 5.120209030807017225e-02
9.850000000000000000e+04 5.239394850408031490e-02
9.860000000000000000e+04 5.421527054160835135e-02
9.870000000000000000e+04 5.639905670657758413e-02
9.880000000000000000e+04 5.915861015518504573e-02
9.890000000000000000e+04 6.200157049422452826e-02
9.900000000000000000e+04 6.497066188603635439e-02
9.910000000000000000e+04 6.773498012373846411e-02
9.920000000000000000e+04 6.997541770339005263e-02
9.930000000000000000e+04 7.180004898458713924e-02
9.940000000000000000e+04 7.298625176151592175e-02
9.950000000000000000e+04 7.377789840102194630e-02
9.960000000000000000e+04 7.383201375603676286e-02
9.970000000000000000e+04 7.359898676474890822e-02
9.980000000000000000e+04 7.292580296595893574e-02
9.990000000000000000e+04 7.241310507059095514e-02
1.000000000000000000e+05 7.227864985664686492e-02
1.001000000000000000e+05 7.235190981378154806e-02
1.002000000000000000e+05 7.287022717297075847e-02
1.003000000000000000e+05 7.341251688698927080e-02
1.004000000000000000e+05 7.405660053094230422e-02
1.005000000000000000e+05 7.480441406369214841e-02
1.006000000000000000e+05 7.579492837190632271e-02
1.007000000000000000e+05 7.680869450171787238e-02
1.008000000000000000e+05 7.770836770534517157e-02
1.009000000000000000e+05 7.842209848264852790e-02
1.010000000000000000e+05 7.865081802010535916e-02
1.011000000000000000e+05 7.876020718365908668e-02
1.012000000000000000e+05 7.857231015960375320e-02
1.013000000000000000e+05 7.806232932955020631e-02
1.014000000000000000e+05 7.668135523796082431e-02
1.015000000000000000e+05 7.528060581535103712e-02
1.016000000000000000e+05 7.408246815204619362e-02
1.017000000000000000e+05 7.355537287890911990e-02
1.018000000000000000e+05 7.463270125289753198e-02
1.019000000000000000e+05 7.601089163372908020e-02
1.020000000000000000e+05 7.773474305868148526e-02
1.021000000000000000e+05 7.918574879566828151e-02
1.022000000000000000e+05 7.980144754052161116e-02
1.023000000000000000e+05 8.026463109999895651e-02
1.024000000000000000e+05 8.026580413182576867e-02
1.025000000000000000e+05 8.020590121547380158e-02
1.026000000000000000e+05 7.991133019328118536e-02
1.027000000000000000e+05 7.955060213804249214e-02
1.028000000000000000e+05 7.894321565826734055e-02
1.029000000000000000e+05 7.825220476835965944e-02
1.030000000000000000e+05 7.729794482390089927e-02
1.031000000000000000e+05 7.631634963055458631e-02
1.032000000000000000e+05 7.532507821917536206e-02
1.033000000000000000e+05 7.436904370784760965e-02
1.034000000000000000e+05 7.335364776353041349e-02
1.035000000000000000e+05 7.234287559986116167e-02
1.036000000000000000e+05 7.139931812882424622e-02
1.037000000000000000e+05 7.054010263333718167e-02
1.038000000000000000e+05 6.997419521212576432e-02
1.039000000000000000e+05 6.951276859889427007e-02
1.040000000000000000e+05 6.952739556630452289e-02
1.041000000000000000e+05 6.978407114744185347e-02
1.042000000000000000e+05 7.065976763765019486e-02
1.043000000000000000e+05 7.168799821287398510e-02
1.044000000000000000e+05 7.272806048393251621e-02
1.045000000000000000e+05 7.376850365350640093e-02
1.046000000000000000e+05 7.466271169483662540e-02
1.047000000000000000e+05 7.556593734771016591e-02
1.048000000000000000e+05 7.656834751367569414e-02
1.049000000000000000e+05 7.760270260274407250e-02
1.050000000000000000e+05 7.865323126316070557e-02
1.051000000000000000e+05 7.964571053783096877e-02
1.052000000000000000e+05 8.009220331907271340e-02
1.053000000000000000e+05 8.044239014387129239e-02
1.054000000000000000e+05 8.018371927241484121e-02
1.055000000000000000e+05 7.985757489999134595e-02
1.056000000000000000e+05 7.982900112867355458e-02
1.057000000000000000e+05 7.998821459710597770e-02
1.058000000000000000e+05 8.040699330468972783e-02
1.059000000000000000e+05 8.074860312044621069e-02
1.060000000000000000e+05 8.046643634637197506e-02
1.061000000000000000e+05 7.999916767080628155e-02
1.062000000000000000e+05 7.917376965284345092e-02
1.063000000000000000e+05 7.841793075203895569e-02
1.064000000000000000e+05 7.869353041052820630e-02
1.065000000000000000e+05 7.943877577781677246e-02
1.066000000000000000e+05 8.121896078189214108e-02
1.067000000000000000e+05 8.327929120510817185e-02
1.068000000000000000e+05 8.522058114409443441e-02
1.069000000000000000e+05 8.703810745229309531e-02
1.070000000000000000e+05 8.841626135011507182e-02
1.071000000000000000e+05 8.974114775657651699e-02
1.072000000000000000e+05 9.098830401897432807e-02
1.073000000000000000e+05 9.211557293931643686e-02
1.074000000000000000e+05 9.237879708409309221e-02
1.075000000000000000e+05 9.198504344870644944e-02
1.076000000000000000e+05 9.063156823317211619e-02
1.077000000000000000e+05 8.904260765761143337e-02
1.078000000000000000e+05 8.721546803911539580e-02
1.079000000000000000e+05 8.529020268470051402e-02
1.080000000000000000e+05 8.333589658141130063e-02
1.081000000000000000e+05 8.149843721340094271e-02
1.082000000000000000e+05 8.063427525262037432e-02
1.083000000000000000e+05 8.021012812852860996e-02
1.084000000000000000e+05 8.095907191435496031e-02
1.085000000000000000e+05 8.212321742127338953e-02
1.086000000000000000e+05 8.389590412378308826e-02
1.087000000000000000e+05 8.590497526029738928e-02
1.088000000000000000e+05 8.827945391337072012e-02
1.089000000000000000e+05 9.061704151332372614e-02
1.090000000000000000e+05 9.262058051923910407e-02
1.091000000000000000e+05 9.398419114450609624e-02
1.092000000000000000e+05 9.415505781769753502e-02
1.093000000000000000e+05 9.340912478665511220e-02
1.094000000000000000e+05 9.192107784251378477e-02
1.095000000000000000e+05 9.010754227638254066e-02
1.096000000000000000e+05 8.813600838184364183e-02
1.097000000000000000e+05 8.614358288546403175e-02
1.098000000000000000e+05 8.434508301317689138e-02
1.099000000000000000e+05 8.261567960182822357e-02
1.100000000000000000e+05 8.101518576343846867e-02
1.101000000000000000e+05 7.944957308471206625e-02
1.102000000000000000e+05 7.763493403792387504e-02
1.103000000000000000e+05 7.568908943484228824e-02
1.104000000000000000e+05 7.383748084306721027e-02
1.105000000000000000e+05 7.208926863968376231e-02
1.106000000000000000e+05 7.106570690870284146e-02
1.107000000000000000e+05 7.045244585722681974e-02
1.108000000000000000e+05 7.055005267262459689e-02
1.109000000000000000e+05 7.096898933251702402e-02
1.110000000000000000e+05 7.177247032523151327e-02
1.111000000000000000e+05 7.267885754505790108e-02
1.112000000000000000e+05 7.347063834468517407e-02
1.113000000000000000e+05 7.416099011898037718e-02
1.114000000000000000e+05 7.451979234814644359e-02
1.115000000000000000e+05 7.465169274558625112e-02
1.116000000000000000e+05 7.432255148887634277e-02
1.117000000000000000e+05 7.365558475255967741e-02
1.118000000000000000e+05 7.295547306537629451e-02
1.119000000000000000e+05 7.225352153182026949e-02
1.120000000000000000e+05 7.288496419787408864e-02
1.121000000000000000e+05 7.443125999222188760e-02
1.122000000000000000e+05 7.663652531802650492e-02
1.123000000000000000e+05 7.895329818129540045e-02
1.124000000000000000e+05 8.015146553516389050e-02
1.125000000000000000e+05 8.026148658245801926e-02
1.126000000000000000e+05 8.028939696649711744e-02
1.127000000000000000e+05 8.015503739317259013e-02
1.128000000000000000e+05 8.025262907147406866e-02
1.129000000000000000e+05 8.043000483264524381e-02
1.130000000000000000e+05 8.013574108481408276e-02
1.131000000000000000e+05 7.935665521770715602e-02
1.132000000000000000e+05 7.825735509395596867e-02
1.133000000000000000e+05 7.687240154792857050e-02
1.134000000000000000e+05 7.584455043077464875e-02
1.135000000000000000e+05 7.518397985647123916e-02
1.136000000000000000e+05 7.493762726585069534e-02
1.137000000000000000e+05 7.510846886783836829e-02
1.138000000000000000e+05 7.566655074556663529e-02
1.139000000000000000e+05 7.657315639158086829e-02
1.140000000000000000e+05 7.720170393586159308e-02
1.141000000000000000e+05 7.744116322447856804e-02
1.142000000000000000e+05 7.753379285335540438e-02
1.143000000000000000e+05 7.745324134826660212e-02
1.144000000000000000e+05 7.715026751160623808e-02
1.145000000000000000e+05 7.655220367014411997e-02
1.146000000000000000e+05 7.578763671219357345e-02
1.147000000000000000e+05 7.476153346399470878e-02
1.148000000000000000e+05 7.408976837992667375e-02
1.149000000000000000e+05 7.395050261169672234e-02
1.150000000000000000e+05 7.403525958458584411e-02
1.151000000000000000e+05 7.441364140560230434e-02
1.152000000000000000e+05 7.521042674779887527e-02
1.153000000000000000e+05 7.649663931379714621e-02
1.154000000000000000e+05 7.828448191285136692e-02
1.155000000000000000e+05 8.058951627463106782e-02
1.156000000000000000e+05 8.265448485811546786e-02
1.157000000000000000e+05 8.415718022733925663e-02
1.158000000000000000e+05 8.562217667698862611e-02
1.159000000000000000e+05 8.699552170932291217e-02
1.160000000000000000e+05 8.828379785021141235e-02
1.161000000000000000e+05 8.929032105952500187e-02
1.162000000000000000e+05 8.953806405266126478e-02
1.163000000000000000e+05 8.762080063422530984e-02
1.164000000000000000e+05 8.511415719985984674e-02
1.165000000000000000e+05 8.126727218429255495e-02
1.166000000000000000e+05 7.714523377517856773e-02
1.167000000000000000e+05 7.218069389462482277e-02
1.168000000000000000e+05 6.693822567661583678e-02
1.169000000000000000e+05 6.075346315900477523e-02
1.170000000000000000e+05 5.449608322232983582e-02
1.171000000000000000e+05 4.825063701719079640e-02
1.172000000000000000e+05 4.230373218655605200e-02
1.173000000000000000e+05 3.743990467861305071e-02
1.174000000000000000e+05 3.250818194821481627e-02
1.175000000000000000e+05 2.708047907799469856e-02
1.176000000000000000e+05 2.206817656755425544e-02
1.177000000000000000e+05 1.734128562112645378e-02
1.178000000000000000e+05 1.298391413564487298e-02
1.179000000000000000e+05 1.049554989673206346e-02
1.180000000000000000e+05 8.118166821077512849e-03
1.181000000000000000e+05 7.189928309526324654e-03
1.182000000000000000e+05 6.280293739400810704e-03
1.183000000000000000e+05 5.786756672896443965e-03
1.184000000000000000e+05 5.312947339067846005e-03
1.185000000000000000e+05 4.975902196019890353e-03
1.186000000000000000e+05 4.651494398713115416e-03
1.187000000000000000e+05 4.456254562052588269e-03
1.188000000000000000e+05 4.284474551677701706e-03
1.189000000000000000e+05 4.215707029992094707e-03
1.190000000000000000e+05 4.147918056696657356e-03
1.191000000000000000e+05 4.069045674987138532e-03
1.192000000000000000e+05 3.986896245429909225e-03
1.193000000000000000e+05 3.796610271868610699e-03
1.194000000000000000e+05 3.609896204434344044e-03
1.195000000000000000e+05 3.457148563272012965e-03
1.196000000000000000e+05 3.313897812428575045e-03
1.197000000000000000e+05 3.482774272561068446e-03
1.198000000000000000e+05 3.647490904356002605e-03
1.199000000000000000e+05 4.231751866172979437e-03
