9.000000000000000000e+04 1.073718583211302757e-02
9.010000000000000000e+04 1.095026996297141474e-02
9.020000000000000000e+04 1.124757432999711274e-02
9.030000000000000000e+04 1.171236925758419901e-02
9.040000000000000000e+04 1.222443048531808400e-02
9.050000000000000000e+04 1.276209017572303012e-02
9.060000000000000000e+04 1.198603495955465753e-02
9.070000000000000000e+04 1.115886171969272811e-02
9.080000000000000000e+04 1.038954133167865543e-02
9.090000000000000000e+04 1.021924979053436509e-02
9.100000000000000000e+04 1.048711749414602337e-02
9.110000000000000000e+04 1.120172488813599501e-02
9.120000000000000000e+04 1.199008952826263047e-02
9.130000000000000000e+04 1.288896641694005536e-02
9.140000000000000000e+04 1.382345876346026403e-02
9.150000000000000000e+04 1.478876317851242697e-02
9.160000000000000000e+04 1.614909122387567925e-02
9.170000000000000000e+04 1.784486195382972706e-02
9.180000000000000000e+04 2.095491118729130714e-02
9.190000000000000000e+04 2.511010816320785946e-02
9.200000000000000000e+04 3.062044382095326089e-02
9.210000000000000000e+04 3.626358932815502284e-02
9.220000000000000000e+04 4.164363081256558519e-02
9.230000000000000000e+04 4.459994693597170434e-02
9.240000000000000000e+04 4.653373546898366409e-02
9.250000000000000000e+04 4.700915173937875863e-02
9.260000000000000000e+04 4.694734816749891043e-02
9.270000000000000000e+04 4.668225105851888518e-02
9.280000000000000000e+04 4.660514891147612970e-02
9.290000000000000000e+04 4.652631989369789001e-02
9.300000000000000000e+04 4.644425995647907812e-02
9.310000000000000000e+04 4.615256448586783217e-02
9.320000000000000000e+04 4.575052854915460238e-02
9.330000000000000000e+04 4.552286084741354044e-02
9.340000000000000000e+04 4.546587650974592831e-02
9.350000000000000000e+04 4.582225276778140177e-02
9.360000000000000000e+04 4.643780149519440015e-02
9.370000000000000000e+04 4.722133237868546274e-02
9.380000000000000000e+04 4.772350865105788598e-02
9.390000000000000000e+04 4.814076993614435640e-02
9.400000000000000000e+04 4.836084122459093082e-02
9.410000000000000000e+04 4.853992698093254760e-02
9.420000000000000000e+04 4.868555516004562100e-02
9.430000000000000000e+04 4.808831745137770453e-02
9.440000000000000000e+04 4.732468982537584024e-02
9.450000000000000000e+04 4.629546366631978604e-02
9.460000000000000000e+04 4.553887439270812298e-02
9.470000000000000000e+04 4.505100174496572130e-02
9.480000000000000000e+04 4.492475941777229753e-02
9.490000000000000000e+04 4.492242631812891351e-02
9.500000000000000000e+04 4.518608438471954231e-02
9.510000000000000000e+04 4.568448785692456882e-02
9.520000000000000000e+04 4.648384697735308269e-02
9.530000000000000000e+04 4.765629572172957323e-02
9.540000000000000000e+04 4.891687072813511589e-02
9.550000000000000000e+04 4.970184496293468535e-02
9.560000000000000000e+04 5.017356654008229416e-02
9.570000000000000000e+04 5.013643361628055545e-02
9.580000000000000000e+04 4.983339068790278159e-02
9.590000000000000000e+04 4.941207505762576502e-02
9.600000000000000000e+04 4.870666749775407617e-02
9.610000000000000000e+04 4.820489572981992432e-02
9.620000000000000000e+04 4.812261218825976405e-02
9.630000000000000000e+04 4.930162854492657620e-02
9.640000000000000000e+04 5.116562125583488246e-02
9.650000000000000000e+04 5.338752673317992414e-02
9.660000000000000000e+04 5.493374653160570942e-02
9.670000000000000000e+04 5.469076448430618131e-02
9.680000000000000000e+04 5.359355010092266280e-02
9.690000000000000000e+04 5.189096361398699842e-02
9.700000000000000000e+04 5.097603835165499808e-02
9.710000000000000000e+04 5.038218734165032797e-02
9.720000000000000000e+04 5.065960697829721693e-02
9.730000000000000000e+04 5.108431993673241689e-02
9.740000000000000000e+04 5.164065671463806406e-02
9.750000000000000000e+04 5.223665013909339905e-02
9.760000000000000000e+04 5.280371839801471789e-02
9.770000000000000000e+04 5.317617376645408095e-02
9.780000000000000000e+04 5.350388303399086776e-02
9.790000000000000000e+04 5.378151928385098424e-02
9.800000000000000000e+04 5.430904999375342490e-02
9.810000000000000000e+04 5.489912770688534782e-02
9.820000000000000000e+04 5.544225881497067548e-02
9.830000000000000000e+04 5.602268276115260348e-02
9.840000000000000000e+04 5.665551826357839715e-02
9.850000000000000000e+04 5.809620463599757950e-02
9.860000000000000000e+04 5.989443021516007576e-02
9.870000000000000000e+04 6.288292203098545807e-02
9.880000000000000000e+04 6.617664347092322430e-02
9.890000000000000000e+04 7.001259823640176849e-02
9.900000000000000000e+04 7.365856915712346020e-02
9.910000000000000000e+04 7.722043844560781689e-02
9.920000000000000000e+04 7.961918652057653478e-02
9.930000000000000000e+04 8.177380390465263660e-02
9.940000000000000000e+04 8.334472050269439714e-02
9.950000000000000000e+04 8.409863164027531202e-02
9.960000000000000000e+04 8.434748485684395725e-02
9.970000000000000000e+04 8.310837594171363585e-02
9.980000000000000000e+04 8.178656165798500743e-02
9.990000000000000000e+04 8.049498990178100000e-02
1.000000000000000000e+05 8.014415577054025130e-02
1.001000000000000000e+05 8.052340351045131350e-02
1.002000000000000000e+05 8.115585237741471114e-02
1.003000000000000000e+05 8.177061731616656892e-02
1.004000000000000000e+05 8.215925236543017429e-02
1.005000000000000000e+05 8.297444470226758573e-02
1.006000000000000000e+05 8.420671527584389082e-02
1.007000000000000000e+05 8.580278458694615140e-02
1.008000000000000000e+05 8.731693923473358987e-02
1.009000000000000000e+05 8.779383090635142772e-02
1.010000000000000000e+05 8.807067548235257559e-02
1.011000000000000000e+05 8.810246236622333582e-02
1.012000000000000000e+05 8.861786872148512406e-02
1.013000000000000000e+05 8.903716261188185377e-02
1.014000000000000000e+05 8.658100306987752404e-02
1.015000000000000000e+05 8.379310630261886661e-02
1.016000000000000000e+05 8.056017582615224160e-02
1.017000000000000000e+05 8.042293712496753622e-02
1.018000000000000000e+05 8.177134285370510347e-02
1.019000000000000000e+05 8.499795161187659320e-02
1.020000000000000000e+05 8.772652447223668049e-02
1.021000000000000000e+05 8.953559403618172041e-02
1.022000000000000000e+05 9.016764958699544086e-02
1.023000000000000000e+05 9.017061144113541760e-02
1.024000000000000000e+05 9.023199359575907741e-02
1.025000000000000000e+05 9.021783061325550079e-02
1.026000000000000000e+05 8.996613368391992438e-02
1.027000000000000000e+05 8.947438970208171360e-02
1.028000000000000000e+05 8.882587750752768407e-02
1.029000000000000000e+05 8.784743733704089563e-02
1.030000000000000000e+05 8.672094096740080860e-02
1.031000000000000000e+05 8.529907415310533647e-02
1.032000000000000000e+05 8.425192907452580537e-02
1.033000000000000000e+05 8.354032158851623646e-02
1.034000000000000000e+05 8.226675704121588772e-02
1.035000000000000000e+05 8.089647255837914552e-02
1.036000000000000000e+05 7.944539611538257995e-02
1.037000000000000000e+05 7.825102865695959808e-02
1.038000000000000000e+05 7.735666841268543092e-02
1.039000000000000000e+05 7.673627508183321344e-02
1.040000000000000000e+05 7.633292873700461834e-02
1.041000000000000000e+05 7.717545025050644159e-02
1.042000000000000000e+05 7.825483451286957548e-02
1.043000000000000000e+05 7.965211351712542243e-02
1.044000000000000000e+05 8.095956832170483897e-02
1.045000000000000000e+05 8.220638036727906384e-02
1.046000000000000000e+05 8.296027392148974666e-02
1.047000000000000000e+05 8.380156494677069856e-02
1.048000000000000000e+05 8.479116683204966642e-02
1.049000000000000000e+05 8.608840686579541379e-02
1.050000000000000000e+05 8.752685785293579102e-02
1.051000000000000000e+05 8.882313321034115972e-02
1.052000000000000000e+05 8.972773293654123794e-02
1.053000000000000000e+05 8.977903932332992332e-02
1.054000000000000000e+05 8.906846319635713938e-02
1.055000000000000000e+05 8.790052893261116052e-02
1.056000000000000000e+05 8.793301597237587752e-02
1.057000000000000000e+05 8.831652919451399297e-02
1.058000000000000000e+05 8.948450764020279835e-02
1.059000000000000000e+05 9.004079490900039617e-02
1.060000000000000000e+05 9.017018725474676422e-02
1.061000000000000000e+05 8.876814996202786467e-02
1.062000000000000000e+05 8.717809766530985882e-02
1.063000000000000000e+05 8.565260758002589403e-02
1.064000000000000000e+05 8.539739693204566329e-02
1.065000000000000000e+05 8.635799475014208082e-02
1.066000000000000000e+05 8.925001874566076965e-02
1.067000000000000000e+05 9.242330620686217690e-02
1.068000000000000000e+05 9.488619357347477523e-02
1.069000000000000000e+05 9.662141583859915062e-02
1.070000000000000000e+05 9.752158299088474480e-02
1.071000000000000000e+05 9.909109883010384923e-02
1.072000000000000000e+05 1.008736593524615366e-01
1.073000000000000000e+05 1.028489044060310609e-01
1.074000000000000000e+05 1.036418111622333244e-01
1.075000000000000000e+05 1.027284134179353992e-01
1.076000000000000000e+05 1.007190113763015010e-01
1.077000000000000000e+05 9.826954491436480643e-02
1.078000000000000000e+05 9.638281067212416120e-02
1.079000000000000000e+05 9.418300084769717917e-02
1.080000000000000000e+05 9.139743670821198762e-02
1.081000000000000000e+05 8.903682745993143910e-02
1.082000000000000000e+05 8.707850702106952057e-02
1.083000000000000000e+05 8.740639358758928168e-02
1.084000000000000000e+05 8.833356147011131587e-02
1.085000000000000000e+05 9.017472515503580088e-02
1.086000000000000000e+05 9.222963005304347928e-02
1.087000000000000000e+05 9.442307092249391243e-02
1.088000000000000000e+05 9.738952140013380776e-02
1.089000000000000000e+05 1.004889647662640245e-01
1.090000000000000000e+05 1.036545502642789163e-01
1.091000000000000000e+05 1.053615142653385461e-01
1.092000000000000000e+05 1.058738543093204337e-01
1.093000000000000000e+05 1.041211577256520582e-01
1.094000000000000000e+05 1.020227457086244627e-01
1.095000000000000000e+05 9.976232051849351357e-02
1.096000000000000000e+05 9.742188185453404259e-02
1.097000000000000000e+05 9.499961122870448360e-02
1.098000000000000000e+05 9.299410820007325551e-02
1.099000000000000000e+05 9.117359062035877704e-02
1.100000000000000000e+05 8.985743547479319027e-02
1.101000000000000000e+05 8.828841529786599085e-02
1.102000000000000000e+05 8.642653857668247674e-02
1.103000000000000000e+05 8.384790445367498735e-02
1.104000000000000000e+05 8.107621401548383011e-02
1.105000000000000000e+05 7.902990877628318644e-02
1.106000000000000000e+05 7.766594494382539349e-02
1.107000000000000000e+05 7.737807311117650411e-02
1.108000000000000000e+05 7.769783144195872848e-02
1.109000000000000000e+05 7.828549357752005722e-02
1.110000000000000000e+05 7.963927090168003431e-02
1.111000000000000000e+05 8.093346491456035463e-02
1.112000000000000000e+05 8.210438311100001774e-02
1.113000000000000000e+05 8.274200692772865073e-02
1.114000000000000000e+05 8.308023740847905736e-02
1.115000000000000000e+05 8.350999864439170861e-02
1.116000000000000000e+05 8.351995930075639674e-02
1.117000000000000000e+05 8.239396673937637861e-02
1.118000000000000000e+05 8.042595967650401079e-02
1.119000000000000000e+05 7.801113337278367532e-02
1.120000000000000000e+05 7.900559852520626369e-02
1.121000000000000000e+05 8.130576671411600398e-02
1.122000000000000000e+05 8.620890870690325891e-02
1.123000000000000000e+05 8.936934831241757915e-02
1.124000000000000000e+05 9.093845685323075079e-02
1.125000000000000000e+05 8.963983319699764252e-02
1.126000000000000000e+05 8.812823335329691976e-02
1.127000000000000000e+05 8.846024282276632178e-02
1.128000000000000000e+05 8.910129740834239753e-02
1.129000000000000000e+05 9.007291818658508253e-02
1.130000000000000000e+05 8.985054641962052224e-02
1.131000000000000000e+05 8.909521259367464419e-02
1.132000000000000000e+05 8.650493035713843759e-02
1.133000000000000000e+05 8.460015304386622748e-02
1.134000000000000000e+05 8.370178356766705408e-02
1.135000000000000000e+05 8.273983846108121099e-02
1.136000000000000000e+05 8.185392354925474789e-02
1.137000000000000000e+05 8.265939980745318216e-02
1.138000000000000000e+05 8.382535745700206431e-02
1.139000000000000000e+05 8.562456006805096997e-02
1.140000000000000000e+05 8.628255575895309171e-02
1.141000000000000000e+05 8.640452904005846424e-02
1.142000000000000000e+05 8.597088798880575533e-02
1.143000000000000000e+05 8.579289950430393774e-02
1.144000000000000000e+05 8.618436957399049081e-02
1.145000000000000000e+05 8.526556367675469650e-02
1.146000000000000000e+05 8.353129640221597374e-02
1.147000000000000000e+05 8.207853135963277813e-02
1.148000000000000000e+05 8.108464886744819189e-02
1.149000000000000000e+05 8.156928114593031687e-02
1.150000000000000000e+05 8.176114037632942200e-02
1.151000000000000000e+05 8.172463662922382910e-02
1.152000000000000000e+05 8.202014893293380071e-02
1.153000000000000000e+05 8.293722723921145845e-02
1.154000000000000000e+05 8.628851215044643086e-02
1.155000000000000000e+05 8.957183882594089985e-02
1.156000000000000000e+05 9.278871744871129701e-02
1.157000000000000000e+05 9.373872513572374665e-02
1.158000000000000000e+05 9.435166329145436293e-02
1.159000000000000000e+05 9.592285849154003063e-02
1.160000000000000000e+05 9.819609100619965114e-02
1.161000000000000000e+05 1.015771093964576016e-01
1.162000000000000000e+05 1.015309616426627037e-01
1.163000000000000000e+05 1.000279110421736506e-01
1.164000000000000000e+05 9.571031883358938064e-02
1.165000000000000000e+05 9.142367541789994667e-02
1.166000000000000000e+05 8.716676160693179187e-02
1.167000000000000000e+05 8.200702652335178922e-02
1.168000000000000000e+05 7.641887386639908963e-02
1.169000000000000000e+05 6.844326766828659481e-02
1.170000000000000000e+05 6.040033530443883469e-02
1.171000000000000000e+05 5.231820983191355634e-02
1.172000000000000000e+05 4.584577125807591524e-02
1.173000000000000000e+05 4.062433237209910064e-02
1.174000000000000000e+05 3.672010987997056941e-02
1.175000000000000000e+05 3.159020468592670106e-02
1.176000000000000000e+05 2.500555127859137305e-02
1.177000000000000000e+05 1.866446192531548420e-02
1.178000000000000000e+05 1.324260620400329394e-02
1.179000000000000000e+05 1.071051290724431282e-02
1.180000000000000000e+05 9.011738374829290910e-03
1.181000000000000000e+05 8.272912598525488173e-03
1.182000000000000000e+05 7.742451671510902460e-03
1.183000000000000000e+05 7.040611693325151202e-03
1.184000000000000000e+05 6.505999052897094848e-03
1.185000000000000000e+05 6.036317721009249945e-03
1.186000000000000000e+05 5.723708383739008546e-03
1.187000000000000000e+05 5.495655944881348842e-03
1.188000000000000000e+05 5.358059722930197562e-03
1.189000000000000000e+05 5.330149719181160109e-03
1.190000000000000000e+05 5.335247780506809784e-03
1.191000000000000000e+05 5.358224073424936243e-03
1.192000000000000000e+05 5.254388554021705710e-03
1.193000000000000000e+05 4.984718755198028206e-03
1.194000000000000000e+05 4.596749646589167425e-03
1.195000000000000000e+05 4.181936837267128705e-03
1.196000000000000000e+05 3.995455962916208761e-03
1.197000000000000000e+05 3.996227451134483702e-03
1.198000000000000000e+05 4.298383239656679289e-03
1.199000000000000000e+05 5.075318894038570276e-03
