9.000000000000000000e+04 9.048324078321456909e-03
9.010000000000000000e+04 9.151712357997892830e-03
9.020000000000000000e+04 9.257651530206198812e-03
9.030000000000000000e+04 1.000337697565555940e-02
9.040000000000000000e+04 1.079040713608264354e-02
9.050000000000000000e+04 1.085204699387153082e-02
9.060000000000000000e+04 1.083866145461797638e-02
9.070000000000000000e+04 1.004845062891642632e-02
9.080000000000000000e+04 9.179370291531107479e-03
9.090000000000000000e+04 9.246860221028319754e-03
9.100000000000000000e+04 9.431143477559076824e-03
9.110000000000000000e+04 1.019571397453544227e-02
9.120000000000000000e+04 1.104385074228050184e-02
9.130000000000000000e+04 1.194893726458153352e-02
9.140000000000000000e+04 1.286476061989863008e-02
9.150000000000000000e+04 1.389000806957480308e-02
9.160000000000000000e+04 1.493681263178581707e-02
9.170000000000000000e+04 1.661448158323761831e-02
9.180000000000000000e+04 1.846924476325518399e-02
9.190000000000000000e+04 2.198771520828207010e-02
9.200000000000000000e+04 2.598957531154159548e-02
9.210000000000000000e+04 3.007936848327511306e-02
9.220000000000000000e+04 3.416502967476864328e-02
9.230000000000000000e+04 3.649319539467493073e-02
9.240000000000000000e+04 3.815017908811576403e-02
9.250000000000000000e+04 3.854356830318768357e-02
9.260000000000000000e+04 3.848475133379300472e-02
9.270000000000000000e+04 3.835114344954490551e-02
9.280000000000000000e+04 3.821826174855233460e-02
9.290000000000000000e+04 3.818792765339215634e-02
9.300000000000000000e+04 3.822912946343422214e-02
9.310000000000000000e+04 3.819114740937948338e-02
9.320000000000000000e+04 3.812483454744021449e-02
9.330000000000000000e+04 3.818401616066693927e-02
9.340000000000000000e+04 3.832022994756698747e-02
9.350000000000000000e+04 3.861789306004841105e-02
9.360000000000000000e+04 3.902653247117995883e-02
9.370000000000000000e+04 3.946483116596936208e-02
9.380000000000000000e+04 3.996281703313192546e-02
9.390000000000000000e+04 4.036804467439653044e-02
9.400000000000000000e+04 4.070120900869370062e-02
9.410000000000000000e+04 4.098285719752311346e-02
9.420000000000000000e+04 4.123847350478172108e-02
9.430000000000000000e+04 4.128981853524844176e-02
9.440000000000000000e+04 4.118127807974816118e-02
9.450000000000000000e+04 4.106954447925090929e-02
9.460000000000000000e+04 4.104730874300003413e-02
9.470000000000000000e+04 4.105170208960770561e-02
9.480000000000000000e+04 4.114903673529624745e-02
9.490000000000000000e+04 4.125492965181667970e-02
9.500000000000000000e+04 4.136366521318753098e-02
9.510000000000000000e+04 4.151131004095076626e-02
9.520000000000000000e+04 4.168559690316517991e-02
9.530000000000000000e+04 4.187309528390566887e-02
9.540000000000000000e+04 4.206648640334607198e-02
9.550000000000000000e+04 4.221024140715599199e-02
9.560000000000000000e+04 4.216138407588004844e-02
9.570000000000000000e+04 4.203786507248880033e-02
9.580000000000000000e+04 4.165641436974207301e-02
9.590000000000000000e+04 4.121304646134373723e-02
9.600000000000000000e+04 4.065903350710868558e-02
9.610000000000000000e+04 4.024538355569044767e-02
9.620000000000000000e+04 4.027243241667747414e-02
9.630000000000000000e+04 4.068291634321209022e-02
9.640000000000000000e+04 4.212090546886124859e-02
9.650000000000000000e+04 4.356963119159140002e-02
9.660000000000000000e+04 4.470116674900059817e-02
9.670000000000000000e+04 4.537576414644720058e-02
9.680000000000000000e+04 4.517098411917686018e-02
9.690000000000000000e+04 4.486804701387882288e-02
9.700000000000000000e+04 4.457834412654242129e-02
9.710000000000000000e+04 4.432229936122894509e-02
9.720000000000000000e+04 4.421217888593673845e-02
9.730000000000000000e+04 4.415485281497240344e-02
9.740000000000000000e+04 4.426940585176149939e-02
9.750000000000000000e+04 4.439480230212211609e-02
9.760000000000000000e+04 4.443653628230094521e-02
9.770000000000000000e+04 4.446389406919479259e-02
9.780000000000000000e+04 4.443545669317245511e-02
9.790000000000000000e+04 4.447102233767509516e-02
9.800000000000000000e+04 4.481666907668110933e-02
9.810000000000000000e+04 4.524475667625665193e-02
9.820000000000000000e+04 4.574358175198238452e-02
9.830000000000000000e+04 4.621010870983204011e-02
9.840000000000000000e+04 4.673975840210913696e-02
9.850000000000000000e+04 4.747651740908620521e-02
9.860000000000000000e+04 4.872837968170631168e-02
9.870000000000000000e+04 5.034163579344749784e-02
9.880000000000000000e+04 5.281908666094148330e-02
9.890000000000000000e+04 5.567929625511167102e-02
9.900000000000000000e+04 5.870134383440009374e-02
9.910000000000000000e+04 6.146856188774094815e-02
9.920000000000000000e+04 6.341008961200718386e-02
9.930000000000000000e+04 6.499109193682676977e-02
9.940000000000000000e+04 6.598110914230348456e-02
9.950000000000000000e+04 6.669469028711319525e-02
9.960000000000000000e+04 6.671415537595749845e-02
9.970000000000000000e+04 6.637548406918844512e-02
9.980000000000000000e+04 6.571864893039069955e-02
9.990000000000000000e+04 6.513461083173752164e-02
1.000000000000000000e+05 6.542876611153289335e-02
1.001000000000000000e+05 6.621119439601891310e-02
1.002000000000000000e+05 6.720356762409207541e-02
1.003000000000000000e+05 6.786220220228036948e-02
1.004000000000000000e+05 6.833007454872132291e-02
1.005000000000000000e+05 6.895976290106771434e-02
1.006000000000000000e+05 7.004823411504429442e-02
1.007000000000000000e+05 7.133329480886459184e-02
1.008000000000000000e+05 7.226179987192149490e-02
1.009000000000000000e+05 7.259148766597112168e-02
1.010000000000000000e+05 7.242703959345817011e-02
1.011000000000000000e+05 7.224992096424101562e-02
1.012000000000000000e+05 7.243177771568297396e-02
1.013000000000000000e+05 7.238530228535335065e-02
1.014000000000000000e+05 7.059824317693697004e-02
1.015000000000000000e+05 6.770575307309646684e-02
1.016000000000000000e+05 6.562744557857511096e-02
1.017000000000000000e+05 6.505844436585898893e-02
1.018000000000000000e+05 6.662704547246284248e-02
1.019000000000000000e+05 6.917347729206066442e-02
1.020000000000000000e+05 7.142155766487121027e-02
1.021000000000000000e+05 7.258446335792541337e-02
1.022000000000000000e+05 7.297089854876201431e-02
1.023000000000000000e+05 7.259717136621475497e-02
1.024000000000000000e+05 7.229318718115489151e-02
1.025000000000000000e+05 7.212111353874206543e-02
1.026000000000000000e+05 7.187529921531678190e-02
1.027000000000000000e+05 7.154936641454696933e-02
1.028000000000000000e+05 7.124465058247246574e-02
1.029000000000000000e+05 7.073029965162276611e-02
1.030000000000000000e+05 6.990086138248444159e-02
1.031000000000000000e+05 6.857176251709463932e-02
1.032000000000000000e+05 6.765606582164765403e-02
1.033000000000000000e+05 6.713728725910185491e-02
1.034000000000000000e+05 6.655136669675512651e-02
1.035000000000000000e+05 6.574711203575131502e-02
1.036000000000000000e+05 6.498671482006712630e-02
1.037000000000000000e+05 6.439416565001010451e-02
1.038000000000000000e+05 6.392761781811714950e-02
1.039000000000000000e+05 6.353827729821205639e-02
1.040000000000000000e+05 6.333028475443529259e-02
1.041000000000000000e+05 6.389746055006978454e-02
1.042000000000000000e+05 6.506542931000394714e-02
1.043000000000000000e+05 6.628786434729894150e-02
1.044000000000000000e+05 6.743921488523477170e-02
1.045000000000000000e+05 6.847897010544934382e-02
1.046000000000000000e+05 6.918450951576228525e-02
1.047000000000000000e+05 6.977894514799118375e-02
1.048000000000000000e+05 7.073424726724618361e-02
1.049000000000000000e+05 7.185200244188311158e-02
1.050000000000000000e+05 7.316093519330024719e-02
1.051000000000000000e+05 7.441550508141507592e-02
1.052000000000000000e+05 7.524664213260014167e-02
1.053000000000000000e+05 7.526224762201312590e-02
1.054000000000000000e+05 7.454937453071278086e-02
1.055000000000000000e+05 7.357753713925677119e-02
1.056000000000000000e+05 7.324614375829698043e-02
1.057000000000000000e+05 7.388755053281782781e-02
1.058000000000000000e+05 7.496123979489005551e-02
1.059000000000000000e+05 7.564027190208433282e-02
1.060000000000000000e+05 7.565506249666215099e-02
1.061000000000000000e+05 7.468205591042841041e-02
1.062000000000000000e+05 7.311229467391963666e-02
1.063000000000000000e+05 7.158917327721911472e-02
1.064000000000000000e+05 7.104985147714615312e-02
1.065000000000000000e+05 7.187323644757272201e-02
1.066000000000000000e+05 7.422779957453398691e-02
1.067000000000000000e+05 7.695453981558478262e-02
1.068000000000000000e+05 7.924473881721491586e-02
1.069000000000000000e+05 8.071616689364118080e-02
1.070000000000000000e+05 8.161858667929967892e-02
1.071000000000000000e+05 8.272526234388349886e-02
1.072000000000000000e+05 8.441601832707726349e-02
1.073000000000000000e+05 8.610470434029895981e-02
1.074000000000000000e+05 8.693000674247747250e-02
1.075000000000000000e+05 8.636673167347908020e-02
1.076000000000000000e+05 8.462643971045806512e-02
1.077000000000000000e+05 8.292539611458796256e-02
1.078000000000000000e+05 8.129357129335405829e-02
1.079000000000000000e+05 7.938532605767255335e-02
1.080000000000000000e+05 7.680903375148757928e-02
1.081000000000000000e+05 7.433282427489748545e-02
1.082000000000000000e+05 7.293104976415626384e-02
1.083000000000000000e+05 7.257574379444124701e-02
1.084000000000000000e+05 7.343702604373296416e-02
1.085000000000000000e+05 7.484289916853113789e-02
1.086000000000000000e+05 7.656988739967333923e-02
1.087000000000000000e+05 7.846266431113077533e-02
1.088000000000000000e+05 8.087184945742284525e-02
1.089000000000000000e+05 8.360997289419153100e-02
1.090000000000000000e+05 8.630564436316497112e-02
1.091000000000000000e+05 8.816632598638535212e-02
1.092000000000000000e+05 8.840507447719568590e-02
1.093000000000000000e+05 8.741952406863370828e-02
1.094000000000000000e+05 8.576971630255392220e-02
1.095000000000000000e+05 8.393580466508877846e-02
1.096000000000000000e+05 8.185721596082053131e-02
1.097000000000000000e+05 7.974616328875221150e-02
1.098000000000000000e+05 7.784364923834795336e-02
1.099000000000000000e+05 7.616496841112775640e-02
1.100000000000000000e+05 7.490972926219298389e-02
1.101000000000000000e+05 7.359047919511803315e-02
1.102000000000000000e+05 7.177758971850076164e-02
1.103000000000000000e+05 6.948430903255954638e-02
1.104000000000000000e+05 6.693425118923183870e-02
1.105000000000000000e+05 6.472042053937915318e-02
1.106000000000000000e+05 6.359973579645156194e-02
1.107000000000000000e+05 6.306675575673578726e-02
1.108000000000000000e+05 6.332795302073163102e-02
1.109000000000000000e+05 6.384045638144011936e-02
1.110000000000000000e+05 6.487900763750079070e-02
1.111000000000000000e+05 6.612751503785452289e-02
1.112000000000000000e+05 6.700886696577065815e-02
1.113000000000000000e+05 6.761873885989187760e-02
1.114000000000000000e+05 6.791568378607432122e-02
1.115000000000000000e+05 6.820269674062727494e-02
1.116000000000000000e+05 6.815315663814544567e-02
1.117000000000000000e+05 6.759297798077258668e-02
1.118000000000000000e+05 6.542111198107400383e-02
1.119000000000000000e+05 6.347591318190094756e-02
1.120000000000000000e+05 6.411767701307935496e-02
1.121000000000000000e+05 6.599750421941258383e-02
1.122000000000000000e+05 7.009566619992245451e-02
1.123000000000000000e+05 7.377331987023355575e-02
1.124000000000000000e+05 7.410065859556197454e-02
1.125000000000000000e+05 7.364058494567871094e-02
1.126000000000000000e+05 7.291046713789303690e-02
1.127000000000000000e+05 7.238509108622871724e-02
1.128000000000000000e+05 7.318014472723001484e-02
1.129000000000000000e+05 7.407447325686609962e-02
1.130000000000000000e+05 7.377254615227382684e-02
1.131000000000000000e+05 7.304126977920530339e-02
1.132000000000000000e+05 7.133923649787900223e-02
1.133000000000000000e+05 6.935705900192265516e-02
1.134000000000000000e+05 6.840063214302066763e-02
1.135000000000000000e+05 6.758909237881499665e-02
1.136000000000000000e+05 6.715171575546263760e-02
1.137000000000000000e+05 6.695137530565260786e-02
1.138000000000000000e+05 6.821538279453902287e-02
1.139000000000000000e+05 6.979944050312041071e-02
1.140000000000000000e+05 7.023486495018005371e-02
1.141000000000000000e+05 7.009804129600524791e-02
1.142000000000000000e+05 7.004895160595575598e-02
1.143000000000000000e+05 7.036573395133018105e-02
1.144000000000000000e+05 7.017896314462024332e-02
1.145000000000000000e+05 6.966942660510550001e-02
1.146000000000000000e+05 6.828348517417909269e-02
1.147000000000000000e+05 6.649153004089997099e-02
1.148000000000000000e+05 6.602064043283462080e-02
1.149000000000000000e+05 6.626432299613953247e-02
1.150000000000000000e+05 6.640431781609852646e-02
1.151000000000000000e+05 6.642124225695927864e-02
1.152000000000000000e+05 6.679640918970108920e-02
1.153000000000000000e+05 6.768612414598464133e-02
1.154000000000000000e+05 7.017124881347025500e-02
1.155000000000000000e+05 7.371816635131857309e-02
1.156000000000000000e+05 7.595808098713555112e-02
1.157000000000000000e+05 7.692707046866416321e-02
1.158000000000000000e+05 7.771835863590241533e-02
1.159000000000000000e+05 7.871683302024996831e-02
1.160000000000000000e+05 8.064503570397689447e-02
1.161000000000000000e+05 8.354018837213524062e-02
1.162000000000000000e+05 8.413667162259433341e-02
1.163000000000000000e+05 8.194671144088126746e-02
1.164000000000000000e+05 7.901951581239727296e-02
1.165000000000000000e+05 7.521933863560366362e-02
1.166000000000000000e+05 7.130217880010605858e-02
1.167000000000000000e+05 6.727250128984460509e-02
1.168000000000000000e+05 6.234010229508040596e-02
1.169000000000000000e+05 5.614084328214367231e-02
1.170000000000000000e+05 4.981777667999304909e-02
1.171000000000000000e+05 4.330363293488825177e-02
1.172000000000000000e+05 3.796766996383661719e-02
1.173000000000000000e+05 3.442719321697965823e-02
1.174000000000000000e+05 3.060560138275231212e-02
1.175000000000000000e+05 2.574881166219734202e-02
1.176000000000000000e+05 2.059696152806310410e-02
1.177000000000000000e+05 1.447069993863500832e-02
1.178000000000000000e+05 9.761315453797533848e-03
1.179000000000000000e+05 8.400913216173632250e-03
1.180000000000000000e+05 7.164077678074444282e-03
1.181000000000000000e+05 6.662861149137253719e-03
1.182000000000000000e+05 6.132512483745829537e-03
1.183000000000000000e+05 5.578840688491857984e-03
1.184000000000000000e+05 5.081124672045290308e-03
1.185000000000000000e+05 4.691895237192523181e-03
1.186000000000000000e+05 4.350322118649887874e-03
1.187000000000000000e+05 4.167744504908722607e-03
1.188000000000000000e+05 4.014439117163418579e-03
1.189000000000000000e+05 3.968750598529973035e-03
1.190000000000000000e+05 3.936785211165747152e-03
1.191000000000000000e+05 3.955846689641476580e-03
1.192000000000000000e+05 3.940486324330162542e-03
1.193000000000000000e+05 3.626475961258012956e-03
1.194000000000000000e+05 3.317463416606193649e-03
1.195000000000000000e+05 3.000334789976490373e-03
1.196000000000000000e+05 2.702029288435972045e-03
1.197000000000000000e+05 2.766183344647287889e-03
1.198000000000000000e+05 2.847188642869425291e-03
1.199000000000000000e+05 3.614397037308636311e-03
