9.000000000000000000e+04 7.991142570972442627e-03
9.010000000000000000e+04 8.276648246683185328e-03
9.020000000000000000e+04 8.561869108428578345e-03
9.030000000000000000e+04 9.011845514178279046e-03
9.040000000000000000e+04 9.430526377012332651e-03
9.050000000000000000e+04 9.429584179694453297e-03
9.060000000000000000e+04 9.381888415664424441e-03
9.070000000000000000e+04 8.838577838614587734e-03
9.080000000000000000e+04 8.339248336851595722e-03
9.090000000000000000e+04 8.382759392261504572e-03
9.100000000000000000e+04 8.487136041124649852e-03
9.110000000000000000e+04 9.063046112035722662e-03
9.120000000000000000e+04 9.672454148530943221e-03
9.130000000000000000e+04 1.050457687427599346e-02
9.140000000000000000e+04 1.136947819342212958e-02
9.150000000000000000e+04 1.245275309775022675e-02
9.160000000000000000e+04 1.365297619253397904e-02
9.170000000000000000e+04 1.550409881398087143e-02
9.180000000000000000e+04 1.766249774023900473e-02
9.190000000000000000e+04 2.120851679394653716e-02
9.200000000000000000e+04 2.490108218044030305e-02
9.210000000000000000e+04 2.904873750172552033e-02
9.220000000000000000e+04 3.284653176863992080e-02
9.230000000000000000e+04 3.531697946911055430e-02
9.240000000000000000e+04 3.728884197771547421e-02
9.250000000000000000e+04 3.791788686066867309e-02
9.260000000000000000e+04 3.833719097077846472e-02
9.270000000000000000e+04 3.834843210875987785e-02
9.280000000000000000e+04 3.834444299340247775e-02
9.290000000000000000e+04 3.834943591927488654e-02
9.300000000000000000e+04 3.832823038101196289e-02
9.310000000000000000e+04 3.824206665158271651e-02
9.320000000000000000e+04 3.817582679291565972e-02
9.330000000000000000e+04 3.815535588189959693e-02
9.340000000000000000e+04 3.824596606194972936e-02
9.350000000000000000e+04 3.854408984382946129e-02
9.360000000000000000e+04 3.892488457262517632e-02
9.370000000000000000e+04 3.943495926757654979e-02
9.380000000000000000e+04 3.989509265869856797e-02
9.390000000000000000e+04 4.022293429821729993e-02
9.400000000000000000e+04 4.052451588213444589e-02
9.410000000000000000e+04 4.077933625628551301e-02
9.420000000000000000e+04 4.088237840682268365e-02
9.430000000000000000e+04 4.077197182923555235e-02
9.440000000000000000e+04 4.049582677582899692e-02
9.450000000000000000e+04 4.016112703830004849e-02
9.460000000000000000e+04 3.989246727277835636e-02
9.470000000000000000e+04 3.974230106920004224e-02
9.480000000000000000e+04 3.970039688050746446e-02
9.490000000000000000e+04 3.975689106310408005e-02
9.500000000000000000e+04 3.990263398736715317e-02
9.510000000000000000e+04 4.015550425276158408e-02
9.520000000000000000e+04 4.055463361243406839e-02
9.530000000000000000e+04 4.106443510080377834e-02
9.540000000000000000e+04 4.154417403042317408e-02
9.550000000000000000e+04 4.196368064731359482e-02
9.560000000000000000e+04 4.208775339027245876e-02
9.570000000000000000e+04 4.207313427701592223e-02
9.580000000000000000e+04 4.183178525418043692e-02
9.590000000000000000e+04 4.148148999859890829e-02
9.600000000000000000e+04 4.109447039663792489e-02
9.610000000000000000e+04 4.077307013794779361e-02
9.620000000000000000e+04 4.092846810817718506e-02
9.630000000000000000e+04 4.158581810072065066e-02
9.640000000000000000e+04 4.280639665822193879e-02
9.650000000000000000e+04 4.418258480727670079e-02
9.660000000000000000e+04 4.507273118942975443e-02
9.670000000000000000e+04 4.548921791836621487e-02
9.680000000000000000e+04 4.522471472620964716e-02
9.690000000000000000e+04 4.474413255229592323e-02
9.700000000000000000e+04 4.430368424703676894e-02
9.710000000000000000e+04 4.402076080441473527e-02
9.720000000000000000e+04 4.396889567375182606e-02
9.730000000000000000e+04 4.405435924107829748e-02
9.740000000000000000e+04 4.426768779754639005e-02
9.750000000000000000e+04 4.454376921057700417e-02
9.760000000000000000e+04 4.478427636126676437e-02
9.770000000000000000e+04 4.499917687848210834e-02
9.780000000000000000e+04 4.518940873444080020e-02
9.790000000000000000e+04 4.544135826329390171e-02
9.800000000000000000e+04 4.584366095562776577e-02
9.810000000000000000e+04 4.630693405866623258e-02
9.820000000000000000e+04 4.683426042397814681e-02
9.830000000000000000e+04 4.739750742912288844e-02
9.840000000000000000e+04 4.816552802920338189e-02
9.850000000000000000e+04 4.912548987194896577e-02
9.860000000000000000e+04 5.064339632789294915e-02
9.870000000000000000e+04 5.260365910828118663e-02
9.880000000000000000e+04 5.515619359910486907e-02
9.890000000000000000e+04 5.801330406218750679e-02
9.900000000000000000e+04 6.086695268750176580e-02
9.910000000000000000e+04 6.354554723327343613e-02
9.920000000000000000e+04 6.562918658057848020e-02
9.930000000000000000e+04 6.738497085869307734e-02
9.940000000000000000e+04 6.850756970544655267e-02
9.950000000000000000e+04 6.926569640636444369e-02
9.960000000000000000e+04 6.938062608242032137e-02
9.970000000000000000e+04 6.902056902647016323e-02
9.980000000000000000e+04 6.838375950853026186e-02
9.990000000000000000e+04 6.789626576006413394e-02
1.000000000000000000e+05 6.787516797582307526e-02
1.001000000000000000e+05 6.820638916144769470e-02
1.002000000000000000e+05 6.882473558187485185e-02
1.003000000000000000e+05 6.935614754756291855e-02
1.004000000000000000e+05 6.989029457171758164e-02
1.005000000000000000e+05 7.057109195739032226e-02
1.006000000000000000e+05 7.160364692409834642e-02
1.007000000000000000e+05 7.277688177923369306e-02
1.008000000000000000e+05 7.370245635509492521e-02
1.009000000000000000e+05 7.426307495683430460e-02
1.010000000000000000e+05 7.444389884670574165e-02
1.011000000000000000e+05 7.453604042530059814e-02
1.012000000000000000e+05 7.456529890497524959e-02
1.013000000000000000e+05 7.420836659769217136e-02
1.014000000000000000e+05 7.282983891665942289e-02
1.015000000000000000e+05 7.077223608891164419e-02
1.016000000000000000e+05 6.906961828470231657e-02
1.017000000000000000e+05 6.881715916097166930e-02
1.018000000000000000e+05 6.988555024067560906e-02
1.019000000000000000e+05 7.170233750094964775e-02
1.020000000000000000e+05 7.346469834446894831e-02
1.021000000000000000e+05 7.481236800551410715e-02
1.022000000000000000e+05 7.535792775452138104e-02
1.023000000000000000e+05 7.555662281811237335e-02
1.024000000000000000e+05 7.555790921052296660e-02
1.025000000000000000e+05 7.550767064094543457e-02
1.026000000000000000e+05 7.526220247149467690e-02
1.027000000000000000e+05 7.490971684455874358e-02
1.028000000000000000e+05 7.446826140085857637e-02
1.029000000000000000e+05 7.386668473482130293e-02
1.030000000000000000e+05 7.290844259162740371e-02
1.031000000000000000e+05 7.181202066441372267e-02
1.032000000000000000e+05 7.101706489920617260e-02
1.033000000000000000e+05 7.020994797348978356e-02
1.034000000000000000e+05 6.934983802338443026e-02
1.035000000000000000e+05 6.842604205012317586e-02
1.036000000000000000e+05 6.752720738450684879e-02
1.037000000000000000e+05 6.678996626287697636e-02
1.038000000000000000e+05 6.624316178262235066e-02
1.039000000000000000e+05 6.579907347758612302e-02
1.040000000000000000e+05 6.572462990880012512e-02
1.041000000000000000e+05 6.609447017312047867e-02
1.042000000000000000e+05 6.698350943624967191e-02
1.043000000000000000e+05 6.800430074334140595e-02
1.044000000000000000e+05 6.903222933411595763e-02
1.045000000000000000e+05 7.003735092779000970e-02
1.046000000000000000e+05 7.082258405784767896e-02
1.047000000000000000e+05 7.163817159831524506e-02
1.048000000000000000e+05 7.258047054211298754e-02
1.049000000000000000e+05 7.368701318899792407e-02
1.050000000000000000e+05 7.483214139938354492e-02
1.051000000000000000e+05 7.587675211330255354e-02
1.052000000000000000e+05 7.658064171671866149e-02
1.053000000000000000e+05 7.675156716257333644e-02
1.054000000000000000e+05 7.633128754794597792e-02
1.055000000000000000e+05 7.581419423222540699e-02
1.056000000000000000e+05 7.571218714118004012e-02
1.057000000000000000e+05 7.604412709673244453e-02
1.058000000000000000e+05 7.667831726372240086e-02
1.059000000000000000e+05 7.716062493622304064e-02
1.060000000000000000e+05 7.705266475677491345e-02
1.061000000000000000e+05 7.637136023491622461e-02
1.062000000000000000e+05 7.535633079707623749e-02
1.063000000000000000e+05 7.433532148599625300e-02
1.064000000000000000e+05 7.416790276765823642e-02
1.065000000000000000e+05 7.501370236277576931e-02
1.066000000000000000e+05 7.689751940468944613e-02
1.067000000000000000e+05 7.913676790893073298e-02
1.068000000000000000e+05 8.111846879124631760e-02
1.069000000000000000e+05 8.272299627463020055e-02
1.070000000000000000e+05 8.394641652703282997e-02
1.071000000000000000e+05 8.519917130470272548e-02
1.072000000000000000e+05 8.671177099148437428e-02
1.073000000000000000e+05 8.805182478080193775e-02
1.074000000000000000e+05 8.849598258733747114e-02
1.075000000000000000e+05 8.805529400706293974e-02
1.076000000000000000e+05 8.677215322852135926e-02
1.077000000000000000e+05 8.518046859651812186e-02
1.078000000000000000e+05 8.350426820417250484e-02
1.079000000000000000e+05 8.155595822880667978e-02
1.080000000000000000e+05 7.941496223211289007e-02
1.081000000000000000e+05 7.744129529843730986e-02
1.082000000000000000e+05 7.614827960729597667e-02
1.083000000000000000e+05 7.593195080757139670e-02
1.084000000000000000e+05 7.656791031360625499e-02
1.085000000000000000e+05 7.777325840046012129e-02
1.086000000000000000e+05 7.943376131355758818e-02
1.087000000000000000e+05 8.133019685745235261e-02
1.088000000000000000e+05 8.362291778127348141e-02
1.089000000000000000e+05 8.612962439656249303e-02
1.090000000000000000e+05 8.841674377520875039e-02
1.091000000000000000e+05 8.997254776457945524e-02
1.092000000000000000e+05 9.030077978968620300e-02
1.093000000000000000e+05 8.948760827382404304e-02
1.094000000000000000e+05 8.805682944754761321e-02
1.095000000000000000e+05 8.633856680244217374e-02
1.096000000000000000e+05 8.439544349908832677e-02
1.097000000000000000e+05 8.243599884212025886e-02
1.098000000000000000e+05 8.062367998063563190e-02
1.099000000000000000e+05 7.894078217446803825e-02
1.100000000000000000e+05 7.748421902457872101e-02
1.101000000000000000e+05 7.601883720606564254e-02
1.102000000000000000e+05 7.426705000301205006e-02
1.103000000000000000e+05 7.222809220353765269e-02
1.104000000000000000e+05 7.011361852288250374e-02
1.105000000000000000e+05 6.831440199166538552e-02
1.106000000000000000e+05 6.715138313670952763e-02
1.107000000000000000e+05 6.659047275781632136e-02
1.108000000000000000e+05 6.662636513511339953e-02
1.109000000000000000e+05 6.701909694820644414e-02
1.110000000000000000e+05 6.789586469531053159e-02
1.111000000000000000e+05 6.885413592060413146e-02
1.112000000000000000e+05 6.967193007469174582e-02
1.113000000000000000e+05 7.035063199698923797e-02
1.114000000000000000e+05 7.071222739915053457e-02
1.115000000000000000e+05 7.097913417965173721e-02
1.116000000000000000e+05 7.083226308226586720e-02
1.117000000000000000e+05 7.017984708150225293e-02
1.118000000000000000e+05 6.888087208072340983e-02
1.119000000000000000e+05 6.793115362524984602e-02
1.120000000000000000e+05 6.811527137955029898e-02
1.121000000000000000e+05 7.004058025777330776e-02
1.122000000000000000e+05 7.300598651170728259e-02
1.123000000000000000e+05 7.543788257986307200e-02
1.124000000000000000e+05 7.644057080149652128e-02
1.125000000000000000e+05 7.655556872487068176e-02
1.126000000000000000e+05 7.608088860909142936e-02
1.127000000000000000e+05 7.600384178260963242e-02
1.128000000000000000e+05 7.641619920730588489e-02
1.129000000000000000e+05 7.676120703419048175e-02
1.130000000000000000e+05 7.657254263758660195e-02
1.131000000000000000e+05 7.584762483835219560e-02
1.132000000000000000e+05 7.435505598783494208e-02
1.133000000000000000e+05 7.298347833255927619e-02
1.134000000000000000e+05 7.205253407359127338e-02
1.135000000000000000e+05 7.129848251740140974e-02
1.136000000000000000e+05 7.078479364514350669e-02
1.137000000000000000e+05 7.085008651018143144e-02
1.138000000000000000e+05 7.179195662339525608e-02
1.139000000000000000e+05 7.278418877472478399e-02
1.140000000000000000e+05 7.334748655557631059e-02
1.141000000000000000e+05 7.367383847633998672e-02
1.142000000000000000e+05 7.358672469854354858e-02
1.143000000000000000e+05 7.354243706911801903e-02
1.144000000000000000e+05 7.348969181378682547e-02
1.145000000000000000e+05 7.296884351720417383e-02
1.146000000000000000e+05 7.167150281369689957e-02
1.147000000000000000e+05 7.056073681761820815e-02
1.148000000000000000e+05 7.001699298620224499e-02
1.149000000000000000e+05 6.977874103933573435e-02
1.150000000000000000e+05 6.993722791473069855e-02
1.151000000000000000e+05 7.017706260085104786e-02
1.152000000000000000e+05 7.054781541228291597e-02
1.153000000000000000e+05 7.174708914011723726e-02
1.154000000000000000e+05 7.398675471544259585e-02
1.155000000000000000e+05 7.639778908342131913e-02
1.156000000000000000e+05 7.859787032008169749e-02
1.157000000000000000e+05 8.004704287896555193e-02
1.158000000000000000e+05 8.089844539761543996e-02
1.159000000000000000e+05 8.240834186474485512e-02
1.160000000000000000e+05 8.429000476996093005e-02
1.161000000000000000e+05 8.569990206509828234e-02
1.162000000000000000e+05 8.601198238631085902e-02
1.163000000000000000e+05 8.461079504340890400e-02
1.164000000000000000e+05 8.168581187725085235e-02
1.165000000000000000e+05 7.832217017809553483e-02
1.166000000000000000e+05 7.456420203049998752e-02
1.167000000000000000e+05 7.014266492798941488e-02
1.168000000000000000e+05 6.520357454816505527e-02
1.169000000000000000e+05 5.926709540188338649e-02
1.170000000000000000e+05 5.279653593897833813e-02
1.171000000000000000e+05 4.672059966251288637e-02
1.172000000000000000e+05 4.093992896378040314e-02
1.173000000000000000e+05 3.652161639183759689e-02
1.174000000000000000e+05 3.221404179930686951e-02
1.175000000000000000e+05 2.704695425927639008e-02
1.176000000000000000e+05 2.148272749036550522e-02
1.177000000000000000e+05 1.692455704323947430e-02
1.178000000000000000e+05 1.251274549091858576e-02
1.179000000000000000e+05 1.002308271825312277e-02
1.180000000000000000e+05 7.704738760367035866e-03
1.181000000000000000e+05 6.819271747954185579e-03
1.182000000000000000e+05 6.059411680325865746e-03
1.183000000000000000e+05 5.486732651479538959e-03
1.184000000000000000e+05 4.936140822246677315e-03
1.185000000000000000e+05 4.551495308987791102e-03
1.186000000000000000e+05 4.210451121131569656e-03
1.187000000000000000e+05 4.007323822006596606e-03
1.188000000000000000e+05 3.837031526491045501e-03
1.189000000000000000e+05 3.776332994457333187e-03
1.190000000000000000e+05 3.740316047333181251e-03
1.191000000000000000e+05 3.685402635019274092e-03
1.192000000000000000e+05 3.633797150105240112e-03
1.193000000000000000e+05 3.397494469536472238e-03
1.194000000000000000e+05 3.143408612813797416e-03
1.195000000000000000e+05 2.941991908786197474e-03
1.196000000000000000e+05 2.746078536535306088e-03
1.197000000000000000e+05 2.867376330541442780e-03
1.198000000000000000e+05 3.007074440053347699e-03
1.199000000000000000e+05 3.593322272257248352e-03
