9.000000000000000000e+04 1.264028400182723999e-01
9.010000000000000000e+04 1.260407452533641726e-01
9.020000000000000000e+04 1.268353211879733045e-01
9.030000000000000000e+04 1.302376934885981219e-01
9.040000000000000000e+04 1.381290918588642946e-01
9.050000000000000000e+04 1.437541360656422462e-01
9.060000000000000000e+04 1.505291366577145296e-01
9.070000000000000000e+04 1.388545149564748837e-01
9.080000000000000000e+04 1.288872915506365235e-01
9.090000000000000000e+04 1.243653683364391999e-01
9.100000000000000000e+04 1.275980055332183727e-01
9.110000000000000000e+04 1.277544799447060397e-01
9.120000000000000000e+04 1.353438878059389505e-01
9.130000000000000000e+04 1.432997658848766120e-01
9.140000000000000000e+04 1.518100798130040396e-01
9.150000000000000000e+04 1.604397386312489959e-01
9.160000000000000000e+04 1.695945149660109952e-01
9.170000000000000000e+04 1.806100630760186510e-01
9.180000000000000000e+04 1.953471547365184247e-01
9.190000000000000000e+04 2.184895715117449733e-01
9.200000000000000000e+04 2.506838768720626720e-01
9.210000000000000000e+04 2.864151591062551461e-01
9.220000000000000000e+04 3.242270159721385436e-01
9.230000000000000000e+04 3.457970082759864727e-01
9.240000000000000000e+04 3.627264678478250848e-01
9.250000000000000000e+04 3.659070009986559180e-01
9.260000000000000000e+04 3.693211889266968528e-01
9.270000000000000000e+04 3.691465288400649913e-01
9.280000000000000000e+04 3.692977023124694447e-01
9.290000000000000000e+04 3.674795782566070423e-01
9.300000000000000000e+04 3.654647380113602018e-01
9.310000000000000000e+04 3.625909037391346068e-01
9.320000000000000000e+04 3.582758855819700439e-01
9.330000000000000000e+04 3.528706121444699639e-01
9.340000000000000000e+04 3.505084764957427934e-01
9.350000000000000000e+04 3.473592773079872131e-01
9.360000000000000000e+04 3.480215728282927690e-01
9.370000000000000000e+04 3.505015248060226463e-01
9.380000000000000000e+04 3.519508278369902765e-01
9.390000000000000000e+04 3.541659340262414135e-01
9.400000000000000000e+04 3.547883927822113037e-01
9.410000000000000000e+04 3.551238712668418618e-01
9.420000000000000000e+04 3.547438079118728771e-01
9.430000000000000000e+04 3.538604960838954705e-01
9.440000000000000000e+04 3.499576934178669219e-01
9.450000000000000000e+04 3.434321284294126198e-01
9.460000000000000000e+04 3.361673116683962514e-01
9.470000000000000000e+04 3.324125403165818504e-01
9.480000000000000000e+04 3.289886450767517956e-01
9.490000000000000000e+04 3.271365596850713264e-01
9.500000000000000000e+04 3.271478513876597272e-01
9.510000000000000000e+04 3.314711141586303977e-01
9.520000000000000000e+04 3.327455747127534003e-01
9.530000000000000000e+04 3.390653669834140516e-01
9.540000000000000000e+04 3.470343279838565276e-01
9.550000000000000000e+04 3.557823956012723388e-01
9.560000000000000000e+04 3.599409886201223041e-01
9.570000000000000000e+04 3.619670492410659302e-01
9.580000000000000000e+04 3.633019975821177305e-01
9.590000000000000000e+04 3.631261285146077378e-01
9.600000000000000000e+04 3.626364231109619474e-01
9.610000000000000000e+04 3.616184265414874033e-01
9.620000000000000000e+04 3.607031261920929377e-01
9.630000000000000000e+04 3.622573822736743776e-01
9.640000000000000000e+04 3.637036037445068315e-01
9.650000000000000000e+04 3.700742900371545296e-01
9.660000000000000000e+04 3.755058622360223364e-01
9.670000000000000000e+04 3.810486716032032151e-01
9.680000000000000000e+04 3.754216794172923199e-01
9.690000000000000000e+04 3.673076814413071545e-01
9.700000000000000000e+04 3.601725280284881481e-01
9.710000000000000000e+04 3.578838362296422604e-01
9.720000000000000000e+04 3.569935190677643311e-01
9.730000000000000000e+04 3.585062988599140299e-01
9.740000000000000000e+04 3.619338667392732467e-01
9.750000000000000000e+04 3.650577068328857422e-01
9.760000000000000000e+04 3.682757556438444047e-01
9.770000000000000000e+04 3.706196039915084506e-01
9.780000000000000000e+04 3.721677255630492231e-01
9.790000000000000000e+04 3.739302862683931972e-01
9.800000000000000000e+04 3.762575765450796861e-01
9.810000000000000000e+04 3.778971242904663463e-01
9.820000000000000000e+04 3.801614254713058805e-01
9.830000000000000000e+04 3.809596017003059054e-01
9.840000000000000000e+04 3.830317807197568536e-01
9.850000000000000000e+04 3.853344887495040449e-01
9.860000000000000000e+04 3.883402049541474499e-01
9.870000000000000000e+04 3.944354206323620882e-01
9.880000000000000000e+04 4.051587426662441871e-01
9.890000000000000000e+04 4.159495413303374023e-01
9.900000000000000000e+04 4.258897006511688232e-01
9.910000000000000000e+04 4.347918230295181874e-01
9.920000000000000000e+04 4.407281255722047542e-01
9.930000000000000000e+04 4.461758565902712026e-01
9.940000000000000000e+04 4.516275286674502620e-01
9.950000000000000000e+04 4.560367549459138914e-01
9.960000000000000000e+04 4.568067204952239169e-01
9.970000000000000000e+04 4.588323908050854771e-01
9.980000000000000000e+04 4.589888272682825510e-01
9.990000000000000000e+04 4.586152282357215393e-01
1.000000000000000000e+05 4.565835694471995221e-01
1.001000000000000000e+05 4.555613894263902952e-01
1.002000000000000000e+05 4.561940926313399758e-01
1.003000000000000000e+05 4.573013381163278934e-01
1.004000000000000000e+05 4.588545389970143940e-01
1.005000000000000000e+05 4.600504010915756337e-01
1.006000000000000000e+05 4.620004731416701982e-01
1.007000000000000000e+05 4.640134042501449230e-01
1.008000000000000000e+05 4.662043869495390291e-01
1.009000000000000000e+05 4.682100607951482085e-01
1.010000000000000000e+05 4.700665891170501820e-01
1.011000000000000000e+05 4.705878627300262296e-01
1.012000000000000000e+05 4.712011913458506451e-01
1.013000000000000000e+05 4.721856166919072284e-01
1.014000000000000000e+05 4.718507760763169245e-01
1.015000000000000000e+05 4.689018343885739126e-01
1.016000000000000000e+05 4.633830118179325108e-01
1.017000000000000000e+05 4.607180094718932306e-01
1.018000000000000000e+05 4.616604721546174739e-01
1.019000000000000000e+05 4.649653655290602594e-01
1.020000000000000000e+05 4.728832304477691428e-01
1.021000000000000000e+05 4.782209426164627519e-01
1.022000000000000000e+05 4.820409178733826572e-01
1.023000000000000000e+05 4.849580481648445018e-01
1.024000000000000000e+05 4.852936804294586404e-01
1.025000000000000000e+05 4.853981708486875268e-01
1.026000000000000000e+05 4.842452496290206576e-01
1.027000000000000000e+05 4.829410004615782848e-01
1.028000000000000000e+05 4.812697005271910911e-01
1.029000000000000000e+05 4.800549811124801836e-01
1.030000000000000000e+05 4.794490357240041023e-01
1.031000000000000000e+05 4.786370588342348520e-01
1.032000000000000000e+05 4.776665961742400657e-01
1.033000000000000000e+05 4.773131117224693187e-01
1.034000000000000000e+05 4.772217065095901711e-01
1.035000000000000000e+05 4.746753558516502158e-01
1.036000000000000000e+05 4.716562008857727584e-01
1.037000000000000000e+05 4.691350593169531513e-01
1.038000000000000000e+05 4.667208462953568726e-01
1.039000000000000000e+05 4.650553201635678757e-01
1.040000000000000000e+05 4.637414693832397350e-01
1.041000000000000000e+05 4.634914365410804926e-01
1.042000000000000000e+05 4.659845320383707024e-01
1.043000000000000000e+05 4.674418026208879695e-01
1.044000000000000000e+05 4.719597244262694336e-01
1.045000000000000000e+05 4.746265654762586439e-01
1.046000000000000000e+05 4.768324911594391535e-01
1.047000000000000000e+05 4.787992626428604348e-01
1.048000000000000000e+05 4.814709266026814261e-01
1.049000000000000000e+05 4.843243206540742141e-01
1.050000000000000000e+05 4.867579936981201172e-01
1.051000000000000000e+05 4.892193723718326059e-01
1.052000000000000000e+05 4.911923654874166267e-01
1.053000000000000000e+05 4.928327664732933266e-01
1.054000000000000000e+05 4.931831131378809352e-01
1.055000000000000000e+05 4.931943843762079949e-01
1.056000000000000000e+05 4.925521647930145019e-01
1.057000000000000000e+05 4.925479931632678054e-01
1.058000000000000000e+05 4.932398738463719678e-01
1.059000000000000000e+05 4.939372816681861789e-01
1.060000000000000000e+05 4.946381509304046409e-01
1.061000000000000000e+05 4.937356003125509263e-01
1.062000000000000000e+05 4.923029935359956033e-01
1.063000000000000000e+05 4.911086459954580041e-01
1.064000000000000000e+05 4.899917105833689335e-01
1.065000000000000000e+05 4.910739511251449030e-01
1.066000000000000000e+05 4.939778542518615256e-01
1.067000000000000000e+05 4.972498185435927920e-01
1.068000000000000000e+05 5.025294184684752086e-01
1.069000000000000000e+05 5.072274541854857599e-01
1.070000000000000000e+05 5.107968052228292200e-01
1.071000000000000000e+05 5.140598833560943159e-01
1.072000000000000000e+05 5.177155892054238207e-01
1.073000000000000000e+05 5.210520577430725053e-01
1.074000000000000000e+05 5.240428042411799936e-01
1.075000000000000000e+05 5.244433482487996789e-01
1.076000000000000000e+05 5.242297776540120191e-01
1.077000000000000000e+05 5.235667979717254505e-01
1.078000000000000000e+05 5.213233049710592759e-01
1.079000000000000000e+05 5.189098682006202390e-01
1.080000000000000000e+05 5.154506087303161177e-01
1.081000000000000000e+05 5.121094332138695915e-01
1.082000000000000000e+05 5.091138692696889345e-01
1.083000000000000000e+05 5.075011056661605791e-01
1.084000000000000000e+05 5.080945316950479240e-01
1.085000000000000000e+05 5.110529839992523637e-01
1.086000000000000000e+05 5.139222717285156783e-01
1.087000000000000000e+05 5.173729550838469526e-01
1.088000000000000000e+05 5.210754060745238503e-01
1.089000000000000000e+05 5.259739553928374223e-01
1.090000000000000000e+05 5.314550042152405007e-01
1.091000000000000000e+05 5.357148325443268355e-01
1.092000000000000000e+05 5.374908328056335893e-01
1.093000000000000000e+05 5.377121885617573982e-01
1.094000000000000000e+05 5.374056529998779697e-01
1.095000000000000000e+05 5.351272881031037265e-01
1.096000000000000000e+05 5.324286532402039418e-01
1.097000000000000000e+05 5.289420121908187111e-01
1.098000000000000000e+05 5.252770757675169211e-01
1.099000000000000000e+05 5.214224147796630016e-01
1.100000000000000000e+05 5.184091528256734582e-01
1.101000000000000000e+05 5.159091442823410256e-01
1.102000000000000000e+05 5.131525150934854729e-01
1.103000000000000000e+05 5.103138514359790712e-01
1.104000000000000000e+05 5.058346891403195933e-01
1.105000000000000000e+05 5.007544189691545133e-01
1.106000000000000000e+05 4.974714483817418431e-01
1.107000000000000000e+05 4.933932679891586126e-01
1.108000000000000000e+05 4.932613821824391453e-01
1.109000000000000000e+05 4.937490929166477027e-01
1.110000000000000000e+05 4.956530243158341342e-01
1.111000000000000000e+05 4.982271826267242743e-01
1.112000000000000000e+05 5.010279726982116433e-01
1.113000000000000000e+05 5.030603671073914374e-01
1.114000000000000000e+05 5.052063067754112291e-01
1.115000000000000000e+05 5.067344109217326587e-01
1.116000000000000000e+05 5.076255917549133967e-01
1.117000000000000000e+05 5.077628481388092307e-01
1.118000000000000000e+05 5.077680301666259721e-01
1.119000000000000000e+05 5.056019049882889416e-01
1.120000000000000000e+05 5.037766536076863089e-01
1.121000000000000000e+05 5.062996447086334229e-01
1.122000000000000000e+05 5.080363631248475675e-01
1.123000000000000000e+05 5.133365654945373224e-01
1.124000000000000000e+05 5.182251167297359240e-01
1.125000000000000000e+05 5.180487483739852905e-01
1.126000000000000000e+05 5.185436507066091272e-01
1.127000000000000000e+05 5.181637952725093310e-01
1.128000000000000000e+05 5.181958198547362837e-01
1.129000000000000000e+05 5.184299707412719505e-01
1.130000000000000000e+05 5.191628475983937063e-01
1.131000000000000000e+05 5.200146514177321766e-01
1.132000000000000000e+05 5.165570807456972835e-01
1.133000000000000000e+05 5.129287836949032453e-01
1.134000000000000000e+05 5.102617347240449019e-01
1.135000000000000000e+05 5.077130268017451264e-01
1.136000000000000000e+05 5.055903466542561731e-01
1.137000000000000000e+05 5.045631563663481867e-01
1.138000000000000000e+05 5.056700607140857118e-01
1.139000000000000000e+05 5.074465453624724676e-01
1.140000000000000000e+05 5.101830005645752175e-01
1.141000000000000000e+05 5.114046202103297301e-01
1.142000000000000000e+05 5.116967650254566902e-01
1.143000000000000000e+05 5.114955085515976441e-01
1.144000000000000000e+05 5.111418191591898808e-01
1.145000000000000000e+05 5.108058472474416023e-01
1.146000000000000000e+05 5.104763960838317738e-01
1.147000000000000000e+05 5.102648925781250178e-01
1.148000000000000000e+05 5.102447819709777788e-01
1.149000000000000000e+05 5.111337876319884677e-01
1.150000000000000000e+05 5.119100014368692664e-01
1.151000000000000000e+05 5.124358173211415179e-01
1.152000000000000000e+05 5.124526000022887606e-01
1.153000000000000000e+05 5.126170808076858654e-01
1.154000000000000000e+05 5.147381615638733088e-01
1.155000000000000000e+05 5.190162181854245382e-01
1.156000000000000000e+05 5.264955973625180530e-01
1.157000000000000000e+05 5.316717624664307751e-01
1.158000000000000000e+05 5.336709749698639316e-01
1.159000000000000000e+05 5.354488621155421013e-01
1.160000000000000000e+05 5.386456847190855823e-01
1.161000000000000000e+05 5.404474651813506725e-01
1.162000000000000000e+05 5.416210162639618630e-01
1.163000000000000000e+05 5.424792917569477568e-01
1.164000000000000000e+05 5.402603602409362660e-01
1.165000000000000000e+05 5.342598736286170436e-01
1.166000000000000000e+05 5.239007425308233046e-01
1.167000000000000000e+05 5.128092932701115991e-01
1.168000000000000000e+05 5.002532076835636277e-01
1.169000000000000000e+05 4.820166701078418270e-01
1.170000000000000000e+05 4.604924738407135121e-01
1.171000000000000000e+05 4.294090849161142920e-01
1.172000000000000000e+05 3.927026414871205295e-01
1.173000000000000000e+05 3.485897910594948357e-01
1.174000000000000000e+05 3.023608243465460976e-01
1.175000000000000000e+05 2.337539419531873275e-01
1.176000000000000000e+05 1.650053760409383175e-01
1.177000000000000000e+05 1.168636818230173180e-01
1.178000000000000000e+05 9.655967682600052893e-02
1.179000000000000000e+05 9.200148940086350091e-02
1.180000000000000000e+05 9.429782629013078177e-02
1.181000000000000000e+05 9.719370417296896436e-02
1.182000000000000000e+05 9.870004534721379952e-02
1.183000000000000000e+05 9.420084118843119469e-02
1.184000000000000000e+05 8.993031919002546226e-02
1.185000000000000000e+05 8.619453981518723773e-02
1.186000000000000000e+05 8.364861965179437586e-02
1.187000000000000000e+05 8.137312203645714892e-02
1.188000000000000000e+05 8.000713765621184081e-02
1.189000000000000000e+05 7.873900932570299105e-02
1.190000000000000000e+05 7.920976430177688321e-02
1.191000000000000000e+05 8.006427690386772045e-02
1.192000000000000000e+05 8.025953233242034968e-02
1.193000000000000000e+05 7.684435081978625848e-02
1.194000000000000000e+05 6.965219497680619209e-02
1.195000000000000000e+05 6.243696957826594396e-02
1.196000000000000000e+05 5.554476797580742975e-02
1.197000000000000000e+05 5.278449639678006733e-02
1.198000000000000000e+05 5.162995025515559888e-02
1.199000000000000000e+05 5.665988169610487041e-02
