9.000000000000000000e+04 1.067346008494496346e-02
9.010000000000000000e+04 1.078216001391410495e-02
9.020000000000000000e+04 1.089175592487056504e-02
9.030000000000000000e+04 1.177315622568131034e-02
9.040000000000000000e+04 1.271618496626620784e-02
9.050000000000000000e+04 1.286364113911986698e-02
9.060000000000000000e+04 1.302400277927518238e-02
9.070000000000000000e+04 1.206456795334816257e-02
9.080000000000000000e+04 1.103545262167853619e-02
9.090000000000000000e+04 1.128377709537742649e-02
9.100000000000000000e+04 1.167584210634228792e-02
9.110000000000000000e+04 1.264955754702287022e-02
9.120000000000000000e+04 1.371365107595923054e-02
9.130000000000000000e+04 1.481909760584435368e-02
9.140000000000000000e+04 1.591889988010127682e-02
9.150000000000000000e+04 1.700302902609106617e-02
9.160000000000000000e+04 1.808483435461913369e-02
9.170000000000000000e+04 1.976994550476468548e-02
9.180000000000000000e+04 2.163081169128424491e-02
9.190000000000000000e+04 2.481729959448189526e-02
9.200000000000000000e+04 2.843043909718596593e-02
9.210000000000000000e+04 3.204590834677215061e-02
9.220000000000000000e+04 3.567970654616740844e-02
9.230000000000000000e+04 3.777896091341971518e-02
9.240000000000000000e+04 3.924909099936492451e-02
9.250000000000000000e+04 3.967383007208506035e-02
9.260000000000000000e+04 3.961062292257944151e-02
9.270000000000000000e+04 3.953231744468212183e-02
9.280000000000000000e+04 3.943422901133696035e-02
9.290000000000000000e+04 3.945397784312566075e-02
9.300000000000000000e+04 3.955100551247596463e-02
9.310000000000000000e+04 3.965246590475240973e-02
9.320000000000000000e+04 3.976016225914160568e-02
9.330000000000000000e+04 3.996334724128246946e-02
9.340000000000000000e+04 4.023844299217065046e-02
9.350000000000000000e+04 4.055372911194959906e-02
9.360000000000000000e+04 4.086505681276320079e-02
9.370000000000000000e+04 4.124103635549544039e-02
9.380000000000000000e+04 4.173206523060800366e-02
9.390000000000000000e+04 4.216514304280282593e-02
9.400000000000000000e+04 4.258270921806495135e-02
9.410000000000000000e+04 4.294989168643951333e-02
9.420000000000000000e+04 4.324841357767580940e-02
9.430000000000000000e+04 4.348411773641903955e-02
9.440000000000000000e+04 4.366068186859288491e-02
9.450000000000000000e+04 4.387120008468627097e-02
9.460000000000000000e+04 4.414093059798081253e-02
9.470000000000000000e+04 4.438338013986746489e-02
9.480000000000000000e+04 4.456691861152649314e-02
9.490000000000000000e+04 4.473469028870264569e-02
9.500000000000000000e+04 4.484061275919278000e-02
9.510000000000000000e+04 4.486148744821548406e-02
9.520000000000000000e+04 4.478519640862941437e-02
9.530000000000000000e+04 4.466994754970073089e-02
9.540000000000000000e+04 4.449081748723983376e-02
9.550000000000000000e+04 4.431719953815142776e-02
9.560000000000000000e+04 4.415099372466405742e-02
9.570000000000000000e+04 4.390550248324872479e-02
9.580000000000000000e+04 4.350111035009224247e-02
9.590000000000000000e+04 4.306101036568479867e-02
9.600000000000000000e+04 4.254855103790758375e-02
9.610000000000000000e+04 4.213662413259347539e-02
9.620000000000000000e+04 4.224505516390005683e-02
9.630000000000000000e+04 4.252961173653599380e-02
9.640000000000000000e+04 4.375073807934923287e-02
9.650000000000000000e+04 4.492411849399415014e-02
9.660000000000000000e+04 4.593187019228940626e-02
9.670000000000000000e+04 4.688425992925962515e-02
9.680000000000000000e+04 4.708400383591652277e-02
9.690000000000000000e+04 4.725836105644703328e-02
9.700000000000000000e+04 4.720802605152130127e-02
9.710000000000000000e+04 4.715606441100439472e-02
9.720000000000000000e+04 4.692099034786224865e-02
9.730000000000000000e+04 4.670854305227597342e-02
9.740000000000000000e+04 4.665191049377123700e-02
9.750000000000000000e+04 4.660477861762046814e-02
9.760000000000000000e+04 4.650822242101033954e-02
9.770000000000000000e+04 4.643615720172723782e-02
9.780000000000000000e+04 4.630513876676559115e-02
9.790000000000000000e+04 4.616505563259123979e-02
9.800000000000000000e+04 4.648225593070190453e-02
9.810000000000000000e+04 4.680828832089901914e-02
9.820000000000000000e+04 4.730336534480253374e-02
9.830000000000000000e+04 4.783465790251889560e-02
9.840000000000000000e+04 4.828636474907396087e-02
9.850000000000000000e+04 4.877718153099215581e-02
9.860000000000000000e+04 4.984637506306167920e-02
9.870000000000000000e+04 5.102713271975520271e-02
9.880000000000000000e+04 5.330917763213319921e-02
9.890000000000000000e+04 5.580418196817236998e-02
9.900000000000000000e+04 5.846818611025802331e-02
9.910000000000000000e+04 6.115557399888819912e-02
9.920000000000000000e+04 6.283166294296579912e-02
9.930000000000000000e+04 6.426146201789384449e-02
9.940000000000000000e+04 6.512280697623890058e-02
9.950000000000000000e+04 6.579980477690697271e-02
9.960000000000000000e+04 6.592031195759773254e-02
9.970000000000000000e+04 6.583840996026993353e-02
9.980000000000000000e+04 6.545836195349694075e-02
9.990000000000000000e+04 6.495143458247182311e-02
1.000000000000000000e+05 6.557192032535877346e-02
1.001000000000000000e+05 6.671250179409984882e-02
1.002000000000000000e+05 6.765893608331680076e-02
1.003000000000000000e+05 6.848003620902695654e-02
1.004000000000000000e+05 6.912004490693410275e-02
1.005000000000000000e+05 6.968622133135798924e-02
1.006000000000000000e+05 7.069657668471344969e-02
1.007000000000000000e+05 7.199970995386446859e-02
1.008000000000000000e+05 7.267380625009536854e-02
1.009000000000000000e+05 7.282499636212984295e-02
1.010000000000000000e+05 7.271496802568436224e-02
1.011000000000000000e+05 7.237630173563958103e-02
1.012000000000000000e+05 7.217223023374876034e-02
1.013000000000000000e+05 7.210949604709943062e-02
1.014000000000000000e+05 7.058777987956987854e-02
1.015000000000000000e+05 6.754202246665948206e-02
1.016000000000000000e+05 6.583426331480343729e-02
1.017000000000000000e+05 6.563083887100221170e-02
1.018000000000000000e+05 6.667236159245161498e-02
1.019000000000000000e+05 6.932352383931461581e-02
1.020000000000000000e+05 7.131733745336527042e-02
1.021000000000000000e+05 7.234398116668064316e-02
1.022000000000000000e+05 7.275528411070505963e-02
1.023000000000000000e+05 7.213193774223328192e-02
1.024000000000000000e+05 7.165809278686842421e-02
1.025000000000000000e+05 7.147127514084181121e-02
1.026000000000000000e+05 7.125020921230318383e-02
1.027000000000000000e+05 7.099174439907074419e-02
1.028000000000000000e+05 7.068027546008426309e-02
1.029000000000000000e+05 7.028604909777641518e-02
1.030000000000000000e+05 6.965756813685100579e-02
1.031000000000000000e+05 6.834817339976631545e-02
1.032000000000000000e+05 6.728312760591508013e-02
1.033000000000000000e+05 6.689698065320651144e-02
1.034000000000000000e+05 6.643817131717996705e-02
1.035000000000000000e+05 6.583123654127118196e-02
1.036000000000000000e+05 6.525686522324879169e-02
1.037000000000000000e+05 6.488749876618385426e-02
1.038000000000000000e+05 6.451591387391092391e-02
1.039000000000000000e+05 6.414592812458672078e-02
1.040000000000000000e+05 6.398109967509911511e-02
1.041000000000000000e+05 6.489514678716663820e-02
1.042000000000000000e+05 6.585874120394391573e-02
1.043000000000000000e+05 6.694698219497999259e-02
1.044000000000000000e+05 6.802124544978140064e-02
1.045000000000000000e+05 6.900645991166429183e-02
1.046000000000000000e+05 6.992209399739897357e-02
1.047000000000000000e+05 7.062593802809714882e-02
1.048000000000000000e+05 7.129400938749319572e-02
1.049000000000000000e+05 7.253644506136577852e-02
1.050000000000000000e+05 7.374686747789382935e-02
1.051000000000000000e+05 7.486310809850690862e-02
1.052000000000000000e+05 7.595543757081027469e-02
1.053000000000000000e+05 7.562677562236788664e-02
1.054000000000000000e+05 7.523937667409583141e-02
1.055000000000000000e+05 7.438364128271741926e-02
1.056000000000000000e+05 7.352151066064832596e-02
1.057000000000000000e+05 7.447861909866332342e-02
1.058000000000000000e+05 7.556284571687377216e-02
1.059000000000000000e+05 7.601486250758168750e-02
1.060000000000000000e+05 7.634740471839901454e-02
1.061000000000000000e+05 7.512471154332164835e-02
1.062000000000000000e+05 7.364235892891880797e-02
1.063000000000000000e+05 7.244965230425196023e-02
1.064000000000000000e+05 7.127335116267205506e-02
1.065000000000000000e+05 7.265601903200144540e-02
1.066000000000000000e+05 7.460213919480632172e-02
1.067000000000000000e+05 7.705178365111346739e-02
1.068000000000000000e+05 7.961579054594049298e-02
1.069000000000000000e+05 8.090750212470693148e-02
1.070000000000000000e+05 8.171521450082461224e-02
1.071000000000000000e+05 8.306673288345334250e-02
1.072000000000000000e+05 8.457967494924858998e-02
1.073000000000000000e+05 8.586660876870154391e-02
1.074000000000000000e+05 8.712956830859189261e-02
1.075000000000000000e+05 8.636694153149915287e-02
1.076000000000000000e+05 8.472256183624263248e-02
1.077000000000000000e+05 8.323657363653182151e-02
1.078000000000000000e+05 8.183818906545640981e-02
1.079000000000000000e+05 7.969721014300980289e-02
1.080000000000000000e+05 7.711769193410858425e-02
1.081000000000000000e+05 7.503589654962211641e-02
1.082000000000000000e+05 7.323010742664329276e-02
1.083000000000000000e+05 7.292196080088617083e-02
1.084000000000000000e+05 7.374142547448475637e-02
1.085000000000000000e+05 7.502269123991327227e-02
1.086000000000000000e+05 7.668460547924035864e-02
1.087000000000000000e+05 7.863425299525247936e-02
1.088000000000000000e+05 8.084939027825974178e-02
1.089000000000000000e+05 8.333850830793361475e-02
1.090000000000000000e+05 8.611777747670804062e-02
1.091000000000000000e+05 8.771046568950016664e-02
1.092000000000000000e+05 8.791192457079886891e-02
1.093000000000000000e+05 8.732854564984646184e-02
1.094000000000000000e+05 8.574854517976454593e-02
1.095000000000000000e+05 8.395280390977871710e-02
1.096000000000000000e+05 8.191040948033334601e-02
1.097000000000000000e+05 7.991293465097742965e-02
1.098000000000000000e+05 7.802770078182222346e-02
1.099000000000000000e+05 7.632702812552455418e-02
1.100000000000000000e+05 7.509865363438930630e-02
1.101000000000000000e+05 7.364715516567238440e-02
1.102000000000000000e+05 7.181907743215559803e-02
1.103000000000000000e+05 6.974899555246026617e-02
1.104000000000000000e+05 6.705843135714527337e-02
1.105000000000000000e+05 6.480675488710405108e-02
1.106000000000000000e+05 6.382452711462976991e-02
1.107000000000000000e+05 6.312585577368734491e-02
1.108000000000000000e+05 6.339993163943291599e-02
1.109000000000000000e+05 6.385233372449880540e-02
1.110000000000000000e+05 6.494632288813594057e-02
1.111000000000000000e+05 6.600889335076015607e-02
1.112000000000000000e+05 6.688219050566354684e-02
1.113000000000000000e+05 6.765367135405539467e-02
1.114000000000000000e+05 6.784794261058171849e-02
1.115000000000000000e+05 6.803711876273155212e-02
1.116000000000000000e+05 6.802900657057761591e-02
1.117000000000000000e+05 6.774858166774108681e-02
1.118000000000000000e+05 6.557530870040256810e-02
1.119000000000000000e+05 6.362590968608855535e-02
1.120000000000000000e+05 6.466120506326353268e-02
1.121000000000000000e+05 6.580533827344553499e-02
1.122000000000000000e+05 6.998000189661976456e-02
1.123000000000000000e+05 7.405099257826804060e-02
1.124000000000000000e+05 7.389611651500066491e-02
1.125000000000000000e+05 7.373777404427528381e-02
1.126000000000000000e+05 7.302549347281457603e-02
1.127000000000000000e+05 7.233823582530024554e-02
1.128000000000000000e+05 7.308573350310321182e-02
1.129000000000000000e+05 7.387539620200786472e-02
1.130000000000000000e+05 7.356531694531441568e-02
1.131000000000000000e+05 7.317404195666313282e-02
1.132000000000000000e+05 7.136007095376650788e-02
1.133000000000000000e+05 6.941510195533440175e-02
1.134000000000000000e+05 6.857398927211763584e-02
1.135000000000000000e+05 6.793386141459151206e-02
1.136000000000000000e+05 6.754766633113226670e-02
1.137000000000000000e+05 6.725638285279272877e-02
1.138000000000000000e+05 6.840384403864543938e-02
1.139000000000000000e+05 6.983828400572139605e-02
1.140000000000000000e+05 7.008467987179756165e-02
1.141000000000000000e+05 7.003065402309099907e-02
1.142000000000000000e+05 7.006167595585187369e-02
1.143000000000000000e+05 7.011788442730904070e-02
1.144000000000000000e+05 6.979295238852499528e-02
1.145000000000000000e+05 6.939744626482327594e-02
1.146000000000000000e+05 6.802002161741257935e-02
1.147000000000000000e+05 6.630087266365691789e-02
1.148000000000000000e+05 6.599109763900438963e-02
1.149000000000000000e+05 6.628862425684929616e-02
1.150000000000000000e+05 6.644675756494206054e-02
1.151000000000000000e+05 6.653675799568493920e-02
1.152000000000000000e+05 6.704337537288665438e-02
1.153000000000000000e+05 6.772480408350625702e-02
1.154000000000000000e+05 7.016927316784861424e-02
1.155000000000000000e+05 7.371977865695973631e-02
1.156000000000000000e+05 7.588835194706924914e-02
1.157000000000000000e+05 7.711476792891826249e-02
1.158000000000000000e+05 7.814122870564461920e-02
1.159000000000000000e+05 7.890757183233897132e-02
1.160000000000000000e+05 8.087664594252898242e-02
1.161000000000000000e+05 8.380624070763575961e-02
1.162000000000000000e+05 8.432425742348045872e-02
1.163000000000000000e+05 8.254667972524976083e-02
1.164000000000000000e+05 7.975021213293102817e-02
1.165000000000000000e+05 7.582799320419636446e-02
1.166000000000000000e+05 7.192555626233419763e-02
1.167000000000000000e+05 6.800990223884591235e-02
1.168000000000000000e+05 6.343394060929639922e-02
1.169000000000000000e+05 5.798493057489430974e-02
1.170000000000000000e+05 5.228008590638674735e-02
1.171000000000000000e+05 4.609078732629622033e-02
1.172000000000000000e+05 4.074219204485410306e-02
1.173000000000000000e+05 3.675995863974096389e-02
1.174000000000000000e+05 3.232277628034367634e-02
1.175000000000000000e+05 2.716153239210473275e-02
1.176000000000000000e+05 2.145087704062490636e-02
1.177000000000000000e+05 1.525892178838449305e-02
1.178000000000000000e+05 1.076258152102427083e-02
1.179000000000000000e+05 9.598642997443663366e-03
1.180000000000000000e+05 8.604341559112077542e-03
1.181000000000000000e+05 8.168581643452254432e-03
1.182000000000000000e+05 7.626854004338407857e-03
1.183000000000000000e+05 6.932913763448585349e-03
1.184000000000000000e+05 6.295837471261598629e-03
1.185000000000000000e+05 5.879682907834637116e-03
1.186000000000000000e+05 5.499456925317643477e-03
1.187000000000000000e+05 5.293052382767202829e-03
1.188000000000000000e+05 5.107610365375877398e-03
1.189000000000000000e+05 5.067881575475135202e-03
1.190000000000000000e+05 5.027324473485349568e-03
1.191000000000000000e+05 5.015979213640093734e-03
1.192000000000000000e+05 4.966256323580931636e-03
1.193000000000000000e+05 4.600366797919073526e-03
1.194000000000000000e+05 4.250648515298969393e-03
1.195000000000000000e+05 3.881376003846540457e-03
1.196000000000000000e+05 3.548445001554982603e-03
1.197000000000000000e+05 3.611105950549244221e-03
1.198000000000000000e+05 3.693334373335080238e-03
1.199000000000000000e+05 4.537752121686952980e-03
