9.000000000000000000e+04 1.089660786580460867e-04 3.232557412526247589e-04 3.498221825360550230e-04
9.010000000000000000e+04 9.950597557872089280e-05 2.717633981860026232e-04 3.612569315305543113e-04
9.020000000000000000e+04 9.117768682721214034e-05 2.214028694471970103e-04 3.726916805250534911e-04
9.030000000000000000e+04 9.644811725780270614e-05 3.027356081531842728e-04 3.841264295195529420e-04
9.040000000000000000e+04 1.313346947502830602e-04 4.170190492086323672e-04 3.955611785140521761e-04
9.050000000000000000e+04 1.221655293179285521e-04 3.853047397530350287e-04 4.030156294152294661e-04
9.060000000000000000e+04 1.047032463921583481e-04 3.156414560516711135e-04 4.093121754165317781e-04
9.070000000000000000e+04 1.072595529326331220e-04 3.424324953187769241e-04 4.156087214178337107e-04
9.080000000000000000e+04 1.175938424036073577e-04 4.091472262766680345e-04 4.219052674191356433e-04
9.090000000000000000e+04 1.199664383662104607e-04 4.224660217789056411e-04 4.349864797481453973e-04
9.100000000000000000e+04 1.180950697176091002e-04 3.942614746619154840e-04 4.536345977819403359e-04
9.110000000000000000e+04 1.245739182675110763e-04 4.663210895028687764e-04 4.722827158157351119e-04
9.120000000000000000e+04 1.733148559348218678e-04 6.540558225550467111e-04 4.909308338495302132e-04
9.130000000000000000e+04 2.021683105929105145e-04 7.544549225630726996e-04 5.128079234779745355e-04
9.140000000000000000e+04 1.955512977833672719e-04 6.786221985088499104e-04 5.414237364343823036e-04
9.150000000000000000e+04 2.139494103745008275e-04 6.278045998553037025e-04 5.700395493907900717e-04
9.160000000000000000e+04 2.323475229656339494e-04 6.107077760590364163e-04 5.986553623471974062e-04
9.170000000000000000e+04 2.465295555294318608e-04 7.054757382830131787e-04 6.263028684589438868e-04
9.180000000000000000e+04 2.401034245774052718e-04 6.455827387408868360e-04 6.450972834195022433e-04
9.190000000000000000e+04 2.338774985283280589e-04 5.858899441017098152e-04 6.638916983800609252e-04
9.200000000000000000e+04 2.674347692497642984e-04 5.659803462330461384e-04 6.826861133406196070e-04
9.210000000000000000e+04 3.009920399712005920e-04 5.737659733621974355e-04 7.014805283011783972e-04
9.220000000000000000e+04 2.598123941409669329e-04 5.227184040388696681e-04 7.087378661510542821e-04
9.230000000000000000e+04 2.077838410693670515e-04 4.988663061954275646e-04 7.143204670009932738e-04
9.240000000000000000e+04 1.557552879977668449e-04 4.750142083519854610e-04 7.199030678509319402e-04
9.250000000000000000e+04 1.811886515468571438e-04 5.286240271292336462e-04 7.254856687008708234e-04
9.260000000000000000e+04 1.573455574571567487e-04 4.866598254506840056e-04 7.253210539622134039e-04
9.270000000000000000e+04 1.378449271254104372e-04 4.169198266642419127e-04 7.220329524906241893e-04
9.280000000000000000e+04 1.293854735564029489e-04 3.582210046405387514e-04 7.187448510190348663e-04
9.290000000000000000e+04 1.735966134060243620e-04 3.862783080924904206e-04 7.154567495474455432e-04
9.300000000000000000e+04 1.957141757393826174e-04 4.226671802457206356e-04 7.183006278280030773e-04
9.310000000000000000e+04 1.557576273258703611e-04 3.360623584402887710e-04 7.295248784364977536e-04
9.320000000000000000e+04 1.501959539025447300e-04 3.094367260768499670e-04 7.407491290449921047e-04
9.330000000000000000e+04 1.893790347481345360e-04 4.135607157321418391e-04 7.519733796534867811e-04
9.340000000000000000e+04 2.107244733828687357e-04 5.071680273547869537e-04 7.593933426594074929e-04
9.350000000000000000e+04 1.594452258733790578e-04 4.027707725809111326e-04 7.513244204262734850e-04
9.360000000000000000e+04 1.219285080641338299e-04 3.121360475072797614e-04 7.432554981931396940e-04
9.370000000000000000e+04 1.628363044800138718e-04 3.752532958948077675e-04 7.351865759600057946e-04
9.380000000000000000e+04 2.037441008958933717e-04 4.957443229629599803e-04 7.271176537268713531e-04
9.390000000000000000e+04 1.687285970203535523e-04 8.055357565311164168e-04 7.361668320512206867e-04
9.400000000000000000e+04 1.673676915310297851e-04 1.156669432160617982e-03 7.457121872033236351e-04
9.410000000000000000e+04 1.660067860417066684e-04 1.507803107790119980e-03 7.552575423554271257e-04
9.420000000000000000e+04 1.872179124946688486e-04 1.881508815361907167e-03 7.648028975075301826e-04
9.430000000000000000e+04 1.583201074709067284e-04 1.609023060334311122e-03 7.632240196214978498e-04
9.440000000000000000e+04 1.297282257154332846e-04 1.134400104797450267e-03 7.578671003262867339e-04
9.450000000000000000e+04 1.226957860711303102e-04 6.813365913717595555e-04 7.525101810310759433e-04
9.460000000000000000e+04 1.562842196410093969e-04 3.514018707099180036e-04 7.471532617358647189e-04
9.470000000000000000e+04 1.566682969977472488e-04 3.623800249306253097e-04 7.472100096327537926e-04
9.480000000000000000e+04 1.479033107644585560e-04 3.212110293701940598e-04 7.522414787331947522e-04
9.490000000000000000e+04 1.529535909481633937e-04 2.938573002267563404e-04 7.572729478336357118e-04
9.500000000000000000e+04 1.632007583445783862e-04 3.088414311442641905e-04 7.623044169340776471e-04
9.510000000000000000e+04 1.554133974243738711e-04 3.269643716557976178e-04 7.636644593082650857e-04
9.520000000000000000e+04 1.691536685853892120e-04 3.060688964187046170e-04 7.562830094770859549e-04
9.530000000000000000e+04 2.089362501962524488e-04 3.607760808658308938e-04 7.489015596459069326e-04
9.540000000000000000e+04 2.487188318071154687e-04 4.527254490089367613e-04 7.415201098147278019e-04
9.550000000000000000e+04 2.824432324263562166e-04 5.443262752815874886e-04 7.347372726100063556e-04
9.560000000000000000e+04 2.361996439561567154e-04 4.530744786726113469e-04 7.358561220745179305e-04
9.570000000000000000e+04 1.899560554859567804e-04 4.108070669542761202e-04 7.369749715390291802e-04
9.580000000000000000e+04 1.748423825623516203e-04 3.996695707825349093e-04 7.380938210035412972e-04
9.590000000000000000e+04 1.871328659326325751e-04 4.279792186453834722e-04 7.392126704680526553e-04
9.600000000000000000e+04 1.643748027993451304e-04 3.648071996736189804e-04 7.514818759809043739e-04
9.610000000000000000e+04 1.533233356423921575e-04 3.183002743457903193e-04 7.657953134359515596e-04
9.620000000000000000e+04 1.646099602617712718e-04 3.167729593496746744e-04 7.801087508909989622e-04
9.630000000000000000e+04 1.976776406619372905e-04 3.776164316316275730e-04 7.944221883460466900e-04
9.640000000000000000e+04 1.667769831178120840e-04 3.665721003323641749e-04 8.003020604325083043e-04
9.650000000000000000e+04 1.478150608733012255e-04 3.526018339541362378e-04 8.010067901337025471e-04
9.660000000000000000e+04 1.406075101781715771e-04 3.627541248486964480e-04 8.017115198348965729e-04
9.670000000000000000e+04 1.657523286980606535e-04 4.052587849582751662e-04 8.024162495360908157e-04
9.680000000000000000e+04 1.919729421485640236e-04 4.031837325727398750e-04 8.031449854028532755e-04
9.690000000000000000e+04 1.405375853137697147e-04 2.663879841762799511e-04 8.039105878810245878e-04
9.700000000000000000e+04 1.433914891731340570e-04 2.606112333013701956e-04 8.046761903591960084e-04
9.710000000000000000e+04 1.493875085136460792e-04 3.284938452764626622e-04 8.054417928373671038e-04
9.720000000000000000e+04 1.937809141470196424e-04 4.313995892028113857e-04 8.066144710746175591e-04
9.730000000000000000e+04 1.650818632630174669e-04 3.567916411797418617e-04 8.097886051273397090e-04
9.740000000000000000e+04 1.644722202645655185e-04 3.102731010422225648e-04 8.129627391800619673e-04
9.750000000000000000e+04 1.733376402556584652e-04 2.982300432662383797e-04 8.161368732327841172e-04
9.760000000000000000e+04 1.900589479083075132e-04 3.977622553463491719e-04 8.193110072855062671e-04
9.770000000000000000e+04 1.811001431876510916e-04 3.443833024340329759e-04 8.210063856642611530e-04
9.780000000000000000e+04 1.778906967330531885e-04 3.893206553991588464e-04 8.226134801221827129e-04
9.790000000000000000e+04 1.746812502784552855e-04 4.342580083642847170e-04 8.242205745801042729e-04
9.800000000000000000e+04 1.714718038238568403e-04 4.791953613294105876e-04 8.258276690380252907e-04
9.810000000000000000e+04 1.755176686881777803e-04 4.799716167431564802e-04 8.480148764687457956e-04
9.820000000000000000e+04 1.824087536775641574e-04 4.634297946857771555e-04 8.782727164378167700e-04
9.830000000000000000e+04 1.892998386669496672e-04 4.468879726283977224e-04 9.085305564068869855e-04
9.840000000000000000e+04 2.098091421649241842e-04 5.032000090267931816e-04 9.387883963759578515e-04
9.850000000000000000e+04 2.329679208049964274e-04 5.250595508580618853e-04 9.664378766912613654e-04
9.860000000000000000e+04 2.568243605369172761e-04 4.685361421130893912e-04 9.914044727912616362e-04
9.870000000000000000e+04 3.482373949739009638e-04 6.822075018147694212e-04 1.016371068891262341e-03
9.880000000000000000e+04 4.396504294108841094e-04 9.846868758623165095e-04 1.041337664991262395e-03
9.890000000000000000e+04 4.788985068072416354e-04 1.127732179920204383e-03 1.062089288852280421e-03
9.900000000000000000e+04 3.753793333556214393e-04 8.344316082170742058e-04 1.071305199217140658e-03
9.910000000000000000e+04 2.718601599040020023e-04 5.411310365139442458e-04 1.080521109582001545e-03
9.920000000000000000e+04 2.893903613043933513e-04 4.988552395579939729e-04 1.089737019946861781e-03
9.930000000000000000e+04 3.435439214398172160e-04 5.884836769252093508e-04 1.099234384278610166e-03
9.940000000000000000e+04 2.975071943878242198e-04 5.133267418882703648e-04 1.115111371859838071e-03
9.950000000000000000e+04 2.514704673358307899e-04 4.381698068513315957e-04 1.130988359441065542e-03
9.960000000000000000e+04 2.100930279470093536e-04 3.831501594389476835e-04 1.146865347022292796e-03
9.970000000000000000e+04 3.038032011972689739e-04 5.331384580177938887e-04 1.162742334603520051e-03
9.980000000000000000e+04 2.782195696797818774e-04 4.827604587833903395e-04 1.176605416093654379e-03
9.990000000000000000e+04 2.258976715764100113e-04 4.076545051030630237e-04 1.190017104839232592e-03
1.000000000000000000e+05 2.149897003562348773e-04 5.073939686453231030e-04 1.203428793584811023e-03
1.001000000000000000e+05 2.224328999755709017e-04 6.254846030270941239e-04 1.216840482330389670e-03
1.002000000000000000e+05 2.004758908606507455e-04 5.910313394283715858e-04 1.225915537203040029e-03
1.003000000000000000e+05 2.020193364395137317e-04 4.950507450914908101e-04 1.231996249639620133e-03
1.004000000000000000e+05 2.270665220733890204e-04 4.824150132328407486e-04 1.238076962076200887e-03
1.005000000000000000e+05 2.575527954038728425e-04 5.506028204544130382e-04 1.244157674512781425e-03
1.006000000000000000e+05 2.706854037127189635e-04 5.989921991433027736e-04 1.250364323251944862e-03
1.007000000000000000e+05 2.377980466315245990e-04 5.971302909807273303e-04 1.256788938668656043e-03
1.008000000000000000e+05 2.557111254524455698e-04 6.460688187202667885e-04 1.263213554085367658e-03
1.009000000000000000e+05 2.887030451358349199e-04 7.100861873222750597e-04 1.269638169502079056e-03
1.010000000000000000e+05 3.122098051677503223e-04 7.469794812216578369e-04 1.276616018381882770e-03
1.011000000000000000e+05 2.778570913256582509e-04 6.184159194349936155e-04 1.286968591386544649e-03
1.012000000000000000e+05 2.435043774835663963e-04 4.898523576483293940e-04 1.297321164391206745e-03
1.013000000000000000e+05 2.890661654764835765e-04 5.659979783387771198e-04 1.307673737395869057e-03
1.014000000000000000e+05 3.442869575039943491e-04 7.289715167632232744e-04 1.318026310400531587e-03
1.015000000000000000e+05 2.627025106060909034e-04 6.641253694082986572e-04 1.314140313864996376e-03
1.016000000000000000e+05 2.309887153934958581e-04 6.968705245982589717e-04 1.308939987833442281e-03
1.017000000000000000e+05 2.533932969942958875e-04 7.837340566016145777e-04 1.303739661801887753e-03
1.018000000000000000e+05 3.131722456727304392e-04 9.079719556826034051e-04 1.298539335770334743e-03
1.019000000000000000e+05 2.993790072823388024e-04 7.932942599782107779e-04 1.292638687719221881e-03
1.020000000000000000e+05 2.525533583712499721e-04 5.713483380436448940e-04 1.286423609373613499e-03
1.021000000000000000e+05 2.057277094601604912e-04 4.886137419467810779e-04 1.280208531028004248e-03
1.022000000000000000e+05 2.172122577473614789e-04 6.146251133600808079e-04 1.273993452682395866e-03
1.023000000000000000e+05 2.287820972474124536e-04 6.685191359462965520e-04 1.273322818885075976e-03
1.024000000000000000e+05 2.033806984839869793e-04 6.022994862836599742e-04 1.279036696991844770e-03
1.025000000000000000e+05 1.826887775610807046e-04 5.407893144615430296e-04 1.284750575098613347e-03
1.026000000000000000e+05 2.384688467771697937e-04 5.965364245873341995e-04 1.290464453205383008e-03
1.027000000000000000e+05 2.854088856563757274e-04 6.989187250603270778e-04 1.288044679084241004e-03
1.028000000000000000e+05 2.134387943518185199e-04 5.301903474307346174e-04 1.259788597886209041e-03
1.029000000000000000e+05 2.091729004999565936e-04 4.799705589035190879e-04 1.231532516688176428e-03
1.030000000000000000e+05 2.665509420661108311e-04 5.819655924886250453e-04 1.203276435490144031e-03
1.031000000000000000e+05 3.468730292122313048e-04 7.061370594966449345e-04 1.175434908482772675e-03
1.032000000000000000e+05 2.717220607838482897e-04 6.211026199365741931e-04 1.176612174821638126e-03
1.033000000000000000e+05 2.340616443760246872e-04 5.735587323970639485e-04 1.177789441160502493e-03
1.034000000000000000e+05 2.897801785503367408e-04 6.193937954396882759e-04 1.178966707499367944e-03
1.035000000000000000e+05 3.898169044240897343e-04 7.399938779928184104e-04 1.180143973838233178e-03
1.036000000000000000e+05 3.721372139933183231e-04 7.085510132788458773e-04 1.176731018015559835e-03
1.037000000000000000e+05 3.229263406238421386e-04 6.149069546599250299e-04 1.172088538399617807e-03
1.038000000000000000e+05 2.737154672543655205e-04 5.212628960410043994e-04 1.167446058783675128e-03
1.039000000000000000e+05 2.737430955462700176e-04 6.306711035166563672e-04 1.162803579167732450e-03
1.040000000000000000e+05 2.811496890994971513e-04 6.375242968338890558e-04 1.161854855775989060e-03
1.041000000000000000e+05 2.175512074998641517e-04 4.631228463376115944e-04 1.163768793457998444e-03
1.042000000000000000e+05 2.271427576027345088e-04 4.747587184351551547e-04 1.165682731140008262e-03
1.043000000000000000e+05 2.847563403686893379e-04 6.546487329709437843e-04 1.167596668822017646e-03
1.044000000000000000e+05 3.397784057925874648e-04 7.516913628214361674e-04 1.167147913213004888e-03
1.045000000000000000e+05 2.372947616175003849e-04 5.340605428591377888e-04 1.162072216575742688e-03
1.046000000000000000e+05 2.228426298430290827e-04 4.482130123586252311e-04 1.156996519938480487e-03
1.047000000000000000e+05 2.690509516389985676e-04 5.713511500486073268e-04 1.151920823301217419e-03
1.048000000000000000e+05 3.080411449897420013e-04 6.999306802988563940e-04 1.149866256462176621e-03
1.049000000000000000e+05 2.434664231737495308e-04 6.034422210258824247e-04 1.171603086784151707e-03
1.050000000000000000e+05 2.524135237010351716e-04 5.804755840961859162e-04 1.193339917106127444e-03
1.051000000000000000e+05 3.040139689687961552e-04 6.001622919069651840e-04 1.215076747428102530e-03
1.052000000000000000e+05 3.993261248905191282e-04 7.664355958163370126e-04 1.236813577750077832e-03
1.053000000000000000e+05 3.073132020746564093e-04 6.014464847248643603e-04 1.242501337423759311e-03
1.054000000000000000e+05 2.339723378014188244e-04 4.523585055863773782e-04 1.246151119872261235e-03
1.055000000000000000e+05 2.753370803674911552e-04 5.421951064042409771e-04 1.249800902320765328e-03
1.056000000000000000e+05 3.538959060124898708e-04 7.022778512162881686e-04 1.253450684769267251e-03
1.057000000000000000e+05 3.305377085482875303e-04 6.626988520713217876e-04 1.264394464110327708e-03
1.058000000000000000e+05 2.876459158853950874e-04 5.453654714602431536e-04 1.279062837609291252e-03
1.059000000000000000e+05 2.447541232225025360e-04 5.525945602467788754e-04 1.293731211108254580e-03
1.060000000000000000e+05 2.104497338770900967e-04 6.100567554469418612e-04 1.308399584607217473e-03
1.061000000000000000e+05 2.857237651678135384e-04 6.904159288076991505e-04 1.319920042318817105e-03
1.062000000000000000e+05 2.813441332206862138e-04 5.792744163815003074e-04 1.327378673208009455e-03
1.063000000000000000e+05 2.769645012735595397e-04 5.566813358489504891e-04 1.334837304097202457e-03
1.064000000000000000e+05 3.866514738009177790e-04 8.011262949681329133e-04 1.342295934986395458e-03
1.065000000000000000e+05 4.611964292723539716e-04 9.764695702944716860e-04 1.351794573793843081e-03
1.066000000000000000e+05 3.888009043929170194e-04 8.730206340701728452e-04 1.368909242162778947e-03
1.067000000000000000e+05 3.164053795134793082e-04 7.695716978458738960e-04 1.386023910531713945e-03
1.068000000000000000e+05 2.440098546340422475e-04 6.661227616215749468e-04 1.403138578900649811e-03
1.069000000000000000e+05 2.905646327499608172e-04 6.816241283926324952e-04 1.420253247269584809e-03
1.070000000000000000e+05 2.642119325893805930e-04 5.879429333517426168e-04 1.424490749532960916e-03
1.071000000000000000e+05 2.365958015697012737e-04 5.439128811181423353e-04 1.428544292280542992e-03
1.072000000000000000e+05 2.596104913548022940e-04 6.372395500604678253e-04 1.432597835028123550e-03
1.073000000000000000e+05 3.362261918699494152e-04 8.102519032211377530e-04 1.436651377775705410e-03
1.074000000000000000e+05 3.389962276251843720e-04 7.877223218227557590e-04 1.421579931364361140e-03
1.075000000000000000e+05 3.231261717910876175e-04 6.916771853298731097e-04 1.400487655032613609e-03
1.076000000000000000e+05 3.219601792803263030e-04 7.869836083607174848e-04 1.379395378700866296e-03
1.077000000000000000e+05 3.207941867695652052e-04 9.227928014367194759e-04 1.358303102369119199e-03
1.078000000000000000e+05 3.003247646040617391e-04 8.781933172717015183e-04 1.352922844950617178e-03
1.079000000000000000e+05 2.605634055877286640e-04 6.743947075625049328e-04 1.361187235535722467e-03
1.080000000000000000e+05 2.549561523916769445e-04 5.917887154212500122e-04 1.369451626120827756e-03
1.081000000000000000e+05 3.577675934209711538e-04 8.813360198657359344e-04 1.377716016705933478e-03
1.082000000000000000e+05 4.530011817721603341e-04 1.069547525990292673e-03 1.388954179918440576e-03
1.083000000000000000e+05 4.070401714137785766e-04 9.077399181121245924e-04 1.406815745801074172e-03
1.084000000000000000e+05 3.610791610553962770e-04 7.495455245226504727e-04 1.424677311683707334e-03
1.085000000000000000e+05 3.151181506970141943e-04 7.542384568569790709e-04 1.442538877566340713e-03
1.086000000000000000e+05 3.258300567444188858e-04 8.031966851774884758e-04 1.457691670104674982e-03
1.087000000000000000e+05 2.927021142507676369e-04 6.738991770778939537e-04 1.443499418079781946e-03
1.088000000000000000e+05 2.595741717571159544e-04 6.087880961213271245e-04 1.429307166054888476e-03
1.089000000000000000e+05 2.797521968490798705e-04 6.165670043898089855e-04 1.415114914029995657e-03
1.090000000000000000e+05 3.266747884441976221e-04 6.536744206719269021e-04 1.400922662005103271e-03
1.091000000000000000e+05 2.910498971605353542e-04 6.206719338601239359e-04 1.382822091863529501e-03
1.092000000000000000e+05 2.840223714605616227e-04 6.447715921493045628e-04 1.364080813833975841e-03
1.093000000000000000e+05 3.438845538666010504e-04 7.574593719710030846e-04 1.345339535804421964e-03
1.094000000000000000e+05 4.037467362726406949e-04 9.045597986348710012e-04 1.326598257774868088e-03
1.095000000000000000e+05 3.808269002505451336e-04 8.363978431606863525e-04 1.305774928062178753e-03
1.096000000000000000e+05 3.122926379496810756e-04 6.460772512642372822e-04 1.283748635154788494e-03
1.097000000000000000e+05 2.443385130066156805e-04 4.946749758511896373e-04 1.261722342247398668e-03
1.098000000000000000e+05 3.103489844207493482e-04 5.979343523501352321e-04 1.239696049340008191e-03
1.099000000000000000e+05 3.099260939427266178e-04 5.847920236820611890e-04 1.221594332712740497e-03
1.100000000000000000e+05 2.226183497261186722e-04 4.583868953044534841e-04 1.209176485180820607e-03
1.101000000000000000e+05 2.010785996111070107e-04 4.799606830297958957e-04 1.196758637648901369e-03
1.102000000000000000e+05 2.989294924999407561e-04 6.339081788549787632e-04 1.184340790116981046e-03
1.103000000000000000e+05 3.616129685293081658e-04 7.369164974605192870e-04 1.170490199391216153e-03
1.104000000000000000e+05 2.673956616471082201e-04 6.126577177013643348e-04 1.150247369800595602e-03
1.105000000000000000e+05 1.774051215131559282e-04 4.926257046904563858e-04 1.130004540209975702e-03
1.106000000000000000e+05 2.242997287891768630e-04 5.094788390895220974e-04 1.109761710619355368e-03
1.107000000000000000e+05 2.711943360651973643e-04 5.373053836465573052e-04 1.089518881028734816e-03
1.108000000000000000e+05 2.116242210361184367e-04 5.071948394735657306e-04 1.093906925907564337e-03
1.109000000000000000e+05 2.000573791274138291e-04 5.391701456623402113e-04 1.099381627012985339e-03
1.110000000000000000e+05 1.937306233922389022e-04 5.763855380246445895e-04 1.104856328118406124e-03
1.111000000000000000e+05 2.931022487925677650e-04 7.192993115224525407e-04 1.110331029223827126e-03
1.112000000000000000e+05 2.142344204938294219e-04 6.017488259707881159e-04 1.113424663053978487e-03
1.113000000000000000e+05 1.547290661856993250e-04 4.735171355316874489e-04 1.115648291533551323e-03
1.114000000000000000e+05 1.668941090521427551e-04 4.251989156811012598e-04 1.117871920013123726e-03
1.115000000000000000e+05 2.872914602927947219e-04 5.307933862605068677e-04 1.120095548492695912e-03
1.116000000000000000e+05 3.081118383394403125e-04 5.792412591498283117e-04 1.120281683174579072e-03
1.117000000000000000e+05 2.384825263691489356e-04 4.730648569068525867e-04 1.118486921108709621e-03
1.118000000000000000e+05 2.409683343282643334e-04 5.118492181761520425e-04 1.116692159042840171e-03
1.119000000000000000e+05 2.434541422873804902e-04 5.635662133533341769e-04 1.114897396976971588e-03
1.120000000000000000e+05 2.257938482999268968e-04 5.610032941115082822e-04 1.109614747544404503e-03
1.121000000000000000e+05 1.605000965592655185e-04 4.237656953117349386e-04 1.095437985326755837e-03
1.122000000000000000e+05 1.358374062796592011e-04 3.324633979293980558e-04 1.081261223109108473e-03
1.123000000000000000e+05 1.894453425256976921e-04 3.978716484674945991e-04 1.067084460891460675e-03
1.124000000000000000e+05 2.350522764787576655e-04 5.152004662447813360e-04 1.054777224263385871e-03
1.125000000000000000e+05 1.710433568724187238e-04 3.712008367202252477e-04 1.073784541260693320e-03
1.126000000000000000e+05 1.990594013634364298e-04 3.737429494590391007e-04 1.092791858257999901e-03
1.127000000000000000e+05 2.694627428137356950e-04 5.040568281608271469e-04 1.111799175255307132e-03
1.128000000000000000e+05 3.398660842640337677e-04 6.343707068626153016e-04 1.130806492252613279e-03
1.129000000000000000e+05 2.628544000741490222e-04 5.332071503380525056e-04 1.129064223006571478e-03
1.130000000000000000e+05 1.816382601714687040e-04 4.107416988628269329e-04 1.123101698931372461e-03
1.131000000000000000e+05 1.756954172699423580e-04 3.806556390477645012e-04 1.117139174856174094e-03
1.132000000000000000e+05 2.494609009171208126e-04 5.866258934029615433e-04 1.111176650780975510e-03
1.133000000000000000e+05 2.860930996653594750e-04 6.107724265709842506e-04 1.105823731067436325e-03
1.134000000000000000e+05 2.844568300965597289e-04 5.654795998772320061e-04 1.100867763031257267e-03
1.135000000000000000e+05 2.828205605277596575e-04 6.009679233923098749e-04 1.095911794995077992e-03
1.136000000000000000e+05 2.811842909589599114e-04 6.364562469073880690e-04 1.090955826958898934e-03
1.137000000000000000e+05 2.747869193050181316e-04 6.422308828681329122e-04 1.091469089104328159e-03
1.138000000000000000e+05 2.686397198719331011e-04 6.075922184332731030e-04 1.100895170804971684e-03
1.139000000000000000e+05 2.673097295383475638e-04 5.777707630979138712e-04 1.110321252505614342e-03
1.140000000000000000e+05 2.704636003376765727e-04 5.833230530865093216e-04 1.119747334206257217e-03
1.141000000000000000e+05 2.830069759587679375e-04 6.209598982115757844e-04 1.127509922361990017e-03
1.142000000000000000e+05 2.516582206882273312e-04 5.600866659344005093e-04 1.126198909363661108e-03
1.143000000000000000e+05 2.402310451436081825e-04 5.679616167264359443e-04 1.124887896365333933e-03
1.144000000000000000e+05 2.410244765603861529e-04 5.880571744798700163e-04 1.123576883367005457e-03
1.145000000000000000e+05 2.665969261286642300e-04 6.329317503848037613e-04 1.122265870368677415e-03
1.146000000000000000e+05 2.246078671323518570e-04 5.399325064979835489e-04 1.139245687393734482e-03
1.147000000000000000e+05 1.971847568690816106e-04 4.818136717049788459e-04 1.157611173359956395e-03
1.148000000000000000e+05 2.214888535842782832e-04 5.646168499238355103e-04 1.175976659326178307e-03
1.149000000000000000e+05 3.330283260005370820e-04 7.385663879061147435e-04 1.194342145292399569e-03
1.150000000000000000e+05 2.864263375035910452e-04 6.525320815739916406e-04 1.217140721341138099e-03
1.151000000000000000e+05 2.183632943219924061e-04 6.225765863471690708e-04 1.241801195224534297e-03
1.152000000000000000e+05 2.443252762717367053e-04 6.995331824164103315e-04 1.266461669107929846e-03
1.153000000000000000e+05 2.702872582214805707e-04 7.764897784856515921e-04 1.291122142991324960e-03
1.154000000000000000e+05 2.768912123247270572e-04 7.457907992641104895e-04 1.307387539012271798e-03
1.155000000000000000e+05 2.624290773009043971e-04 5.979372234026164926e-04 1.314517115006436304e-03
1.156000000000000000e+05 2.579353713685705960e-04 5.774247558361679522e-04 1.321646691000601245e-03
1.157000000000000000e+05 3.422554936669938621e-04 6.996633965732654368e-04 1.328776266994766185e-03
1.158000000000000000e+05 4.333420801905761566e-04 8.013096023016046902e-04 1.330216808862489091e-03
1.159000000000000000e+05 4.288258933253868369e-04 7.739781189118766919e-04 1.314906305802359364e-03
1.160000000000000000e+05 4.889095198908036295e-04 9.406283126614880565e-04 1.299595802742229420e-03
1.161000000000000000e+05 5.489931464562204221e-04 1.107278506411099855e-03 1.284285299682099259e-03
1.162000000000000000e+05 6.060229785806645324e-04 1.266756765844677998e-03 1.267941684329639907e-03
1.163000000000000000e+05 5.576969024917509225e-04 1.178803291375596363e-03 1.215955694891878531e-03
1.164000000000000000e+05 5.093708264028382884e-04 1.090849816906514728e-03 1.163969705454118240e-03
1.165000000000000000e+05 4.610447503139256543e-04 1.002896342437433093e-03 1.111983716016357948e-03
1.166000000000000000e+05 5.802191892235373204e-04 1.082443382966876083e-03 1.059997726578597007e-03
1.167000000000000000e+05 5.056951007052033070e-04 9.806813328832320042e-04 1.008684191310131508e-03
1.168000000000000000e+05 3.755884252461062821e-04 8.244394697417519510e-04 9.575358202235975105e-04
1.169000000000000000e+05 3.602784048378461978e-04 8.134751513667900060e-04 9.063874491370643802e-04
1.170000000000000000e+05 3.498746856400148340e-04 9.238821802031171870e-04 8.552390780505307079e-04
1.171000000000000000e+05 3.317820239054037820e-04 9.212162303331945584e-04 8.118924174481204894e-04
1.172000000000000000e+05 3.286402778004171620e-04 8.563909257250159083e-04 7.742543254926274703e-04
1.173000000000000000e+05 3.573566372500296259e-04 8.234237266714362338e-04 7.366162335371345595e-04
1.174000000000000000e+05 3.860729966996425235e-04 7.916766050578661696e-04 6.989781415816420825e-04
1.175000000000000000e+05 3.870429471145216691e-04 7.702629972256518466e-04 6.573280748107053657e-04
1.176000000000000000e+05 3.369595049054793616e-04 6.745440777243102894e-04 6.082959743793515256e-04
1.177000000000000000e+05 2.868760626964362952e-04 5.951749684828315469e-04 5.592638739479969265e-04
1.178000000000000000e+05 2.722533375579348075e-04 6.293117117673318337e-04 5.102317735166426527e-04
1.179000000000000000e+05 2.606930449745121711e-04 6.507827359880818171e-04 4.624900338254194876e-04
1.180000000000000000e+05 2.028844767525753157e-04 5.190190882411504017e-04 4.236374458995502304e-04
1.181000000000000000e+05 1.612958682606656965e-04 5.048614193459574845e-04 3.847848579736812442e-04
1.182000000000000000e+05 1.295706877981698125e-04 5.217051438709366688e-04 3.459322700478121497e-04
1.183000000000000000e+05 1.146378232958248050e-04 5.553411843560672988e-04 3.070796821219426757e-04
1.184000000000000000e+05 9.715444510675257453e-05 4.741120147635256919e-04 2.910336046942665054e-04
1.185000000000000000e+05 8.108295372969846803e-05 3.820103120652369971e-04 2.774819893523312831e-04
1.186000000000000000e+05 6.984763208691313532e-05 2.947447791012171303e-04 2.639303740103960067e-04
1.187000000000000000e+05 7.408196034790846666e-05 2.631823861439457459e-04 2.503787586684607844e-04
1.188000000000000000e+05 6.984002365796336043e-05 2.661858811536838183e-04 2.507749511629833315e-04
1.189000000000000000e+05 6.822297706961930248e-05 2.491939510631920518e-04 2.578544682458093289e-04
1.190000000000000000e+05 8.242504501659866857e-05 3.222634579479704935e-04 2.649339853286354889e-04
1.191000000000000000e+05 9.662711296357760099e-05 4.460623346787084657e-04 2.720135024114612153e-04
1.192000000000000000e+05 9.415857722603975487e-05 4.586966621868982246e-04 2.832086695046266678e-04
1.193000000000000000e+05 9.055151158107030613e-05 3.550279636631717764e-04 2.994197850478933789e-04
1.194000000000000000e+05 1.086491833430503731e-04 4.039368464866259956e-04 3.156309005911599273e-04
1.195000000000000000e+05 1.424148300607033812e-04 5.003423716154233036e-04 3.318420161344265299e-04
1.196000000000000000e+05 1.656526356124116812e-04 5.702542918023375748e-04 3.479788926018078776e-04
1.197000000000000000e+05 1.691362099711383104e-04 5.655296678164815297e-04 3.638605722458320758e-04
1.198000000000000000e+05 1.739335621474525327e-04 5.621188216482126982e-04 3.797422518898565451e-04
1.199000000000000000e+05 1.787309143237664568e-04 5.587079754799439751e-04 3.956239315338807433e-04
