9.000000000000000000e+04 8.296879188430855614e-05 1.319186132435158567e-04 8.296879188430855614e-05
9.010000000000000000e+04 nan nan nan
9.020000000000000000e+04 nan nan nan
9.030000000000000000e+04 nan nan nan
9.040000000000000000e+04 nan nan nan
9.050000000000000000e+04 nan nan nan
9.060000000000000000e+04 nan nan nan
9.070000000000000000e+04 nan nan nan
9.080000000000000000e+04 nan nan nan
9.090000000000000000e+04 nan nan nan
9.100000000000000000e+04 nan nan nan
9.110000000000000000e+04 nan nan nan
9.120000000000000000e+04 nan nan nan
9.130000000000000000e+04 nan nan nan
9.140000000000000000e+04 nan nan nan
9.150000000000000000e+04 nan nan nan
9.160000000000000000e+04 nan nan nan
9.170000000000000000e+04 nan nan nan
9.180000000000000000e+04 nan nan nan
9.190000000000000000e+04 nan nan nan
9.200000000000000000e+04 nan nan nan
9.210000000000000000e+04 nan nan nan
9.220000000000000000e+04 nan nan nan
9.230000000000000000e+04 nan nan nan
9.240000000000000000e+04 nan nan nan
9.250000000000000000e+04 nan nan nan
9.260000000000000000e+04 2.333413421325454128e-05 4.248948585993514893e-05 2.497564017342054844e-04
9.270000000000000000e+04 2.176703463435268777e-05 3.158586267042114452e-05 2.523042926268717514e-04
9.280000000000000000e+04 2.507239289874089224e-05 4.435512996861854093e-05 2.511605933417992509e-04
9.290000000000000000e+04 1.130744729715689283e-05 3.632485276503904376e-05 2.576938177178810657e-04
9.300000000000000000e+04 2.935032559300441643e-05 6.782620632233573275e-05 2.603653015450134380e-04
9.310000000000000000e+04 2.549815017888819747e-05 4.310157582848372438e-05 2.592604519208346653e-04
9.320000000000000000e+04 7.697268805841224210e-06 2.186863318301521687e-05 2.520778308247436034e-04
9.330000000000000000e+04 1.355612497469852167e-05 3.036846996514076932e-05 2.598151018211647726e-04
9.340000000000000000e+04 1.713881636298690602e-05 3.532057828789048146e-05 2.762740930455966364e-04
9.350000000000000000e+04 2.185411998648011350e-05 3.929886614149774604e-05 2.545706223182463840e-04
9.360000000000000000e+04 1.499821462630111443e-05 3.652177012402750859e-05 2.564168888100727749e-04
9.370000000000000000e+04 2.355884735814523282e-05 6.781740386599369890e-05 2.637770170165210917e-04
9.380000000000000000e+04 1.960370945437977380e-05 5.467287377802608353e-05 2.803206807066214675e-04
9.390000000000000000e+04 2.248726723278848642e-05 4.251815912105445577e-05 2.709999097300879313e-04
9.400000000000000000e+04 1.656957987305422014e-05 3.961998378211416391e-05 2.608407144236145358e-04
9.410000000000000000e+04 2.461165758794970834e-05 9.938895324492803829e-05 2.994430999816392728e-04
9.420000000000000000e+04 3.182604306073969673e-05 5.035376115549588822e-05 2.945608936674430785e-04
9.430000000000000000e+04 2.763240696553682712e-05 1.342961027566645085e-04 2.826730661565584712e-04
9.440000000000000000e+04 2.268700153981994269e-05 4.774666684652194423e-05 2.828492258736922020e-04
9.450000000000000000e+04 1.902982412944355904e-05 5.810197236353503193e-05 2.591405982818383393e-04
9.460000000000000000e+04 1.841734570365031391e-05 3.106535348085804325e-05 2.584522437432793017e-04
9.470000000000000000e+04 2.878576928232325733e-05 8.227998817025958429e-05 2.684064551229128860e-04
9.480000000000000000e+04 1.880344238614926802e-05 3.231965736065993801e-05 2.632057926335480149e-04
9.490000000000000000e+04 1.980844076596784305e-05 3.100806270004666416e-05 2.655327039350642289e-04
9.500000000000000000e+04 2.467149620357172936e-05 5.009217897851932287e-05 2.635988520687032252e-04
9.510000000000000000e+04 1.807804915878404354e-05 3.227430231733075211e-05 2.618387979370498993e-04
9.520000000000000000e+04 2.612554881640009267e-05 5.250670182256963895e-05 2.664168585571563639e-04
9.530000000000000000e+04 1.761164006096181027e-05 3.850750745838197198e-05 2.663328402135388103e-04
9.540000000000000000e+04 3.648891083628708369e-05 6.735340371103219152e-05 2.867139048761721109e-04
9.550000000000000000e+04 2.302289793747446791e-05 4.826441438948297089e-05 2.985209273445865188e-04
9.560000000000000000e+04 3.624728583927948550e-05 8.210332051838926471e-05 2.896253181633115666e-04
9.570000000000000000e+04 3.711587236433680059e-05 8.607360623164641298e-05 3.027495591588607584e-04
9.580000000000000000e+04 3.820383645384200838e-05 7.309458252607035130e-05 2.829072086591538052e-04
9.590000000000000000e+04 2.922896514046641973e-05 5.392256480654076005e-05 2.880868054521924706e-04
9.600000000000000000e+04 3.133426356071762489e-05 5.609385846914912701e-05 2.793888888184312244e-04
9.610000000000000000e+04 3.456609936462707536e-05 6.476678277376123841e-05 2.913183087182198705e-04
9.620000000000000000e+04 2.686814628382829971e-05 4.561429638731294076e-05 2.694704729915110906e-04
9.630000000000000000e+04 2.411150172819314448e-05 5.493281186466671671e-05 2.614196342495028378e-04
9.640000000000000000e+04 2.181674634264737503e-05 4.736315940683487324e-05 2.835100833385320400e-04
9.650000000000000000e+04 2.774847039284849886e-05 5.302246006464573060e-05 3.131166191375663586e-04
9.660000000000000000e+04 3.813305553395702650e-05 6.916135879858219173e-05 3.199855049356072219e-04
9.670000000000000000e+04 3.207025218066158947e-05 5.998091451181653986e-05 3.099025051973658493e-04
9.680000000000000000e+04 3.257094350418205829e-05 6.881730663420434439e-05 2.871836335304843034e-04
9.690000000000000000e+04 2.614817071513959651e-05 5.844255933269666215e-05 2.840354584512358774e-04
9.700000000000000000e+04 2.814461896157678319e-05 5.536808152228840695e-05 2.731315617500168621e-04
9.710000000000000000e+04 2.139845958609053926e-05 5.192411090806957948e-05 2.747853279380441170e-04
9.720000000000000000e+04 2.663596728839825577e-05 5.341825419105075863e-05 2.838722554025994689e-04
9.730000000000000000e+04 2.429812822190571212e-05 4.695406417589418398e-05 2.772276277913599744e-04
9.740000000000000000e+04 1.950348752435203089e-05 4.393271201684950450e-05 2.971353563441825893e-04
9.750000000000000000e+04 2.222655271303807141e-05 4.466291638049562892e-05 3.079461625648476195e-04
9.760000000000000000e+04 1.530134414960698666e-05 4.727966704706857435e-05 2.926723852373817685e-04
9.770000000000000000e+04 2.457971120226905672e-05 4.464148679550158146e-05 2.871125449572579339e-04
9.780000000000000000e+04 2.632960914284289498e-05 8.534447616152584593e-05 2.952072202696638583e-04
9.790000000000000000e+04 2.039470058050563096e-05 4.123927002773952397e-05 2.836991087046883127e-04
9.800000000000000000e+04 2.441636409679143107e-05 5.677877851162404024e-05 2.812324319874281628e-04
9.810000000000000000e+04 2.361804015548824498e-05 4.744355419787795033e-05 2.903788263376544344e-04
9.820000000000000000e+04 1.439910961993439526e-05 3.924789556469137405e-05 3.195436263834636388e-04
9.830000000000000000e+04 2.280625171265977412e-05 4.108411986680695228e-05 2.819133751283558510e-04
9.840000000000000000e+04 2.726092076498767228e-05 4.100714589916825770e-05 3.072942630071086073e-04
9.850000000000000000e+04 2.417479370479613072e-05 4.073317818587213548e-05 2.917530803366074938e-04
9.860000000000000000e+04 1.425456561565484727e-05 2.114953552766348464e-05 2.970371140257914628e-04
9.870000000000000000e+04 2.693226944364151719e-05 4.982596119131380268e-05 3.176691338213992986e-04
9.880000000000000000e+04 2.208463490021395992e-05 6.437836160077051173e-05 3.136116328133409432e-04
9.890000000000000000e+04 2.419625007436603751e-05 4.144323322200366968e-05 3.214541634686302225e-04
9.900000000000000000e+04 1.977504597976164399e-05 5.133541383003963543e-05 3.449860627998944419e-04
9.910000000000000000e+04 5.280501359547316994e-05 6.822569243590146867e-05 3.657576635874850118e-04
9.920000000000000000e+04 2.241899252169695170e-05 4.596694095815409987e-05 3.300007378013373842e-04
9.930000000000000000e+04 5.558325297279250723e-05 9.112464630811893847e-05 4.282872481455610256e-04
9.940000000000000000e+04 3.339654386692793731e-05 8.388581616052936517e-05 3.648638441067745424e-04
9.950000000000000000e+04 3.364213004488064013e-05 6.182859388688220900e-05 3.799101170035726967e-04
9.960000000000000000e+04 5.796347492676980030e-05 1.038760270755893626e-04 4.104765268240152983e-04
9.970000000000000000e+04 4.978767583162794141e-05 7.775379096983694961e-05 3.971628130880991317e-04
9.980000000000000000e+04 4.367180720643142619e-05 9.362283623632879168e-05 3.810888341569217803e-04
9.990000000000000000e+04 7.012532096742021435e-05 1.094586324915149947e-04 4.300063079427744457e-04
1.000000000000000000e+05 2.996393655703427509e-05 5.436484467350485676e-05 3.539451541907366627e-04
1.001000000000000000e+05 3.405630296850274382e-05 7.966923350857715164e-05 3.566225670452840071e-04
1.002000000000000000e+05 3.685392388738851664e-05 7.923376800411034530e-05 3.505685205407512860e-04
1.003000000000000000e+05 4.908067242559893727e-05 1.242397899915095470e-04 3.511632975795272484e-04
1.004000000000000000e+05 3.461015960986657883e-05 9.052517699862364835e-05 3.455893755918665149e-04
1.005000000000000000e+05 3.900117056783832447e-05 8.841916617561288360e-05 3.427211454146421202e-04
1.006000000000000000e+05 2.869356430733685254e-05 7.385379843904087529e-05 3.468974108970881466e-04
1.007000000000000000e+05 3.607164010755857953e-05 9.276686379284696882e-05 3.599938830952949362e-04
1.008000000000000000e+05 3.251365561074772998e-05 8.421594338147201340e-05 3.754959856302876142e-04
1.009000000000000000e+05 4.223280444778102416e-05 8.665399573042477464e-05 4.016166325281481163e-04
1.010000000000000000e+05 4.844586109489172187e-05 1.411960755135342358e-04 4.327329651980296992e-04
1.011000000000000000e+05 3.641933774525639564e-05 9.723797054638801248e-05 3.626642034283888896e-04
1.012000000000000000e+05 4.668299953792300885e-05 1.056669901001885503e-04 3.851960049969929754e-04
1.013000000000000000e+05 5.726356094291348104e-05 1.203351768370967837e-04 4.433222076646029159e-04
1.014000000000000000e+05 4.479468881008532308e-05 1.390449765149867709e-04 3.891918485725656706e-04
1.015000000000000000e+05 3.676160895587873324e-05 9.319805046012534728e-05 4.111954966436256347e-04
1.016000000000000000e+05 2.790570369837864573e-05 7.048088508395528029e-05 3.153560187063217911e-04
1.017000000000000000e+05 3.866726161407858667e-05 1.010758410729575949e-04 3.442451852205179815e-04
1.018000000000000000e+05 4.093947617989503011e-05 9.958815435223055063e-05 3.774422073781157332e-04
1.019000000000000000e+05 4.155761852407013250e-05 9.768601972458181709e-05 3.609561567773800911e-04
1.020000000000000000e+05 4.741729975076366304e-05 1.202011864610572165e-04 3.790231375736680401e-04
1.021000000000000000e+05 3.669626092223262064e-05 9.442017482826965289e-05 3.937827581816267120e-04
1.022000000000000000e+05 4.185048675855497242e-05 1.385448904505507447e-04 3.846085788971553517e-04
1.023000000000000000e+05 6.041201198584133245e-05 1.289261254795529281e-04 3.690815779166190728e-04
1.024000000000000000e+05 8.733352071036858035e-05 1.723474733336691298e-04 5.144962016451402843e-04
1.025000000000000000e+05 4.048508198434470386e-05 1.225913763412887726e-04 4.011779087554648792e-04
1.026000000000000000e+05 4.985434474887430554e-05 1.218006216239416449e-04 4.294222427857108024e-04
1.027000000000000000e+05 4.394759505834197480e-05 9.486834469133039686e-05 3.475951386728411900e-04
1.028000000000000000e+05 5.992838558346598021e-05 2.150204887430815534e-04 4.003193587030424755e-04
1.029000000000000000e+05 3.999791488762025581e-05 1.070150744388262691e-04 3.850471707934170762e-04
1.030000000000000000e+05 2.949266585137565871e-05 7.443416218787913359e-05 3.711711697738020056e-04
1.031000000000000000e+05 2.772633309126870411e-05 7.018617857125134104e-05 3.520694784191384457e-04
1.032000000000000000e+05 3.423434105935421832e-05 8.315298885108155002e-05 3.704756851143837832e-04
1.033000000000000000e+05 3.150324470662372494e-05 6.635051634945056918e-05 4.126686137833208133e-04
1.034000000000000000e+05 3.365607228335737748e-05 8.428674286568008838e-05 3.419090946930414894e-04
1.035000000000000000e+05 2.607449377717372535e-05 7.097508824146635687e-05 3.567422007682353232e-04
1.036000000000000000e+05 3.401675445546033932e-05 8.730614237546422242e-05 3.400782465319491035e-04
1.037000000000000000e+05 2.504385039403002593e-05 6.325798237628849205e-05 3.189455167821411718e-04
1.038000000000000000e+05 2.969440142281098418e-05 7.760090093092788556e-05 3.477701694777103072e-04
1.039000000000000000e+05 2.715317956742953169e-05 6.183946403970493836e-05 3.381111415645184515e-04
1.040000000000000000e+05 2.342407782945379012e-05 7.349609860130815100e-05 3.055279088260831198e-04
1.041000000000000000e+05 3.063415479389534467e-05 7.904641789367581510e-05 3.342832909198392688e-04
1.042000000000000000e+05 2.718122772865129433e-05 7.330083862772509076e-05 3.487956613801622223e-04
1.043000000000000000e+05 3.016851673195080708e-05 7.677686068341605568e-05 3.242028323668483497e-04
1.044000000000000000e+05 2.966653842881864433e-05 7.593654047648976156e-05 3.259464261250674959e-04
1.045000000000000000e+05 3.148656806692715993e-05 8.221535418573289178e-05 3.504257047007681915e-04
1.046000000000000000e+05 3.712714475827380740e-05 9.446826509018949568e-05 3.505383586945266740e-04
1.047000000000000000e+05 3.918053654241541051e-05 8.876787677794360917e-05 3.521966674842377906e-04
1.048000000000000000e+05 4.853699520799328307e-05 9.824984974720967715e-05 3.545368337682285802e-04
1.049000000000000000e+05 3.539618105538198858e-05 9.338632756209007228e-05 3.610851969271641130e-04
1.050000000000000000e+05 3.857115147022784725e-05 1.053780241920962359e-04 3.690771582211132304e-04
1.051000000000000000e+05 5.515564314216071275e-05 1.269419066903149942e-04 3.699839175690507946e-04
1.052000000000000000e+05 4.193098129202178824e-05 1.096846319110053223e-04 3.610552975655177362e-04
1.053000000000000000e+05 3.394871170526748147e-05 9.511756172552414531e-05 3.725236042008088348e-04
1.054000000000000000e+05 4.460157238400078075e-05 1.297735287155184886e-04 3.810810030309077384e-04
1.055000000000000000e+05 3.363826835620699904e-05 9.791281626263627965e-05 3.479468130353895205e-04
1.056000000000000000e+05 4.306334087611062705e-05 1.277406339162066840e-04 3.560495370813290014e-04
1.057000000000000000e+05 5.591312734810698591e-05 1.373125303589315793e-04 3.642913205154421348e-04
1.058000000000000000e+05 5.790543472500281732e-05 1.661136221578272238e-04 3.793174911393024594e-04
1.059000000000000000e+05 4.439194769633087768e-05 1.283338601861871509e-04 3.796942288197195474e-04
1.060000000000000000e+05 5.319139779399453469e-05 1.521973895565861194e-04 3.907151474609218121e-04
1.061000000000000000e+05 6.685795095600049597e-05 1.716093850965004540e-04 3.793330537172929649e-04
1.062000000000000000e+05 4.458665328025134293e-05 1.274771046121167387e-04 3.541090265942203365e-04
1.063000000000000000e+05 4.046113724349043473e-05 1.315274235604464714e-04 3.683885532822172258e-04
1.064000000000000000e+05 5.890218853636506767e-05 2.238388305818652421e-04 3.620485082787914654e-04
1.065000000000000000e+05 5.341606913375078524e-05 1.350820083925148921e-04 3.562245327319347749e-04
1.066000000000000000e+05 4.829384602811885195e-05 1.397839379457143554e-04 3.727973194689929962e-04
1.067000000000000000e+05 5.772770077396293135e-05 1.771017447920338029e-04 4.046931553214820447e-04
1.068000000000000000e+05 5.683403075395501106e-05 1.601861073544688890e-04 4.331868228860475604e-04
1.069000000000000000e+05 5.016523628071343794e-05 1.683136309758904731e-04 4.135454462102631547e-04
1.070000000000000000e+05 4.914377479094410349e-05 1.565358690422808102e-04 3.965941509537965052e-04
1.071000000000000000e+05 4.301416208417525606e-05 1.421186198426260079e-04 3.875643978374976643e-04
1.072000000000000000e+05 4.419412610825567810e-05 1.335093685653310040e-04 4.025057342936378801e-04
1.073000000000000000e+05 4.564816956034354299e-05 1.430543730835235369e-04 4.243889986208563528e-04
1.074000000000000000e+05 6.345678712580408087e-05 2.126256929628975991e-04 4.581761523838040061e-04
1.075000000000000000e+05 5.646283989076789859e-05 1.880645643040453801e-04 4.244502612599737688e-04
1.076000000000000000e+05 5.134483017104653213e-05 1.399131543359087722e-04 3.839851483206835792e-04
1.077000000000000000e+05 4.407003524901887629e-05 1.166527820569467295e-04 3.846966166009945106e-04
1.078000000000000000e+05 4.177996441717511536e-05 1.164773669693051797e-04 3.944490085493571898e-04
1.079000000000000000e+05 4.562179779657205307e-05 1.119123537931322504e-04 4.008248358222794264e-04
1.080000000000000000e+05 3.871505966622647938e-05 9.879419170865305156e-05 3.842426047069609084e-04
1.081000000000000000e+05 4.140457129095978213e-05 8.889582559823693301e-05 3.424449851870490363e-04
1.082000000000000000e+05 3.051693188540913421e-05 7.984389832314196236e-05 3.662991313983831113e-04
1.083000000000000000e+05 4.101555867152081479e-05 1.035449267917477943e-04 3.557561733034587015e-04
1.084000000000000000e+05 3.982323286355252514e-05 1.003905124860573410e-04 3.575771849200065893e-04
1.085000000000000000e+05 3.878191253868696915e-05 1.037546891415704791e-04 3.716979175066383620e-04
1.086000000000000000e+05 5.828780274192845064e-05 2.595129364893636412e-04 4.448069939502524630e-04
1.087000000000000000e+05 2.362496659276467465e-04 1.226030326524418313e-03 5.771968243006443244e-04
1.088000000000000000e+05 1.918318682590471253e-04 9.454726244786111188e-04 5.382312252049636361e-04
1.089000000000000000e+05 4.437766026594690966e-05 1.327718612520054292e-04 3.882808966795445421e-04
1.090000000000000000e+05 3.128456394714892877e-05 8.632813800782819210e-05 4.109234305897744980e-04
1.091000000000000000e+05 4.728356421184647454e-05 1.354318212862525863e-04 4.638307932415471914e-04
1.092000000000000000e+05 4.377537474749547972e-05 1.184560106520051760e-04 4.287185548494246222e-04
1.093000000000000000e+05 4.778354293201529093e-05 1.095912917374047705e-04 4.017235906871735878e-04
1.094000000000000000e+05 4.295155805579108782e-05 1.009853227000558551e-04 4.015300376079731452e-04
1.095000000000000000e+05 3.565667601660636689e-05 7.824366102766302979e-05 3.998680929675452298e-04
1.096000000000000000e+05 3.140514099942142302e-05 8.795544519607262791e-05 3.774219809204153869e-04
1.097000000000000000e+05 3.625599071996657950e-05 8.388066625053021289e-05 3.807435072531993071e-04
1.098000000000000000e+05 3.367549681563159489e-05 7.861184246442436347e-05 3.711634814496126366e-04
1.099000000000000000e+05 4.310943162381388957e-05 8.414510656744539439e-05 3.698586599809872144e-04
1.100000000000000000e+05 4.281082939413643736e-05 8.189570693759376518e-05 3.708829941836827029e-04
1.101000000000000000e+05 3.240292841909226231e-05 7.452513218123712905e-05 3.643217652053711507e-04
1.102000000000000000e+05 2.698891968696528944e-05 5.629153523792514158e-05 3.604320760608522721e-04
1.103000000000000000e+05 4.233890107988529496e-05 7.049415905593752179e-05 3.484016496427390992e-04
1.104000000000000000e+05 4.731400742319840985e-05 7.509852058106187851e-05 3.289153415337300532e-04
1.105000000000000000e+05 2.312969775288415937e-05 3.893697118733307691e-05 3.331020374808170577e-04
1.106000000000000000e+05 4.192189303941161981e-05 8.942468117766093827e-05 3.282559443121921966e-04
1.107000000000000000e+05 2.936116333094533192e-05 8.178722899805689409e-05 3.479410194196320212e-04
1.108000000000000000e+05 4.355155987592092401e-05 6.688058857246752080e-05 3.235535011735086964e-04
1.109000000000000000e+05 4.087395937626281265e-05 5.963458852068707731e-05 3.242742609700595738e-04
1.110000000000000000e+05 4.795381267768322525e-05 9.880505760639945491e-05 3.357735513463788561e-04
1.111000000000000000e+05 3.055450059815177470e-04 3.680213248458187071e-04 3.055450059815177470e-04
1.112000000000000000e+05 9.476190725698124860e-04 7.812503718014340848e-03 9.476190725698124860e-04
1.113000000000000000e+05 5.553665855263127902e+303 6.058544569377957490e+303 -5.048787141148298162e+302
1.114000000000000000e+05 9.304128450092511923e-04 7.812503718014340848e-03 9.304128450092511923e-04
1.115000000000000000e+05 9.462225677818399171e-04 7.812503718014340848e-03 9.462225677818399171e-04
1.116000000000000000e+05 8.168859232837429589e+300 9.802631079404915982e+301 8.168859232837429589e+300
1.117000000000000000e+05 9.687880066981863257e-04 7.812503718014340848e-03 9.687880066981863257e-04
1.118000000000000000e+05 3.752400360718934651e+200 4.502880432862721853e+201 3.752400360718934651e+200
1.119000000000000000e+05 9.189673039729330051e-04 7.812503718014340848e-03 9.189673039729330051e-04
1.120000000000000000e+05 9.209519971845685736e-04 7.812503718014340848e-03 9.209519971845685736e-04
1.121000000000000000e+05 9.313943550535991453e-04 7.812503718014340848e-03 9.313943550535991453e-04
1.122000000000000000e+05 1.579431345028653080e+72 1.723016012758530615e+72 -1.435846677298775594e+71
1.123000000000000000e+05 4.774551054965083565e+98 5.729461265958100278e+99 4.774551054965083565e+98
1.124000000000000000e+05 9.918533569522724330e-04 7.812503718014340848e-03 9.918533569522724330e-04
1.125000000000000000e+05 4.936260566245846047e+226 5.385011526813650042e+226 -4.487509605678041921e+225
1.126000000000000000e+05 3.603346244733651037e+45 4.324015493680380991e+46 3.603346244733651037e+45
1.127000000000000000e+05 9.987109006792886223e-04 7.812503718014340848e-03 9.987109006792886223e-04
1.128000000000000000e+05 9.586655304377422705e-04 7.812503718014340848e-03 9.586655304377422705e-04
1.129000000000000000e+05 9.742931748380007301e-04 7.812503718014340848e-03 9.742931748380007301e-04
1.130000000000000000e+05 9.758958483697768339e-04 7.812503718014340848e-03 9.758958483697768339e-04
1.131000000000000000e+05 5.389459297930307317e+229 6.467351157516368350e+230 5.389459297930307317e+229
1.132000000000000000e+05 9.348990630159053142e-04 7.812503718014340848e-03 9.348990630159053142e-04
1.133000000000000000e+05 9.255373554921804370e-04 7.812503718014340848e-03 9.255373554921804370e-04
1.134000000000000000e+05 9.701165667179113480e-04 7.812503718014340848e-03 9.701165667179113480e-04
1.135000000000000000e+05 9.702752905466119869e-04 7.812503718014340848e-03 9.702752905466119869e-04
1.136000000000000000e+05 9.222051234418606261e-04 7.812503718014340848e-03 9.222051234418606261e-04
1.137000000000000000e+05 9.546052488163498740e-04 7.812503718014340848e-03 9.546052488163498740e-04
1.138000000000000000e+05 9.233475835859710060e+04 1.007288340829503140e+05 -8.394067911849486336e+03
1.139000000000000000e+05 9.614544812802939796e-04 7.812503718014340848e-03 9.614544812802939796e-04
1.140000000000000000e+05 1.966758254617428392e+01 2.360000000000000000e+02 1.966758254617428392e+01
1.141000000000000000e+05 2.698084279041294678e+105 3.237701134849553817e+106 2.698084279041294678e+105
1.142000000000000000e+05 1.566778515390520208e+307 1.709212925880567545e+307 -1.424344104900473058e+306
1.143000000000000000e+05 nan nan nan
1.144000000000000000e+05 3.107158875902527101e+91 3.389627864620938853e+91 -2.824689887184115711e+90
1.145000000000000000e+05 2.901404076957371610e+196 3.165168083953496302e+196 -2.637640069961246918e+195
1.146000000000000000e+05 1.263442457927549456e+225 1.516130949513059413e+226 1.263442457927549456e+225
1.147000000000000000e+05 2.031089315403799858e+84 2.215733798622327314e+84 -1.846444832185272672e+83
1.148000000000000000e+05 1.859170080594286628e+04 1.146937446443873196e+05 1.859170080594286628e+04
1.149000000000000000e+05 1.860839774471964483e+04 1.147933161953727540e+05 1.860839774471964483e+04
1.150000000000000000e+05 nan nan nan
1.151000000000000000e+05 6.299471785071063042e+08 6.873097598216315508e+08 -5.724758885522791743e+07
1.152000000000000000e+05 1.865842189750450416e+04 1.150920308483290573e+05 1.865842189750450416e+04
1.153000000000000000e+05 1.867507439909798995e+04 1.151916023993144918e+05 1.867507439909798995e+04
1.154000000000000000e+05 nan nan nan
1.155000000000000000e+05 1.870834608698742522e+04 1.153907455012853461e+05 1.870834608698742522e+04
1.156000000000000000e+05 nan nan nan
1.157000000000000000e+05 1.874151773897137537e+04 1.155898886032562150e+05 1.874151773897137537e+04
1.158000000000000000e+05 1.875812022737380175e+04 1.156894601542416494e+05 1.875812022737380175e+04
1.159000000000000000e+05 1.877473383332395679e+04 1.157890317052270839e+05 1.877473383332395679e+04
1.160000000000000000e+05 1.609263060179252642e+304 1.755559702013730022e+304 -1.462966418344775018e+303
1.161000000000000000e+05 7.168991179989484957e+300 8.602789415987381949e+301 7.168991179989484957e+300
1.162000000000000000e+05 4.274605003616379749e+302 4.663205458490595952e+302 -3.886004548742163452e+301
1.163000000000000000e+05 1.881991605000532218e+04 1.161873179091688071e+05 1.881991605000532218e+04
1.164000000000000000e+05 1.883651918892916729e+04 1.162868894601542415e+05 1.883651918892916729e+04
1.165000000000000000e+05 1.885312168611774177e+04 1.163864610111396760e+05 1.885312168611774177e+04
1.166000000000000000e+05 1.886972417907589261e+04 1.164860325621251104e+05 1.886972417907589261e+04
1.167000000000000000e+05 nan nan nan
1.168000000000000000e+05 nan nan nan
1.169000000000000000e+05 5.721895736773350069e+307 6.242068076480018529e+307 -5.201723397066682108e+306
1.170000000000000000e+05 nan nan nan
1.171000000000000000e+05 1.966318301656408591e+304 2.145074510897900392e+304 -1.787562092414917095e+303
1.172000000000000000e+05 1.896934532230402328e+04 1.170834700425627234e+05 1.896933714777900968e+04
1.173000000000000000e+05 2.470058407045765827e+169 2.694609171322653813e+169 -2.245507642768878177e+168
1.174000000000000000e+05 nan nan nan
1.175000000000000000e+05 1.901915934924234898e+04 1.173821917568951467e+05 1.901914411334120450e+04
1.176000000000000000e+05 1.903576376937940586e+04 1.174817655120562849e+05 1.903574632930255393e+04
1.177000000000000000e+05 9.835501045386261344e+293 1.072963750405774003e+294 -8.941364586714783362e+292
1.178000000000000000e+05 8.116567392426048512e+18 8.854437155373968384e+18 -7.378697629478017280e+17
1.179000000000000000e+05 nan nan nan
1.180000000000000000e+05 1.910218114958954538e+04 1.178800597846191813e+05 1.910215564089150939e+04
1.181000000000000000e+05 nan nan nan
1.182000000000000000e+05 nan nan nan
1.183000000000000000e+05 1.915199345835535132e+04 1.181787797035556287e+05 1.915196268367717130e+04
1.184000000000000000e+05 1.916859742739934882e+04 1.182783528602514707e+05 1.916856504701078302e+04
1.185000000000000000e+05 1.918520132741402631e+04 1.183779259421391180e+05 1.918516741612324404e+04
1.186000000000000000e+05 1.920180517423056153e+04 1.184774989488961437e+05 1.920176980716817707e+04
1.187000000000000000e+05 nan nan nan
1.188000000000000000e+05 1.923501261486970179e+04 1.186766447379857273e+05 1.923497456068861356e+04
1.189000000000000000e+05 1.925161625223718147e+04 1.187762175203182560e+05 1.925157696670898804e+04
1.190000000000000000e+05 1.926821979967239895e+04 1.188757902278426045e+05 1.926817935760526598e+04
1.191000000000000000e+05 1.448336754161579684e+304 1.580003731812632471e+304 -1.316669776510527110e+303
1.192000000000000000e+05 1.930142671033874649e+04 1.190749354184668773e+05 1.930138417961823507e+04
1.193000000000000000e+05 1.931803005979726004e+04 1.191745079015667288e+05 1.931798659696230970e+04
1.194000000000000000e+05 5.980870921051049962e+303 6.524586459328418472e+303 -5.437155382773682060e+302
1.195000000000000000e+05 1.935123655170623533e+04 1.193736526433419785e+05 1.935119144906690417e+04
1.196000000000000000e+05 nan nan nan
1.197000000000000000e+05 8.679412934891971136e+300 1.041529552187036584e+302 8.679412934891971136e+300
1.198000000000000000e+05 nan nan nan
1.199000000000000000e+05 nan nan nan
