9.000000000000000000e+04 4.080852494543466989e-04 1.430516676823891803e-03 1.287770400859336323e-03
9.010000000000000000e+04 6.256164396141179578e-04 3.108749540147200466e-03 1.571431624848340040e-03
9.020000000000000000e+04 1.273732623763066014e-03 3.854469350779890936e-03 2.240564072853605971e-03
9.030000000000000000e+04 1.243895220175994694e-03 3.216657201035189734e-03 2.286733573697998824e-03
9.040000000000000000e+04 1.633609063652496311e-03 4.030201900346045731e-03 2.732543703715447931e-03
9.050000000000000000e+04 1.484391965334920342e-03 3.879833760990744444e-03 2.733675043787984170e-03
9.060000000000000000e+04 8.377037440432542805e-04 3.197850217164865429e-03 1.880321721437853586e-03
9.070000000000000000e+04 5.294339360282899771e-04 1.246806600070950221e-03 1.571633383539462140e-03
9.080000000000000000e+04 4.478809388747292649e-04 1.228469053489355135e-03 1.347035661866096985e-03
9.090000000000000000e+04 4.187816379964601470e-04 9.297161730851461782e-04 1.287949407542292486e-03
9.100000000000000000e+04 4.485749754083029339e-04 9.549696199346706122e-04 1.304166469832979645e-03
9.110000000000000000e+04 4.346638345959494883e-04 9.942580494269829400e-04 1.349742345501013779e-03
9.120000000000000000e+04 4.908587960237895771e-04 1.203536839047079920e-03 1.379818941934363944e-03
9.130000000000000000e+04 4.595926935039001265e-04 1.145418202225432841e-03 1.424436554971205337e-03
9.140000000000000000e+04 4.760307294272084211e-04 1.155160488114818657e-03 1.462098362878180846e-03
9.150000000000000000e+04 4.557579741774023686e-04 1.016483542946863784e-03 1.470539929567955904e-03
9.160000000000000000e+04 4.223555121704717415e-04 9.924883001209815897e-04 1.506578005888339683e-03
9.170000000000000000e+04 4.894012693780558712e-04 1.059385834062731352e-03 1.524769315662246163e-03
9.180000000000000000e+04 5.149878443639712734e-04 1.134403031071748230e-03 1.556711695883447122e-03
9.190000000000000000e+04 5.497824188822131655e-04 1.265753737193345101e-03 1.638718893851801549e-03
9.200000000000000000e+04 5.896475391982897510e-04 1.385150256272553882e-03 1.726764734359267396e-03
9.210000000000000000e+04 6.354798017467898266e-04 1.462170449316158765e-03 1.876768650034544867e-03
9.220000000000000000e+04 6.478695405103150270e-04 1.592523787469025086e-03 1.985083598818010702e-03
9.230000000000000000e+04 6.252399654416683234e-04 1.606605375446246891e-03 1.946692235726204048e-03
9.240000000000000000e+04 5.475832756764518593e-04 1.327314499145546087e-03 1.858362182589959550e-03
9.250000000000000000e+04 6.338193629666106360e-04 1.376708327432709777e-03 1.804280022499167579e-03
9.260000000000000000e+04 5.302183464451237262e-04 1.111760966199694736e-03 1.762206412821618572e-03
9.270000000000000000e+04 5.689088962319024077e-04 1.118033805513565402e-03 1.770073949309172332e-03
9.280000000000000000e+04 5.179502551482628551e-04 1.089953773018180775e-03 1.779678994032907234e-03
9.290000000000000000e+04 5.501020667412846038e-04 1.117637001914520509e-03 1.794607363522934557e-03
9.300000000000000000e+04 5.819602360847262769e-04 1.078737209679222521e-03 1.776084659241267735e-03
9.310000000000000000e+04 4.625952267694683276e-04 1.155724128222980745e-03 1.791738357787166832e-03
9.320000000000000000e+04 5.491919329017409725e-04 1.314607677767448256e-03 1.815936881254594454e-03
9.330000000000000000e+04 4.655324157153213800e-04 1.073253109029857332e-03 1.813105392014336108e-03
9.340000000000000000e+04 5.236899225908565013e-04 1.104470997939041056e-03 1.814131395784215808e-03
9.350000000000000000e+04 5.320241936090180056e-04 1.082206441651690316e-03 1.812793902055511277e-03
9.360000000000000000e+04 5.154843847397102240e-04 1.094502661328964266e-03 1.827720463833771647e-03
9.370000000000000000e+04 5.239678362746291555e-04 1.127931300791821124e-03 1.828551356880565339e-03
9.380000000000000000e+04 6.210696269187867668e-04 1.220578306946014987e-03 1.824696623521179567e-03
9.390000000000000000e+04 6.301893564774599301e-04 1.191811450429712278e-03 1.859022358577062462e-03
9.400000000000000000e+04 5.563147622689354997e-04 1.189562340265016378e-03 1.879977885610912636e-03
9.410000000000000000e+04 6.141657535225558337e-04 1.324260797106326755e-03 1.863945529761627676e-03
9.420000000000000000e+04 5.825802418366369476e-04 1.159283854713412561e-03 1.853915516626776982e-03
9.430000000000000000e+04 5.236974754565849616e-04 1.183764375217510618e-03 1.862518812146180458e-03
9.440000000000000000e+04 5.294460648516971860e-04 1.148630370826306821e-03 1.814352022832744571e-03
9.450000000000000000e+04 4.846649093289375539e-04 1.100641583663767567e-03 1.785581137482637748e-03
9.460000000000000000e+04 5.004695197973157809e-04 1.141366088782056355e-03 1.785783558974687272e-03
9.470000000000000000e+04 5.722644113942067408e-04 1.228228325897111209e-03 1.812844518611948395e-03
9.480000000000000000e+04 5.422006539731352541e-04 1.142111457653065092e-03 1.806706881819357922e-03
9.490000000000000000e+04 4.734276791142722016e-04 1.092815617995847441e-03 1.794746603257803361e-03
9.500000000000000000e+04 5.356735424083742571e-04 1.125451196269569576e-03 1.811604787096405492e-03
9.510000000000000000e+04 4.725108721771594748e-04 9.842779136695544925e-04 1.810674275751728056e-03
9.520000000000000000e+04 4.345934195643405638e-04 9.372851319125177424e-04 1.816287128344658665e-03
9.530000000000000000e+04 5.164581688795000323e-04 1.037767787360361358e-03 1.846579770179528329e-03
9.540000000000000000e+04 5.716149141305152271e-04 1.085221687261451887e-03 1.888027015892066764e-03
9.550000000000000000e+04 5.554937262830400048e-04 1.258970266263920515e-03 1.916831354395677218e-03
9.560000000000000000e+04 5.667439772329102392e-04 1.377282273282284244e-03 1.914392609980189843e-03
9.570000000000000000e+04 6.533932169401554524e-04 1.428733241039803741e-03 1.924520744345376878e-03
9.580000000000000000e+04 6.522579545999830988e-04 1.385094271421556146e-03 1.925660932520989726e-03
9.590000000000000000e+04 5.092345158575735733e-04 1.207480043381305417e-03 1.921296789415270854e-03
9.600000000000000000e+04 5.174154942450973418e-04 1.162931128648005087e-03 1.922559829009871284e-03
9.610000000000000000e+04 5.238952608089988798e-04 1.096588956295390218e-03 1.921218421430125100e-03
9.620000000000000000e+04 7.683214452801250330e-04 1.557192292058887269e-03 2.051615020452823585e-03
9.630000000000000000e+04 8.106586164725560709e-04 2.058973672696241125e-03 2.187559538846071874e-03
9.640000000000000000e+04 8.486843777669582801e-04 1.888081767215831234e-03 2.130328994401024540e-03
9.650000000000000000e+04 6.779640792382358484e-04 1.277402468383573644e-03 2.055726207897135612e-03
9.660000000000000000e+04 6.110260520462798030e-04 1.170111066467868690e-03 2.021391603420010126e-03
9.670000000000000000e+04 6.443494699159421028e-04 1.415899010133304546e-03 2.010049088280727210e-03
9.680000000000000000e+04 5.910978764904822533e-04 1.229270993919548850e-03 1.948249236291073067e-03
9.690000000000000000e+04 5.477387049568367000e-04 1.152089630233395223e-03 1.912123154100142750e-03
9.700000000000000000e+04 6.033279371701158900e-04 1.447693754639177433e-03 1.902001890199684535e-03
9.710000000000000000e+04 6.257369645751807968e-04 1.249485657074579691e-03 1.879086225441691221e-03
9.720000000000000000e+04 5.914032540466388713e-04 1.290576198539498736e-03 1.923860339355428200e-03
9.730000000000000000e+04 5.917522465114679990e-04 1.270343065308623693e-03 1.954544043255036605e-03
9.740000000000000000e+04 5.619094892239816143e-04 1.272157914456858866e-03 1.945955776545716699e-03
9.750000000000000000e+04 5.958942782199529598e-04 1.198834333145383860e-03 1.946894402064077790e-03
9.760000000000000000e+04 6.350662951513205874e-04 1.319187098295779379e-03 1.973796227162778055e-03
9.770000000000000000e+04 6.698947173085802436e-04 1.453197727373169547e-03 1.997090128787947297e-03
9.780000000000000000e+04 6.861735905102745673e-04 1.369245259324392309e-03 2.058701321034767367e-03
9.790000000000000000e+04 6.819375596213927103e-04 1.381944934507446220e-03 2.078294788198163916e-03
9.800000000000000000e+04 6.692625106481003058e-04 1.307079172713668290e-03 2.041881038113704631e-03
9.810000000000000000e+04 6.379762753828163279e-04 1.406590222910321592e-03 1.995593453116625750e-03
9.820000000000000000e+04 6.711883149357054153e-04 1.324042391060133812e-03 2.028546760208399698e-03
9.830000000000000000e+04 6.633369085663079565e-04 1.322820113873162578e-03 2.039305033175321368e-03
9.840000000000000000e+04 7.542555483586578600e-04 1.510359136938801408e-03 2.050566287111828864e-03
9.850000000000000000e+04 7.220358218981901260e-04 1.555401895956849386e-03 2.092450618403588793e-03
9.860000000000000000e+04 6.873567901218241658e-04 1.651150424166168218e-03 2.127622628494482172e-03
9.870000000000000000e+04 6.965107717062984840e-04 1.479687269021487958e-03 2.130959851100364209e-03
9.880000000000000000e+04 7.527619025841365656e-04 1.367770302449044031e-03 2.172040279960808524e-03
9.890000000000000000e+04 7.337973145426243769e-04 1.515608260868673987e-03 2.168902981439862435e-03
9.900000000000000000e+04 6.325333781069645851e-04 1.582276435531537783e-03 2.093670111679386825e-03
9.910000000000000000e+04 6.962558390745761036e-04 1.627763599401145858e-03 2.171209370294212727e-03
9.920000000000000000e+04 6.643434088409183331e-04 1.624330589044706242e-03 2.237062119965035900e-03
9.930000000000000000e+04 7.376547136587236105e-04 1.547124597667002676e-03 2.214988794369984488e-03
9.940000000000000000e+04 6.519471513244871723e-04 1.394655948628579622e-03 2.216466019065101330e-03
9.950000000000000000e+04 6.874324782786753185e-04 1.341525785242621022e-03 2.235530266875814312e-03
9.960000000000000000e+04 7.094641793748729559e-04 1.436928625932056697e-03 2.275935847227218266e-03
9.970000000000000000e+04 6.043002606049079854e-04 1.359471957356845609e-03 2.201660777060147813e-03
9.980000000000000000e+04 6.082663199858655972e-04 1.312191297391745656e-03 2.112976388408492785e-03
9.990000000000000000e+04 6.126789542818390603e-04 1.236246727277968624e-03 2.154347944561128131e-03
1.000000000000000000e+05 6.404554144472981558e-04 1.411485654960384405e-03 2.158707325171252498e-03
1.001000000000000000e+05 7.397703921690093436e-04 1.467565180619460896e-03 2.103545800707366364e-03
1.002000000000000000e+05 6.057914688016273475e-04 1.393901150472783880e-03 2.085182283493838308e-03
1.003000000000000000e+05 7.063680694060841484e-04 1.317113125295002853e-03 2.076605327096078986e-03
1.004000000000000000e+05 6.757857941557762239e-04 1.206903126170982572e-03 2.072396709872970522e-03
1.005000000000000000e+05 6.309056616638781655e-04 1.095167815235190524e-03 2.083165562306842685e-03
1.006000000000000000e+05 7.423094428115411484e-04 1.407250440510597481e-03 2.118194956786041781e-03
1.007000000000000000e+05 7.167806590949322553e-04 1.357318789420653348e-03 2.144312796751410288e-03
1.008000000000000000e+05 7.076578747012608490e-04 1.394202926796507145e-03 2.138446304296649954e-03
1.009000000000000000e+05 7.019696012871925496e-04 1.356601401060932542e-03 2.146317939746770868e-03
1.010000000000000000e+05 6.753925276445048309e-04 1.296875052036295696e-03 2.205362638716103652e-03
1.011000000000000000e+05 7.154854141457340621e-04 1.402416841096373835e-03 2.226066059488780290e-03
1.012000000000000000e+05 6.945685731466627339e-04 1.358033142291380528e-03 2.236080168900203384e-03
1.013000000000000000e+05 7.875083864238025932e-04 1.354573417619111360e-03 2.230426374788218018e-03
1.014000000000000000e+05 6.906456267806550860e-04 1.273546886705850855e-03 2.261607364455896132e-03
1.015000000000000000e+05 9.712008265523109415e-04 1.922264141596861107e-03 2.506025497966200225e-03
1.016000000000000000e+05 9.950175328562983149e-04 2.051758787656724446e-03 2.629186252695122142e-03
1.017000000000000000e+05 8.589818446252406054e-04 2.020560173493025739e-03 2.384212246846437091e-03
1.018000000000000000e+05 8.038557756606292803e-04 1.994917718920661415e-03 2.268649927358629310e-03
1.019000000000000000e+05 8.605277138033729997e-04 2.287993473018117615e-03 2.317402696616632958e-03
1.020000000000000000e+05 8.807582613742999562e-04 2.097158516437766258e-03 2.405046794092284643e-03
1.021000000000000000e+05 8.618910533322937054e-04 1.766162596159579759e-03 2.455160379432739636e-03
1.022000000000000000e+05 9.274073444838922507e-04 1.587288556838396206e-03 2.467664484223752730e-03
1.023000000000000000e+05 8.943533248966190150e-04 1.395008046434844133e-03 2.449657263831210401e-03
1.024000000000000000e+05 8.226550622099490419e-04 1.420068776817483844e-03 2.440761047540041407e-03
1.025000000000000000e+05 1.061319033158710824e-03 1.920608559019795596e-03 2.589071890033072063e-03
1.026000000000000000e+05 1.404475226698935313e-03 2.552374088842781705e-03 2.909200081657489605e-03
1.027000000000000000e+05 1.236553458256959117e-03 2.773623756192215850e-03 2.962553974362523105e-03
1.028000000000000000e+05 9.583586474842368825e-04 2.599972122818227684e-03 2.587489112248974980e-03
1.029000000000000000e+05 1.015974133551112227e-03 1.939777425598451614e-03 2.514406397509212025e-03
1.030000000000000000e+05 1.004534290627826995e-03 2.049883005718603716e-03 2.594803618386103301e-03
1.031000000000000000e+05 9.376255000767123350e-04 1.878353033545553628e-03 2.556833763512145110e-03
1.032000000000000000e+05 1.014628891692759619e-03 1.838920017956545937e-03 2.522845546422863242e-03
1.033000000000000000e+05 9.128986889809932292e-04 1.795933021218041421e-03 2.641142441062099139e-03
1.034000000000000000e+05 9.201096537017855286e-04 1.828207203205066585e-03 2.623122687958182476e-03
1.035000000000000000e+05 9.350779913154813952e-04 1.701897024288061971e-03 2.558405963568689389e-03
1.036000000000000000e+05 1.197314700548191392e-03 2.164886108044632683e-03 2.678573604633488307e-03
1.037000000000000000e+05 1.081463779232106530e-03 2.090602159931560615e-03 2.655886529194974397e-03
1.038000000000000000e+05 1.046477030231641060e-03 2.362267257247745601e-03 2.533370307496084651e-03
1.039000000000000000e+05 1.144956618922838686e-03 2.464630116817014601e-03 2.539561759092778728e-03
1.040000000000000000e+05 1.113264126028664595e-03 2.227820672211945543e-03 2.557096948575080918e-03
1.041000000000000000e+05 1.138527326492514520e-03 2.399076605549726668e-03 2.539434565881099060e-03
1.042000000000000000e+05 1.098808141800835993e-03 2.468696156989121180e-03 2.600053647694662400e-03
1.043000000000000000e+05 1.160653134665622392e-03 2.709121233433753329e-03 2.700534025023417026e-03
1.044000000000000000e+05 1.199338831176416419e-03 2.946677638378063929e-03 2.752981035886403489e-03
1.045000000000000000e+05 1.279947265412937751e-03 3.163779655705122387e-03 2.816984525078377721e-03
1.046000000000000000e+05 1.233998468361484835e-03 3.180647194102357439e-03 2.853314199041397537e-03
1.047000000000000000e+05 1.330334700406763260e-03 3.600803621276154731e-03 2.925539976781121702e-03
1.048000000000000000e+05 1.316392707868644556e-03 3.485795467872371788e-03 3.012512915878659114e-03
1.049000000000000000e+05 1.366251948961241802e-03 3.742174009121653107e-03 3.052136721445180938e-03
1.050000000000000000e+05 1.256868846766721589e-03 3.839337955821855650e-03 3.095992455169157675e-03
1.051000000000000000e+05 1.296949326720414544e-03 3.885478849025440166e-03 3.168493280745322480e-03
1.052000000000000000e+05 1.267410657960692287e-03 3.922097883943102131e-03 3.205601106095319792e-03
1.053000000000000000e+05 1.270613544800464154e-03 4.048971544238834722e-03 3.185937720085193527e-03
1.054000000000000000e+05 1.463099352613576615e-03 3.935100763602284238e-03 3.176969575431249498e-03
1.055000000000000000e+05 1.451791809569886842e-03 3.916627110777182348e-03 3.221732628702535933e-03
1.056000000000000000e+05 1.436547802400348463e-03 3.759708069261577870e-03 3.304147119223710665e-03
1.057000000000000000e+05 1.362404559185193594e-03 4.106581177315772081e-03 3.332259225590274068e-03
1.058000000000000000e+05 1.174066072174653926e-03 3.651282533007288531e-03 3.299117043908582781e-03
1.059000000000000000e+05 1.287677080169079800e-03 3.497482666325458893e-03 3.341717792915437427e-03
1.060000000000000000e+05 1.318116593618083327e-03 3.344467303123846609e-03 3.381046589362167541e-03
1.061000000000000000e+05 1.452123129071023876e-03 3.742897385695319670e-03 3.488685555231526170e-03
1.062000000000000000e+05 1.511072129974547207e-03 3.689365500930360132e-03 3.571135985017452174e-03
1.063000000000000000e+05 1.528306895734259877e-03 3.780225578166834192e-03 3.612230879214294380e-03
1.064000000000000000e+05 1.647803291065415244e-03 3.675467293882673375e-03 3.567146210294370665e-03
1.065000000000000000e+05 1.596041080719818282e-03 3.465357197980788086e-03 3.633595376744263705e-03
1.066000000000000000e+05 1.519728217397898866e-03 3.499520425659243417e-03 3.640485356734105959e-03
1.067000000000000000e+05 1.408069840264247145e-03 3.240714955637106782e-03 3.575755786312158520e-03
1.068000000000000000e+05 1.266025914095105214e-03 2.896129039653940179e-03 3.481425541335525682e-03
1.069000000000000000e+05 1.212315749766051595e-03 2.547681300648696901e-03 3.396982637008735904e-03
1.070000000000000000e+05 1.226871897106401790e-03 2.684431645785099151e-03 3.385148831238504828e-03
1.071000000000000000e+05 1.373999993975345921e-03 2.783097598473717633e-03 3.507440180387864492e-03
1.072000000000000000e+05 1.349866423677373480e-03 3.032873411493929808e-03 3.562511429241599272e-03
1.073000000000000000e+05 1.314396677128710535e-03 2.941221867967084864e-03 3.528633381968839574e-03
1.074000000000000000e+05 1.218215349451671082e-03 2.933869201166199991e-03 3.475507669112686340e-03
1.075000000000000000e+05 1.285576474644333032e-03 3.085778816019373993e-03 3.571490545146561654e-03
1.076000000000000000e+05 1.464835667825527352e-03 3.380932509018559195e-03 3.642414835133203112e-03
1.077000000000000000e+05 1.407370506205334396e-03 3.320877842054334103e-03 3.469243766427598796e-03
1.078000000000000000e+05 1.164240618302765738e-03 2.899688265270774189e-03 3.268825466188238996e-03
1.079000000000000000e+05 1.036070105287472797e-03 2.773192498917838745e-03 3.102078993137503092e-03
1.080000000000000000e+05 9.143115299122686959e-04 2.602217151583091550e-03 3.065231252532245407e-03
1.081000000000000000e+05 9.432125628081600155e-04 2.599403761263910980e-03 3.082210516077289134e-03
1.082000000000000000e+05 9.713688886305530540e-04 2.579866826346976626e-03 3.088210177627439320e-03
1.083000000000000000e+05 9.068209314284014430e-04 2.672894969977238164e-03 3.111019173219843007e-03
1.084000000000000000e+05 9.191896165925482302e-04 2.509036047853911884e-03 3.087342537083809148e-03
1.085000000000000000e+05 9.404492729013615507e-04 2.611475564350071270e-03 2.996820536905531185e-03
1.086000000000000000e+05 8.698467571155036118e-04 2.547884653966151890e-03 2.908149137256432846e-03
1.087000000000000000e+05 8.988956760160769170e-04 2.420467303546063216e-03 2.820968674509694712e-03
1.088000000000000000e+05 8.179358821423345430e-04 2.473266785799354411e-03 2.804360626972667893e-03
1.089000000000000000e+05 9.126743041089633093e-04 2.535383004520062270e-03 2.919712700010914774e-03
1.090000000000000000e+05 9.489443732108894525e-04 2.501740932946740388e-03 2.990997680283628488e-03
1.091000000000000000e+05 8.553638621292278602e-04 2.252282156826950280e-03 2.976670501246511148e-03
1.092000000000000000e+05 8.729344404951157668e-04 2.254908088613290229e-03 2.951483303584582357e-03
1.093000000000000000e+05 8.336449368472297061e-04 2.212390084376610576e-03 2.875091742320217206e-03
1.094000000000000000e+05 8.195765107767434120e-04 2.267419625741700327e-03 2.728831622312111269e-03
1.095000000000000000e+05 8.571804203814691395e-04 2.295809275122499653e-03 2.725964041805358645e-03
1.096000000000000000e+05 7.576025120742090058e-04 2.069993744990208853e-03 2.731865742298923271e-03
1.097000000000000000e+05 6.914692966834726055e-04 2.009751709492103248e-03 2.720703810033561591e-03
1.098000000000000000e+05 7.832643876128748354e-04 2.126035101386259708e-03 2.702647212700914903e-03
1.099000000000000000e+05 5.979827921201532649e-04 1.969941963288950135e-03 2.672378066937622539e-03
1.100000000000000000e+05 6.891648018724548606e-04 1.922740996042516083e-03 2.635807001103150551e-03
1.101000000000000000e+05 7.219926109790629921e-04 1.940035569282977422e-03 2.578929128396286428e-03
1.102000000000000000e+05 6.223331112234721432e-04 1.780065702343964400e-03 2.564961510658441465e-03
1.103000000000000000e+05 6.174849501301596204e-04 1.912543494660517897e-03 2.569188381190104682e-03
1.104000000000000000e+05 7.284134957171663378e-04 1.895505093346708421e-03 2.585944117368536941e-03
1.105000000000000000e+05 7.421052565632125803e-04 2.100573649214045047e-03 2.590873241140928020e-03
1.106000000000000000e+05 7.889621581367133995e-04 2.046402499346512173e-03 2.587226180271000146e-03
1.107000000000000000e+05 7.153550634420736271e-04 2.003999170394373322e-03 2.600823644097159659e-03
1.108000000000000000e+05 7.542006859269502310e-04 2.275278587355200870e-03 2.604713298888345317e-03
1.109000000000000000e+05 7.082477320272395627e-04 1.908061427936663928e-03 2.555904165017254103e-03
1.110000000000000000e+05 8.602563472382784935e-04 1.852860074769677222e-03 2.455478185654666207e-03
1.111000000000000000e+05 8.602087736777842743e-04 1.781410190985957933e-03 2.456366498061846732e-03
1.112000000000000000e+05 7.787214941394992977e-04 1.807487855955625371e-03 2.491433530637120978e-03
1.113000000000000000e+05 7.706514807905295861e-04 1.884761261266759084e-03 2.501352225578404569e-03
1.114000000000000000e+05 8.140483058072852524e-04 1.802414949174504198e-03 2.526716357055515394e-03
1.115000000000000000e+05 8.986765176246631296e-04 1.937003866438365791e-03 2.577527168821120308e-03
1.116000000000000000e+05 9.348683971614614278e-04 2.005099753210083484e-03 2.748235139518649586e-03
1.117000000000000000e+05 8.869049074112927977e-04 1.850811308672858056e-03 2.825345719780329029e-03
1.118000000000000000e+05 9.294413794965598625e-04 1.976063821790861180e-03 2.725775577161651964e-03
1.119000000000000000e+05 8.818923393166882511e-04 1.841367162395567266e-03 2.630543735611600657e-03
1.120000000000000000e+05 8.162171351862063540e-04 1.690171812891364542e-03 2.531930212603391434e-03
1.121000000000000000e+05 8.882558017453833117e-04 1.814697931314583710e-03 2.514150914839937030e-03
1.122000000000000000e+05 8.906106586550738540e-04 1.720473806908693433e-03 2.628967767013219714e-03
1.123000000000000000e+05 7.768133731569806886e-04 1.515760376631382659e-03 2.708872334493975676e-03
1.124000000000000000e+05 8.042963927259593089e-04 1.477348784980798534e-03 2.760380902933207582e-03
1.125000000000000000e+05 8.344821192355815834e-04 1.675262002587063655e-03 2.823320719599245899e-03
1.126000000000000000e+05 8.911937864556039590e-04 1.774544302546495964e-03 2.744825059422727805e-03
1.127000000000000000e+05 9.266410249211618887e-04 1.851586380342229833e-03 2.710601283530193230e-03
1.128000000000000000e+05 8.246104600144695852e-04 1.653726354546649312e-03 2.796323713145749349e-03
1.129000000000000000e+05 7.870737818527514910e-04 1.646265906153772298e-03 2.812131866228567874e-03
1.130000000000000000e+05 9.102113454958742772e-04 1.763660562632456911e-03 2.808945771248470662e-03
1.131000000000000000e+05 8.969683402292303633e-04 1.729377891431309669e-03 2.849567164573854443e-03
1.132000000000000000e+05 8.841165420390615336e-04 1.717193604782220936e-03 2.952166009720006909e-03
1.133000000000000000e+05 8.955453785002862131e-04 1.849965311627141265e-03 2.844671642043747600e-03
1.134000000000000000e+05 9.137898938265766931e-04 1.959691921754429245e-03 2.781267769334245642e-03
1.135000000000000000e+05 9.617140327868034522e-04 1.896893971305100342e-03 2.921129218683488158e-03
1.136000000000000000e+05 9.891825990686526661e-04 2.041069213614724390e-03 2.886844071140705261e-03
1.137000000000000000e+05 9.816290539915231966e-04 2.032118886017715217e-03 2.786536725992304515e-03
1.138000000000000000e+05 9.387536692185823126e-04 1.868315326307927677e-03 2.804062432863851928e-03
1.139000000000000000e+05 9.189761061073502876e-04 1.774179950607416645e-03 2.820053464642664071e-03
1.140000000000000000e+05 1.025786260621286590e-03 1.963479058214202735e-03 2.878594196886357422e-03
1.141000000000000000e+05 1.090362560612754238e-03 2.149454030113281521e-03 3.048589350691831897e-03
1.142000000000000000e+05 1.098817103622750768e-03 2.340252308176750742e-03 3.148489601782803685e-03
1.143000000000000000e+05 1.061815654400275529e-03 2.363032540100444123e-03 3.129570801826456715e-03
1.144000000000000000e+05 1.167011397213298194e-03 2.491945930713384584e-03 3.153236179506701837e-03
1.145000000000000000e+05 1.114666670041407175e-03 2.177031374959064944e-03 3.161376653079114689e-03
1.146000000000000000e+05 9.912880817492899545e-04 2.013749750562978964e-03 3.066359904837291303e-03
1.147000000000000000e+05 9.111883128202812390e-04 2.021355554519662246e-03 2.866499203454267539e-03
1.148000000000000000e+05 8.095571834270869158e-04 1.785104223016216419e-03 2.656522048267547214e-03
1.149000000000000000e+05 7.324922956810761467e-04 1.559443712616059461e-03 2.559710260033541337e-03
1.150000000000000000e+05 8.623955214184715092e-04 1.664520075336481039e-03 2.538605620670614932e-03
1.151000000000000000e+05 8.864606613454768021e-04 1.920113801176208694e-03 2.650669252005954761e-03
1.152000000000000000e+05 1.178882786627519653e-03 2.540309896219251733e-03 3.007431983318995753e-03
1.153000000000000000e+05 1.107523110407437981e-03 2.592402193542943985e-03 3.105927960624380035e-03
1.154000000000000000e+05 8.694327894209464246e-04 2.336718902582414405e-03 2.689989883368340551e-03
1.155000000000000000e+05 7.559675647959966140e-04 2.323689391707935495e-03 2.498737906294920628e-03
1.156000000000000000e+05 8.110091877956899283e-04 1.878265446359185130e-03 2.501361892749279572e-03
1.157000000000000000e+05 7.280432186839310392e-04 1.657475791915437140e-03 2.621525236078227263e-03
1.158000000000000000e+05 9.773966195193886479e-04 2.130463322603383652e-03 2.754512038557833768e-03
1.159000000000000000e+05 9.151609161775844676e-04 1.816468246046039998e-03 2.858150681700764688e-03
1.160000000000000000e+05 1.035007268807008234e-03 2.078506225062659411e-03 2.852787092219141903e-03
1.161000000000000000e+05 8.527548076232753863e-04 1.939874328868002561e-03 2.774116343020542174e-03
1.162000000000000000e+05 7.090807439937185826e-04 1.844298045630190022e-03 2.634894062879894038e-03
1.163000000000000000e+05 7.287773745372437811e-04 1.915910823278494041e-03 2.552491381215085588e-03
1.164000000000000000e+05 9.639633839131822503e-04 2.653727043175782216e-03 2.769550134147674269e-03
1.165000000000000000e+05 1.759558684970503320e-03 4.348953479589768092e-03 3.709424990009607941e-03
1.166000000000000000e+05 1.770800382113321345e-03 3.883501863222438115e-03 4.245320100903521993e-03
1.167000000000000000e+05 1.423575503905777188e-03 3.852527037946652452e-03 3.423569011546678982e-03
1.168000000000000000e+05 8.403811891551993870e-04 2.055180625947825024e-03 2.767254009194116196e-03
1.169000000000000000e+05 1.311284668887562543e-03 4.227051326120288659e-03 3.074127999524192429e-03
1.170000000000000000e+05 2.570269750381039015e-03 5.309146234725128921e-03 4.517403116972820883e-03
1.171000000000000000e+05 2.140600579829464271e-03 3.879615296168147619e-03 5.073220214473777960e-03
1.172000000000000000e+05 2.200361526981238665e-03 4.211387407274840185e-03 4.111352095874857941e-03
1.173000000000000000e+05 1.501367472138419486e-03 4.417012360261474840e-03 3.248855190241790782e-03
1.174000000000000000e+05 1.776928270394920965e-03 4.789175784344125789e-03 3.043837381946932607e-03
1.175000000000000000e+05 2.122169412452744406e-03 7.787783762905377272e-03 3.069733865278244725e-03
1.176000000000000000e+05 1.964099223486757712e-03 5.654021020726205000e-03 2.767449415119422728e-03
1.177000000000000000e+05 1.348801968063271638e-03 3.912005122443646885e-03 2.091195475172583258e-03
1.178000000000000000e+05 1.648685799635058249e-03 4.856516286740794261e-03 2.278159525880535819e-03
1.179000000000000000e+05 2.812477749935380147e-03 8.866732886022602941e-03 3.702363946777417932e-03
1.180000000000000000e+05 2.820263947444872060e-03 8.410322011268983600e-03 4.314024900029874918e-03
1.181000000000000000e+05 1.763991343606498199e-03 8.436501163267703940e-03 2.890809038568043984e-03
1.182000000000000000e+05 1.236523757657179189e-03 3.157902393586603171e-03 2.259620013354474589e-03
1.183000000000000000e+05 7.214198813246064466e-04 2.377520774078022321e-03 1.569825192664023577e-03
1.184000000000000000e+05 6.141760280206354228e-04 1.434718201093435064e-03 1.441117750118897992e-03
1.185000000000000000e+05 8.074052915727539768e-04 1.750308447186797690e-03 1.724874383091503987e-03
1.186000000000000000e+05 7.640981529564025909e-04 1.895430461638991388e-03 1.699510818780620991e-03
1.187000000000000000e+05 5.733326103217723608e-04 1.518120650554684748e-03 1.454115967204860872e-03
1.188000000000000000e+05 8.375719795155093465e-04 2.253720135309194260e-03 1.670946241540190386e-03
1.189000000000000000e+05 1.032159714936239925e-03 2.203834155323640669e-03 1.873398179608942813e-03
1.190000000000000000e+05 7.004484869763556157e-04 1.886659283924038092e-03 1.562488578842503341e-03
1.191000000000000000e+05 7.843810471071111911e-04 2.302492899155589561e-03 1.586932605399071902e-03
1.192000000000000000e+05 7.310617766645770245e-04 2.222848372440070462e-03 1.539911017843325920e-03
1.193000000000000000e+05 6.652048538156916197e-04 1.664090215860220337e-03 1.526873687574846440e-03
1.194000000000000000e+05 7.142845171130208408e-04 1.568625136492713106e-03 1.542857629430457100e-03
1.195000000000000000e+05 5.351403306110474661e-04 1.636151880397461282e-03 1.132117021596603171e-03
1.196000000000000000e+05 4.151181698983265464e-04 1.147355408188408931e-03 9.940357573114085629e-04
1.197000000000000000e+05 9.314514996636160619e-04 3.050375285270412462e-03 1.518652861273865270e-03
1.198000000000000000e+05 1.626287439862304481e-03 3.620449285618634189e-03 2.318799855965209163e-03
1.199000000000000000e+05 1.535116882439170995e-03 3.560658995183671981e-03 2.596709288476289727e-03
