9.000000000000000000e+04 3.881300723953539657e-05 8.789765870341126265e-05 2.580654802238218390e-04
9.010000000000000000e+04 6.025489258246988656e-05 1.071723342706080431e-04 2.877493112228852578e-04
9.020000000000000000e+04 5.351640647075926651e-05 1.330867411530525920e-04 3.064320527092776261e-04
9.030000000000000000e+04 4.458279983980632647e-05 9.771371300401455822e-05 2.465112468206397036e-04
9.040000000000000000e+04 4.116280577705973710e-05 9.448896055984959104e-05 2.918710886903734297e-04
9.050000000000000000e+04 4.170814351976378283e-05 1.074786942121627883e-04 3.256999709574786303e-04
9.060000000000000000e+04 4.525721916903485340e-05 1.065042393368826647e-04 2.945038131969363255e-04
9.070000000000000000e+04 3.692921240203402900e-05 1.042542647543098875e-04 2.649598066021900916e-04
9.080000000000000000e+04 4.054152001170898984e-05 9.415330501896758061e-05 2.549421030966663219e-04
9.090000000000000000e+04 4.805384075431330562e-05 9.417401963661482692e-05 2.643331715304398136e-04
9.100000000000000000e+04 3.827880611984154843e-05 8.960284979725636773e-05 2.710336668418538764e-04
9.110000000000000000e+04 3.851320074822625833e-05 1.020231707548895257e-04 2.823680849062733820e-04
9.120000000000000000e+04 3.668168163737566337e-05 1.003937665063224971e-04 2.892807421351312842e-04
9.130000000000000000e+04 3.823125964497615372e-05 8.139660057484491944e-05 2.941607015453979079e-04
9.140000000000000000e+04 4.550011261461757699e-05 9.293554950127514737e-05 2.988217211037827556e-04
9.150000000000000000e+04 4.914386705584934635e-05 9.452705210355769961e-05 3.055499206143893662e-04
9.160000000000000000e+04 4.382432871213041070e-05 8.555081299536373106e-05 3.081389290681417654e-04
9.170000000000000000e+04 4.261411403026207564e-05 1.042462082358873595e-04 3.148616871037311095e-04
9.180000000000000000e+04 3.694071674893609041e-05 8.019495583156912482e-05 3.181250153912105983e-04
9.190000000000000000e+04 4.313282881445552278e-05 9.014128241499440178e-05 3.219750713897281198e-04
9.200000000000000000e+04 3.330910182757363790e-05 8.696368154282343955e-05 3.319445342450745898e-04
9.210000000000000000e+04 3.978478189197316153e-05 1.093016562097511046e-04 3.469516528666820678e-04
9.220000000000000000e+04 4.149973605534353722e-05 9.326680667187008719e-05 3.597622161937224995e-04
9.230000000000000000e+04 4.570965214685545784e-05 1.109658261627177516e-04 3.652118285879574666e-04
9.240000000000000000e+04 4.449040509873212253e-05 1.180661245340795589e-04 3.659987927321408643e-04
9.250000000000000000e+04 4.090162559845875873e-05 9.363828610373412875e-05 3.632585935657540403e-04
9.260000000000000000e+04 3.886885751376670814e-05 8.397503345402608380e-05 3.625726511253745624e-04
9.270000000000000000e+04 4.652793953383060118e-05 9.765053860500788564e-05 3.651339858028990713e-04
9.280000000000000000e+04 4.730505732555248966e-05 1.056860207362862411e-04 3.672812310197249522e-04
9.290000000000000000e+04 5.507659433761551235e-05 1.030912936517539339e-04 3.722733632864581041e-04
9.300000000000000000e+04 5.048278986394548517e-05 1.039830259923702946e-04 3.719983189716854479e-04
9.310000000000000000e+04 3.554087741807816390e-05 8.677418570281176342e-05 3.727675308235811396e-04
9.320000000000000000e+04 5.338704109507033538e-05 1.309055408307542665e-04 3.737559228819593588e-04
9.330000000000000000e+04 4.843686423461671369e-05 1.023985468935173612e-04 3.716389999156669574e-04
9.340000000000000000e+04 4.978143323340405643e-05 9.808198296210296051e-05 3.750417344286187263e-04
9.350000000000000000e+04 6.395308176276968005e-05 1.179311792257718033e-04 3.758110374840228679e-04
9.360000000000000000e+04 4.442112347596713579e-05 9.938489433343645910e-05 3.801255854512734355e-04
9.370000000000000000e+04 6.086128662988302173e-05 1.189600344296518780e-04 3.838783998029992868e-04
9.380000000000000000e+04 5.341793468294740721e-05 9.576564130436029899e-05 3.863731425246047166e-04
9.390000000000000000e+04 5.349848205335076346e-05 9.211767218617462720e-05 3.857980638522424716e-04
9.400000000000000000e+04 3.996860369106613846e-05 9.691032792981841030e-05 3.845785996114168366e-04
9.410000000000000000e+04 5.536653806786418809e-05 1.055962697423574212e-04 3.877641852150127293e-04
9.420000000000000000e+04 5.811529203654649742e-05 1.144374086580366118e-04 3.907385581837633285e-04
9.430000000000000000e+04 5.197680122955402248e-05 1.079268999960752203e-04 3.916817124808151290e-04
9.440000000000000000e+04 5.926841428257359446e-05 1.099588886968123273e-04 3.902626762153830575e-04
9.450000000000000000e+04 4.866467882077445996e-05 1.008736573148296496e-04 3.856284950769229268e-04
9.460000000000000000e+04 4.984964739160752936e-05 1.026939911019062747e-04 3.853596377126862547e-04
9.470000000000000000e+04 5.617763761348450006e-05 1.081466417746047501e-04 3.883567136271193318e-04
9.480000000000000000e+04 4.583772443161041781e-05 8.956948496463448643e-05 3.936795081223519975e-04
9.490000000000000000e+04 4.865635879682330984e-05 1.036733572566103981e-04 3.893793828108906528e-04
9.500000000000000000e+04 5.288380107934829771e-05 1.050604628058838131e-04 3.912591987155315267e-04
9.510000000000000000e+04 5.105187460260462301e-05 1.078169969368666090e-04 3.869734457695173644e-04
9.520000000000000000e+04 3.728848280927960250e-05 9.845112080368611553e-05 3.884401345020813351e-04
9.530000000000000000e+04 4.599478437200527460e-05 9.853460833393314295e-05 3.893501177212886134e-04
9.540000000000000000e+04 3.913232223161003777e-05 8.790402023875753265e-05 4.026048799745818459e-04
9.550000000000000000e+04 3.887587270314321348e-05 8.633427592014423970e-05 4.040824552378263833e-04
9.560000000000000000e+04 4.443524217461418792e-05 1.154085230860613402e-04 4.042741717290044287e-04
9.570000000000000000e+04 4.710260941762225246e-05 9.043496004531881858e-05 4.014287999694986361e-04
9.580000000000000000e+04 3.319031080927176483e-05 7.540073997074422810e-05 4.055325417099063762e-04
9.590000000000000000e+04 4.596672893705827006e-05 9.995676676502305994e-05 4.054751803811852792e-04
9.600000000000000000e+04 5.505783095714929243e-05 1.691517222731135856e-04 4.063758591292001253e-04
9.610000000000000000e+04 3.302120740338693964e-05 7.859057576785333493e-05 4.072880070324105773e-04
9.620000000000000000e+04 4.170455813868332098e-05 7.529712609762333111e-05 3.987795544169170912e-04
9.630000000000000000e+04 3.698829056611441495e-05 8.632652242731246985e-05 3.960708647908414703e-04
9.640000000000000000e+04 4.860120252731675323e-05 9.805629594036657055e-05 4.047021187694367248e-04
9.650000000000000000e+04 4.336214781406781205e-05 1.007905309460248463e-04 4.172061129322668263e-04
9.660000000000000000e+04 4.182116841126089397e-05 1.008539339942456374e-04 4.217248093600983131e-04
9.670000000000000000e+04 4.628572863591524315e-05 1.109361115769834480e-04 4.252340632827537946e-04
9.680000000000000000e+04 3.302043731735678509e-05 7.847427441825101596e-05 4.129497638333823610e-04
9.690000000000000000e+04 3.951556982591302109e-05 7.085177624881476869e-05 4.135937110238108692e-04
9.700000000000000000e+04 3.676262931365633290e-05 7.926467571532072511e-05 4.027090712901667049e-04
9.710000000000000000e+04 4.663108259404162657e-05 9.833416561472646577e-05 3.999614184191501321e-04
9.720000000000000000e+04 3.892807154162508578e-05 8.775547092086547016e-05 4.069028780588678580e-04
9.730000000000000000e+04 3.646572394473609211e-05 7.778716102003758711e-05 4.078009064423017980e-04
9.740000000000000000e+04 4.029168077014118462e-05 8.206561213928081433e-05 4.020200368295064617e-04
9.750000000000000000e+04 3.954234749561940558e-05 8.292205895155254584e-05 4.060158778051886391e-04
9.760000000000000000e+04 3.354953883238676353e-05 6.795375659201526681e-05 4.088230075323111994e-04
9.770000000000000000e+04 4.210667205373181754e-05 8.389218742747860981e-05 4.143138189000209566e-04
9.780000000000000000e+04 4.102419890676309560e-05 9.004987115646145325e-05 4.123863194050121422e-04
9.790000000000000000e+04 4.419992274917641361e-05 1.809437346117135064e-04 4.126326625303593666e-04
9.800000000000000000e+04 4.219366966918099626e-05 8.731552704015985980e-05 4.097818988877207800e-04
9.810000000000000000e+04 3.451590234666217054e-05 8.020023196744785216e-05 4.142003422438459326e-04
9.820000000000000000e+04 3.269718259415847761e-05 7.324953478265007825e-05 4.214718650320723164e-04
9.830000000000000000e+04 4.811032901734166312e-05 8.294108087969368024e-05 4.090234965265258991e-04
9.840000000000000000e+04 4.207825804068839829e-05 1.062382297255423354e-04 4.089543127802252784e-04
9.850000000000000000e+04 3.816350969007353345e-05 7.550603088219879451e-05 4.111856317180140547e-04
9.860000000000000000e+04 4.526464865018260371e-05 9.128126066223986226e-05 4.144883815676007779e-04
9.870000000000000000e+04 3.780012903040170331e-05 6.881955214666076945e-05 4.210482175086472539e-04
9.880000000000000000e+04 5.539341986944491987e-05 9.579076880367285319e-05 4.192015835792111734e-04
9.890000000000000000e+04 4.695609780390935578e-05 1.020752535370790547e-04 4.236203512453533726e-04
9.900000000000000000e+04 6.227001527358264933e-05 1.120014922715377426e-04 4.304103601158628506e-04
9.910000000000000000e+04 4.482794820441201103e-05 9.653371008464607704e-05 4.342323311412084200e-04
9.920000000000000000e+04 4.738893060174013223e-05 1.415876900699508190e-04 4.497244750770600812e-04
9.930000000000000000e+04 4.743165293076410287e-05 1.146339776238908021e-04 4.597175549281245057e-04
9.940000000000000000e+04 6.106096886256297393e-05 1.392384160465921675e-04 4.577471745307384876e-04
9.950000000000000000e+04 6.298218038918167476e-05 1.449073430571045881e-04 4.668549556388179155e-04
9.960000000000000000e+04 6.563354176963148972e-05 1.344946858098221569e-04 4.631411992387961187e-04
9.970000000000000000e+04 5.374064044310304785e-05 1.250075067732638739e-04 4.461302672875517238e-04
9.980000000000000000e+04 5.978686923660168299e-05 1.217184822475227200e-04 4.578651905892141779e-04
9.990000000000000000e+04 6.334543965787832508e-05 1.133357635979503311e-04 4.630550799757805324e-04
1.000000000000000000e+05 6.848973259169593942e-05 1.530317923316117036e-04 4.527748213149383402e-04
1.001000000000000000e+05 7.441101638242474375e-05 2.950270786631702764e-04 4.660362863901180768e-04
1.002000000000000000e+05 1.001123679134613810e-04 3.239316895197285988e-04 4.719409900293976669e-04
1.003000000000000000e+05 9.993712496859518020e-05 3.417978340595450833e-04 4.732463914105633322e-04
1.004000000000000000e+05 1.064648742791975025e-04 3.731331309871338932e-04 4.738254510637079074e-04
1.005000000000000000e+05 1.001705113722581894e-04 4.216715484704160384e-04 4.813216844474505884e-04
1.006000000000000000e+05 1.132350628553807810e-04 5.382368728345445375e-04 4.946105179061513783e-04
1.007000000000000000e+05 1.264133490320195111e-04 6.035751437911290353e-04 5.151998794250391232e-04
1.008000000000000000e+05 1.146624424559081960e-04 5.995574970914150335e-04 5.240839592036291260e-04
1.009000000000000000e+05 1.063213230112926137e-04 5.169541633715454831e-04 5.239443944321751099e-04
1.010000000000000000e+05 7.844337579524630162e-05 3.331839375331242391e-04 4.909732919287063775e-04
1.011000000000000000e+05 9.137520680543306057e-05 3.275370802355818825e-04 4.775319343435789122e-04
1.012000000000000000e+05 1.085071250144632824e-04 3.647671627403034373e-04 5.093572158936422603e-04
1.013000000000000000e+05 1.330652593565224517e-04 5.045790867436925325e-04 5.450136439845622988e-04
1.014000000000000000e+05 1.070622357069808965e-04 3.057884219798805430e-04 5.049759046549550691e-04
1.015000000000000000e+05 7.615451408282767481e-05 2.394088848159628847e-04 4.693565764967142818e-04
1.016000000000000000e+05 6.244684542573692267e-05 1.367379341649185452e-04 4.383389760955346708e-04
1.017000000000000000e+05 7.746289856411535174e-05 1.843653914480740700e-04 4.554144517975924618e-04
1.018000000000000000e+05 1.214337190631552114e-04 5.506970403584153431e-04 5.174247060681462767e-04
1.019000000000000000e+05 1.191305041394271507e-04 4.623028891168666043e-04 5.319174971711234127e-04
1.020000000000000000e+05 1.975530225563117961e-04 7.750682333675548404e-04 6.119591955420797345e-04
1.021000000000000000e+05 1.922484291917357603e-04 7.091777741704013592e-04 5.870627806872086296e-04
1.022000000000000000e+05 1.098457178679443044e-04 3.942448813981241115e-04 5.186782587288747606e-04
1.023000000000000000e+05 1.023936877377708602e-04 2.572770739143798624e-04 4.964768352745289404e-04
1.024000000000000000e+05 7.821945304900415966e-05 2.106585977447253139e-04 5.022057214997348827e-04
1.025000000000000000e+05 9.689762262345965682e-05 2.739146812091867631e-04 5.138540226907571543e-04
1.026000000000000000e+05 1.271877855468325118e-04 3.144246813837988817e-04 5.246587388392599588e-04
1.027000000000000000e+05 1.023931605879078739e-04 2.236293718532592675e-04 4.898764510678627320e-04
1.028000000000000000e+05 9.308799497845596108e-05 2.898549588835025816e-04 5.112815268888869441e-04
1.029000000000000000e+05 1.948192065134340045e-04 6.058858397186383908e-04 6.078095096929025292e-04
1.030000000000000000e+05 1.232870200141353420e-04 3.636397945983400534e-04 5.276662789732599517e-04
1.031000000000000000e+05 6.971651677943461502e-05 2.217253249164749464e-04 4.732319449958333310e-04
1.032000000000000000e+05 1.140473145902407264e-04 3.902935446584954952e-04 5.200889971066316756e-04
1.033000000000000000e+05 1.658079230855302884e-04 6.406898470978181648e-04 5.712447009373294946e-04
1.034000000000000000e+05 1.042132196827545991e-04 4.232790246605382437e-04 4.969934343718887624e-04
1.035000000000000000e+05 1.374265094398647593e-04 6.511463296125963481e-04 5.395427356173236252e-04
1.036000000000000000e+05 1.925315935082258728e-04 8.611052557523400175e-04 5.725375399169259708e-04
1.037000000000000000e+05 1.186948384464371425e-04 5.399827745066433302e-04 4.987354531587483066e-04
1.038000000000000000e+05 2.648175363060995013e-04 1.193804787846525130e-03 6.569094745062592717e-04
1.039000000000000000e+05 3.122002480120145162e-04 1.351752120236759036e-03 7.001978211239112205e-04
1.040000000000000000e+05 1.597454371813974571e-04 7.146876522797379096e-04 5.227387552111664119e-04
1.041000000000000000e+05 2.662520331939231127e-04 1.229646704017783778e-03 6.400699978416833592e-04
1.042000000000000000e+05 4.310290813366592327e-04 1.870185495639170234e-03 8.120245904591537420e-04
1.043000000000000000e+05 3.566805892031391935e-04 1.540700504263346456e-03 7.325854027796331125e-04
1.044000000000000000e+05 3.221386602694809877e-04 1.499976106745066866e-03 7.211710076823539366e-04
1.045000000000000000e+05 5.000701727970236800e-04 2.171782683525477244e-03 9.115883487968822873e-04
1.046000000000000000e+05 4.876378865631925629e-04 2.113335413547363061e-03 8.840264975329937495e-04
1.047000000000000000e+05 3.576095656695171387e-04 1.517792128595137372e-03 7.505286253642416000e-04
1.048000000000000000e+05 4.687383396612436405e-04 1.978309245139238913e-03 8.713535881523153202e-04
1.049000000000000000e+05 5.102686859926937758e-04 2.112011000986967896e-03 9.051660196213841617e-04
1.050000000000000000e+05 5.141226972198898902e-04 2.057748950964962027e-03 9.088256545635482611e-04
1.051000000000000000e+05 6.755871649777034360e-04 2.648868998772462274e-03 1.072905484588436301e-03
1.052000000000000000e+05 7.272228634864687669e-04 2.707143048478956922e-03 1.128624769699234850e-03
1.053000000000000000e+05 7.028943077359339807e-04 2.736270276047847189e-03 1.121817288604374553e-03
1.054000000000000000e+05 6.106774674673276591e-04 2.521496056487076975e-03 1.028373630695397778e-03
1.055000000000000000e+05 3.915574984350515928e-04 1.675828938538258045e-03 7.929576065667542396e-04
1.056000000000000000e+05 4.489594200203043668e-04 1.748495795070673878e-03 8.365631489800135672e-04
1.057000000000000000e+05 5.875237550073931451e-04 2.268660638982695783e-03 1.002573899252526268e-03
1.058000000000000000e+05 6.533819828875423764e-04 2.509612633282363656e-03 1.057627846626135086e-03
1.059000000000000000e+05 6.817343762213882736e-04 2.648780647655606980e-03 1.090034078148691002e-03
1.060000000000000000e+05 7.039610276914761919e-04 2.672123203107623374e-03 1.122673410726449409e-03
1.061000000000000000e+05 7.002030732019260111e-04 2.570054148625855982e-03 1.085768212009582609e-03
1.062000000000000000e+05 5.625516044784506942e-04 2.102982861337256929e-03 9.654326600077007365e-04
1.063000000000000000e+05 5.257606452244710819e-04 1.954881126035814057e-03 9.250090720952106266e-04
1.064000000000000000e+05 3.885798021653847972e-04 1.477190186213819725e-03 7.683936439477698091e-04
1.065000000000000000e+05 4.357790427111568393e-04 1.610334481364425908e-03 8.229713723337385260e-04
1.066000000000000000e+05 6.305501118903712211e-04 2.215030495040442443e-03 1.040693700913212540e-03
1.067000000000000000e+05 7.089294993111915294e-04 2.519858972210327688e-03 1.114908357228733748e-03
1.068000000000000000e+05 6.317329379886015873e-04 2.338469571687788393e-03 1.074050702001874387e-03
1.069000000000000000e+05 5.149113379835528782e-04 2.007836218627884715e-03 9.543969416554640411e-04
1.070000000000000000e+05 4.603499718328722397e-04 1.867390148351880498e-03 8.965198153223079584e-04
1.071000000000000000e+05 5.274769278868515852e-04 1.934487471868812395e-03 9.584205820119326555e-04
1.072000000000000000e+05 6.845215601321353368e-04 2.413879194164761377e-03 1.121280625128725367e-03
1.073000000000000000e+05 8.010485222446710706e-04 2.820919792498933088e-03 1.230646320545756992e-03
1.074000000000000000e+05 7.691824501970042239e-04 2.834984460041012257e-03 1.238642696752395881e-03
1.075000000000000000e+05 7.920297602121077578e-04 2.716276537395481520e-03 1.257499237126859844e-03
1.076000000000000000e+05 7.071925370704199715e-04 2.392614071246015970e-03 1.146812746492474481e-03
1.077000000000000000e+05 7.155502695407286225e-04 2.519617074105347763e-03 1.168147370080245551e-03
1.078000000000000000e+05 7.765341331426906142e-04 2.859109446503771326e-03 1.215938268965583921e-03
1.079000000000000000e+05 7.032264290391034445e-04 2.756296832622991914e-03 1.131889062701105881e-03
1.080000000000000000e+05 5.120552625005313782e-04 2.030518912161045735e-03 9.309634545989093355e-04
1.081000000000000000e+05 2.331027463721116358e-04 1.058940768061507375e-03 6.243581957041287800e-04
1.082000000000000000e+05 2.680071338863841950e-04 1.161300931411622184e-03 6.703359861357906322e-04
1.083000000000000000e+05 3.206145850343314081e-04 1.259949017658280879e-03 7.159069146803240897e-04
1.084000000000000000e+05 3.172488277002228230e-04 1.324986128042397217e-03 7.436478008802766514e-04
1.085000000000000000e+05 3.568061292980197045e-04 1.489988096759431880e-03 8.097605341315512436e-04
1.086000000000000000e+05 2.898064795205110636e-04 1.310729538463070200e-03 7.391004490281623306e-04
1.087000000000000000e+05 2.620973330984379735e-04 1.245632330311037192e-03 6.959678415194024735e-04
1.088000000000000000e+05 2.848818674215506698e-04 1.327496770683372646e-03 7.342537511411099558e-04
1.089000000000000000e+05 3.190865382914727572e-04 1.390569634296805321e-03 7.577274467402281754e-04
1.090000000000000000e+05 3.790557263948411367e-04 1.539045927641869956e-03 8.557438298657613508e-04
1.091000000000000000e+05 4.593081354551688516e-04 1.803450613374721519e-03 9.912540425180188432e-04
1.092000000000000000e+05 4.605055846710039364e-04 1.808959531424909244e-03 9.737236748506397947e-04
1.093000000000000000e+05 3.623412253462069375e-04 1.456793220895870235e-03 8.257790663508744571e-04
1.094000000000000000e+05 3.495788070146947819e-04 1.455245659450976874e-03 8.201965746898317797e-04
1.095000000000000000e+05 3.776898062678154329e-04 1.486909727376932141e-03 8.379679329605352247e-04
1.096000000000000000e+05 3.138605832037585680e-04 1.248919807295328487e-03 7.720820271012642649e-04
1.097000000000000000e+05 2.749465212817538530e-04 1.119028197645722048e-03 7.114586940388295446e-04
1.098000000000000000e+05 2.678919503997485656e-04 1.099719036674804123e-03 6.957174458966388329e-04
1.099000000000000000e+05 2.209574747508568238e-04 9.540627085763525280e-04 6.476904160259596950e-04
1.100000000000000000e+05 2.109707404628675021e-04 8.459237085719501902e-04 6.320789765601018831e-04
1.101000000000000000e+05 2.246314743469224567e-04 9.337477836678298102e-04 6.617773111720002795e-04
1.102000000000000000e+05 2.170174053576395031e-04 8.807157406674204214e-04 6.363490736207336705e-04
1.103000000000000000e+05 1.633850370449807391e-04 6.659253299636150704e-04 5.498712502786844494e-04
1.104000000000000000e+05 7.469487915834084049e-05 3.786368002937023046e-04 4.590841667299931585e-04
1.105000000000000000e+05 7.290921542429029331e-05 2.451077411296566106e-04 4.319037082175195431e-04
1.106000000000000000e+05 6.168001356149789127e-05 2.155407940847139047e-04 4.299217147719154217e-04
1.107000000000000000e+05 7.600432682330622407e-05 2.970124991604624026e-04 4.454515351814067607e-04
1.108000000000000000e+05 7.813501521125430392e-05 2.895182856189545961e-04 4.418832479672882610e-04
1.109000000000000000e+05 5.805537997758764219e-05 2.035758541638073402e-04 4.331516243653864328e-04
1.110000000000000000e+05 6.644079546617347523e-05 2.277036516275485222e-04 4.457660474181075814e-04
1.111000000000000000e+05 9.200464848881236783e-05 3.423869707856845579e-04 4.771566617562707224e-04
1.112000000000000000e+05 1.084070368539402358e-04 4.421349716819618944e-04 5.050107304870030990e-04
1.113000000000000000e+05 8.756205801366934811e-05 2.822489052613701230e-04 4.775459252133522846e-04
1.114000000000000000e+05 5.604760057168194521e-05 1.776271475120042649e-04 4.457672668994406618e-04
1.115000000000000000e+05 5.712283391524517959e-05 1.733864888643132170e-04 4.502747667943447275e-04
1.116000000000000000e+05 5.987759862454751112e-05 1.592499848464147940e-04 4.544703941271379939e-04
1.117000000000000000e+05 6.144569527698879284e-05 1.567405962293556484e-04 4.717870951677493197e-04
1.118000000000000000e+05 5.394773965164385105e-05 1.254208955446359003e-04 4.340209371956226707e-04
1.119000000000000000e+05 5.200371615987278836e-05 1.157019994363380063e-04 4.169357116344745524e-04
1.120000000000000000e+05 5.064964516734830630e-05 1.295685434607045427e-04 4.205564268829909682e-04
1.121000000000000000e+05 5.141968730332246735e-05 1.211323425506186536e-04 4.302319838016770539e-04
1.122000000000000000e+05 6.096197296513033992e-05 1.858010323582104904e-04 4.726434354053051477e-04
1.123000000000000000e+05 8.923803242487366024e-05 3.242243710281495742e-04 5.283870144247944291e-04
1.124000000000000000e+05 7.621130971521351046e-05 2.702076328657725471e-04 5.217153594149431892e-04
1.125000000000000000e+05 5.151832186662457045e-05 1.128304258759698134e-04 4.582096068485366487e-04
1.126000000000000000e+05 5.349111938695487803e-05 1.333409559830310391e-04 4.509702066909238981e-04
1.127000000000000000e+05 7.052164609296410723e-05 2.126843234060178797e-04 4.903051116549952699e-04
1.128000000000000000e+05 6.383931988507160699e-05 1.230217138842890990e-04 4.667197031927047368e-04
1.129000000000000000e+05 6.126515381411017482e-05 1.401228826411377612e-04 4.721980643120045687e-04
1.130000000000000000e+05 8.274967840644822242e-05 2.406687381512452942e-04 4.945135193279129489e-04
1.131000000000000000e+05 8.253999082176167708e-05 1.971876978153121337e-04 4.920976978726217125e-04
1.132000000000000000e+05 3.973550299872719493e-05 1.167553323916261212e-04 4.432482863207698096e-04
1.133000000000000000e+05 5.300661649667524336e-05 1.289914382263100700e-04 4.466546436912163191e-04
1.134000000000000000e+05 7.033273752984637575e-05 1.917530032186606000e-04 4.872674715903151338e-04
1.135000000000000000e+05 4.840835490912064835e-05 1.053411676152210259e-04 4.573876130258169750e-04
1.136000000000000000e+05 5.747477425687385049e-05 1.254905853946951407e-04 4.372018143157937954e-04
1.137000000000000000e+05 5.291892566391416921e-05 1.130234624080460630e-04 4.499821816842227633e-04
1.138000000000000000e+05 4.858944394430311786e-05 1.049712846423529094e-04 4.463569733136084957e-04
1.139000000000000000e+05 6.526006019303646349e-05 1.425731645970373398e-04 4.678970345410609255e-04
1.140000000000000000e+05 6.656112501459972124e-05 1.541614408341603982e-04 4.899156388593630361e-04
1.141000000000000000e+05 4.829647460020508295e-05 1.030340350846392443e-04 4.554749032851062012e-04
1.142000000000000000e+05 5.352166000892956714e-05 1.264828620758995164e-04 4.504402531455990234e-04
1.143000000000000000e+05 5.651142857129371659e-05 1.250697716916040147e-04 4.612466724400819239e-04
1.144000000000000000e+05 5.613989979230639069e-05 1.113862283566637587e-04 4.620058160535097389e-04
1.145000000000000000e+05 5.335678410575494341e-05 1.206734064511525350e-04 4.520680030769027419e-04
1.146000000000000000e+05 5.961900058407343861e-05 1.300676434459215850e-04 4.401622749612558224e-04
1.147000000000000000e+05 6.570966585187244932e-05 1.230360820882223202e-04 4.397391777149716168e-04
1.148000000000000000e+05 6.278596149221526198e-05 1.328615056970659423e-04 4.489749612244934890e-04
1.149000000000000000e+05 5.050527464616920209e-05 1.197428217479544520e-04 4.488664371289485659e-04
1.150000000000000000e+05 6.188113747372485374e-05 1.351169281419731748e-04 4.565382187663243768e-04
1.151000000000000000e+05 6.582036751767445914e-05 1.344239292493813243e-04 4.487691503007348154e-04
1.152000000000000000e+05 5.324844653294011571e-05 1.193688289804041916e-04 4.394636200555931504e-04
1.153000000000000000e+05 7.524521573029765509e-05 1.739510484771051311e-04 4.550423377887415966e-04
1.154000000000000000e+05 8.243332565208052586e-05 1.932850816970518642e-04 4.732739087138823197e-04
1.155000000000000000e+05 6.981809279603639999e-05 1.479916408556490245e-04 4.930707075184618616e-04
1.156000000000000000e+05 8.125575385815506611e-05 1.566161136552337088e-04 4.928789880506619916e-04
1.157000000000000000e+05 7.894420231949113862e-05 1.600044227256195860e-04 4.879880258442712395e-04
1.158000000000000000e+05 6.797067768758398906e-05 1.624566345991978480e-04 4.672795429719623912e-04
1.159000000000000000e+05 6.837022683816532803e-05 1.555096940408470015e-04 4.807779705576038440e-04
1.160000000000000000e+05 9.125459465987904124e-05 3.291131144948161529e-04 5.433250821129325487e-04
1.161000000000000000e+05 1.382375019977089567e-04 3.290404456845735098e-04 6.525412121874140953e-04
1.162000000000000000e+05 8.582109295671988070e-05 2.218112858664317440e-04 5.667802489260165364e-04
1.163000000000000000e+05 8.027627997608864727e-05 1.599779438887382775e-04 4.896288567030509294e-04
1.164000000000000000e+05 7.721428223051210980e-05 1.426135210416570702e-04 4.674326321396209691e-04
1.165000000000000000e+05 4.965628002565422193e-05 1.192785195144938212e-04 4.662879964400052312e-04
1.166000000000000000e+05 7.020647678651165081e-05 1.501271890564679712e-04 4.793152160333243278e-04
1.167000000000000000e+05 6.275475244396823285e-05 1.660696059431379765e-04 4.639555294682118402e-04
1.168000000000000000e+05 6.261130772609901137e-05 1.291772259043372424e-04 4.575672510462825359e-04
1.169000000000000000e+05 5.229146210743331044e-05 1.283047531600093314e-04 4.452629522617249655e-04
1.170000000000000000e+05 5.489394892213480268e-05 1.097443019236502503e-04 4.266657751057931973e-04
1.171000000000000000e+05 6.499064606815791552e-05 1.233908725460925305e-04 4.112466646222632432e-04
1.172000000000000000e+05 6.641328616216934846e-05 1.390653201164548936e-04 4.152182558121786447e-04
1.173000000000000000e+05 5.304644214984842497e-05 1.157293054298183890e-04 3.837643481202735276e-04
1.174000000000000000e+05 8.832304684887559666e-05 2.418544570805586835e-04 4.030564464186428813e-04
1.175000000000000000e+05 1.571733935136949718e-04 5.624513988078427059e-04 5.289837543376092093e-04
1.176000000000000000e+05 1.897653331637265297e-04 8.984867591798001776e-04 4.595648561599693970e-04
1.177000000000000000e+05 1.224882246928669298e-04 5.736814299157936507e-04 2.781751004012205123e-04
1.178000000000000000e+05 8.153452995767477207e-05 2.385906220312441713e-04 3.765356957462295080e-04
1.179000000000000000e+05 9.987168394910559592e-05 2.758848043769447753e-04 3.890930536874567932e-04
1.180000000000000000e+05 7.528571553784020988e-05 1.677452567498215587e-04 3.218203625813362170e-04
1.181000000000000000e+05 4.415752034836331955e-05 1.013917347271148066e-04 2.616007411642335182e-04
1.182000000000000000e+05 6.398908302345811716e-05 1.646222942607216755e-04 2.960057329404142622e-04
1.183000000000000000e+05 2.980186515264348994e-05 7.071409421091816110e-05 2.257935889270130166e-04
1.184000000000000000e+05 3.075846535461425118e-05 8.066571376851708395e-05 2.382640945028129586e-04
1.185000000000000000e+05 3.421637881562901071e-05 9.413654674077931309e-05 2.440586949451041619e-04
1.186000000000000000e+05 7.210727029879990951e-05 1.851110390307520023e-04 3.027795974782860667e-04
1.187000000000000000e+05 4.131024640618535500e-05 1.422045577911291991e-04 2.443143085378934550e-04
1.188000000000000000e+05 3.138773230689778236e-05 7.075259354096129672e-05 2.249038021840167882e-04
1.189000000000000000e+05 5.910293241054710538e-05 1.280805855756913776e-04 2.672297079362562873e-04
1.190000000000000000e+05 4.205867664029575102e-05 9.735850478628999601e-05 2.480846358025000906e-04
1.191000000000000000e+05 3.120903443768930524e-05 7.326952071867810280e-05 2.341086629153074617e-04
1.192000000000000000e+05 3.556132078959769213e-05 8.125035992260414095e-05 2.360406936597824964e-04
1.193000000000000000e+05 3.551722603367221307e-05 7.397615278832060811e-05 2.273706607687743454e-04
1.194000000000000000e+05 3.375298749581435217e-05 7.401185538716937391e-05 1.987941518957274357e-04
1.195000000000000000e+05 2.291826412136765316e-05 5.120584476721112095e-05 1.825051781555611468e-04
1.196000000000000000e+05 2.404190920446576656e-05 5.285021189890256937e-05 1.800948628620044768e-04
1.197000000000000000e+05 2.251797787476716474e-05 5.770911009368302996e-05 1.778902695340853375e-04
1.198000000000000000e+05 4.192099266692950947e-05 1.282891384529253307e-04 2.001510831064874868e-04
1.199000000000000000e+05 5.957773094396646182e-05 1.268131872012063664e-04 2.110266786470770201e-04
