9.000000000000000000e+04 3.032925562305124239e-04 2.100222928066833999e-03 9.659588990575042767e-04
9.010000000000000000e+04 2.255377204138339945e-04 1.515481295301739171e-03 9.563860782517360788e-04
9.020000000000000000e+04 3.456620247611102070e-04 2.238170535039623113e-03 1.011584820437313407e-03
9.030000000000000000e+04 3.886355223077165221e-04 3.624069469564676800e-03 1.104545170982006077e-03
9.040000000000000000e+04 3.662155111221490839e-04 4.695789211761059768e-03 1.098608277970847345e-03
9.050000000000000000e+04 3.933395743264081913e-04 3.379566113984542805e-03 1.258917585333381179e-03
9.060000000000000000e+04 3.311191451049424377e-04 4.165369651661163762e-03 1.056393531897518740e-03
9.070000000000000000e+04 2.698663756371437938e-04 2.130773784242537099e-03 9.560971670878445818e-04
9.080000000000000000e+04 1.960231807034607974e-04 1.146372232551329425e-03 8.132571651208540114e-04
9.090000000000000000e+04 1.414461527654943063e-04 7.383488970328501259e-04 7.825087142103271743e-04
9.100000000000000000e+04 1.549525548078492694e-04 4.311831063281901981e-04 8.072392150327935062e-04
9.110000000000000000e+04 1.468806370408576225e-04 3.345533492843397530e-04 8.234198985762081636e-04
9.120000000000000000e+04 1.409634571754600583e-04 3.484448161303443491e-04 8.571029980671662340e-04
9.130000000000000000e+04 1.420782000174903269e-04 3.727501051210825546e-04 8.904438457958127129e-04
9.140000000000000000e+04 1.716887764563920478e-04 3.872253371058749461e-04 9.198989839011928807e-04
9.150000000000000000e+04 1.491996633304869257e-04 3.283041297659407970e-04 9.309325633685241238e-04
9.160000000000000000e+04 1.773701862422584225e-04 4.158657867808558152e-04 9.567674277280099893e-04
9.170000000000000000e+04 1.853912441923640572e-04 3.947608147912135251e-04 9.806765044308651206e-04
9.180000000000000000e+04 1.900695742814307448e-04 4.205077161400657369e-04 1.005735539361023081e-03
9.190000000000000000e+04 1.995491958050011564e-04 5.617410972070478997e-04 1.053577943580995008e-03
9.200000000000000000e+04 2.150384573317261697e-04 1.041278354248721585e-03 1.108293785647738918e-03
9.210000000000000000e+04 2.043141474904218218e-04 8.873268484671468235e-04 1.154537115719703102e-03
9.220000000000000000e+04 2.532510744622228646e-04 6.152768558118567070e-04 1.214247085354780648e-03
9.230000000000000000e+04 2.055674851312674391e-04 5.179559571496872641e-04 1.221407302814595322e-03
9.240000000000000000e+04 2.150197667485727240e-04 5.662490449534461363e-04 1.226409434516383731e-03
9.250000000000000000e+04 2.309456788285575799e-04 5.895524598750246942e-04 1.227990567836305304e-03
9.260000000000000000e+04 2.093948441853675600e-04 4.759147797926601559e-04 1.218797339154058983e-03
9.270000000000000000e+04 2.257671643808468066e-04 4.914286033933976637e-04 1.226678908541494351e-03
9.280000000000000000e+04 1.981988573580629239e-04 4.627992771145087066e-04 1.238991074791305361e-03
9.290000000000000000e+04 2.011637332210126309e-04 4.957097623875168259e-04 1.244315925575110006e-03
9.300000000000000000e+04 2.466771118813549258e-04 5.230330399563630928e-04 1.241694765739295974e-03
9.310000000000000000e+04 2.028408365240172949e-04 5.066950931615142421e-04 1.256656200665558047e-03
9.320000000000000000e+04 1.831711122565226387e-04 5.368945101467358354e-04 1.268222427765716351e-03
9.330000000000000000e+04 2.312367114215732426e-04 5.312602735981939925e-04 1.280542258687798361e-03
9.340000000000000000e+04 2.126396816414480740e-04 4.666559268061381931e-04 1.248338906995020417e-03
9.350000000000000000e+04 2.281166560206416682e-04 5.318701000257951977e-04 1.260221124809152550e-03
9.360000000000000000e+04 2.331214944384474123e-04 6.400685855949413920e-04 1.277883603653556018e-03
9.370000000000000000e+04 2.384803706197056138e-04 5.732391157814294928e-04 1.297114274888427595e-03
9.380000000000000000e+04 2.287304422555931638e-04 5.013166398001533096e-04 1.281136733751555602e-03
9.390000000000000000e+04 1.830764669724694888e-04 4.354869250149241526e-04 1.306715978919210409e-03
9.400000000000000000e+04 1.960674881675695917e-04 5.286014168684911863e-04 1.312759029894947343e-03
9.410000000000000000e+04 2.016598184409433558e-04 5.903393127723165646e-04 1.275270337839803231e-03
9.420000000000000000e+04 1.976186437661758832e-04 4.591710646516414338e-04 1.281946755318413671e-03
9.430000000000000000e+04 2.581306810088984400e-04 5.757031898527451789e-04 1.328268644342041165e-03
9.440000000000000000e+04 2.742565351803360942e-04 6.051203140566214275e-04 1.316329032693697989e-03
9.450000000000000000e+04 2.133443505866710992e-04 5.024653520803484992e-04 1.282540318447374355e-03
9.460000000000000000e+04 2.085565288278234779e-04 5.107607188899806073e-04 1.260305696761360389e-03
9.470000000000000000e+04 2.230359654968061024e-04 5.957209621374550974e-04 1.245694804668248798e-03
9.480000000000000000e+04 2.259779495160660692e-04 6.508284712425922540e-04 1.250301219789599167e-03
9.490000000000000000e+04 2.023187746783238188e-04 4.682337627468725807e-04 1.248659222279110753e-03
9.500000000000000000e+04 2.005082719836728464e-04 4.477373880586747387e-04 1.246276143443361510e-03
9.510000000000000000e+04 1.746612547629097702e-04 4.577427313241003680e-04 1.235733511415680998e-03
9.520000000000000000e+04 1.840731494701065233e-04 4.972368196270030623e-04 1.239863789689357862e-03
9.530000000000000000e+04 2.085112594609416468e-04 5.986433012422280424e-04 1.252575107137137399e-03
9.540000000000000000e+04 1.865730822363492313e-04 4.556238113478468157e-04 1.301536722661275061e-03
9.550000000000000000e+04 1.946569609732242551e-04 4.540991394588621190e-04 1.334840866728247448e-03
9.560000000000000000e+04 1.931269509627443759e-04 4.360259229962038137e-04 1.330827726855749989e-03
9.570000000000000000e+04 2.274153330137579712e-04 5.252689891980983922e-04 1.323332141819181813e-03
9.580000000000000000e+04 2.035730782090031544e-04 4.541395132247063281e-04 1.335095270683825516e-03
9.590000000000000000e+04 2.705764683623298420e-04 5.983077674416648669e-04 1.362870749187799872e-03
9.600000000000000000e+04 2.657640148033720007e-04 6.727825866476740396e-04 1.376740705039219493e-03
9.610000000000000000e+04 3.005300317186366393e-04 7.407845001179127684e-04 1.400762340409214980e-03
9.620000000000000000e+04 2.599778924105922498e-04 7.041777244796605661e-04 1.368892724278784759e-03
9.630000000000000000e+04 2.742667241571511341e-04 7.150923114190702902e-04 1.367201256106035214e-03
9.640000000000000000e+04 2.748451482889459167e-04 1.286228463820389151e-03 1.413324549060506353e-03
9.650000000000000000e+04 2.648892634997926550e-04 1.060125507102873234e-03 1.424966618702136348e-03
9.660000000000000000e+04 2.862896950711897419e-04 6.178993962628308041e-04 1.401948732969368226e-03
9.670000000000000000e+04 2.422531384917022638e-04 6.734211069948591553e-04 1.440078339827192662e-03
9.680000000000000000e+04 2.632399777999811386e-04 5.765703167830596269e-04 1.412031291878491652e-03
9.690000000000000000e+04 2.782160776983524930e-04 5.997564474379622323e-04 1.346276349880117700e-03
9.700000000000000000e+04 2.280466582223164736e-04 5.789706665536469617e-04 1.316991351327974086e-03
9.710000000000000000e+04 2.458423910542061833e-04 6.324766687055866522e-04 1.315889718358182175e-03
9.720000000000000000e+04 2.505588977895969061e-04 5.326440391898064342e-04 1.344080978912127458e-03
9.730000000000000000e+04 2.405706968866348338e-04 4.975826467611913634e-04 1.358940429424175794e-03
9.740000000000000000e+04 2.359733110914215021e-04 4.775558575165364614e-04 1.348020689921902281e-03
9.750000000000000000e+04 2.212460186463577078e-04 5.001693464640555396e-04 1.337532615620749040e-03
9.760000000000000000e+04 1.976036098759548307e-04 5.095469890684318007e-04 1.355661555442860735e-03
9.770000000000000000e+04 2.499768102975845167e-04 5.330296725338645042e-04 1.379487194317043563e-03
9.780000000000000000e+04 2.503984234911991232e-04 5.650446138345472172e-04 1.414278701320198246e-03
9.790000000000000000e+04 2.574707415294163072e-04 6.175962324324738625e-04 1.408387782982288474e-03
9.800000000000000000e+04 2.477781315766932647e-04 6.690904760734731841e-04 1.382727419792637545e-03
9.810000000000000000e+04 2.456183170166381657e-04 6.423634485828385882e-04 1.386411050056321655e-03
9.820000000000000000e+04 2.702763323619795845e-04 6.856864927842188338e-04 1.402607153621876230e-03
9.830000000000000000e+04 1.921687043565105564e-04 5.168711020406371350e-04 1.347161900364770735e-03
9.840000000000000000e+04 2.092696299632441047e-04 5.302315370189797806e-04 1.376302356580132429e-03
9.850000000000000000e+04 2.162568930908594696e-04 5.041766285486923207e-04 1.423165515648448743e-03
9.860000000000000000e+04 2.603797347412147370e-04 7.653917057386548303e-04 1.435990813871752380e-03
9.870000000000000000e+04 2.974598999735545823e-04 6.754217904686569442e-04 1.462174758991239545e-03
9.880000000000000000e+04 2.438335598118083949e-04 6.056413859177962791e-04 1.425933376183845247e-03
9.890000000000000000e+04 2.452816689319733696e-04 6.812548615202944011e-04 1.412544981394998423e-03
9.900000000000000000e+04 3.002981005950735617e-04 7.172803247592592427e-04 1.398344730447427303e-03
9.910000000000000000e+04 2.241812483320343528e-04 5.528237368040323126e-04 1.394102626828430452e-03
9.920000000000000000e+04 2.433963594971409305e-04 5.877554072877685335e-04 1.423484130043560373e-03
9.930000000000000000e+04 2.352233157732806865e-04 5.911889456647102543e-04 1.403429017052717619e-03
9.940000000000000000e+04 2.525030647971969640e-04 6.213467833612188254e-04 1.445632426164580918e-03
9.950000000000000000e+04 2.269113506423250676e-04 5.265411524964225525e-04 1.485902503380659521e-03
9.960000000000000000e+04 2.742607723303913930e-04 5.475025556304924119e-04 1.487822718972823307e-03
9.970000000000000000e+04 2.476933631981928768e-04 4.996614312101886352e-04 1.460122620282730457e-03
9.980000000000000000e+04 2.154103171420186733e-04 4.767969145535524977e-04 1.453105435881600887e-03
9.990000000000000000e+04 2.507184226915720997e-04 5.579864197198438486e-04 1.485611331299334066e-03
1.000000000000000000e+05 2.764607500026761405e-04 5.979283265964288954e-04 1.456516692360581124e-03
1.001000000000000000e+05 3.058896087525235941e-04 6.470327869153721326e-04 1.438503215205577581e-03
1.002000000000000000e+05 2.674662973485405961e-04 6.537109591222311274e-04 1.468023713861374684e-03
1.003000000000000000e+05 3.047790234223816865e-04 7.664459616753178679e-04 1.475580827487778376e-03
1.004000000000000000e+05 2.985083563437965475e-04 8.109941616910641780e-04 1.477578827111598186e-03
1.005000000000000000e+05 2.875338655624179365e-04 7.623936038679273320e-04 1.463670080284981819e-03
1.006000000000000000e+05 3.431876660100995069e-04 9.218745936040138606e-04 1.475163270878833291e-03
1.007000000000000000e+05 2.957788911540156114e-04 1.033405278136966844e-03 1.502202356224798582e-03
1.008000000000000000e+05 3.164610656706376337e-04 1.127598529170376843e-03 1.512113857094587186e-03
1.009000000000000000e+05 3.006245524512676619e-04 1.062736095349991246e-03 1.518055404404109084e-03
1.010000000000000000e+05 2.755480421532904324e-04 8.977897277149746169e-04 1.521147316702237389e-03
1.011000000000000000e+05 3.471680259131428546e-04 1.106709456607447373e-03 1.530181607601124828e-03
1.012000000000000000e+05 3.262051562941542526e-04 1.352896204593199720e-03 1.575590183989188445e-03
1.013000000000000000e+05 3.950146420054867057e-04 1.586992271842581825e-03 1.641715739527210491e-03
1.014000000000000000e+05 3.587635225697192749e-04 1.275436235538214167e-03 1.626862218172998083e-03
1.015000000000000000e+05 3.731623353457847944e-04 1.117475113362757268e-03 1.601808854020222734e-03
1.016000000000000000e+05 3.102508826226891073e-04 9.625684473398693746e-04 1.529107412361584368e-03
1.017000000000000000e+05 2.863818068369820401e-04 8.499073055252134249e-04 1.486038462377510267e-03
1.018000000000000000e+05 3.265074975869143494e-04 1.477475866930616066e-03 1.571374357513495535e-03
1.019000000000000000e+05 4.835965479047989873e-04 1.938060295587521386e-03 1.648607502212324312e-03
1.020000000000000000e+05 4.946634393910964277e-04 2.183497855429500194e-03 1.690367367365728461e-03
1.021000000000000000e+05 4.366870429228868720e-04 1.766497942795377694e-03 1.684115452225944760e-03
1.022000000000000000e+05 4.245995067362882437e-04 1.542222575628233441e-03 1.647900217123734025e-03
1.023000000000000000e+05 3.748743720772124404e-04 1.187584787193705178e-03 1.634169328500834160e-03
1.024000000000000000e+05 3.531430831002898771e-04 1.076051679694701307e-03 1.635121735367676271e-03
1.025000000000000000e+05 3.562989371920014230e-04 1.215902145493078564e-03 1.667398036914990002e-03
1.026000000000000000e+05 4.365274722035496213e-04 1.377189912374063470e-03 1.697721371525587764e-03
1.027000000000000000e+05 3.643847819048181679e-04 9.811188203419658055e-04 1.634255573556776765e-03
1.028000000000000000e+05 3.013445922386531316e-04 8.488634558774291704e-04 1.560958038308802405e-03
1.029000000000000000e+05 3.180136805203482089e-04 1.186697055050277500e-03 1.587072722768250984e-03
1.030000000000000000e+05 3.225295399054135641e-04 1.010889556633469844e-03 1.597256776522098815e-03
1.031000000000000000e+05 2.772623033607179641e-04 8.773055308375320160e-04 1.574900617597792523e-03
1.032000000000000000e+05 3.011491038439795438e-04 9.875264038134681961e-04 1.573301904669458743e-03
1.033000000000000000e+05 3.181658590756565597e-04 9.792619158273941065e-04 1.598327228303654491e-03
1.034000000000000000e+05 2.742912077464988978e-04 9.057212026325385263e-04 1.557664517533829431e-03
1.035000000000000000e+05 3.364154502340027057e-04 1.009041112129742792e-03 1.542596839548172546e-03
1.036000000000000000e+05 3.313414535778978678e-04 9.460481077648967303e-04 1.547612203386548781e-03
1.037000000000000000e+05 2.678016722700326310e-04 8.204603259763787720e-04 1.519544914269834162e-03
1.038000000000000000e+05 2.904234526810128402e-04 7.227700596524157858e-04 1.522832821070975538e-03
1.039000000000000000e+05 3.161140793829883989e-04 8.208737730638782787e-04 1.514702438789601808e-03
1.040000000000000000e+05 2.565388301348451444e-04 7.670971971614455945e-04 1.480798856107498444e-03
1.041000000000000000e+05 2.779424544279438317e-04 8.055719432919479592e-04 1.482850319006114677e-03
1.042000000000000000e+05 2.696459221496851685e-04 7.580606690883997731e-04 1.534117164092609282e-03
1.043000000000000000e+05 2.966960562707714015e-04 7.721395943389875588e-04 1.552172120388609772e-03
1.044000000000000000e+05 3.190920653012032336e-04 7.809827883646508484e-04 1.599373190299238894e-03
1.045000000000000000e+05 2.657476633392719546e-04 7.293491028489366285e-04 1.623693894569681840e-03
1.046000000000000000e+05 3.058805256731971563e-04 8.233741546154066133e-04 1.661505838369093085e-03
1.047000000000000000e+05 3.621870472146765385e-04 8.634724457597315380e-04 1.705599372451074890e-03
1.048000000000000000e+05 3.717838158742523685e-04 8.732753558532728097e-04 1.740480003419131710e-03
1.049000000000000000e+05 4.300669102236017848e-04 1.103164663699344843e-03 1.824126700683962156e-03
1.050000000000000000e+05 4.961638140878763068e-04 1.205469670237336579e-03 1.903809812450736258e-03
1.051000000000000000e+05 5.020159582910237606e-04 1.396757784286717157e-03 1.920521181277705641e-03
1.052000000000000000e+05 5.276333762874430532e-04 1.494923765420043318e-03 1.965408484344414487e-03
1.053000000000000000e+05 5.069595907529120520e-04 1.340264597762213508e-03 1.954604025382196322e-03
1.054000000000000000e+05 4.780274502351102711e-04 1.333479048795109274e-03 1.919696456006494967e-03
1.055000000000000000e+05 5.086366051379569153e-04 1.341886942777285093e-03 1.954209519780017359e-03
1.056000000000000000e+05 5.818617353164261610e-04 1.379805200812634323e-03 2.015346320247510693e-03
1.057000000000000000e+05 6.315359398214070216e-04 1.337964152575464279e-03 2.044183124170552510e-03
1.058000000000000000e+05 5.745141961434583906e-04 1.513386499500496548e-03 2.010694481956238743e-03
1.059000000000000000e+05 5.654968390959949111e-04 1.469930754085587311e-03 2.006078649648300981e-03
1.060000000000000000e+05 5.789587824315052967e-04 1.505238395561150780e-03 2.051125307950144548e-03
1.061000000000000000e+05 6.337259777531704420e-04 1.568813411371750965e-03 2.111272023975354663e-03
1.062000000000000000e+05 7.715564353631746124e-04 1.801985110172383024e-03 2.186465680513770618e-03
1.063000000000000000e+05 7.494384202547353657e-04 1.895782228428902899e-03 2.220104931303340957e-03
1.064000000000000000e+05 7.548836893388572930e-04 1.836390008696843837e-03 2.170223335022894613e-03
1.065000000000000000e+05 7.621218538110083752e-04 1.873290771892477781e-03 2.214075721949130063e-03
1.066000000000000000e+05 8.079751379601630978e-04 1.926660789263465526e-03 2.306576325614616719e-03
1.067000000000000000e+05 7.760187761307482755e-04 1.809976155829448119e-03 2.288816981731602203e-03
1.068000000000000000e+05 7.293181826037134670e-04 1.704105727186761791e-03 2.249990932688486663e-03
1.069000000000000000e+05 6.770938244673328690e-04 1.654794492362328872e-03 2.186152877818611003e-03
1.070000000000000000e+05 6.773727098485795260e-04 1.853427003087954744e-03 2.143546779681062848e-03
1.071000000000000000e+05 7.959454336219811462e-04 2.078122282733046999e-03 2.330819720092114442e-03
1.072000000000000000e+05 9.453998880440239293e-04 2.261608858803323616e-03 2.527328609862194292e-03
1.073000000000000000e+05 9.418354765006078759e-04 2.225620697663950251e-03 2.496389685703744987e-03
1.074000000000000000e+05 7.975703296309265538e-04 2.262905832881261306e-03 2.454372978470043942e-03
1.075000000000000000e+05 1.004643168070165583e-03 2.760956188051863318e-03 2.614781507880914891e-03
1.076000000000000000e+05 1.123148775092976375e-03 2.801627919631539867e-03 2.708124287005410878e-03
1.077000000000000000e+05 1.157236076724997521e-03 2.814711113352064836e-03 2.656445893172769586e-03
1.078000000000000000e+05 9.809233943553481543e-04 2.627649791378124187e-03 2.501052332893746559e-03
1.079000000000000000e+05 7.953396228913859820e-04 2.478886851001872726e-03 2.353729611885071842e-03
1.080000000000000000e+05 7.383797464972231394e-04 2.114742629793621952e-03 2.260033381479605551e-03
1.081000000000000000e+05 6.759669976679704394e-04 1.635512505542794683e-03 2.143867195281552902e-03
1.082000000000000000e+05 7.124270159059797273e-04 1.888280869243690692e-03 2.196720169268515967e-03
1.083000000000000000e+05 8.610802953261584552e-04 2.114156543452582263e-03 2.314972083587931492e-03
1.084000000000000000e+05 8.161549198632282644e-04 2.174894678465686543e-03 2.332818057821805027e-03
1.085000000000000000e+05 8.041896047257469839e-04 2.122047754893817764e-03 2.264492065793460851e-03
1.086000000000000000e+05 7.099335373483841530e-04 1.784488173568719816e-03 2.171376355988787095e-03
1.087000000000000000e+05 5.460709826654410511e-04 1.546771689991049926e-03 2.065406176849548560e-03
1.088000000000000000e+05 5.380526837994743100e-04 1.726194761444288170e-03 2.047948534570558348e-03
1.089000000000000000e+05 7.064975157739892143e-04 2.074347661509596923e-03 2.162026145249626181e-03
1.090000000000000000e+05 6.683791336533635285e-04 2.080468803091937817e-03 2.311169750924890916e-03
1.091000000000000000e+05 7.055733558951292599e-04 2.441522297751365887e-03 2.363350568432844370e-03
1.092000000000000000e+05 6.312590681555217079e-04 2.612127374823153964e-03 2.328843831564402986e-03
1.093000000000000000e+05 5.611873584385710257e-04 2.008812258075873616e-03 2.202148664937314104e-03
1.094000000000000000e+05 5.681955953223401072e-04 2.007682643704310557e-03 2.110919949034621886e-03
1.095000000000000000e+05 6.266920080390489013e-04 2.012933227565760676e-03 2.098877580438527398e-03
1.096000000000000000e+05 6.133723973672669614e-04 2.020189763894490557e-03 2.092737857051883352e-03
1.097000000000000000e+05 6.440217143511401364e-04 1.980691091376351933e-03 2.075909171598569469e-03
1.098000000000000000e+05 6.248900333304687176e-04 1.893323710150849508e-03 2.073919512542747416e-03
1.099000000000000000e+05 5.742565752569911159e-04 1.770536464785610027e-03 2.018688268761779144e-03
1.100000000000000000e+05 5.763395287064355509e-04 1.658926481141907586e-03 1.972199342973904052e-03
1.101000000000000000e+05 5.645368398073788343e-04 1.756171740772751030e-03 1.950368021783863409e-03
1.102000000000000000e+05 5.037798447901497157e-04 1.647563754726198747e-03 1.903977329960131540e-03
1.103000000000000000e+05 4.822016592702551684e-04 1.279801068945415248e-03 1.854223110994994341e-03
1.104000000000000000e+05 4.832167109067480367e-04 1.107853427544068731e-03 1.751124551616483564e-03
1.105000000000000000e+05 3.882809874974784987e-04 1.107820167235924356e-03 1.691231756522259405e-03
1.106000000000000000e+05 3.728201576846065270e-04 8.476409832380705882e-04 1.649154698340642589e-03
1.107000000000000000e+05 3.987625474287737407e-04 1.057309813872409120e-03 1.672039652917212864e-03
1.108000000000000000e+05 3.980663196365096228e-04 9.240023523209666117e-04 1.655672251367319714e-03
1.109000000000000000e+05 3.607753138066133181e-04 9.280624806765756969e-04 1.626345334062454743e-03
1.110000000000000000e+05 4.485868865382566014e-04 1.050943594793534016e-03 1.642312289668941983e-03
1.111000000000000000e+05 4.269236393316178709e-04 9.845517176393151198e-04 1.688412242518829917e-03
1.112000000000000000e+05 3.818097839083075054e-04 9.967907189867631409e-04 1.718941779726398987e-03
1.113000000000000000e+05 3.719967890469624058e-04 8.151145437340487007e-04 1.687212957207384319e-03
1.114000000000000000e+05 3.864334603409205933e-04 8.242284676136168650e-04 1.639697798843228402e-03
1.115000000000000000e+05 3.487215888539865923e-04 8.023566993389723116e-04 1.652035782816182585e-03
1.116000000000000000e+05 3.812338818798466280e-04 8.660886475093934264e-04 1.679794541858657632e-03
1.117000000000000000e+05 3.418500956091888483e-04 1.016816741920069465e-03 1.747965940949273989e-03
1.118000000000000000e+05 2.950483746824298422e-04 8.461115039788869203e-04 1.668559817649244116e-03
1.119000000000000000e+05 2.851197161396889102e-04 7.819628637315248661e-04 1.571134748197015483e-03
1.120000000000000000e+05 3.180714473805998626e-04 7.071827761504696254e-04 1.527517520405653620e-03
1.121000000000000000e+05 2.735694507942447971e-04 7.859498769068953838e-04 1.568032170845071183e-03
1.122000000000000000e+05 3.202979857679585669e-04 9.488197561829387998e-04 1.650573281672343450e-03
1.123000000000000000e+05 3.214860912444271121e-04 1.023864414907152886e-03 1.735109635595043264e-03
1.124000000000000000e+05 3.696361538717337237e-04 1.027570753714611559e-03 1.768565057885463070e-03
1.125000000000000000e+05 3.371483069006791372e-04 1.016253124255170988e-03 1.721125499938421606e-03
1.126000000000000000e+05 3.308334715345258303e-04 9.784498537738866002e-04 1.629772155322288486e-03
1.127000000000000000e+05 3.650712497823718847e-04 1.183302441408829201e-03 1.666506412124475062e-03
1.128000000000000000e+05 3.900049877104615984e-04 1.123182564761554710e-03 1.724869807578491678e-03
1.129000000000000000e+05 3.547302650574891275e-04 1.101454095246592272e-03 1.687757772756277603e-03
1.130000000000000000e+05 3.872463724119503976e-04 1.130939740389078248e-03 1.726886561203160074e-03
1.131000000000000000e+05 3.756057305859675840e-04 1.142791627878374499e-03 1.751911927907618240e-03
1.132000000000000000e+05 3.835165316978742921e-04 1.092191783454767159e-03 1.688254864962634647e-03
1.133000000000000000e+05 3.545723380077002180e-04 9.741316900675573917e-04 1.600966705776083300e-03
1.134000000000000000e+05 3.769803343819661933e-04 9.948144561205323009e-04 1.645468738931795284e-03
1.135000000000000000e+05 3.152457315828620203e-04 9.553490613781773656e-04 1.718078873953611573e-03
1.136000000000000000e+05 3.264799608945709048e-04 9.221095643612020349e-04 1.596215818911719039e-03
1.137000000000000000e+05 3.608242101313479094e-04 8.824045306484995781e-04 1.596244475812096456e-03
1.138000000000000000e+05 3.191411517108253253e-04 8.439764110838197334e-04 1.631880713957716347e-03
1.139000000000000000e+05 3.176484109191220987e-04 9.288770671826073952e-04 1.630746823318038720e-03
1.140000000000000000e+05 3.375614778388237418e-04 1.022030035712086444e-03 1.695033998939057427e-03
1.141000000000000000e+05 3.283037525903427511e-04 1.009983924270414866e-03 1.737512184223192341e-03
1.142000000000000000e+05 3.155201154594413932e-04 1.019798022993635570e-03 1.646223773895757417e-03
1.143000000000000000e+05 3.353129170742381003e-04 1.091253089634438905e-03 1.622152680638189225e-03
1.144000000000000000e+05 4.013599550294769461e-04 1.082031707153050318e-03 1.693819971326684937e-03
1.145000000000000000e+05 3.770798640723167349e-04 1.043732283127108904e-03 1.710602043951227292e-03
1.146000000000000000e+05 3.222778147853868833e-04 9.167291576596943523e-04 1.662740153324620369e-03
1.147000000000000000e+05 3.261104019114029282e-04 8.631910397704034652e-04 1.615566868157579383e-03
1.148000000000000000e+05 3.432146023297655973e-04 8.777100214488659825e-04 1.599841459103284319e-03
1.149000000000000000e+05 3.537571141370441166e-04 9.001180578203074514e-04 1.622945775946639827e-03
1.150000000000000000e+05 3.255124254618348405e-04 8.498429783281905535e-04 1.626169439211602426e-03
1.151000000000000000e+05 3.621891792633656106e-04 8.764389784459518645e-04 1.631641134109909240e-03
1.152000000000000000e+05 3.961465665764728021e-04 9.056570670583584653e-04 1.669771254755587518e-03
1.153000000000000000e+05 4.102247627806238691e-04 9.417365884725255754e-04 1.692949884348827691e-03
1.154000000000000000e+05 3.147493892345087918e-04 8.603797333289297904e-04 1.633015768765423096e-03
1.155000000000000000e+05 2.962379373394428018e-04 7.586648226213961715e-04 1.657510213231900079e-03
1.156000000000000000e+05 3.296813211985472145e-04 7.969568942760877836e-04 1.668511012140498585e-03
1.157000000000000000e+05 2.765109021535300422e-04 8.210536602190963811e-04 1.678440177137146324e-03
1.158000000000000000e+05 3.521250791715395574e-04 8.879390847572323983e-04 1.693626432649495816e-03
1.159000000000000000e+05 2.814519123938527979e-04 8.394120965751462014e-04 1.669832929735851458e-03
1.160000000000000000e+05 2.640538157765565368e-04 7.021177788620511749e-04 1.694910784090379206e-03
1.161000000000000000e+05 3.391594774482336282e-04 7.187784345551416487e-04 1.765410333308089271e-03
1.162000000000000000e+05 3.312943127799661963e-04 7.455253414451257828e-04 1.739644620227649664e-03
1.163000000000000000e+05 2.721311807868762467e-04 6.465672737450440122e-04 1.681562071937317809e-03
1.164000000000000000e+05 3.306731030409452120e-04 7.698040278822366848e-04 1.688580080895256495e-03
1.165000000000000000e+05 4.955841539536695595e-04 1.247208885298788789e-03 1.853535051379375052e-03
1.166000000000000000e+05 4.922678523492977042e-04 1.037199657898144316e-03 2.018300939086102933e-03
1.167000000000000000e+05 4.217414402730569438e-04 1.674145994439865670e-03 1.759033165539556579e-03
1.168000000000000000e+05 3.057703794471426737e-04 1.142217209932094336e-03 1.628072943454110131e-03
1.169000000000000000e+05 3.781341689797549071e-04 8.453025038657846317e-04 1.695579812546901084e-03
1.170000000000000000e+05 3.997183472077741120e-04 9.388292312931059442e-04 1.704540185460702616e-03
1.171000000000000000e+05 6.856664838415281807e-04 1.783563126145465763e-03 2.034780619995246904e-03
1.172000000000000000e+05 8.029153755490388809e-04 2.106548961337165009e-03 2.313625908740704791e-03
1.173000000000000000e+05 7.490402145057947162e-04 3.250801029276254375e-03 1.937205857579948898e-03
1.174000000000000000e+05 9.941581644689479868e-04 4.743821466019233248e-03 2.172354216369137489e-03
1.175000000000000000e+05 1.165634233932393666e-03 3.620559006726350136e-03 2.238949454241764489e-03
1.176000000000000000e+05 1.117119980367049011e-03 4.863022680908151742e-03 1.814613905547627195e-03
1.177000000000000000e+05 6.737347637042175388e-04 2.241062700122963772e-03 1.112952565344230583e-03
1.178000000000000000e+05 4.421422520758055107e-04 1.604842605945733898e-03 9.932454273438005594e-04
1.179000000000000000e+05 8.011392451987848617e-04 2.958176011328916399e-03 1.789575831412540440e-03
1.180000000000000000e+05 5.640931950027384522e-04 1.769543034723398359e-03 1.400992559854403281e-03
1.181000000000000000e+05 6.815648938027169066e-04 2.185913297562791513e-03 1.510732286718663008e-03
1.182000000000000000e+05 4.733208500840753452e-04 1.653811236657861533e-03 1.165502120179612040e-03
1.183000000000000000e+05 2.716362757486316237e-04 1.238804767908328539e-03 8.110600072520851665e-04
1.184000000000000000e+05 1.993565092158663390e-04 8.581659986638246309e-04 7.585584638209236143e-04
1.185000000000000000e+05 2.720258052840598788e-04 8.567307537219397790e-04 9.482656227464046845e-04
1.186000000000000000e+05 2.749185282497647580e-04 8.723615475611345548e-04 9.044528616791675055e-04
1.187000000000000000e+05 2.282211018279277316e-04 1.093623140482236251e-03 7.918416045208352422e-04
1.188000000000000000e+05 3.113621283265711895e-04 1.032878557906821097e-03 9.330503004713004483e-04
1.189000000000000000e+05 3.440389315962844507e-04 1.107767503322185315e-03 9.509275534091556981e-04
1.190000000000000000e+05 2.802398487000895338e-04 1.138662758759852612e-03 8.717965174515971815e-04
1.191000000000000000e+05 1.611255028151368845e-04 7.881498302417838837e-04 6.974292187162765963e-04
1.192000000000000000e+05 2.172796532234746785e-04 7.020001501744896387e-04 7.639419166558169758e-04
1.193000000000000000e+05 3.246933177537586653e-04 1.152162403710697662e-03 9.638058981110064413e-04
1.194000000000000000e+05 1.894231011688144069e-04 7.092721378243939823e-04 6.927547751044485762e-04
1.195000000000000000e+05 1.010626720988693048e-04 4.753410463124609748e-04 5.154043796410142774e-04
1.196000000000000000e+05 1.150222599219696872e-04 5.908654168634288554e-04 5.100841740801684157e-04
1.197000000000000000e+05 3.216586725806173963e-04 1.335885471212489581e-03 7.503661307541785669e-04
1.198000000000000000e+05 5.114471239286593786e-04 1.607169340561133419e-03 1.164100658548759739e-03
1.199000000000000000e+05 4.152572431038785384e-04 1.096478533340506864e-03 9.676211330294341457e-04
