9.000000000000000000e+04 2.867890881666025670e-04 5.558963534424343420e-04 9.426670226413976601e-04
9.010000000000000000e+04 2.629360692715501571e-04 6.703202799499118503e-04 9.872025476248217496e-04
9.020000000000000000e+04 4.990153646807502300e-04 1.534704771706496464e-03 1.223082071624252004e-03
9.030000000000000000e+04 5.014876819936181594e-04 2.760722415840717071e-03 1.273673368897906052e-03
9.040000000000000000e+04 5.454446162389135939e-04 1.584181064365880725e-03 1.297203088776146401e-03
9.050000000000000000e+04 6.079460467192235925e-04 2.527217316417522397e-03 1.282187613288001500e-03
9.060000000000000000e+04 4.461155712743059302e-04 2.055251532383562708e-03 1.090988462879209121e-03
9.070000000000000000e+04 2.559674573289644770e-04 9.677085571862669182e-04 8.971423895094698953e-04
9.080000000000000000e+04 1.471036873880696323e-04 6.158395921921563931e-04 7.878899063625088676e-04
9.090000000000000000e+04 1.519823782408130696e-04 3.342530526007312383e-04 7.701436493671990529e-04
9.100000000000000000e+04 1.562204694618956734e-04 3.189965457273719225e-04 7.979639930091950032e-04
9.110000000000000000e+04 1.514332884604221866e-04 3.014516138737004594e-04 8.187989636177965894e-04
9.120000000000000000e+04 1.596714311190113771e-04 3.304034444398298289e-04 8.419097478773516878e-04
9.130000000000000000e+04 1.695097497930540126e-04 3.350505319996329714e-04 8.707627202579562185e-04
9.140000000000000000e+04 2.003011800537551684e-04 3.976943281382084227e-04 8.778302843094336512e-04
9.150000000000000000e+04 2.060711846408989781e-04 3.821719679224564294e-04 9.047198322232746781e-04
9.160000000000000000e+04 1.922300123906498610e-04 3.807926624983480873e-04 9.258219272066536441e-04
9.170000000000000000e+04 1.591367844312923177e-04 3.492097047812621697e-04 9.509364539886691311e-04
9.180000000000000000e+04 1.810343265409991576e-04 4.020144216794760764e-04 9.748125498728703580e-04
9.190000000000000000e+04 2.280495034559463369e-04 4.535727578053345022e-04 1.035530997798986448e-03
9.200000000000000000e+04 2.166480913091443309e-04 5.394752564288408155e-04 1.099378906102931215e-03
9.210000000000000000e+04 2.698258308774870509e-04 5.684875692132382915e-04 1.161892140867785842e-03
9.220000000000000000e+04 2.470344136054117810e-04 6.616797067892287929e-04 1.175414629415014308e-03
9.230000000000000000e+04 1.994865519850090455e-04 6.447019124883045542e-04 1.155216756341877074e-03
9.240000000000000000e+04 2.083754230493143397e-04 5.382643951482831216e-04 1.155107920687190167e-03
9.250000000000000000e+04 2.170834813941384953e-04 5.018808615105426049e-04 1.142471984414494303e-03
9.260000000000000000e+04 1.707264558146201570e-04 4.191989320596596711e-04 1.139203378001085384e-03
9.270000000000000000e+04 1.958840272531509183e-04 4.802829818210829381e-04 1.146582381393491164e-03
9.280000000000000000e+04 2.630804329309986223e-04 5.578427307670654747e-04 1.153590849199054519e-03
9.290000000000000000e+04 2.231951893996312122e-04 5.325253725916682945e-04 1.148054124747173877e-03
9.300000000000000000e+04 1.956713062497333813e-04 4.563473381213958586e-04 1.143936395512171319e-03
9.310000000000000000e+04 1.907468284224984531e-04 4.606606735837700303e-04 1.142828924974322209e-03
9.320000000000000000e+04 1.707214642415992448e-04 3.851680721310978299e-04 1.139993001486865705e-03
9.330000000000000000e+04 1.687296895661501150e-04 4.289113184593991782e-04 1.138477901835548015e-03
9.340000000000000000e+04 1.822728892117685953e-04 4.339502560321393957e-04 1.149155012579895037e-03
9.350000000000000000e+04 2.081247410370588250e-04 4.807039936990664675e-04 1.144398234068388616e-03
9.360000000000000000e+04 1.817599556257501687e-04 4.777264487291311501e-04 1.147017132623453194e-03
9.370000000000000000e+04 1.980138998747958028e-04 4.290491904669350076e-04 1.165367270862424339e-03
9.380000000000000000e+04 1.824693502224545433e-04 4.479443144674065749e-04 1.158329064795426879e-03
9.390000000000000000e+04 2.062726173297846962e-04 4.470085928201580211e-04 1.163181274947331506e-03
9.400000000000000000e+04 2.085353455156328502e-04 4.561238120924724889e-04 1.167836742688472791e-03
9.410000000000000000e+04 2.204112396007578550e-04 5.115145294876260757e-04 1.173410278996395379e-03
9.420000000000000000e+04 2.173415731211705490e-04 4.416967914458562201e-04 1.173655672711658307e-03
9.430000000000000000e+04 2.141245353552785526e-04 4.619325184674226079e-04 1.164954606076370027e-03
9.440000000000000000e+04 1.905189768810459797e-04 4.579827911779162661e-04 1.166283474218153841e-03
9.450000000000000000e+04 2.009180804380133632e-04 4.279262608705057752e-04 1.138616838471259501e-03
9.460000000000000000e+04 2.231102722450701258e-04 4.308489880337782255e-04 1.146575089116066027e-03
9.470000000000000000e+04 2.332511419139196010e-04 5.046311544495580290e-04 1.140129073776989868e-03
9.480000000000000000e+04 2.249834442074415521e-04 5.015369382548882969e-04 1.154237347559119737e-03
9.490000000000000000e+04 2.017049456868828935e-04 5.122774764161358184e-04 1.145201412489112083e-03
9.500000000000000000e+04 1.905154116353364275e-04 5.079989466263810797e-04 1.146763736051532954e-03
9.510000000000000000e+04 2.013452689506861756e-04 5.963179875008811593e-04 1.153716336124488862e-03
9.520000000000000000e+04 1.863774917988132024e-04 4.848734983540832922e-04 1.160136384169883818e-03
9.530000000000000000e+04 1.910644144738472914e-04 4.954750609009557147e-04 1.179842828382235160e-03
9.540000000000000000e+04 2.317968644378528295e-04 5.564007447864534025e-04 1.185862181124748864e-03
9.550000000000000000e+04 2.218736810891800987e-04 5.618152506231838955e-04 1.204731118389091834e-03
9.560000000000000000e+04 2.571415013400587786e-04 5.137643812102545482e-04 1.222876164547043653e-03
9.570000000000000000e+04 2.158635971303440350e-04 4.933326211626993738e-04 1.213820452674565370e-03
9.580000000000000000e+04 2.310185380578670764e-04 5.342659240142378675e-04 1.217626248544309998e-03
9.590000000000000000e+04 2.098949992658093872e-04 5.276011524838765919e-04 1.220978951610566122e-03
9.600000000000000000e+04 2.321098507316219587e-04 6.016135876122379218e-04 1.222206998928086720e-03
9.610000000000000000e+04 2.319053716389456610e-04 6.546864359666696928e-04 1.220337289794985692e-03
9.620000000000000000e+04 2.246838252292415392e-04 6.347429472948749093e-04 1.198468520416163998e-03
9.630000000000000000e+04 3.005072129917713431e-04 7.656237171739176898e-04 1.242944338965006404e-03
9.640000000000000000e+04 2.837587730242019986e-04 9.412755709654119837e-04 1.264166237172713704e-03
9.650000000000000000e+04 2.717201664002880058e-04 6.124250677526599197e-04 1.242188056047478914e-03
9.660000000000000000e+04 2.177860558390555795e-04 5.197784771285526330e-04 1.244772963990462434e-03
9.670000000000000000e+04 2.584013818662385083e-04 5.993474556669687496e-04 1.231251010672987931e-03
9.680000000000000000e+04 2.380304075531821436e-04 5.930821365429535773e-04 1.227680570906382156e-03
9.690000000000000000e+04 2.420732301522585637e-04 5.882419992876372107e-04 1.215653398615490792e-03
9.700000000000000000e+04 2.016336802269501783e-04 4.362249277818932257e-04 1.206923025227160141e-03
9.710000000000000000e+04 1.971878293616266108e-04 4.698038016268917937e-04 1.210849228427717666e-03
9.720000000000000000e+04 2.011275381441986372e-04 5.414648256894354084e-04 1.219326828292352201e-03
9.730000000000000000e+04 2.516711918564432451e-04 5.629345005954797428e-04 1.220135011963652087e-03
9.740000000000000000e+04 2.443680636797522423e-04 5.691872864414936495e-04 1.223768069202957028e-03
9.750000000000000000e+04 2.409787190875945732e-04 6.157063418302222667e-04 1.226497641433469711e-03
9.760000000000000000e+04 2.143186384889021745e-04 5.386198376547517153e-04 1.226739446295033609e-03
9.770000000000000000e+04 2.543846958094155876e-04 5.729346638321324795e-04 1.240476716016722164e-03
9.780000000000000000e+04 2.652041859545003913e-04 5.790401087869112952e-04 1.238345018074278256e-03
9.790000000000000000e+04 2.281893898839536337e-04 5.678408963237840858e-04 1.222571370735716636e-03
9.800000000000000000e+04 2.506232486000198583e-04 5.971067791092129345e-04 1.260479703306702269e-03
9.810000000000000000e+04 2.388214374319061906e-04 5.480585384062474589e-04 1.260500674167082738e-03
9.820000000000000000e+04 2.015329762290532511e-04 5.800371427773700489e-04 1.253895596488691653e-03
9.830000000000000000e+04 2.057995074360796997e-04 4.813493229808114230e-04 1.247933568862542690e-03
9.840000000000000000e+04 2.339147658000210496e-04 5.414466126442425264e-04 1.251548843617002974e-03
9.850000000000000000e+04 2.447446434492722440e-04 5.534305979706028757e-04 1.275138107993868068e-03
9.860000000000000000e+04 2.945956231767171869e-04 6.912953892988431357e-04 1.289988045578083567e-03
9.870000000000000000e+04 2.917006583685289537e-04 6.432034319253101488e-04 1.294134233613216615e-03
9.880000000000000000e+04 2.767664216941898882e-04 5.277039388197285810e-04 1.301907975823832914e-03
9.890000000000000000e+04 2.599311555821221930e-04 5.611827411978376114e-04 1.312872104154171916e-03
9.900000000000000000e+04 2.927892486680491561e-04 7.729569756041727423e-04 1.347081589612417890e-03
9.910000000000000000e+04 2.396289339070816361e-04 6.174502319807226823e-04 1.359746619724837204e-03
9.920000000000000000e+04 2.465939443008786230e-04 5.981384036552787019e-04 1.361001805177478215e-03
9.930000000000000000e+04 2.959052986582053242e-04 6.991090695022492835e-04 1.392078313367154643e-03
9.940000000000000000e+04 2.977665596759011997e-04 7.000629166957279999e-04 1.425978105733036964e-03
9.950000000000000000e+04 3.034845007088807396e-04 8.177098932832852461e-04 1.436429717219667472e-03
9.960000000000000000e+04 3.035351746191999184e-04 8.808835900549971069e-04 1.436217436924649505e-03
9.970000000000000000e+04 2.939990533224090714e-04 8.830973750732998978e-04 1.430102454634587291e-03
9.980000000000000000e+04 2.559248944418962383e-04 6.091338083575670651e-04 1.412553114941533490e-03
9.990000000000000000e+04 2.601113109026462287e-04 5.720164969100958140e-04 1.400305283056048778e-03
1.000000000000000000e+05 2.614341985189424459e-04 5.431600221118349295e-04 1.353468146959540706e-03
1.001000000000000000e+05 2.426993365153278393e-04 5.100003931767878220e-04 1.366281821541032041e-03
1.002000000000000000e+05 2.535521436997250667e-04 6.577941095326229459e-04 1.366730477097199015e-03
1.003000000000000000e+05 2.649470887602183283e-04 5.778567649118691602e-04 1.386861021939670867e-03
1.004000000000000000e+05 2.830187119541637073e-04 6.300630356310911104e-04 1.374228324560969805e-03
1.005000000000000000e+05 2.567445839875691794e-04 5.014021904741435866e-04 1.375219881159231092e-03
1.006000000000000000e+05 2.486022097937003184e-04 4.946034690387639179e-04 1.380837102363992059e-03
1.007000000000000000e+05 3.216833492453992187e-04 5.713966034119018818e-04 1.405225595077166977e-03
1.008000000000000000e+05 3.049445930181752824e-04 6.437135497471585706e-04 1.415095978518042530e-03
1.009000000000000000e+05 3.380887731876344206e-04 8.103807263409768154e-04 1.402804423348364077e-03
1.010000000000000000e+05 3.136266653374017183e-04 6.704449326538702240e-04 1.405707324167475595e-03
1.011000000000000000e+05 3.665310930025349450e-04 7.231682069865591304e-04 1.441970111984662963e-03
1.012000000000000000e+05 4.215535089030367569e-04 1.001082222585333555e-03 1.504624256278598365e-03
1.013000000000000000e+05 3.799214377555992089e-04 8.784210569425126604e-04 1.531638339443144262e-03
1.014000000000000000e+05 3.694311943184607708e-04 9.036240997594643682e-04 1.489804567991530500e-03
1.015000000000000000e+05 3.586718275480355999e-04 8.521683181974156179e-04 1.471252197865603826e-03
1.016000000000000000e+05 3.459521791318426708e-04 8.027595352243996341e-04 1.457423027139227289e-03
1.017000000000000000e+05 3.501914632303849539e-04 7.709580071304645947e-04 1.447648650958703554e-03
1.018000000000000000e+05 3.315999782492642760e-04 8.417661204432006373e-04 1.485352523863767366e-03
1.019000000000000000e+05 4.088813320371005502e-04 1.166438233596917310e-03 1.560072924442540334e-03
1.020000000000000000e+05 4.242295398764243074e-04 1.315724959126668816e-03 1.576320768816947800e-03
1.021000000000000000e+05 4.090127767424360430e-04 1.203263751750213934e-03 1.565152433516262161e-03
1.022000000000000000e+05 3.906644402731525561e-04 1.025771803649627289e-03 1.551581456551342315e-03
1.023000000000000000e+05 4.194081273140803055e-04 9.937264436923145573e-04 1.520890735090982878e-03
1.024000000000000000e+05 3.255483352334841412e-04 7.232170875367102594e-04 1.520083559994104237e-03
1.025000000000000000e+05 3.880615569410619369e-04 1.040533253499290739e-03 1.583084143587770156e-03
1.026000000000000000e+05 4.455703473907419911e-04 1.069979060481555076e-03 1.627055343648321035e-03
1.027000000000000000e+05 4.989364607315878181e-04 1.039144083340676466e-03 1.639297368582397522e-03
1.028000000000000000e+05 3.872223174938987933e-04 8.737731718868445990e-04 1.557219723548451500e-03
1.029000000000000000e+05 3.654153050980514343e-04 1.205042960900771631e-03 1.540077915286815896e-03
1.030000000000000000e+05 4.074508245112378867e-04 1.027130912598977520e-03 1.575897559902779887e-03
1.031000000000000000e+05 4.261400648845295892e-04 1.046294380622239586e-03 1.580154008531640735e-03
1.032000000000000000e+05 4.136035047378316259e-04 1.014156889529510596e-03 1.587924577978532112e-03
1.033000000000000000e+05 4.499514149757248734e-04 1.335815620341911265e-03 1.604976003271009911e-03
1.034000000000000000e+05 4.346361864095845632e-04 1.169557473107363937e-03 1.601303003276310531e-03
1.035000000000000000e+05 4.616217864336971937e-04 1.389618660057066312e-03 1.585484792778160028e-03
1.036000000000000000e+05 5.156788083360379620e-04 1.492562737199048997e-03 1.612121160160126044e-03
1.037000000000000000e+05 5.683964948173473447e-04 1.453896749449440102e-03 1.663910990173825526e-03
1.038000000000000000e+05 5.518761772385484630e-04 1.925589847155806779e-03 1.669985123357047366e-03
1.039000000000000000e+05 4.758305724575490319e-04 1.774476638628821575e-03 1.626704014037625313e-03
1.040000000000000000e+05 5.391938937920749512e-04 1.302961587043640745e-03 1.608852104441591685e-03
1.041000000000000000e+05 6.242494798092571105e-04 1.793750474619609878e-03 1.707400555140285063e-03
1.042000000000000000e+05 6.651893440555031126e-04 2.128992717542921038e-03 1.760712039553638140e-03
1.043000000000000000e+05 6.782986403961429375e-04 2.072581328943517813e-03 1.795072376044781672e-03
1.044000000000000000e+05 6.687952305514006934e-04 1.989586214498211512e-03 1.851771300842398622e-03
1.045000000000000000e+05 7.790885379852393027e-04 2.247244218054822266e-03 1.904654412377449011e-03
1.046000000000000000e+05 7.987468656828376149e-04 2.284299123756106976e-03 1.902823422773041936e-03
1.047000000000000000e+05 7.826849437391665294e-04 1.932785253430959393e-03 1.954947484263602157e-03
1.048000000000000000e+05 8.595409902135574178e-04 2.012775286153372332e-03 1.996183971947358866e-03
1.049000000000000000e+05 8.438395869834846956e-04 2.200511580701525974e-03 2.055224830149231501e-03
1.050000000000000000e+05 8.925232873113382332e-04 2.043711312768268888e-03 2.097429253429783716e-03
1.051000000000000000e+05 9.003765947399884183e-04 2.026908261430287149e-03 2.128593862031432585e-03
1.052000000000000000e+05 9.138565939736504294e-04 2.077179669046253473e-03 2.121272473029264631e-03
1.053000000000000000e+05 9.134357907437261250e-04 2.086944230195763791e-03 2.068867221552277667e-03
1.054000000000000000e+05 8.189464966563003712e-04 1.925619220246648985e-03 2.034162919230686310e-03
1.055000000000000000e+05 8.322748056370156845e-04 1.928130670520044774e-03 2.086219284905283661e-03
1.056000000000000000e+05 9.081055717446912846e-04 2.353221143769791170e-03 2.162550617066378526e-03
1.057000000000000000e+05 9.217820545056661530e-04 2.474114397235487907e-03 2.162350993464133390e-03
1.058000000000000000e+05 8.932214336088246595e-04 2.485465744224822898e-03 2.164764923066827846e-03
1.059000000000000000e+05 9.000478543099692946e-04 2.613259123402128081e-03 2.188445324151543081e-03
1.060000000000000000e+05 9.497237077829064761e-04 2.690541241821176651e-03 2.222857878951952412e-03
1.061000000000000000e+05 9.687980455418759244e-04 2.570015255083494404e-03 2.248012068614855738e-03
1.062000000000000000e+05 9.479809983417161138e-04 2.509765859627305709e-03 2.280526446185598619e-03
1.063000000000000000e+05 9.006653810465625049e-04 2.327697371031388004e-03 2.290201308479384787e-03
1.064000000000000000e+05 9.636378960636510574e-04 2.407113253267478391e-03 2.279028304640428118e-03
1.065000000000000000e+05 1.040490247292216253e-03 2.814281927092052507e-03 2.385937341496415648e-03
1.066000000000000000e+05 1.025329039101075196e-03 3.004852289751239192e-03 2.438278634493957261e-03
1.067000000000000000e+05 9.401611635396569817e-04 2.820533838612556202e-03 2.405037813432622101e-03
1.068000000000000000e+05 8.742498519361662640e-04 2.621755179372812095e-03 2.323910396193216901e-03
1.069000000000000000e+05 7.970870173938610168e-04 2.406548853437848710e-03 2.244012783582209625e-03
1.070000000000000000e+05 9.215202077524438286e-04 2.733664307452693745e-03 2.308699323560153057e-03
1.071000000000000000e+05 9.816548015440110589e-04 3.331403206324808942e-03 2.453931164975340154e-03
1.072000000000000000e+05 1.034379172192401381e-03 3.474833391634048196e-03 2.538992734864990806e-03
1.073000000000000000e+05 1.062380641295807178e-03 3.715800967003751384e-03 2.517900509759078698e-03
1.074000000000000000e+05 1.076913136413826721e-03 3.804577187539178590e-03 2.536732702388509210e-03
1.075000000000000000e+05 1.096356609435146815e-03 3.763887309029640034e-03 2.584392290867241343e-03
1.076000000000000000e+05 1.115730731940216443e-03 3.790112568075836800e-03 2.542235932302985574e-03
1.077000000000000000e+05 1.113132089815672011e-03 4.162377241435664954e-03 2.476960388011056717e-03
1.078000000000000000e+05 1.074807216448091978e-03 4.208111236152960524e-03 2.382240951796840006e-03
1.079000000000000000e+05 1.012965958540305291e-03 3.827971507320393485e-03 2.280761426555971607e-03
1.080000000000000000e+05 9.604621176124087788e-04 2.939777118808616779e-03 2.175770408274018373e-03
1.081000000000000000e+05 1.001199771942264160e-03 2.712320408183134697e-03 2.170776240902623933e-03
1.082000000000000000e+05 1.001856639853316785e-03 2.874085239665588338e-03 2.233942474381244835e-03
1.083000000000000000e+05 1.024897273023078629e-03 2.907694037730453908e-03 2.280237545626489799e-03
1.084000000000000000e+05 1.070165192551345186e-03 3.013459889640340578e-03 2.280243558516456982e-03
1.085000000000000000e+05 9.662752670022548875e-04 2.762653852663305744e-03 2.243768051515511192e-03
1.086000000000000000e+05 8.335824306456129495e-04 2.560372902627765061e-03 2.144976758113779046e-03
1.087000000000000000e+05 7.881564236460634684e-04 2.352098655287569381e-03 2.085869602462736561e-03
1.088000000000000000e+05 8.952410829234193953e-04 2.604689620286911554e-03 2.132113765013498013e-03
1.089000000000000000e+05 9.237706572726223694e-04 2.789631338570866537e-03 2.256241918228191375e-03
1.090000000000000000e+05 9.786376098688282649e-04 2.888092149059651430e-03 2.318667042139794642e-03
1.091000000000000000e+05 8.899378045764099864e-04 2.860538864326266084e-03 2.335750383445356348e-03
1.092000000000000000e+05 8.989756940576334055e-04 2.813162707703191316e-03 2.287526877193725439e-03
1.093000000000000000e+05 8.938630491587625133e-04 2.625849600791056206e-03 2.200937250108991276e-03
1.094000000000000000e+05 8.914607766847236492e-04 2.559652863779458484e-03 2.150117140424033513e-03
1.095000000000000000e+05 8.580503201034289651e-04 2.363406611648279955e-03 2.126586646514135384e-03
1.096000000000000000e+05 7.350960446299509635e-04 2.043633318740264212e-03 2.108530431866833480e-03
1.097000000000000000e+05 7.588870553275894881e-04 1.984415128928268893e-03 2.073508043360525622e-03
1.098000000000000000e+05 7.597174113606408943e-04 1.809945461454024601e-03 2.030999946208210220e-03
1.099000000000000000e+05 7.600970370045976796e-04 1.751025011411357774e-03 1.977209121007504535e-03
1.100000000000000000e+05 7.094835654789090427e-04 1.601464535879201182e-03 1.939741057942591515e-03
1.101000000000000000e+05 7.597881395383172722e-04 1.623105781062689039e-03 1.926557753936554646e-03
1.102000000000000000e+05 6.173540633301573873e-04 1.350944131071735253e-03 1.840052081153164707e-03
1.103000000000000000e+05 5.077200855938806406e-04 1.096257470172333796e-03 1.736458683395136456e-03
1.104000000000000000e+05 4.685164273841605984e-04 9.963011240847381451e-04 1.653391842621943072e-03
1.105000000000000000e+05 4.493985536814378793e-04 8.605382739879012619e-04 1.628674950651486878e-03
1.106000000000000000e+05 4.324057200161073554e-04 8.673484705601865099e-04 1.625038058935806195e-03
1.107000000000000000e+05 4.977998604451651463e-04 1.004212685046294634e-03 1.626306399935353603e-03
1.108000000000000000e+05 5.022905980327553328e-04 9.757608183588823911e-04 1.618970264325810112e-03
1.109000000000000000e+05 4.782167255431215170e-04 1.015616992772770026e-03 1.622576261523147462e-03
1.110000000000000000e+05 4.867021306549244777e-04 8.840562128219530205e-04 1.641661261459605474e-03
1.111000000000000000e+05 4.630718138620315994e-04 8.882852177169073792e-04 1.670967795663119574e-03
1.112000000000000000e+05 4.383828428461678233e-04 8.658392517159364810e-04 1.652963389483705836e-03
1.113000000000000000e+05 4.499766761135368370e-04 8.468637003039456920e-04 1.636880768346844111e-03
1.114000000000000000e+05 4.493662990705056450e-04 9.340917535396958769e-04 1.629531831307355020e-03
1.115000000000000000e+05 4.848890246377558777e-04 8.548321104383813443e-04 1.659155810376640623e-03
1.116000000000000000e+05 5.037723008739271053e-04 9.652537052886839102e-04 1.731343430610370266e-03
1.117000000000000000e+05 3.625748058849775132e-04 8.713836207641656451e-04 1.717787734149555301e-03
1.118000000000000000e+05 3.611854618778235094e-04 8.398715460561645418e-04 1.598305191264287562e-03
1.119000000000000000e+05 3.753250430711839100e-04 7.841214943091665522e-04 1.518885435374519406e-03
1.120000000000000000e+05 3.693207683287086200e-04 7.262439494918220863e-04 1.527662528262291493e-03
1.121000000000000000e+05 4.453729690972474137e-04 7.324087354452387105e-04 1.592473376882434181e-03
1.122000000000000000e+05 4.886765825917905193e-04 8.820812283202856922e-04 1.712714465243982609e-03
1.123000000000000000e+05 4.855423264329907125e-04 9.315380600799939154e-04 1.771026938629791277e-03
1.124000000000000000e+05 3.989306535060752404e-04 8.291398134490865230e-04 1.740282820686123990e-03
1.125000000000000000e+05 5.085580652804998561e-04 9.748003594137874192e-04 1.695656322533267701e-03
1.126000000000000000e+05 4.319014916886751779e-04 8.997614819733206360e-04 1.687447689819422626e-03
1.127000000000000000e+05 3.857050278733974592e-04 7.833270792891044738e-04 1.666972375884576574e-03
1.128000000000000000e+05 4.545238254516016825e-04 8.873780216722226919e-04 1.746571380922904261e-03
1.129000000000000000e+05 4.697016917705402594e-04 1.032635697296464990e-03 1.775065541590312461e-03
1.130000000000000000e+05 5.096456891684731337e-04 1.090319627068014885e-03 1.754656381731916747e-03
1.131000000000000000e+05 4.088120742221789013e-04 9.390092458897768366e-04 1.741899762855421722e-03
1.132000000000000000e+05 4.610861902324377495e-04 1.045615423508132816e-03 1.724095795149027492e-03
1.133000000000000000e+05 4.398051567577696691e-04 1.205872608720459866e-03 1.706181095009454271e-03
1.134000000000000000e+05 4.610790720386457545e-04 9.907827486033673938e-04 1.726123685100010557e-03
1.135000000000000000e+05 4.469130254674111204e-04 9.883838124531648707e-04 1.737722372759350651e-03
1.136000000000000000e+05 4.467805498944721083e-04 1.145080947728868400e-03 1.672979076352853513e-03
1.137000000000000000e+05 4.540223228038640403e-04 1.060187292071346470e-03 1.637395141469153922e-03
1.138000000000000000e+05 4.778165503542299020e-04 9.567202250940541695e-04 1.695721515932774011e-03
1.139000000000000000e+05 5.063944665019983436e-04 1.063508041024628474e-03 1.763629390084580587e-03
1.140000000000000000e+05 5.041405082699427706e-04 1.090381805773068787e-03 1.774887406878595435e-03
1.141000000000000000e+05 4.735850626646483184e-04 1.021251289976417374e-03 1.797258756257925786e-03
1.142000000000000000e+05 4.744138306272205688e-04 1.103209085872036872e-03 1.771563029696926212e-03
1.143000000000000000e+05 5.747373488205027251e-04 1.332400020299175395e-03 1.784319854817595537e-03
1.144000000000000000e+05 5.868696125660235758e-04 1.167305326442631599e-03 1.831104677495742948e-03
1.145000000000000000e+05 4.941807936505368797e-04 1.186525947787707815e-03 1.805494884860866373e-03
1.146000000000000000e+05 4.331437814677858641e-04 1.189967419383883849e-03 1.721051742396450873e-03
1.147000000000000000e+05 4.074891278270053024e-04 9.363391802207406828e-04 1.636623225032641420e-03
1.148000000000000000e+05 4.034237531267005194e-04 9.185148323757235181e-04 1.583292373930926837e-03
1.149000000000000000e+05 4.364702957631561540e-04 8.579779116833108777e-04 1.566945956541500448e-03
1.150000000000000000e+05 3.501962616024767612e-04 7.124286193145284562e-04 1.551255918885638451e-03
1.151000000000000000e+05 3.916382213397225174e-04 7.772679321408427003e-04 1.565825094897093945e-03
1.152000000000000000e+05 4.973079545015563537e-04 1.078198740616157641e-03 1.673287064320542897e-03
1.153000000000000000e+05 4.143676235701552676e-04 1.058887733676535867e-03 1.713298170291558450e-03
1.154000000000000000e+05 3.988925587992714784e-04 1.090240549621215643e-03 1.601468834940845617e-03
1.155000000000000000e+05 3.261934725061945567e-04 7.143311915675820169e-04 1.576631446933640050e-03
1.156000000000000000e+05 3.626572156441045230e-04 6.971854961594751727e-04 1.605388018516077688e-03
1.157000000000000000e+05 3.233170864902130438e-04 7.183931046708330950e-04 1.629958553860337295e-03
1.158000000000000000e+05 4.219167262574947258e-04 8.820088235760754902e-04 1.651771707124413072e-03
1.159000000000000000e+05 4.333268374261277280e-04 9.708392883437874654e-04 1.675189669740059306e-03
1.160000000000000000e+05 4.116386158145774778e-04 7.800392907672580936e-04 1.722721790052290057e-03
1.161000000000000000e+05 3.575025506051452383e-04 7.248646696214127664e-04 1.750543477341984537e-03
1.162000000000000000e+05 3.538434462049099959e-04 9.834501848263218615e-04 1.675357217956137661e-03
1.163000000000000000e+05 3.059975634834058954e-04 7.262227907508496741e-04 1.604522880105149069e-03
1.164000000000000000e+05 4.403375779118985211e-04 8.557050121335851595e-04 1.658465667055313356e-03
1.165000000000000000e+05 7.338231210824979617e-04 1.535403700085439128e-03 2.027238872962276901e-03
1.166000000000000000e+05 7.581787147842372013e-04 1.823037110058897984e-03 2.157045896368963659e-03
1.167000000000000000e+05 5.562794052992926265e-04 1.900575072682358013e-03 1.832894745353626535e-03
1.168000000000000000e+05 3.914297361462819487e-04 1.145701203639054458e-03 1.642035334365386312e-03
1.169000000000000000e+05 3.725336594803205920e-04 8.646950998832244814e-04 1.650480818619902944e-03
1.170000000000000000e+05 7.935543429331681081e-04 2.004350773333833831e-03 2.033154707373078206e-03
1.171000000000000000e+05 1.284971101080064878e-03 2.295915590946168670e-03 2.582652082414131026e-03
1.172000000000000000e+05 1.129066115849377151e-03 2.905333249483083025e-03 2.329049725462018720e-03
1.173000000000000000e+05 1.246061103957671161e-03 2.336230999153665524e-03 1.951711553049790496e-03
1.174000000000000000e+05 1.203521445941923944e-03 2.192088164322210375e-03 1.801536139140075612e-03
1.175000000000000000e+05 1.222493465537888031e-03 3.344590556847017431e-03 2.005331796518823942e-03
1.176000000000000000e+05 1.127142537450593826e-03 3.627911100221872624e-03 1.776443194383620474e-03
1.177000000000000000e+05 6.790540049628315854e-04 2.665709968748915769e-03 1.193272039473601900e-03
1.178000000000000000e+05 3.951676709612808721e-04 1.997555881264313511e-03 1.096816942593856941e-03
1.179000000000000000e+05 6.794366431769829776e-04 2.501872068944147737e-03 1.411508255193661462e-03
1.180000000000000000e+05 6.688597873672536996e-04 2.014281866024924227e-03 1.398487292272799186e-03
1.181000000000000000e+05 4.720564662447361733e-04 1.724567223622007614e-03 1.136176521291192747e-03
1.182000000000000000e+05 4.342970241950499816e-04 1.249414864426066875e-03 1.014171657404152509e-03
1.183000000000000000e+05 2.736167624899211006e-04 1.013101800295563518e-03 8.355697736717640055e-04
1.184000000000000000e+05 2.625597426784595208e-04 6.847175386606893467e-04 7.898304106560625863e-04
1.185000000000000000e+05 3.863946868385728607e-04 1.153810768512395337e-03 9.477766005760152436e-04
1.186000000000000000e+05 3.402876045398795174e-04 8.515266078254249936e-04 9.415649764887851084e-04
1.187000000000000000e+05 2.469894426771100052e-04 8.198952503920042866e-04 8.085215554331075813e-04
1.188000000000000000e+05 3.106840465810561600e-04 9.119443057360848140e-04 8.562235059120781042e-04
1.189000000000000000e+05 3.136467929757101591e-04 8.911390336007857758e-04 8.961986012381592624e-04
1.190000000000000000e+05 2.377192863247302610e-04 9.083778280808986992e-04 7.913533774642308354e-04
1.191000000000000000e+05 1.872209625332338758e-04 6.516941341320681624e-04 7.171422236844681233e-04
1.192000000000000000e+05 1.796148151877572817e-04 5.857979624595619069e-04 7.215745412024784488e-04
1.193000000000000000e+05 3.402527353508112565e-04 9.881430011635507302e-04 7.746387397905163006e-04
1.194000000000000000e+05 2.942168445068348275e-04 7.278567662359523242e-04 7.083186537463548923e-04
1.195000000000000000e+05 1.703304844966799215e-04 6.432846398509986172e-04 5.701434045408122590e-04
1.196000000000000000e+05 1.185850404758039055e-04 6.687948471454075415e-04 5.134988629780267485e-04
1.197000000000000000e+05 2.621923710412661927e-04 8.392633939334800518e-04 6.408573607185820593e-04
1.198000000000000000e+05 5.483360437814799229e-04 1.640172012852688819e-03 9.576835186619485395e-04
1.199000000000000000e+05 6.703397331765572741e-04 1.383506044093583878e-03 1.168780376071855637e-03
