9.000000000000000000e+04 9.859505438577376851e-04 2.946650321724243911e-03 3.104888490444235663e-03
9.010000000000000000e+04 1.245963775723723209e-03 4.276858326760772655e-03 3.758484663109538503e-03
9.020000000000000000e+04 2.368779773937238625e-03 3.980502431482946073e-03 6.237516525289575099e-03
9.030000000000000000e+04 1.842243087774726208e-03 4.682869466220763478e-03 5.847629958711134807e-03
9.040000000000000000e+04 1.867139011837722073e-03 4.114652889996000401e-03 7.230644917622463738e-03
9.050000000000000000e+04 1.321582411247166494e-03 3.758022449402552249e-03 7.025345281584873154e-03
9.060000000000000000e+04 1.574354525645056593e-03 4.143830290698001517e-03 4.815519442875776726e-03
9.070000000000000000e+04 1.387915158404688220e-03 2.561387892233484617e-03 4.382387624322366983e-03
9.080000000000000000e+04 1.287667330165808040e-03 2.787682605779772359e-03 3.328567348370954637e-03
9.090000000000000000e+04 1.140490578012468047e-03 2.693456529328818079e-03 2.775973318665997825e-03
9.100000000000000000e+04 9.471314154795760186e-04 2.161612156997162922e-03 2.593639343787281209e-03
9.110000000000000000e+04 9.095203975431100096e-04 1.947247692128238443e-03 2.602799924971264337e-03
9.120000000000000000e+04 1.038596937288488497e-03 1.943752155511035236e-03 2.580196189835996193e-03
9.130000000000000000e+04 9.300205971946953233e-04 1.969713991091884449e-03 2.607754060555558286e-03
9.140000000000000000e+04 7.621011425192796354e-04 1.776684498564109430e-03 2.647550906397142922e-03
9.150000000000000000e+04 8.619591529118047785e-04 1.881424242059516775e-03 2.625946900743100429e-03
9.160000000000000000e+04 9.361144997700296573e-04 2.238921257034630612e-03 2.741576145536650348e-03
9.170000000000000000e+04 9.675214145218242502e-04 2.514979609981844201e-03 2.925684521912513218e-03
9.180000000000000000e+04 1.144427834342507354e-03 3.047267942120370204e-03 3.374679874776586024e-03
9.190000000000000000e+04 1.033157346778351086e-03 2.769476603740643732e-03 3.921471082551797153e-03
9.200000000000000000e+04 1.166605702435759978e-03 3.051319097799203451e-03 3.895015480374402084e-03
9.210000000000000000e+04 1.516505030357333424e-03 3.459248056702350985e-03 3.973360337014749007e-03
9.220000000000000000e+04 1.478962991836114439e-03 3.397194921885896696e-03 3.788804631717740401e-03
9.230000000000000000e+04 1.216557550690889212e-03 2.813336080787972281e-03 3.576984077659929335e-03
9.240000000000000000e+04 1.058045073818107955e-03 2.396608290677732477e-03 3.440067524832616814e-03
9.250000000000000000e+04 1.059399858026506980e-03 2.432346953826198740e-03 3.455485293590420965e-03
9.260000000000000000e+04 1.145165733914681704e-03 2.295031604544427433e-03 3.619216405143873497e-03
9.270000000000000000e+04 1.078420737247029557e-03 2.020214151241727686e-03 3.643603399642477130e-03
9.280000000000000000e+04 9.284123947497363583e-04 1.653381468968638437e-03 3.625584424258593372e-03
9.290000000000000000e+04 1.005853070493680466e-03 1.601360277329853549e-03 3.605427528715448183e-03
9.300000000000000000e+04 1.021650673926369820e-03 1.655393786011150926e-03 3.612806118274562977e-03
9.310000000000000000e+04 9.773560763746210085e-04 1.606444353781658757e-03 3.705303916573480811e-03
9.320000000000000000e+04 1.090334602672230358e-03 1.978294864035562081e-03 3.900115708316835312e-03
9.330000000000000000e+04 1.189495686183847205e-03 2.027829474069221469e-03 3.997609098141104676e-03
9.340000000000000000e+04 1.039074047772579369e-03 1.780143348869386161e-03 4.075652975212637127e-03
9.350000000000000000e+04 1.041245376113060939e-03 1.890291779038618444e-03 4.132262089577614685e-03
9.360000000000000000e+04 1.228770779005219829e-03 2.164803257629645348e-03 4.043905584955248718e-03
9.370000000000000000e+04 1.132506394667522759e-03 1.928861496612868480e-03 3.877517697305846341e-03
9.380000000000000000e+04 9.416443859899615090e-04 1.609723252544947164e-03 3.794880394751412589e-03
9.390000000000000000e+04 8.676982903096795881e-04 1.361490413249722125e-03 3.944161350472900548e-03
9.400000000000000000e+04 9.639535559511185070e-04 1.299300799198413806e-03 4.093154723905707837e-03
9.410000000000000000e+04 1.118691717081504201e-03 1.591455278755760962e-03 4.026078849658964488e-03
9.420000000000000000e+04 1.232525681454264919e-03 1.746617451794573762e-03 3.891595207157862776e-03
9.430000000000000000e+04 1.162759407599669483e-03 1.690987411709929736e-03 3.775996833682709018e-03
9.440000000000000000e+04 8.649751217655959022e-04 1.361059544405387491e-03 3.782281777123896235e-03
9.450000000000000000e+04 1.075099580157396449e-03 1.638637630215632798e-03 3.878334277500637261e-03
9.460000000000000000e+04 1.305121426738117731e-03 3.183166710935681713e-03 3.950951755694392768e-03
9.470000000000000000e+04 1.173963876621899292e-03 2.736918414494577626e-03 3.858375548928797642e-03
9.480000000000000000e+04 1.183508500849166610e-03 1.980641388569631331e-03 3.783394947645249418e-03
9.490000000000000000e+04 1.265792846205013571e-03 2.346537191603192615e-03 3.801966057197953778e-03
9.500000000000000000e+04 1.172828083322805144e-03 2.559898798081178956e-03 3.796347533837535204e-03
9.510000000000000000e+04 1.387748129748309165e-03 2.756249915067141964e-03 3.968623883805174994e-03
9.520000000000000000e+04 1.272781468649100602e-03 2.428903719135707632e-03 4.175297397304466793e-03
9.530000000000000000e+04 1.140642540463070870e-03 2.069570995526228904e-03 4.137944795428073405e-03
9.540000000000000000e+04 1.204337352598523932e-03 2.102012363152015728e-03 4.005518523235768527e-03
9.550000000000000000e+04 1.032517406007686395e-03 1.972340221469136377e-03 3.987968589913543950e-03
9.560000000000000000e+04 1.107538741728045228e-03 1.779560347034690390e-03 4.075884256998773061e-03
9.570000000000000000e+04 9.516661537890499546e-04 1.406411439286423416e-03 4.142291787967303587e-03
9.580000000000000000e+04 1.068526445088430286e-03 1.701410643588208756e-03 4.182307960759533254e-03
9.590000000000000000e+04 1.014033463644228167e-03 1.547247932190986587e-03 4.188415069769677902e-03
9.600000000000000000e+04 1.016987214480078242e-03 1.940344902765531697e-03 4.250639226773767800e-03
9.610000000000000000e+04 1.411061123617151150e-03 2.547167348185422689e-03 4.345288502869594158e-03
9.620000000000000000e+04 1.468718646961833865e-03 2.714029547742575869e-03 4.887403159530303264e-03
9.630000000000000000e+04 1.159213714024509741e-03 2.322423197343628960e-03 5.450549621590466444e-03
9.640000000000000000e+04 1.100841982963214269e-03 2.310560629042486200e-03 5.206599847167838607e-03
9.650000000000000000e+04 1.695008440320857051e-03 2.969716221060065501e-03 4.963736150973263248e-03
9.660000000000000000e+04 1.535348458231007573e-03 2.710982826075141253e-03 4.545432679381740393e-03
9.670000000000000000e+04 1.144657578066075789e-03 2.080225218020710209e-03 4.083974062387343319e-03
9.680000000000000000e+04 9.917205133359550950e-04 1.914465178853213233e-03 4.126400329126259786e-03
9.690000000000000000e+04 1.073911759223598363e-03 1.985646543873762632e-03 4.193262469214305982e-03
9.700000000000000000e+04 1.138058482161554558e-03 1.843731225183689766e-03 4.242504021561155879e-03
9.710000000000000000e+04 1.273761621798910094e-03 2.112422970049085413e-03 4.326760881601326471e-03
9.720000000000000000e+04 1.228429549511704001e-03 2.118768296301910131e-03 4.317152487916343928e-03
9.730000000000000000e+04 1.101676271028466381e-03 2.010779556642311970e-03 4.232141812839282889e-03
9.740000000000000000e+04 1.027879274436373572e-03 1.946210516501994253e-03 4.290476385883627668e-03
9.750000000000000000e+04 9.708089108655727252e-04 1.813382231050728131e-03 4.390725986731943385e-03
9.760000000000000000e+04 1.068127667103779647e-03 1.952260555568379428e-03 4.344273893141559900e-03
9.770000000000000000e+04 1.115602093325288729e-03 1.919730537474913235e-03 4.371873721303320103e-03
9.780000000000000000e+04 1.112499407376006926e-03 1.998711674763787183e-03 4.463309961447850527e-03
9.790000000000000000e+04 1.020092700773110334e-03 1.607291886024713509e-03 4.505716558819373475e-03
9.800000000000000000e+04 9.752948533531583496e-04 1.600398406722680546e-03 4.437739949512050155e-03
9.810000000000000000e+04 1.301583720998100453e-03 2.090493535175265340e-03 4.378907005187331926e-03
9.820000000000000000e+04 1.313504949705683513e-03 2.409861552763757197e-03 4.338562549309956697e-03
9.830000000000000000e+04 9.913236383403203900e-04 1.855784371923544125e-03 4.369697792384070328e-03
9.840000000000000000e+04 9.450347043959937687e-04 1.701324502774175310e-03 4.411810802517552796e-03
9.850000000000000000e+04 8.997414537338407729e-04 1.578679901528721400e-03 4.528259690088081921e-03
9.860000000000000000e+04 1.054862736064443932e-03 1.597319354891908218e-03 4.630223488549169153e-03
9.870000000000000000e+04 1.260908070351991414e-03 1.888198328282887639e-03 4.515394584774260964e-03
9.880000000000000000e+04 1.276445236816203550e-03 2.178055313938545654e-03 4.336206584300204142e-03
9.890000000000000000e+04 1.228217456015042331e-03 2.561326456420301347e-03 4.194092938829446435e-03
9.900000000000000000e+04 1.277380709649643571e-03 2.250482769296301838e-03 4.146191443238276403e-03
9.910000000000000000e+04 1.286196420393323752e-03 2.174258948991484013e-03 4.177760453846383198e-03
9.920000000000000000e+04 1.164523870133334082e-03 2.363917623782128483e-03 4.315619713976195579e-03
9.930000000000000000e+04 1.083045756304537154e-03 2.395994902118425782e-03 4.354085402081632472e-03
9.940000000000000000e+04 1.059491772602383624e-03 1.577193818650132664e-03 4.422482782181696298e-03
9.950000000000000000e+04 1.075059052942918883e-03 1.698104502885470872e-03 4.321426421069073445e-03
9.960000000000000000e+04 1.081261004968396815e-03 1.533415044726412890e-03 4.314159675756852087e-03
9.970000000000000000e+04 1.252388414951190708e-03 1.858542908359600565e-03 4.358319434433224025e-03
9.980000000000000000e+04 1.491253071514000994e-03 2.289402786188231981e-03 4.488867544372533713e-03
9.990000000000000000e+04 1.456527057457224737e-03 2.337286393565379990e-03 4.351931419478511677e-03
1.000000000000000000e+05 1.224540467036259149e-03 2.118081202609815167e-03 4.267126420376343536e-03
1.001000000000000000e+05 1.479718660889988661e-03 2.461864023078887565e-03 4.240963171531274799e-03
1.002000000000000000e+05 1.384410853201341156e-03 2.285716655888142546e-03 4.229303213621588529e-03
1.003000000000000000e+05 1.407132312100865725e-03 2.384318588532190284e-03 4.322085578329551599e-03
1.004000000000000000e+05 1.441448462324012962e-03 2.603072824528258715e-03 4.395609957922073235e-03
1.005000000000000000e+05 1.479082460707266660e-03 2.708399843741304911e-03 4.379354569293913459e-03
1.006000000000000000e+05 1.332089304982635343e-03 2.397158333724407411e-03 4.370668318382392795e-03
1.007000000000000000e+05 1.327668012702469449e-03 2.452817021113818958e-03 4.325078881067811153e-03
1.008000000000000000e+05 1.342037668186419740e-03 2.190520964223514454e-03 4.426323288215197604e-03
1.009000000000000000e+05 1.308383490326212560e-03 2.274955344516563227e-03 4.400251651814723712e-03
1.010000000000000000e+05 1.302768193326158622e-03 1.946376828397835667e-03 4.380417403405015286e-03
1.011000000000000000e+05 1.282736284243373662e-03 2.052019753355051063e-03 4.385335416744802484e-03
1.012000000000000000e+05 1.262582558217175115e-03 2.330687365361957825e-03 4.483979925619455999e-03
1.013000000000000000e+05 1.439382416791811035e-03 2.301326960242239695e-03 4.616483861871695758e-03
1.014000000000000000e+05 1.286230939510439250e-03 2.170270795335801743e-03 4.557466197271166884e-03
1.015000000000000000e+05 1.393434470230626391e-03 2.457816826094620915e-03 4.599757833832437449e-03
1.016000000000000000e+05 1.239724439074355207e-03 2.334819478413693340e-03 4.746391497211099528e-03
1.017000000000000000e+05 1.210496307378937549e-03 2.398183942092757884e-03 4.582808250832247181e-03
1.018000000000000000e+05 1.215734699825936783e-03 2.419145774975246885e-03 4.513485858410537337e-03
1.019000000000000000e+05 1.447057417478001679e-03 2.582909827989898419e-03 4.513711400378431042e-03
1.020000000000000000e+05 1.508576320617349264e-03 2.511599570182348595e-03 4.589773806932259843e-03
1.021000000000000000e+05 1.480740303478645780e-03 2.359326469008820194e-03 4.606687238884886633e-03
1.022000000000000000e+05 1.219910004633626647e-03 2.210047420261933900e-03 4.676572472762362612e-03
1.023000000000000000e+05 1.186669283073903732e-03 2.622097472457435904e-03 4.754932947790514383e-03
1.024000000000000000e+05 1.275990208977047756e-03 2.796912103333840105e-03 4.904842619702766068e-03
1.025000000000000000e+05 1.482069919215543014e-03 2.679840782982130694e-03 4.955139696669520581e-03
1.026000000000000000e+05 1.513319895633339577e-03 3.055072037754200196e-03 5.229771305709253297e-03
1.027000000000000000e+05 1.576283020391268472e-03 3.440991221743837283e-03 5.385855318848169378e-03
1.028000000000000000e+05 1.703760691764616853e-03 3.637899169938911461e-03 4.990181080975058039e-03
1.029000000000000000e+05 1.746133619984965683e-03 3.280428788993359525e-03 4.982677489953268521e-03
1.030000000000000000e+05 1.511856086071622276e-03 2.940489965664959144e-03 5.110437345282087436e-03
1.031000000000000000e+05 1.524988195378305239e-03 2.976547638865294394e-03 5.121026538774275938e-03
1.032000000000000000e+05 1.484431313572935011e-03 2.763545933041124027e-03 5.026764905433659010e-03
1.033000000000000000e+05 1.548233843324393379e-03 2.932597913223102502e-03 4.900661425127071300e-03
1.034000000000000000e+05 1.598910425589182647e-03 3.141020946710442689e-03 4.911809011304536787e-03
1.035000000000000000e+05 1.532382006407246363e-03 2.966099499406689866e-03 4.891028648065348303e-03
1.036000000000000000e+05 1.734317555981379402e-03 3.138963340403420985e-03 4.934005422834023859e-03
1.037000000000000000e+05 1.651745943143533794e-03 3.359917539398013259e-03 4.964491642283943608e-03
1.038000000000000000e+05 1.623640815528605563e-03 3.245381543300639160e-03 4.801386249874153855e-03
1.039000000000000000e+05 1.908523099972763218e-03 3.298038116199262550e-03 4.978527029763787741e-03
1.040000000000000000e+05 1.893825534469793532e-03 3.371443552844047894e-03 5.046567747481536803e-03
1.041000000000000000e+05 1.444186731950518072e-03 3.462688063077221188e-03 4.949094682366185494e-03
1.042000000000000000e+05 1.483835751646609726e-03 3.503747820829828351e-03 5.003854282959414868e-03
1.043000000000000000e+05 1.611728695111556194e-03 3.562144136139966649e-03 5.086932721780734745e-03
1.044000000000000000e+05 1.705434841876763211e-03 4.036345047559484339e-03 5.141394372380498484e-03
1.045000000000000000e+05 1.502287336384676344e-03 4.251431812077830288e-03 5.282812355139505055e-03
1.046000000000000000e+05 1.675092648245519317e-03 4.559806126707501711e-03 5.310357186967130938e-03
1.047000000000000000e+05 1.913755281690342983e-03 4.709330377344916885e-03 5.400136293523131840e-03
1.048000000000000000e+05 1.672007381269769322e-03 4.638157316916203740e-03 5.489794407125879114e-03
1.049000000000000000e+05 1.696903494381746084e-03 4.985533766938448838e-03 5.517767360621836890e-03
1.050000000000000000e+05 1.891192325532939020e-03 5.488104056234354572e-03 5.585044486577700820e-03
1.051000000000000000e+05 1.968865632014518176e-03 5.983689640032185605e-03 5.675936927526455296e-03
1.052000000000000000e+05 2.059421411634521255e-03 6.551285257747005604e-03 5.717103011553746963e-03
1.053000000000000000e+05 2.007070230428975068e-03 6.719821334804990977e-03 5.785209034155202462e-03
1.054000000000000000e+05 1.996604631284101296e-03 6.571868252187822515e-03 5.846786063739073565e-03
1.055000000000000000e+05 2.119485491655739070e-03 6.258119194126346430e-03 5.921921637895776261e-03
1.056000000000000000e+05 2.155024192602061212e-03 6.281369964809047080e-03 5.844738391027197097e-03
1.057000000000000000e+05 2.125493727730351674e-03 6.540795685463423291e-03 5.805307907206763707e-03
1.058000000000000000e+05 2.105259442753755483e-03 6.959610899496686959e-03 5.836836107163298829e-03
1.059000000000000000e+05 2.230207192406437246e-03 7.234941580799819638e-03 5.928634406115209504e-03
1.060000000000000000e+05 2.201858473638781087e-03 7.184433320741156342e-03 5.961833424132157062e-03
1.061000000000000000e+05 2.252524991633129015e-03 6.968528971568709041e-03 6.103473791793549014e-03
1.062000000000000000e+05 2.221981273943906231e-03 6.321265794170869215e-03 6.235556928912425016e-03
1.063000000000000000e+05 2.123222964341831345e-03 5.868662599057270987e-03 6.262409285429143893e-03
1.064000000000000000e+05 2.132904955821599523e-03 5.715172081633209875e-03 6.343893120818902380e-03
1.065000000000000000e+05 2.236925422244738157e-03 5.716428636906236913e-03 6.308155711563297185e-03
1.066000000000000000e+05 2.240378978887852188e-03 5.761630289855938954e-03 6.300225518695484576e-03
1.067000000000000000e+05 2.256916400778169636e-03 6.013331125760160330e-03 6.323978512614576719e-03
1.068000000000000000e+05 2.404431642277837528e-03 6.409580265209232838e-03 6.266038162046563484e-03
1.069000000000000000e+05 2.480510291764603803e-03 6.369894866910070716e-03 6.263752541795919795e-03
1.070000000000000000e+05 2.060503292812122626e-03 5.514518446561813073e-03 6.327298486588161554e-03
1.071000000000000000e+05 2.365226872348865673e-03 5.523705385393755385e-03 6.488573304985176086e-03
1.072000000000000000e+05 2.625278579807742603e-03 6.233714824631378382e-03 6.647913385424302803e-03
1.073000000000000000e+05 2.540503659826162837e-03 6.679178136033963632e-03 6.584150385066121769e-03
1.074000000000000000e+05 2.807680419635741418e-03 6.964185753150367933e-03 6.621051555016950994e-03
1.075000000000000000e+05 2.580230404696047704e-03 6.528186165937026331e-03 6.804439753264676129e-03
1.076000000000000000e+05 2.883895338842907760e-03 6.608197188411467533e-03 6.913041404320838072e-03
1.077000000000000000e+05 2.819554929536137455e-03 6.910068802177546723e-03 6.756376118852183005e-03
1.078000000000000000e+05 2.859387067111134051e-03 7.318433099696377946e-03 6.711322110786653757e-03
1.079000000000000000e+05 2.772261631764502514e-03 7.265288390762072827e-03 6.729796737536848997e-03
1.080000000000000000e+05 2.973172288120668437e-03 6.941172902100768011e-03 6.898023333747776466e-03
1.081000000000000000e+05 2.774487727749299151e-03 6.058536729831465011e-03 6.904755733863592558e-03
1.082000000000000000e+05 2.692385865767964528e-03 5.927868609184759260e-03 6.864216539744798576e-03
1.083000000000000000e+05 2.732993089496956254e-03 6.140924521206664495e-03 6.856994126582639272e-03
1.084000000000000000e+05 2.550338692948972592e-03 5.778603154576484636e-03 6.819500935722616619e-03
1.085000000000000000e+05 2.718713256339233032e-03 5.866871656789128357e-03 6.752531128356949186e-03
1.086000000000000000e+05 2.470322532527986607e-03 5.607577562895115809e-03 6.585488933408975565e-03
1.087000000000000000e+05 2.603663595712767294e-03 5.842029481207057159e-03 6.486318335171233247e-03
1.088000000000000000e+05 2.585237464026364854e-03 6.161552497204588093e-03 6.495190842575777022e-03
1.089000000000000000e+05 2.131812877438759961e-03 5.959556016365267182e-03 6.508892651128974152e-03
1.090000000000000000e+05 2.231791972392407376e-03 5.905323189322014311e-03 6.537696274676971231e-03
1.091000000000000000e+05 2.203079358243583384e-03 5.811564675007793550e-03 6.569704801942823774e-03
1.092000000000000000e+05 2.165952420284358165e-03 5.903690087102188809e-03 6.453446233903935118e-03
1.093000000000000000e+05 2.501283208161954666e-03 6.049366845322761907e-03 6.379555203249141770e-03
1.094000000000000000e+05 2.262434716025434923e-03 5.671696530643308316e-03 6.245330409418381468e-03
1.095000000000000000e+05 2.064246496349315431e-03 5.298733315730814672e-03 6.206425821863879692e-03
1.096000000000000000e+05 1.952219768214153578e-03 5.054096330542263808e-03 6.120861981832040159e-03
1.097000000000000000e+05 1.882157031049758004e-03 4.843111834230701650e-03 5.926445822181684517e-03
1.098000000000000000e+05 1.802051009183445497e-03 4.469419502897615561e-03 5.886900755526718043e-03
1.099000000000000000e+05 1.866265070125098201e-03 4.397823800440384470e-03 5.694351237077920937e-03
1.100000000000000000e+05 1.365522435326933445e-03 3.755828250061094345e-03 5.591452141458595065e-03
1.101000000000000000e+05 1.746199132130775433e-03 4.289462796151754728e-03 5.514443995029087719e-03
1.102000000000000000e+05 1.800036303689455178e-03 4.191136982708272216e-03 5.509349219242738738e-03
1.103000000000000000e+05 1.745057547694529431e-03 3.799138806001670001e-03 5.523701016018196970e-03
1.104000000000000000e+05 1.734598251013828602e-03 3.506880523697449969e-03 5.465204983345988386e-03
1.105000000000000000e+05 1.750157694295206845e-03 3.387342785901548484e-03 5.470806893026804348e-03
1.106000000000000000e+05 1.713673995047624351e-03 3.042920314621141379e-03 5.410842846488655988e-03
1.107000000000000000e+05 1.548099975745013263e-03 2.827587906755003877e-03 5.329064052046333932e-03
1.108000000000000000e+05 1.689637204408377721e-03 2.924528136380142879e-03 5.314069991905093042e-03
1.109000000000000000e+05 1.566948383622253187e-03 3.001771924220596188e-03 5.269864712992886058e-03
1.110000000000000000e+05 1.888829635426346812e-03 3.361276001254044458e-03 5.276090130265154339e-03
1.111000000000000000e+05 1.498250241818465441e-03 2.599555932272142652e-03 5.273823918966629755e-03
1.112000000000000000e+05 1.348781795283967872e-03 2.560078390425747207e-03 5.193105719767503355e-03
1.113000000000000000e+05 1.611599428281806738e-03 2.815931219705926011e-03 5.330465196576661575e-03
1.114000000000000000e+05 1.878306851384303928e-03 3.207475296999049916e-03 5.361289927099698212e-03
1.115000000000000000e+05 1.743854204628935735e-03 3.068682079241133280e-03 5.307961535991088248e-03
1.116000000000000000e+05 1.664615321961598372e-03 2.890831032255328573e-03 5.421716490202432501e-03
1.117000000000000000e+05 1.666022747971760993e-03 2.900881855969207525e-03 5.391593471252186659e-03
1.118000000000000000e+05 1.553919706289300009e-03 2.730756054329339187e-03 5.298389916588221692e-03
1.119000000000000000e+05 1.722956369926702432e-03 2.783586630261913192e-03 5.308000758724339650e-03
1.120000000000000000e+05 1.451972892639072626e-03 2.523613044281371610e-03 5.330909714840531381e-03
1.121000000000000000e+05 1.536628696392656167e-03 2.835434586053421462e-03 5.354865851231398188e-03
1.122000000000000000e+05 1.579380709526208640e-03 2.806545994201490798e-03 5.347142385970954023e-03
1.123000000000000000e+05 1.568111352836025225e-03 2.503766488290693187e-03 5.357625535198394691e-03
1.124000000000000000e+05 1.875632746372569125e-03 2.854055937259685101e-03 5.388488189782098328e-03
1.125000000000000000e+05 1.675820107648559945e-03 2.742974564580078455e-03 5.528320915858242306e-03
1.126000000000000000e+05 1.601878900995071242e-03 2.817184763501298130e-03 5.513324790955985606e-03
1.127000000000000000e+05 1.567039557668986616e-03 2.894144962505281610e-03 5.488731976795347897e-03
1.128000000000000000e+05 1.641571080915033877e-03 2.747016128140916842e-03 5.490796048797034166e-03
1.129000000000000000e+05 1.537176286128402996e-03 2.979537813898576557e-03 5.402429934709299802e-03
1.130000000000000000e+05 1.605186735445265217e-03 3.724812014995616816e-03 5.450748832757569551e-03
1.131000000000000000e+05 1.607169160599163614e-03 3.403515030604951919e-03 5.500724550628178708e-03
1.132000000000000000e+05 1.578717140640719004e-03 2.843013077176575164e-03 5.617799088970321271e-03
1.133000000000000000e+05 1.572150505085626558e-03 2.995852968587521190e-03 5.543102596886754704e-03
1.134000000000000000e+05 1.607955837016037531e-03 3.397394851939877780e-03 5.559956534335109592e-03
1.135000000000000000e+05 1.468117615878138105e-03 3.111650963005795426e-03 5.679781281338018052e-03
1.136000000000000000e+05 1.540822570844150446e-03 3.001018551667513148e-03 5.598081574573659028e-03
1.137000000000000000e+05 1.521140248665134309e-03 2.674710482529971123e-03 5.526444717880107070e-03
1.138000000000000000e+05 1.343695378753908230e-03 2.379801168659837797e-03 5.403367182075955941e-03
1.139000000000000000e+05 1.277047930738976246e-03 2.183982160709070294e-03 5.399316228736729568e-03
1.140000000000000000e+05 1.207122133875790371e-03 2.462913092854463436e-03 5.491736857023206408e-03
1.141000000000000000e+05 1.618574761996696872e-03 2.686449962896292690e-03 5.703305712043879247e-03
1.142000000000000000e+05 1.670050517578121167e-03 2.743967079714335761e-03 5.835311200940398145e-03
1.143000000000000000e+05 1.686888568914025367e-03 3.240322511826122624e-03 5.793119386594926430e-03
1.144000000000000000e+05 1.786498859166841049e-03 3.503364957591091622e-03 5.891047179596852097e-03
1.145000000000000000e+05 1.639790960665667152e-03 3.342591096106378723e-03 5.926103869770289918e-03
1.146000000000000000e+05 1.689385961966115117e-03 2.909746547564004068e-03 5.810525222546743598e-03
1.147000000000000000e+05 1.693740245659932503e-03 3.452120573149897696e-03 5.768978158360820244e-03
1.148000000000000000e+05 1.548318640162128952e-03 2.732228891099603568e-03 5.695449630151853439e-03
1.149000000000000000e+05 1.418451019719409525e-03 2.561997185911999222e-03 5.653172865123750994e-03
1.150000000000000000e+05 1.479282075778072351e-03 2.700140124148671557e-03 5.575168832942082632e-03
1.151000000000000000e+05 1.580096506149978285e-03 3.210419170980268085e-03 5.707838436164632857e-03
1.152000000000000000e+05 1.920933973701789872e-03 3.964137160399150081e-03 6.328244060745708173e-03
1.153000000000000000e+05 1.890378754375344160e-03 3.984827203308470567e-03 6.468048140514391468e-03
1.154000000000000000e+05 1.764721857863515812e-03 3.984774061193543243e-03 5.870552223666942841e-03
1.155000000000000000e+05 1.543193297333985553e-03 3.120767455328079046e-03 5.666680192368063647e-03
1.156000000000000000e+05 1.506684425216078815e-03 2.416513941719413729e-03 5.612111746759253748e-03
1.157000000000000000e+05 1.497040061810196547e-03 2.733841304396350882e-03 5.601406077726888907e-03
1.158000000000000000e+05 1.533990340310043866e-03 3.074637808748714556e-03 5.758534559952531440e-03
1.159000000000000000e+05 1.672130410113574148e-03 3.029975222117250663e-03 5.992947305765954427e-03
1.160000000000000000e+05 1.584519855685870629e-03 3.057437772343141354e-03 6.168035446417596997e-03
1.161000000000000000e+05 1.499151648958018182e-03 3.130604632679430920e-03 5.995241765567541764e-03
1.162000000000000000e+05 1.713344908845252854e-03 3.504998712286327631e-03 5.866611330069434332e-03
1.163000000000000000e+05 1.780672722603010918e-03 3.687011129446349927e-03 5.882690334192002511e-03
1.164000000000000000e+05 1.735419954486163915e-03 3.946609902270734917e-03 5.935827793577957111e-03
1.165000000000000000e+05 1.730366002461436112e-03 4.750615579676173948e-03 6.914970131197259971e-03
1.166000000000000000e+05 1.962331955277292483e-03 5.226564901098200780e-03 8.049879411177088273e-03
1.167000000000000000e+05 2.065097132935331259e-03 6.398856908092601624e-03 7.085700558012423926e-03
1.168000000000000000e+05 2.252228527204842498e-03 6.737875157065340709e-03 6.998670891745183142e-03
1.169000000000000000e+05 2.505706532152687273e-03 6.318855586602867801e-03 7.667682692347934509e-03
1.170000000000000000e+05 2.577842307018368521e-03 5.231370254429276202e-03 8.945006759896807075e-03
1.171000000000000000e+05 2.590384993742709044e-03 6.460233369519051763e-03 1.049331057527173351e-02
1.172000000000000000e+05 5.222695889169312253e-03 1.190743916968385954e-02 1.152487717863159324e-02
1.173000000000000000e+05 6.377535862471614241e-03 1.175143946816699023e-02 1.170724324180331954e-02
1.174000000000000000e+05 5.150395561540614675e-03 1.247869480944490198e-02 1.085238858772656634e-02
1.175000000000000000e+05 5.204443676721205551e-03 1.045871583827828744e-02 1.002120248731327469e-02
1.176000000000000000e+05 3.811899581033116255e-03 8.508699367656403362e-03 9.208121076906503402e-03
1.177000000000000000e+05 4.742995190673188026e-03 9.844913910975056082e-03 8.236449516418366257e-03
1.178000000000000000e+05 4.892471371546179039e-03 1.060410409956561231e-02 7.723812717461075832e-03
1.179000000000000000e+05 6.971526347941835525e-03 1.564565251495791953e-02 1.041947443217100706e-02
1.180000000000000000e+05 5.583036283333755317e-03 1.393681419698636348e-02 1.136265973160913156e-02
1.181000000000000000e+05 4.076929113149743017e-03 1.237734620160054963e-02 6.556943987418809884e-03
1.182000000000000000e+05 2.084027083914564982e-03 8.866759182449208618e-03 5.161071165012022857e-03
1.183000000000000000e+05 1.902591560827692797e-03 8.999177273471482136e-03 3.976076656188012176e-03
1.184000000000000000e+05 1.867638519166117672e-03 6.045733872796337123e-03 4.115687702210859590e-03
1.185000000000000000e+05 1.520945454875047460e-03 4.530684739629798480e-03 3.746228918651937391e-03
1.186000000000000000e+05 1.201794942537667225e-03 3.296703154713283204e-03 3.535775636306652016e-03
1.187000000000000000e+05 1.066670175330292417e-03 2.463160913970141586e-03 3.331690155931041515e-03
1.188000000000000000e+05 1.649130095569341023e-03 4.518947166793812857e-03 3.673737943553862483e-03
1.189000000000000000e+05 1.768110189483298664e-03 4.438466907879636339e-03 4.523100414232123813e-03
1.190000000000000000e+05 2.146570882849145774e-03 7.155373993515274852e-03 3.956757409569143340e-03
1.191000000000000000e+05 2.858981558212288915e-03 8.798971671761895291e-03 5.100065098818895755e-03
1.192000000000000000e+05 2.890597219999304322e-03 9.246827256520553928e-03 5.078049098443839296e-03
1.193000000000000000e+05 1.904871895949136968e-03 9.090052243226830544e-03 3.758861990311870762e-03
1.194000000000000000e+05 1.787479371201875248e-03 9.266119540724468417e-03 3.637152994797163315e-03
1.195000000000000000e+05 1.919553470190193045e-03 9.412086869090291116e-03 3.095064179188875778e-03
1.196000000000000000e+05 2.010859185229175138e-03 7.776444407960654386e-03 3.522890667222299422e-03
1.197000000000000000e+05 2.440466911710590346e-03 7.025892149795275737e-03 4.183182777408291954e-03
1.198000000000000000e+05 2.363425705561445801e-03 5.555297939533061433e-03 4.676066372892486410e-03
1.199000000000000000e+05 1.397347255605118407e-03 4.357051464863176404e-03 4.829267942599419459e-03
