9.000000000000000000e+04 2.329387673350119623e-05 6.699316431549068480e-05 5.486111046777994785e-04
9.010000000000000000e+04 3.909956807667403899e-05 6.083830308827357057e-05 5.651527234562033365e-04
9.020000000000000000e+04 6.349708403192641515e-05 1.035418988358307061e-04 5.856275039217400790e-04
9.030000000000000000e+04 7.514442815655466863e-05 1.342037860607604846e-04 6.289686620786947516e-04
9.040000000000000000e+04 7.320772693616126904e-05 1.600350470602341767e-04 6.597151234884639833e-04
9.050000000000000000e+04 7.091098528167242253e-05 1.744637394676079416e-04 6.537805534746108337e-04
9.060000000000000000e+04 7.666050117988696712e-05 1.635685957139822698e-04 6.538167558140619336e-04
9.070000000000000000e+04 8.746941188301203020e-05 1.204338435968701788e-04 6.711732894966170601e-04
9.080000000000000000e+04 8.801983151302060059e-05 1.371303500364782742e-04 6.793531794476607771e-04
9.090000000000000000e+04 7.141744412043633371e-05 1.221432194344815574e-04 6.794817620486058671e-04
9.100000000000000000e+04 4.762967994667837573e-05 7.617842268804004766e-05 6.735281799498920707e-04
9.110000000000000000e+04 1.482096354467462782e-05 2.894252487589308274e-05 6.608517342552220047e-04
9.120000000000000000e+04 2.162205202486705731e-05 4.391800224526213117e-05 6.658087363162289553e-04
9.130000000000000000e+04 1.279136236923862635e-05 2.837644873487400743e-05 6.809325156332319455e-04
9.140000000000000000e+04 4.938672403049300819e-05 1.212688557736087743e-04 7.080359722106120170e-04
9.150000000000000000e+04 9.914777331777337426e-05 2.336599270578215617e-04 7.554375243805563087e-04
9.160000000000000000e+04 1.201756133239490626e-04 2.900153185182541109e-04 8.128022135666203903e-04
9.170000000000000000e+04 1.375685181057430088e-04 3.409802406030671513e-04 8.610853534498276061e-04
9.180000000000000000e+04 1.582578420392867936e-04 3.970643317215801415e-04 9.051274810504202377e-04
9.190000000000000000e+04 1.880920228607327847e-04 4.537585867042773528e-04 9.566295183855466925e-04
9.200000000000000000e+04 2.102921017503659980e-04 4.589223465637912907e-04 9.982181602435314868e-04
9.210000000000000000e+04 2.094712550789013883e-04 4.210297432162157403e-04 1.043699303146955384e-03
9.220000000000000000e+04 1.946573165787492078e-04 3.785464293728197467e-04 1.083939688077477500e-03
9.230000000000000000e+04 1.703849210378981715e-04 3.368795390714711619e-04 1.134988037057175873e-03
9.240000000000000000e+04 1.460410994230255510e-04 2.810709613631141336e-04 1.190066364797491083e-03
9.250000000000000000e+04 8.601385974565337739e-05 2.217283412761432253e-04 1.237109089458848874e-03
9.260000000000000000e+04 4.575948141965309121e-05 9.825002074313813998e-05 1.264050402769355480e-03
9.270000000000000000e+04 2.171935204377858225e-05 5.335929301070229183e-05 1.255912677311458092e-03
9.280000000000000000e+04 3.795514501297959573e-05 7.846524075818812720e-05 1.243635338289788422e-03
9.290000000000000000e+04 6.154488245496995621e-05 1.145220657547576897e-04 1.234544483732651554e-03
9.300000000000000000e+04 3.558332439381525075e-05 1.088392155067594708e-04 1.212612050903161091e-03
9.310000000000000000e+04 5.652511037218142451e-05 1.417521479399306856e-04 1.201047454034626094e-03
9.320000000000000000e+04 8.078398944818231120e-05 1.337184417416785107e-04 1.203170265176849163e-03
9.330000000000000000e+04 7.359595730546068110e-05 9.892485717922215073e-05 1.189745414347056097e-03
9.340000000000000000e+04 2.742340307155632755e-05 4.839451674425393826e-05 1.173109352231165112e-03
9.350000000000000000e+04 1.194484776164891904e-05 2.098884378617981231e-05 1.174640239192786470e-03
9.360000000000000000e+04 1.779870540513824040e-05 4.934588848149509127e-05 1.200094684921758489e-03
9.370000000000000000e+04 3.904985954074737323e-05 8.491052520463466396e-05 1.203933125718734164e-03
9.380000000000000000e+04 5.049099675372907374e-05 1.412598688727252031e-04 1.170381273222832665e-03
9.390000000000000000e+04 7.621802873095302223e-05 1.630991118699283513e-04 1.153464110694047990e-03
9.400000000000000000e+04 3.540873550155463657e-05 7.659531400943872526e-05 1.171941428033404422e-03
9.410000000000000000e+04 4.441352239293087055e-05 8.013001569561481810e-05 1.169831233801305872e-03
9.420000000000000000e+04 4.909656914567350761e-05 1.078576329182911759e-04 1.157304700456919739e-03
9.430000000000000000e+04 3.295033485348599148e-05 8.947931693664202581e-05 1.157646118623720894e-03
9.440000000000000000e+04 2.921829100458990872e-05 6.954946318330065477e-05 1.154460630051340475e-03
9.450000000000000000e+04 4.819985035808696874e-05 9.397215273294857660e-05 1.149977012017079116e-03
9.460000000000000000e+04 4.868635519516455526e-05 1.264405105259904221e-04 1.160022028450596616e-03
9.470000000000000000e+04 2.947022413531856858e-05 7.782621225972739636e-05 1.142492900861281999e-03
9.480000000000000000e+04 6.086850867388963159e-05 1.155576118614159899e-04 1.133640307673059551e-03
9.490000000000000000e+04 5.134722411389560856e-05 1.475334285761316540e-04 1.147833755600142147e-03
9.500000000000000000e+04 9.088037371931720863e-05 2.276066991326473801e-04 1.161385981728535943e-03
9.510000000000000000e+04 5.135315049150583448e-05 1.681388660345964348e-04 1.200166560271817562e-03
9.520000000000000000e+04 7.320397719549789732e-05 1.334151891752423207e-04 1.222168337952981177e-03
9.530000000000000000e+04 1.633613516192058621e-04 2.953499886916637843e-04 1.237744102382450431e-03
9.540000000000000000e+04 2.509127568552647122e-04 6.216664572578161317e-04 1.310200292599357367e-03
9.550000000000000000e+04 2.767102732907328159e-04 7.934531918416315097e-04 1.356477791010571310e-03
9.560000000000000000e+04 2.004526739604155228e-04 6.117295536722893150e-04 1.333033296543065455e-03
9.570000000000000000e+04 1.168747194821575467e-04 4.100751551646701545e-04 1.311109535217052074e-03
9.580000000000000000e+04 5.773538320859262704e-05 2.157327585732555890e-04 1.271811188249781510e-03
9.590000000000000000e+04 5.877381728628468423e-05 1.087310599326399459e-04 1.236233091280569902e-03
9.600000000000000000e+04 7.196430667907849875e-05 1.319116421457503831e-04 1.209044847303918481e-03
9.610000000000000000e+04 1.073677561759655164e-04 2.396541558582284022e-04 1.198050039715292453e-03
9.620000000000000000e+04 1.348013787568645618e-04 2.675344005290318603e-04 1.220228348669056585e-03
9.630000000000000000e+04 1.163197806965034654e-04 2.162707391379211849e-04 1.244491537683006105e-03
9.640000000000000000e+04 7.368038694400614631e-05 1.298012340140446055e-04 1.257025971548454257e-03
9.650000000000000000e+04 5.172676182606532509e-05 9.790258741630935950e-05 1.251120649431525797e-03
9.660000000000000000e+04 1.931530027666616273e-05 5.647059037504603002e-05 1.249168642493556775e-03
9.670000000000000000e+04 6.113735844851387984e-05 1.813419018291846912e-04 1.250519091913518746e-03
9.680000000000000000e+04 8.474614690920628107e-05 1.925009018053458563e-04 1.260013013532761865e-03
9.690000000000000000e+04 9.956584973401343130e-05 1.935162212509900989e-04 1.277860899210965257e-03
9.700000000000000000e+04 1.429259487818294871e-04 2.552282626166390775e-04 1.278069669310780577e-03
9.710000000000000000e+04 1.715927463704434563e-04 2.954659661824720999e-04 1.249731284410975475e-03
9.720000000000000000e+04 9.475609026434947402e-05 1.762816602506099648e-04 1.242448021509297545e-03
9.730000000000000000e+04 8.183709328837569102e-06 1.984643379717852991e-05 1.247654405331085703e-03
9.740000000000000000e+04 4.785719015724639383e-05 7.940982102527089324e-05 1.236405770544466657e-03
9.750000000000000000e+04 4.003020669612715465e-05 6.725542792017174219e-05 1.263030472317842445e-03
9.760000000000000000e+04 5.652191472443283266e-05 1.528750286343691974e-04 1.274246853305401744e-03
9.770000000000000000e+04 8.482295133916870587e-05 1.974100818738844850e-04 1.266446171252535438e-03
9.780000000000000000e+04 1.036455830179525747e-04 2.144303371966629988e-04 1.281132510644040004e-03
9.790000000000000000e+04 1.584752147657734599e-04 2.740427612546540975e-04 1.300174809675686168e-03
9.800000000000000000e+04 1.485401357474447088e-04 2.326969855475028836e-04 1.324255852057084921e-03
9.810000000000000000e+04 1.227983622492550327e-04 1.828628857711513036e-04 1.336518968765241285e-03
9.820000000000000000e+04 1.302274540985104336e-04 2.049658517769431271e-04 1.323819704958077974e-03
9.830000000000000000e+04 1.527186903369315372e-04 2.958018063287440585e-04 1.321053181493366977e-03
9.840000000000000000e+04 1.213032159854887312e-04 2.355015539065303913e-04 1.329323616979713723e-03
9.850000000000000000e+04 8.920969476817683375e-05 1.581529443960899214e-04 1.344787965544547593e-03
9.860000000000000000e+04 9.301625361453477389e-05 1.549526619021525300e-04 1.384277819261061065e-03
9.870000000000000000e+04 8.389463458195137863e-05 1.581933921452529507e-04 1.408984092768633548e-03
9.880000000000000000e+04 8.908181441394033562e-05 2.117893089231036655e-04 1.411182447426808035e-03
9.890000000000000000e+04 1.053801207991952697e-04 2.581062574187962654e-04 1.417366112306513680e-03
9.900000000000000000e+04 8.181934177875862559e-05 2.341616451042474560e-04 1.436043601449167074e-03
9.910000000000000000e+04 8.829504684635639152e-05 2.463129682224033442e-04 1.459318059030228652e-03
9.920000000000000000e+04 1.353919557616572143e-04 3.096413840050864490e-04 1.478068563520736501e-03
9.930000000000000000e+04 1.114250994548736558e-04 2.607578032808660021e-04 1.507562651638611828e-03
9.940000000000000000e+04 9.523765711587687220e-05 2.101817027729778724e-04 1.541023351978248286e-03
9.950000000000000000e+04 9.944256152188773144e-05 2.107202227689755365e-04 1.570643143878544317e-03
9.960000000000000000e+04 1.162795040950416990e-04 2.371381276768348353e-04 1.579562293360363846e-03
9.970000000000000000e+04 1.316259223477155797e-04 2.489867910167220446e-04 1.574645481267769945e-03
9.980000000000000000e+04 1.499314933471255877e-04 2.397307309133958446e-04 1.582675435774127904e-03
9.990000000000000000e+04 1.530563428437331595e-04 2.102274251091018967e-04 1.579750197715159990e-03
1.000000000000000000e+05 1.684656114155967752e-04 2.988100588477973427e-04 1.594549040307546156e-03
1.001000000000000000e+05 1.952321100665941212e-04 4.007331879200392438e-04 1.623316150535592320e-03
1.002000000000000000e+05 1.543598847223092655e-04 3.365421834038058186e-04 1.611996713690415448e-03
1.003000000000000000e+05 1.101349984968269004e-04 2.167382545098922846e-04 1.612248711796821724e-03
1.004000000000000000e+05 1.008321588890890869e-04 1.771170217107209677e-04 1.614844456637548132e-03
1.005000000000000000e+05 1.033106483929245416e-04 1.772678572477205585e-04 1.609391261095587371e-03
1.006000000000000000e+05 1.096399529286163580e-04 1.671496707157137714e-04 1.619897561531060282e-03
1.007000000000000000e+05 1.218040579854258020e-04 1.736015496652083216e-04 1.644494581314178252e-03
1.008000000000000000e+05 1.344261357529865329e-04 2.109274083871011223e-04 1.680319180616870632e-03
1.009000000000000000e+05 1.312517861668692151e-04 2.193353766520541367e-04 1.708552767277367627e-03
1.010000000000000000e+05 1.319575845410772552e-04 2.451865292740734552e-04 1.697980668916982327e-03
1.011000000000000000e+05 1.668731321582445255e-04 3.581981391426842468e-04 1.685335361765528603e-03
1.012000000000000000e+05 2.140480774006940298e-04 4.363304368320873941e-04 1.734904025808397306e-03
1.013000000000000000e+05 2.159650273075570774e-04 3.875061730558469145e-04 1.786540080002148876e-03
1.014000000000000000e+05 1.829511573734482477e-04 3.288150098688961617e-04 1.807032378693298157e-03
1.015000000000000000e+05 1.232294998347758727e-04 2.540097855103979653e-04 1.804814346581495345e-03
1.016000000000000000e+05 8.819361126340130586e-05 1.801693658083755503e-04 1.800677063664660876e-03
1.017000000000000000e+05 7.192511688619064071e-05 1.475768794033365666e-04 1.784007151680426896e-03
1.018000000000000000e+05 5.876799382739444563e-05 1.653040941029602483e-04 1.753022837706757608e-03
1.019000000000000000e+05 6.000893948909227435e-05 2.016612636175332991e-04 1.713565264987025822e-03
1.020000000000000000e+05 6.590512112528059546e-05 2.313181452646693222e-04 1.680623005054099296e-03
1.021000000000000000e+05 1.111733401103942760e-04 2.865735392495669109e-04 1.653145241154377679e-03
1.022000000000000000e+05 8.369955271965131074e-05 1.936269916334408536e-04 1.704540884496466135e-03
1.023000000000000000e+05 1.890497690704793371e-04 2.611677676811635131e-04 1.752390121103602994e-03
1.024000000000000000e+05 1.782218627261777152e-04 2.510997024157992068e-04 1.721816642912706507e-03
1.025000000000000000e+05 1.119804432909742627e-04 1.844036865188674462e-04 1.705531943133245477e-03
1.026000000000000000e+05 7.457969322616523830e-05 1.443680092143152620e-04 1.707274981633538722e-03
1.027000000000000000e+05 1.061363681045097117e-04 2.041718257826663756e-04 1.705553156975695523e-03
1.028000000000000000e+05 7.968648078188048968e-05 1.855003243687383674e-04 1.720362634562785584e-03
1.029000000000000000e+05 7.559364449825911603e-05 1.918919454510243511e-04 1.724851245027637838e-03
1.030000000000000000e+05 7.107334929575708816e-05 1.796028592914232329e-04 1.709237096021259473e-03
1.031000000000000000e+05 7.238065512928343152e-05 1.667707107870833837e-04 1.693912788586458829e-03
1.032000000000000000e+05 7.536886338128890792e-05 1.383586695970794901e-04 1.683228702689554702e-03
1.033000000000000000e+05 6.866011941804263038e-05 1.345463470877686103e-04 1.672054435171144854e-03
1.034000000000000000e+05 6.267289983590603603e-05 1.337841426295699031e-04 1.658594516714947086e-03
1.035000000000000000e+05 7.208823248660580461e-05 1.236765713003567125e-04 1.649636139960586421e-03
1.036000000000000000e+05 7.099526579241685099e-05 1.865295140254790308e-04 1.629539647027649068e-03
1.037000000000000000e+05 8.578155851916239444e-05 2.502082280925665633e-04 1.622623198514127132e-03
1.038000000000000000e+05 8.950439379724938263e-05 2.525457766569965973e-04 1.608116364282729995e-03
1.039000000000000000e+05 8.677074910651131658e-05 2.058618116608092012e-04 1.605097254024892475e-03
1.040000000000000000e+05 1.030826166649424173e-04 1.966703864394734377e-04 1.625757039073290637e-03
1.041000000000000000e+05 9.006260751191286565e-05 1.664013391096646598e-04 1.646738598975435027e-03
1.042000000000000000e+05 1.149564750297696857e-04 2.082666298044463619e-04 1.653619309185583221e-03
1.043000000000000000e+05 1.034509630389475725e-04 2.218920573239205763e-04 1.634468138381650571e-03
1.044000000000000000e+05 1.098934300927108081e-04 2.060461981301811921e-04 1.602914545226668055e-03
1.045000000000000000e+05 1.046568291417414396e-04 2.677637060012002818e-04 1.594170165930392262e-03
1.046000000000000000e+05 1.625391399183893307e-04 4.885902993297204164e-04 1.643106445720028891e-03
1.047000000000000000e+05 1.789070068729298104e-04 4.367508583905884995e-04 1.697976583076268170e-03
1.048000000000000000e+05 1.594532952185799893e-04 2.513116951396920581e-04 1.709311776838772379e-03
1.049000000000000000e+05 1.339294423092340230e-04 1.880785849505931147e-04 1.700189947033743697e-03
1.050000000000000000e+05 1.178389842240985894e-04 1.852878957517196685e-04 1.700501512052925764e-03
1.051000000000000000e+05 1.179394867910224867e-04 1.817664601426217941e-04 1.733093952378438702e-03
1.052000000000000000e+05 9.345976678229732555e-05 1.861002432360981708e-04 1.741106170128302582e-03
1.053000000000000000e+05 3.720425453903187900e-05 1.009467967083880428e-04 1.720915253929539666e-03
1.054000000000000000e+05 7.174816580479931143e-05 1.478862880882538412e-04 1.721178015069644608e-03
1.055000000000000000e+05 4.390212794910396295e-05 9.472391534004367779e-05 1.732578442820693551e-03
1.056000000000000000e+05 8.533923439965748411e-05 1.376347336460484027e-04 1.738967750621374635e-03
1.057000000000000000e+05 1.176244621813994726e-04 2.152234176572302617e-04 1.717407781504650928e-03
1.058000000000000000e+05 1.500192193235768117e-04 2.701849633059204107e-04 1.694298747785251804e-03
1.059000000000000000e+05 1.673543696925183354e-04 2.861129848175732356e-04 1.687953804645493531e-03
1.060000000000000000e+05 1.691678810307423002e-04 2.596087259367633234e-04 1.669944640335973294e-03
1.061000000000000000e+05 1.680447763777509398e-04 2.634219217448119984e-04 1.666846067797349805e-03
1.062000000000000000e+05 1.996317292759077020e-04 3.116392236986709717e-04 1.699246179022705907e-03
1.063000000000000000e+05 1.995482978479441380e-04 3.175526789094659970e-04 1.747827959566865394e-03
1.064000000000000000e+05 1.550086839229348774e-04 2.464468420458748588e-04 1.761215245416220118e-03
1.065000000000000000e+05 9.231743406321502206e-05 1.978542422049962054e-04 1.744244787945758816e-03
1.066000000000000000e+05 7.448372891237379015e-05 1.842731945977946813e-04 1.758444280489428625e-03
1.067000000000000000e+05 1.148898443107319693e-04 2.029298468017649067e-04 1.770128867515495790e-03
1.068000000000000000e+05 1.648097651307264908e-04 2.476384491476937583e-04 1.757747417126832032e-03
1.069000000000000000e+05 1.602485556100520948e-04 2.740393635213213448e-04 1.778543491753397602e-03
1.070000000000000000e+05 1.395597749359542023e-04 2.767142012489514843e-04 1.811387991590928748e-03
1.071000000000000000e+05 1.657993576196408261e-04 3.241499991585407650e-04 1.816173217886320451e-03
1.072000000000000000e+05 2.031295303523098384e-04 3.689664217664996321e-04 1.804275835378871696e-03
1.073000000000000000e+05 1.814899048637099582e-04 2.906455669855535252e-04 1.789916057933422719e-03
1.074000000000000000e+05 1.629671606833188371e-04 2.481964694485388600e-04 1.802580140108339234e-03
1.075000000000000000e+05 1.520220900629938761e-04 2.484079489533824216e-04 1.838516751130031546e-03
1.076000000000000000e+05 1.399660219667283982e-04 2.181743225810489108e-04 1.880875895213401840e-03
1.077000000000000000e+05 1.261210909268154282e-04 1.859683090717620044e-04 1.917190712109409240e-03
1.078000000000000000e+05 7.309953422230449499e-05 2.083865935312923315e-04 1.912023860208806204e-03
1.079000000000000000e+05 9.996348334492940677e-05 2.703449795984009304e-04 1.872204222109071078e-03
1.080000000000000000e+05 1.047628043204082340e-04 2.161855005295822228e-04 1.842673608322706411e-03
1.081000000000000000e+05 1.218486892028997504e-04 2.252239645003199786e-04 1.823035553602452702e-03
1.082000000000000000e+05 9.269774327537428325e-05 2.446364050625125103e-04 1.782206461305192551e-03
1.083000000000000000e+05 1.059140284714664253e-04 2.254887879173941238e-04 1.743095536430758164e-03
1.084000000000000000e+05 1.685295543538765494e-04 2.925849587396536691e-04 1.722413137042043190e-03
1.085000000000000000e+05 1.601122569916536668e-04 2.774307720036991998e-04 1.756277839492125436e-03
1.086000000000000000e+05 7.367053318597005691e-05 1.791872827066305976e-04 1.813163426590778558e-03
1.087000000000000000e+05 3.711307656515902033e-05 9.404019581151987217e-05 1.834576890454494517e-03
1.088000000000000000e+05 9.555753263311818693e-05 2.169157113610386840e-04 1.853635192525624744e-03
1.089000000000000000e+05 1.657523072299733630e-04 3.296417148000924720e-04 1.892058938432114850e-03
1.090000000000000000e+05 2.063730163987850374e-04 3.752302453449167432e-04 1.908946806734053599e-03
1.091000000000000000e+05 2.018488211327550217e-04 3.514525375005164622e-04 1.896239637821252495e-03
1.092000000000000000e+05 1.754529630968648321e-04 2.757456362400107462e-04 1.879954767574004010e-03
1.093000000000000000e+05 1.202014833224793796e-04 2.378676837344047106e-04 1.867900318603212201e-03
1.094000000000000000e+05 7.733186819999121088e-05 2.058140002391415160e-04 1.882045207844164564e-03
1.095000000000000000e+05 1.366869227359464745e-04 2.822996999492469617e-04 1.897134136221615992e-03
1.096000000000000000e+05 1.123599005317828508e-04 2.342970185680709732e-04 1.842800599921322596e-03
1.097000000000000000e+05 7.496821440920102379e-05 1.594109504136009218e-04 1.801079278968161640e-03
1.098000000000000000e+05 7.548860742024221700e-05 1.895109834459368214e-04 1.801938560651454189e-03
1.099000000000000000e+05 6.813907831890847998e-05 1.948495792201850301e-04 1.782908763118199857e-03
1.100000000000000000e+05 2.813486332405045788e-05 8.545304835007728854e-05 1.720706571480512884e-03
1.101000000000000000e+05 7.652618830135925199e-05 1.664187110321940517e-04 1.708097583353525425e-03
1.102000000000000000e+05 1.130141047237635549e-04 2.387249624720855917e-04 1.741332907898172824e-03
1.103000000000000000e+05 1.066324711686344410e-04 1.798569485256188826e-04 1.735022442686982901e-03
1.104000000000000000e+05 8.604655013253912840e-05 1.562903205302797367e-04 1.722363850518834807e-03
1.105000000000000000e+05 5.128293290992784470e-05 1.319131454848054049e-04 1.682963675873624639e-03
1.106000000000000000e+05 6.617577931198269890e-05 1.500877802125229806e-04 1.633886335337726746e-03
1.107000000000000000e+05 8.409518176199517157e-05 2.193506411336835701e-04 1.615033853893466228e-03
1.108000000000000000e+05 8.933077553233961451e-05 2.619687710128813709e-04 1.594975046292640723e-03
1.109000000000000000e+05 1.303854082732832428e-04 2.541258042494550212e-04 1.600093081610395439e-03
1.110000000000000000e+05 1.604919529928612934e-04 3.572563761010617758e-04 1.616552353189504602e-03
1.111000000000000000e+05 1.677727252419598629e-04 2.919732854139911113e-04 1.620497967876648009e-03
1.112000000000000000e+05 1.346727054114527349e-04 2.552160418662729850e-04 1.628257571534956006e-03
1.113000000000000000e+05 1.073725457329118785e-04 2.039630882800693833e-04 1.631217401938314139e-03
1.114000000000000000e+05 1.274156248367681269e-04 2.685099704717291286e-04 1.626755698521655360e-03
1.115000000000000000e+05 1.435109600821274194e-04 3.521434787921277638e-04 1.619932791677185973e-03
1.116000000000000000e+05 1.437781144133030552e-04 3.295449877716990442e-04 1.607435562674919185e-03
1.117000000000000000e+05 1.520518497003038767e-04 3.070203170837688261e-04 1.604685464104410077e-03
1.118000000000000000e+05 1.560230822019216274e-04 3.223244948680691838e-04 1.611992395924958209e-03
1.119000000000000000e+05 1.547798251546640691e-04 3.243057756792324265e-04 1.615530991103545158e-03
1.120000000000000000e+05 1.654508554256922323e-04 2.852640765931956784e-04 1.647373606545449653e-03
1.121000000000000000e+05 1.862606471580933315e-04 2.891881344284379009e-04 1.688810231476386026e-03
1.122000000000000000e+05 2.159947180396734612e-04 3.421067517321708766e-04 1.729637976040522725e-03
1.123000000000000000e+05 2.326647106418132382e-04 3.570338241202040269e-04 1.756575346586420824e-03
1.124000000000000000e+05 2.580951271877174585e-04 3.859172350420849145e-04 1.762526494479390096e-03
1.125000000000000000e+05 2.647249905678454498e-04 4.003805323384006676e-04 1.749677089206583356e-03
1.126000000000000000e+05 2.443600788578921112e-04 4.049492662239109059e-04 1.730676205394427163e-03
1.127000000000000000e+05 2.230468343882316493e-04 4.213429029581662513e-04 1.710726988822563847e-03
1.128000000000000000e+05 1.553836103975496027e-04 3.877821167402647345e-04 1.701641066935521193e-03
1.129000000000000000e+05 7.954824287102540623e-05 2.351103546559699196e-04 1.685972259129468092e-03
1.130000000000000000e+05 7.064719933922618614e-05 1.081292937331231052e-04 1.678233831188296254e-03
1.131000000000000000e+05 1.226377788588585774e-04 2.356400631578394866e-04 1.728015372348273805e-03
1.132000000000000000e+05 1.663422752664152262e-04 3.535885803974570408e-04 1.773602422969117187e-03
1.133000000000000000e+05 1.623342663857902518e-04 3.031263981437292733e-04 1.771837991175861937e-03
1.134000000000000000e+05 1.072996750430977447e-04 2.077982553640935100e-04 1.708834522710357207e-03
1.135000000000000000e+05 1.070175214343779303e-04 2.215645228111373134e-04 1.656002419272055177e-03
1.136000000000000000e+05 9.928891496427589593e-05 1.769224078951622380e-04 1.646140517500833999e-03
1.137000000000000000e+05 7.997640470083040506e-05 2.030292698557960990e-04 1.634092364210328746e-03
1.138000000000000000e+05 8.856178171792999237e-05 2.246471235265580339e-04 1.659584523637819059e-03
1.139000000000000000e+05 1.109965640281828075e-04 2.176423507979192377e-04 1.693220287223570070e-03
1.140000000000000000e+05 1.016573385670363917e-04 2.256285295328397389e-04 1.682026200614345325e-03
1.141000000000000000e+05 1.078627876702027352e-04 2.176613848934888951e-04 1.668491436324116622e-03
1.142000000000000000e+05 1.327643070069030318e-04 2.288550646572188457e-04 1.655085097589866459e-03
1.143000000000000000e+05 1.509015882868061480e-04 2.459521812847938367e-04 1.629792411922250349e-03
1.144000000000000000e+05 1.197531289226817786e-04 2.068992938990537201e-04 1.623551534482760121e-03
1.145000000000000000e+05 8.756674902231777018e-05 1.557709443504901210e-04 1.638238377215930994e-03
1.146000000000000000e+05 8.655166351223628901e-05 1.697774021640488865e-04 1.655131502802911726e-03
1.147000000000000000e+05 1.021573907198810010e-04 1.852398178827300949e-04 1.677917659057073145e-03
1.148000000000000000e+05 7.120452627330797757e-05 1.428628215240017145e-04 1.698818577880656247e-03
1.149000000000000000e+05 7.563892770337814382e-05 1.232642771640131939e-04 1.705616607395267622e-03
1.150000000000000000e+05 6.889840917614171653e-05 1.222772822976779181e-04 1.701514756889434266e-03
1.151000000000000000e+05 7.222938846737463059e-05 1.683133773208362639e-04 1.709648654851145125e-03
1.152000000000000000e+05 9.782626659954438315e-05 2.117396812225571644e-04 1.714102839172845479e-03
1.153000000000000000e+05 1.425477337615051448e-04 2.747769625065549400e-04 1.710715455426292404e-03
1.154000000000000000e+05 1.565639549918882746e-04 2.951503571897052137e-04 1.724829184685411701e-03
1.155000000000000000e+05 1.492537812656754333e-04 2.842016526489641540e-04 1.746959520080177460e-03
1.156000000000000000e+05 1.721194890942543375e-04 3.033756041342086304e-04 1.759864756368832456e-03
1.157000000000000000e+05 2.383430544640218526e-04 3.702613163740998622e-04 1.789263545202614747e-03
1.158000000000000000e+05 2.636352595103998425e-04 4.178796554498581412e-04 1.831968272665745676e-03
1.159000000000000000e+05 2.351863735794387268e-04 4.122442524014079124e-04 1.862255565496474894e-03
1.160000000000000000e+05 2.158516542825688559e-04 4.046155230505216107e-04 1.894512413220034684e-03
1.161000000000000000e+05 2.003124781955274627e-04 3.366436741151100556e-04 1.924491884173351250e-03
1.162000000000000000e+05 1.579823550579390837e-04 2.392659276743054359e-04 1.936001848576892042e-03
1.163000000000000000e+05 1.025446309059303493e-04 2.119957625365206672e-04 1.942287681914113507e-03
1.164000000000000000e+05 1.590810449793027704e-04 2.735145038659926413e-04 1.944984859682704443e-03
1.165000000000000000e+05 2.028273968214464040e-04 3.714381428418221144e-04 1.905813475876854540e-03
1.166000000000000000e+05 2.087663490547969885e-04 3.938850979130640098e-04 1.851193426696900362e-03
1.167000000000000000e+05 2.100268920227389702e-04 3.916571538128937446e-04 1.805869177148213727e-03
1.168000000000000000e+05 1.794491819365681695e-04 3.155332642157621190e-04 1.747046009424803098e-03
1.169000000000000000e+05 1.446918077401965208e-04 2.634006363622081598e-04 1.692193993093143133e-03
1.170000000000000000e+05 1.879215671367882347e-04 3.850613042502763587e-04 1.620865196750724199e-03
1.171000000000000000e+05 2.450741773213501676e-04 4.951713608761928401e-04 1.535120077115160239e-03
1.172000000000000000e+05 2.732807428102511198e-04 5.543924235677259379e-04 1.422138719308798380e-03
1.173000000000000000e+05 2.992859191070121154e-04 6.220841883053987963e-04 1.307266846223908291e-03
1.174000000000000000e+05 2.165474023065017909e-04 5.004921472685224144e-04 1.278612064214519053e-03
1.175000000000000000e+05 1.236093889201924940e-04 3.320770898350353106e-04 1.256004517633738625e-03
1.176000000000000000e+05 2.646908788889279322e-04 4.043986015159332405e-04 1.321466299542994015e-03
1.177000000000000000e+05 3.594018081811128223e-04 6.460777543806966918e-04 1.359217313617452341e-03
1.178000000000000000e+05 2.503818401718646298e-04 3.839119554404006422e-04 1.227134119746033135e-03
1.179000000000000000e+05 1.208369163286266172e-04 2.951010513484202862e-04 1.081227118962839505e-03
1.180000000000000000e+05 3.440561567957154364e-04 6.756833076001415948e-04 9.449760998431397645e-04
1.181000000000000000e+05 4.365091941343007213e-04 9.855458309381164884e-04 9.590561834021722612e-04
1.182000000000000000e+05 4.704290690284981596e-04 1.010281581022409898e-03 9.413281396469322122e-04
1.183000000000000000e+05 3.729348622451847070e-04 7.780157285465244977e-04 7.847186541846834246e-04
1.184000000000000000e+05 2.720980870635868317e-04 6.377567960343780195e-04 6.694354697359173895e-04
1.185000000000000000e+05 1.802292302229629387e-04 4.373289002385787353e-04 5.678281986989216134e-04
1.186000000000000000e+05 1.056253825205586100e-04 2.553398354250920499e-04 4.910187289134214502e-04
1.187000000000000000e+05 6.476256804005032803e-05 1.832560827766214085e-04 4.493519363087445815e-04
1.188000000000000000e+05 3.586251962448618351e-05 1.189010190478981656e-04 4.206657191828921927e-04
1.189000000000000000e+05 3.174332141227357044e-05 1.127246510312959033e-04 4.037718979386900717e-04
1.190000000000000000e+05 3.432017497925933655e-05 9.999473747998658931e-05 3.990934318886819854e-04
1.191000000000000000e+05 2.805753112008048476e-05 7.003018880685313264e-05 3.961909539681844898e-04
1.192000000000000000e+05 1.192524258552548439e-05 2.987709844917934947e-05 3.940627987631778700e-04
1.193000000000000000e+05 1.227472516966590481e-05 3.046446967143082813e-05 3.878453077029086690e-04
1.194000000000000000e+05 1.967761699372510805e-05 5.768151136629264550e-05 3.795385116719087923e-04
1.195000000000000000e+05 4.387997923437525916e-05 8.801486901209316233e-05 3.915445462241296383e-04
1.196000000000000000e+05 8.471985694183246278e-05 1.327481571603214019e-04 4.148802929876797569e-04
1.197000000000000000e+05 8.702306536661119554e-05 1.569160206337289918e-04 4.394820981621189952e-04
1.198000000000000000e+05 8.345607166737134628e-05 1.957425492132538656e-04 4.591684332567863287e-04
1.199000000000000000e+05 7.341863190353346705e-05 1.607532112287100032e-04 4.653824814986399203e-04
