9.000000000000000000e+04 3.567325346957061268e-04 7.770673819543145230e-04 1.436391149894796415e-03
9.010000000000000000e+04 2.196149409942624656e-04 4.252488184212585304e-04 1.427897063410012938e-03
9.020000000000000000e+04 1.689897625126309758e-04 2.720129064375811055e-04 1.623424560678230237e-03
9.030000000000000000e+04 1.394984912242351691e-04 2.776259559926542737e-04 1.997176687129325907e-03
9.040000000000000000e+04 2.661351814847068460e-04 4.836196800820573120e-04 2.586234299248625634e-03
9.050000000000000000e+04 4.384380654340125708e-04 7.923619124852567322e-04 2.398070060760043674e-03
9.060000000000000000e+04 2.637995394496901042e-04 5.397658408703902375e-04 1.925103497139634854e-03
9.070000000000000000e+04 2.290161199445751774e-04 4.205637834722038802e-04 1.669942078915838271e-03
9.080000000000000000e+04 2.784161249527459300e-04 6.049367440395150407e-04 1.311675477804780544e-03
9.090000000000000000e+04 2.171502838072619183e-04 5.867407616431301667e-04 1.112359760555873970e-03
9.100000000000000000e+04 1.419719945680039761e-04 4.040956393042616961e-04 9.728956549248367900e-04
9.110000000000000000e+04 1.259899447552053449e-04 2.725058080554380261e-04 8.908344163167880797e-04
9.120000000000000000e+04 8.274416058245970262e-05 2.639191318177075115e-04 9.133977641904636588e-04
9.130000000000000000e+04 1.307802279252015445e-04 3.072137126260704324e-04 9.576043105900550060e-04
9.140000000000000000e+04 1.432303889955708308e-04 3.145459708693194596e-04 9.837955254742359375e-04
9.150000000000000000e+04 9.751661373946600691e-05 2.185323284326082726e-04 9.974210596288865353e-04
9.160000000000000000e+04 1.214170646132601292e-04 2.363202421565732637e-04 1.039138174313107999e-03
9.170000000000000000e+04 1.699385666846566769e-04 3.048704975153567658e-04 1.100687339167747856e-03
9.180000000000000000e+04 2.088498378395495757e-04 3.483909990323859687e-04 1.210109231437472063e-03
9.190000000000000000e+04 1.569169281051489406e-04 3.333867970134235439e-04 1.331689528235267426e-03
9.200000000000000000e+04 1.992490164291556461e-04 4.034348926459185945e-04 1.424328796010235904e-03
9.210000000000000000e+04 2.687348658395680850e-04 5.932252601285846472e-04 1.507958279568640588e-03
9.220000000000000000e+04 3.385461500919016969e-04 7.559219818491060353e-04 1.544351991575309722e-03
9.230000000000000000e+04 2.611447781465661092e-04 6.725250950905766779e-04 1.568568103784371724e-03
9.240000000000000000e+04 2.209519261772798816e-04 5.043897539956337765e-04 1.493861848260697118e-03
9.250000000000000000e+04 2.212725370692042188e-04 5.229204159564048056e-04 1.387041799464762285e-03
9.260000000000000000e+04 1.459039742941951965e-04 3.658459520217349423e-04 1.362770078287975622e-03
9.270000000000000000e+04 1.613026038780288485e-04 3.129194064814956426e-04 1.332176536620481577e-03
9.280000000000000000e+04 1.915353000315562961e-04 3.661896517531547553e-04 1.343792466055678111e-03
9.290000000000000000e+04 2.465741673674916659e-04 4.340222332490093534e-04 1.355634800570237582e-03
9.300000000000000000e+04 3.168659018706330207e-04 5.188201384806908050e-04 1.321750302346890588e-03
9.310000000000000000e+04 2.542367072907965927e-04 4.037514893898248251e-04 1.353910791935218410e-03
9.320000000000000000e+04 2.137681587279665653e-04 4.463537665193354452e-04 1.372581013577478222e-03
9.330000000000000000e+04 1.776777241275517578e-04 4.145376896980202449e-04 1.338142920679185081e-03
9.340000000000000000e+04 2.518287883250893994e-04 4.907034740902972876e-04 1.314974386133666061e-03
9.350000000000000000e+04 1.863201424774703786e-04 3.459811404851074676e-04 1.312962253416671528e-03
9.360000000000000000e+04 1.726674818526229525e-04 3.372728732974053165e-04 1.319380055765807542e-03
9.370000000000000000e+04 2.036552402685629266e-04 3.877295671766518501e-04 1.326666771655597276e-03
9.380000000000000000e+04 1.328570205399955996e-04 3.676619048456944948e-04 1.334283708923638236e-03
9.390000000000000000e+04 1.658148298165661779e-04 4.573764261923370707e-04 1.345363883854670470e-03
9.400000000000000000e+04 1.891309763122480878e-04 4.758524206218668964e-04 1.387090272569993380e-03
9.410000000000000000e+04 2.276598620614437782e-04 5.498456150462831954e-04 1.423482336068947196e-03
9.420000000000000000e+04 1.914683513656223381e-04 4.981151103500703736e-04 1.429109685755448108e-03
9.430000000000000000e+04 1.722769533144372263e-04 4.133320064101512516e-04 1.389393728094207373e-03
9.440000000000000000e+04 1.779494266175127466e-04 3.651341273751039854e-04 1.385113201187616796e-03
9.450000000000000000e+04 1.774592562141154989e-04 3.491511546750206401e-04 1.352338615677526777e-03
9.460000000000000000e+04 1.137979347332247499e-04 2.606137690598928427e-04 1.338473307064984730e-03
9.470000000000000000e+04 9.149880740427231672e-05 2.888245255745112375e-04 1.323624251890378372e-03
9.480000000000000000e+04 1.010639088532955514e-04 3.005025287427353763e-04 1.310863174188734836e-03
9.490000000000000000e+04 1.302226932303703934e-04 2.844797453376143523e-04 1.292243819500944746e-03
9.500000000000000000e+04 1.422287503281627688e-04 3.829663991055780054e-04 1.330761510623465786e-03
9.510000000000000000e+04 2.122349780575728123e-04 4.915409088891696011e-04 1.376640274468795069e-03
9.520000000000000000e+04 1.795280823390741232e-04 4.573277430402653779e-04 1.407757718278612735e-03
9.530000000000000000e+04 2.221621749945114268e-04 5.184352504362856745e-04 1.404548884041837819e-03
9.540000000000000000e+04 1.779441349739549483e-04 4.970447931986908454e-04 1.391251486228798359e-03
9.550000000000000000e+04 1.844711599972334148e-04 4.719372829401627997e-04 1.435946481028969489e-03
9.560000000000000000e+04 1.682790538562344874e-04 3.711887563016939579e-04 1.433867749003314143e-03
9.570000000000000000e+04 1.900417610429612405e-04 3.697670763480119093e-04 1.397317342422783621e-03
9.580000000000000000e+04 2.168159402842458408e-04 4.010644063091536610e-04 1.390590851053394783e-03
9.590000000000000000e+04 2.030081572951048571e-04 3.583676113505093394e-04 1.378124151625898788e-03
9.600000000000000000e+04 1.844343759823297187e-04 4.095292393155966926e-04 1.405581357854818842e-03
9.610000000000000000e+04 2.106328864940683505e-04 3.945013684692271448e-04 1.442053753042557779e-03
9.620000000000000000e+04 2.096398978776808052e-04 3.310702067690258783e-04 1.520746133344010650e-03
9.630000000000000000e+04 1.796607599702699804e-04 3.945736062267539684e-04 1.577298433511984972e-03
9.640000000000000000e+04 1.646771634852522547e-04 3.841533295530239010e-04 1.561332578772989949e-03
9.650000000000000000e+04 1.951053314141995738e-04 4.077344846858178308e-04 1.613653076388512101e-03
9.660000000000000000e+04 3.057068368015254146e-04 6.224132996471621639e-04 1.695310288358878228e-03
9.670000000000000000e+04 2.604850602737549242e-04 5.564566980257635870e-04 1.604414328472405279e-03
9.680000000000000000e+04 1.976184168262257613e-04 4.710313576907186345e-04 1.500362308689396837e-03
9.690000000000000000e+04 1.616761245331924893e-04 4.450642204403957615e-04 1.467815231463295497e-03
9.700000000000000000e+04 1.432023857631720999e-04 3.680443838217583273e-04 1.440246712853850228e-03
9.710000000000000000e+04 1.096391689377384984e-04 2.399147946327226128e-04 1.429767013705325043e-03
9.720000000000000000e+04 8.747985335496449855e-05 2.400561720915762257e-04 1.411007034706107275e-03
9.730000000000000000e+04 1.410750253097714773e-04 3.019018724519635741e-04 1.413583013256071745e-03
9.740000000000000000e+04 1.638195090378630203e-04 3.133908732575092521e-04 1.390605933905873044e-03
9.750000000000000000e+04 2.647333586658614027e-04 3.909191814820548502e-04 1.405202023864525083e-03
9.760000000000000000e+04 2.656788093799446714e-04 4.356217864768317620e-04 1.425458415936422347e-03
9.770000000000000000e+04 2.657616609524511824e-04 5.109429523584708543e-04 1.471868275751156809e-03
9.780000000000000000e+04 2.481658415998322029e-04 7.612253527808190198e-04 1.519737207329247474e-03
9.790000000000000000e+04 3.242965612820329635e-04 1.800988856523350837e-03 1.671199318430441252e-03
9.800000000000000000e+04 3.169632532580449278e-04 1.602634911494435618e-03 1.625996806364143638e-03
9.810000000000000000e+04 1.864319943785314789e-04 5.236332732850390408e-04 1.508192540174942533e-03
9.820000000000000000e+04 1.375306544470849233e-04 3.432858600011289354e-04 1.486103491142917255e-03
9.830000000000000000e+04 1.518895364716194019e-04 3.270380394224511791e-04 1.465622462876279815e-03
9.840000000000000000e+04 2.012011457980570316e-04 4.028234721328307309e-04 1.467554842283768160e-03
9.850000000000000000e+04 1.787899966058620164e-04 3.360177765397427511e-04 1.439291939571293259e-03
9.860000000000000000e+04 1.174506420101332702e-04 2.629565616652277359e-04 1.460443731749444529e-03
9.870000000000000000e+04 1.754588459024714140e-04 3.541305763809694546e-04 1.492364739920424557e-03
9.880000000000000000e+04 1.661752393184220272e-04 3.405507970244299725e-04 1.528374586287623580e-03
9.890000000000000000e+04 1.738216312308974148e-04 2.795112941993698093e-04 1.530915850931754193e-03
9.900000000000000000e+04 1.378393262179418259e-04 2.844019744891795529e-04 1.567323988219444233e-03
9.910000000000000000e+04 1.114543072826294431e-04 3.402778772623317287e-04 1.568364746612064750e-03
9.920000000000000000e+04 1.794866203953422723e-04 3.539692851067567647e-04 1.582650104333010880e-03
9.930000000000000000e+04 1.724775800564894764e-04 3.687222064895443602e-04 1.624650082987293522e-03
9.940000000000000000e+04 2.210797036387274726e-04 4.433119785315687601e-04 1.618983326779933462e-03
9.950000000000000000e+04 2.186297348547743859e-04 4.690657801535605236e-04 1.668901602831753027e-03
9.960000000000000000e+04 2.212410457407430666e-04 4.731694858452985177e-04 1.686117952399644607e-03
9.970000000000000000e+04 2.522691910277010969e-04 4.556994299794890277e-04 1.689010426316461203e-03
9.980000000000000000e+04 2.595058313931556445e-04 5.210294832113863787e-04 1.671856677212737270e-03
9.990000000000000000e+04 1.956613986135449183e-04 4.345098380155669026e-04 1.681368090371827351e-03
1.000000000000000000e+05 2.550016327324039402e-04 7.105186825313567801e-04 1.706651227931603064e-03
1.001000000000000000e+05 2.985512207938027102e-04 1.152727416814210409e-03 1.720252636103423646e-03
1.002000000000000000e+05 2.132556204577449460e-04 4.916418347743463455e-04 1.621318163408934669e-03
1.003000000000000000e+05 1.944390526847112211e-04 4.191084774332809113e-04 1.630776761488382997e-03
1.004000000000000000e+05 1.806556678324920499e-04 3.762899347470310008e-04 1.674814368654554964e-03
1.005000000000000000e+05 1.039013834233945902e-04 2.835325678824717009e-04 1.656457714631729946e-03
1.006000000000000000e+05 1.191964638677625761e-04 2.574522627148078356e-04 1.630883741208369710e-03
1.007000000000000000e+05 1.840783141371926668e-04 3.345418189988806981e-04 1.617086810573861722e-03
1.008000000000000000e+05 2.813290379243211028e-04 5.015842520130098670e-04 1.647246313824870818e-03
1.009000000000000000e+05 3.148066633933076751e-04 5.870704981952965147e-04 1.702147701889023673e-03
1.010000000000000000e+05 3.494369871675411313e-04 6.615319021613670202e-04 1.733212128785591383e-03
1.011000000000000000e+05 2.612883475745905650e-04 6.221297106908415912e-04 1.703419128008466744e-03
1.012000000000000000e+05 1.546356137407855959e-04 3.884313046152694862e-04 1.712292550140894019e-03
1.013000000000000000e+05 1.604107385934170488e-04 4.435098261139714185e-04 1.805187269362303060e-03
1.014000000000000000e+05 2.727139979241005076e-04 6.894441104395071431e-04 1.863393321992657227e-03
1.015000000000000000e+05 2.695130965646359324e-04 5.194780849887403046e-04 1.858548918766399563e-03
1.016000000000000000e+05 1.300594303957618592e-04 3.368214112654316014e-04 1.843647463979002478e-03
1.017000000000000000e+05 2.387955944952613752e-04 5.463697593454212853e-04 1.750859376350684784e-03
1.018000000000000000e+05 2.958808675056052127e-04 6.246155556409410496e-04 1.679977666428058170e-03
1.019000000000000000e+05 3.086156672543315799e-04 6.476027652168520662e-04 1.660442120282405601e-03
1.020000000000000000e+05 2.528824509116112812e-04 5.960255654446388381e-04 1.681664153381127709e-03
1.021000000000000000e+05 2.765883546457590780e-04 5.156911282141523820e-04 1.717160462489952929e-03
1.022000000000000000e+05 2.147928090064765011e-04 4.291174288863978774e-04 1.764851973610318241e-03
1.023000000000000000e+05 1.665701770084649595e-04 4.622031940861484178e-04 1.813157221346778716e-03
1.024000000000000000e+05 2.703993809295233280e-04 5.651506669494990413e-04 1.821604057981939234e-03
1.025000000000000000e+05 2.670332096746819844e-04 4.820857956211372676e-04 1.863294888615315160e-03
1.026000000000000000e+05 1.511235062323019237e-04 3.141305426988304575e-04 1.914394758922871196e-03
1.027000000000000000e+05 2.215820935886100677e-04 3.714461028673737928e-04 1.886934120997235719e-03
1.028000000000000000e+05 2.614159187198385713e-04 4.028633221837875106e-04 1.823198662412814754e-03
1.029000000000000000e+05 1.994685339139182396e-04 3.260491686304582519e-04 1.802731575663667901e-03
1.030000000000000000e+05 1.549480046908109122e-04 3.452349093885328287e-04 1.802082498828401535e-03
1.031000000000000000e+05 1.738642880284274172e-04 4.243060189830214803e-04 1.829431185783851914e-03
1.032000000000000000e+05 2.608974965104134645e-04 4.822402716054892836e-04 1.863940424203994325e-03
1.033000000000000000e+05 2.865038405048274308e-04 5.304433459769484962e-04 1.871986842351098992e-03
1.034000000000000000e+05 3.752168074290657129e-04 6.133809718018921713e-04 1.889415891769670452e-03
1.035000000000000000e+05 4.495794922369429104e-04 7.356960791241797405e-04 1.856796966920500449e-03
1.036000000000000000e+05 3.772867468132094781e-04 6.697387172564463111e-04 1.851917942051684940e-03
1.037000000000000000e+05 3.568581918234987535e-04 6.091114291643367346e-04 1.882310644187856156e-03
1.038000000000000000e+05 3.311830467766995693e-04 7.077112695357127333e-04 1.885133643399185700e-03
1.039000000000000000e+05 3.355136961591487308e-04 7.364067995228838759e-04 1.882093226472690258e-03
1.040000000000000000e+05 3.264677883210670515e-04 7.306231213963867727e-04 1.874538375759543952e-03
1.041000000000000000e+05 3.274573037834753366e-04 7.292993719875116333e-04 1.872740367342028882e-03
1.042000000000000000e+05 3.494573660114037601e-04 7.962723411808745634e-04 1.885776128436405423e-03
1.043000000000000000e+05 4.079993269907296674e-04 9.429598074251290853e-04 1.919615280473244839e-03
1.044000000000000000e+05 5.024373070900923968e-04 1.065621546408336649e-03 1.949952401986152070e-03
1.045000000000000000e+05 5.246614839300237088e-04 1.198009040076781183e-03 1.983007212395492425e-03
1.046000000000000000e+05 5.819416807027058894e-04 1.322976201536293743e-03 2.081638025599898741e-03
1.047000000000000000e+05 7.044652913499088644e-04 1.475500445936812682e-03 2.155067902021621986e-03
1.048000000000000000e+05 6.746444151239251036e-04 1.570693912716537074e-03 2.194868262147500314e-03
1.049000000000000000e+05 7.249183589784085908e-04 1.710888178035507379e-03 2.291233125875330283e-03
1.050000000000000000e+05 8.576811332934265383e-04 1.922095955505980294e-03 2.411634824127034150e-03
1.051000000000000000e+05 8.685895780062454202e-04 2.104179263637316263e-03 2.384877221785298117e-03
1.052000000000000000e+05 8.663574971767278466e-04 2.200080673226819869e-03 2.367205448230512432e-03
1.053000000000000000e+05 8.756207340513144383e-04 2.201555490604203968e-03 2.418085409444405403e-03
1.054000000000000000e+05 9.983613034334325870e-04 2.270524164320666775e-03 2.554146151115232934e-03
1.055000000000000000e+05 1.023606118537013577e-03 2.189916175087554782e-03 2.648526151118650151e-03
1.056000000000000000e+05 1.018715050366575826e-03 2.113745660547754288e-03 2.655827532416809352e-03
1.057000000000000000e+05 9.435509776768353542e-04 2.007385005924314843e-03 2.580204640766670630e-03
1.058000000000000000e+05 8.924681502125387991e-04 1.878719718331483971e-03 2.480303932792297938e-03
1.059000000000000000e+05 8.848862434824847009e-04 1.792615314488722397e-03 2.428356190407298439e-03
1.060000000000000000e+05 9.517474891808396821e-04 1.732270753510465125e-03 2.484584806695989273e-03
1.061000000000000000e+05 1.037881458136994100e-03 1.901202980805284919e-03 2.589370695619624962e-03
1.062000000000000000e+05 1.103497375792111780e-03 2.118945268069564493e-03 2.665204984819838103e-03
1.063000000000000000e+05 1.105173754677721450e-03 2.176295328912306645e-03 2.682304744496695568e-03
1.064000000000000000e+05 1.074907696038438420e-03 2.139205428249529514e-03 2.666819051462140499e-03
1.065000000000000000e+05 1.042813385331976036e-03 2.118250939567657525e-03 2.644964042466205981e-03
1.066000000000000000e+05 1.083352251419596613e-03 2.174276569525313788e-03 2.649990778789176014e-03
1.067000000000000000e+05 1.065446145384129273e-03 2.092407696016160626e-03 2.672730505329976546e-03
1.068000000000000000e+05 9.928354067128069508e-04 1.913608786397298428e-03 2.677404387772405314e-03
1.069000000000000000e+05 8.558942639867611092e-04 1.642757219703305360e-03 2.599401073931061675e-03
1.070000000000000000e+05 8.650255976870777335e-04 1.879223291945832488e-03 2.623623306310986832e-03
1.071000000000000000e+05 9.636414064386508542e-04 2.232697362473816654e-03 2.653405549419912517e-03
1.072000000000000000e+05 1.048257995499550770e-03 2.249537300410839238e-03 2.652630443241706364e-03
1.073000000000000000e+05 9.296504947068741712e-04 2.071660378893345426e-03 2.672393806407308888e-03
1.074000000000000000e+05 9.361331771125822130e-04 2.049001841508722895e-03 2.682904744881668777e-03
1.075000000000000000e+05 9.565781164703997599e-04 2.067208190478066979e-03 2.710329223920512377e-03
1.076000000000000000e+05 9.122719418585810165e-04 2.020501776141779386e-03 2.694643957154314613e-03
1.077000000000000000e+05 9.764097366725139199e-04 2.120885942102890796e-03 2.610153983738895938e-03
1.078000000000000000e+05 8.301606634318751173e-04 2.011086720117966596e-03 2.488098844441778441e-03
1.079000000000000000e+05 7.163724763903792439e-04 1.764651054751954599e-03 2.434257671947818134e-03
1.080000000000000000e+05 6.626988915881836840e-04 1.513595781431789026e-03 2.375916692041576440e-03
1.081000000000000000e+05 7.768878015458064844e-04 1.666241709444561637e-03 2.384126409641034068e-03
1.082000000000000000e+05 7.372051570375423666e-04 1.640212011105461219e-03 2.354101413963466307e-03
1.083000000000000000e+05 6.218681003311225634e-04 1.449722910812111572e-03 2.319225816448096909e-03
1.084000000000000000e+05 5.716001774942521679e-04 1.315085177142642260e-03 2.281536997213107903e-03
1.085000000000000000e+05 5.760892230838809101e-04 1.323607861469161279e-03 2.217459101094688360e-03
1.086000000000000000e+05 5.701816108878089880e-04 1.318287575443281585e-03 2.201124747972105309e-03
1.087000000000000000e+05 5.272960517478863726e-04 1.211665612072744275e-03 2.248142081299114858e-03
1.088000000000000000e+05 5.067204037440627053e-04 1.066402947185019151e-03 2.252728716296590900e-03
1.089000000000000000e+05 5.691468603420013917e-04 1.192568252272747801e-03 2.310551082308041990e-03
1.090000000000000000e+05 5.199812328806052968e-04 1.211039818055310033e-03 2.348266064352059600e-03
1.091000000000000000e+05 4.238278474638637258e-04 1.081292010156558077e-03 2.402881011993453480e-03
1.092000000000000000e+05 4.670791297303232906e-04 1.066178852608694241e-03 2.338906681333683454e-03
1.093000000000000000e+05 4.685504841684148651e-04 1.065674761392980310e-03 2.272688336253227658e-03
1.094000000000000000e+05 4.614348828700532562e-04 1.039728076874250201e-03 2.241875389541021345e-03
1.095000000000000000e+05 4.497633821763120238e-04 9.990764909224916779e-04 2.190880734356150192e-03
1.096000000000000000e+05 4.025981740072581434e-04 9.997368427832377131e-04 2.169576156217969867e-03
1.097000000000000000e+05 4.515096822654031394e-04 1.103421627636055370e-03 2.199177364838787296e-03
1.098000000000000000e+05 4.873985285106089728e-04 1.129508789922133334e-03 2.188877656391335046e-03
1.099000000000000000e+05 4.571172246791020861e-04 1.089149476669709540e-03 2.127062393016088734e-03
1.100000000000000000e+05 3.137604559632029087e-04 9.022575353118970822e-04 2.054311252527914449e-03
1.101000000000000000e+05 2.900186590661455854e-04 6.529111727538638912e-04 2.032555628193249714e-03
1.102000000000000000e+05 3.379455926988020158e-04 5.951659008033250917e-04 2.047638160382875012e-03
1.103000000000000000e+05 3.192486395527489255e-04 5.434882432131325335e-04 2.086778748405871634e-03
1.104000000000000000e+05 3.537500617261351687e-04 5.213006490021206401e-04 2.102898747178347585e-03
1.105000000000000000e+05 3.885352624412191126e-04 6.010544391825763284e-04 2.108316037833048162e-03
1.106000000000000000e+05 3.972588928821076028e-04 7.439778192044278673e-04 2.111730014915953052e-03
1.107000000000000000e+05 3.611813810430164993e-04 7.533994461911054132e-04 2.110065576487729459e-03
1.108000000000000000e+05 3.640314693765217113e-04 7.757788525282036021e-04 2.101521566169078058e-03
1.109000000000000000e+05 3.004125136691121380e-04 5.845121135565993758e-04 2.011016948964528504e-03
1.110000000000000000e+05 2.881437614472713744e-04 5.858837585723318357e-04 1.960106215454580046e-03
1.111000000000000000e+05 3.266879078533027180e-04 6.368273271487041431e-04 1.929905999287806571e-03
1.112000000000000000e+05 3.748651852769344702e-04 6.865827385257887352e-04 1.939347234844510711e-03
1.113000000000000000e+05 3.549966862730982459e-04 7.028226969662590938e-04 1.943078310416951468e-03
1.114000000000000000e+05 2.497113279494064635e-04 7.048510723557943614e-04 1.981893872299622054e-03
1.115000000000000000e+05 3.364456419770623253e-04 7.696836640686424789e-04 2.033871819752457351e-03
1.116000000000000000e+05 2.659511373777859611e-04 6.455524263415800702e-04 2.001531707560400865e-03
1.117000000000000000e+05 2.615787925217150783e-04 6.855886240029781913e-04 1.995087482028587173e-03
1.118000000000000000e+05 2.393131421666667893e-04 5.695936532974902895e-04 2.025621894530996604e-03
1.119000000000000000e+05 2.023011102305558029e-04 4.380825687447503086e-04 2.084881644439022779e-03
1.120000000000000000e+05 2.642722930673055241e-04 5.077849524792372483e-04 2.065873088095047071e-03
1.121000000000000000e+05 3.875611708944392501e-04 6.660857318093159080e-04 2.041327408296971218e-03
1.122000000000000000e+05 3.049023177767384244e-04 7.350321544450780838e-04 2.100368507047429677e-03
1.123000000000000000e+05 2.969347879091270483e-04 6.839586083518731357e-04 2.091554378491130607e-03
1.124000000000000000e+05 2.855030043077558602e-04 5.889573148104201156e-04 2.044577931260457317e-03
1.125000000000000000e+05 2.279235146259472097e-04 4.416973204925962303e-04 1.984278338106245168e-03
1.126000000000000000e+05 2.330673677094752781e-04 4.914101470212804169e-04 1.985216617880894603e-03
1.127000000000000000e+05 2.006232130729607849e-04 4.505224082935414126e-04 1.967563201835289231e-03
1.128000000000000000e+05 2.365935598086187346e-04 4.773891276085508346e-04 1.930029147251479662e-03
1.129000000000000000e+05 2.032166665716535463e-04 3.818611782207290226e-04 1.937677326887825031e-03
1.130000000000000000e+05 1.689465816910047224e-04 3.926329218077709206e-04 1.933446537584849589e-03
1.131000000000000000e+05 1.222146821426969756e-04 3.791985189456172425e-04 1.947679720291093817e-03
1.132000000000000000e+05 1.337594485293120035e-04 3.042637914619089612e-04 2.008774778633532713e-03
1.133000000000000000e+05 2.125714790186194157e-04 4.045124955973922187e-04 2.000512013311775156e-03
1.134000000000000000e+05 2.519825443472287381e-04 4.422509055722247812e-04 1.982794247942673300e-03
1.135000000000000000e+05 2.886029534938439924e-04 4.951166018000077024e-04 1.961800867319220872e-03
1.136000000000000000e+05 3.135576298466666908e-04 6.184550143601141858e-04 1.935799403147169277e-03
1.137000000000000000e+05 2.175411467005426876e-04 3.905367276150490796e-04 1.879199348102605352e-03
1.138000000000000000e+05 1.957440901338776580e-04 4.341256127996986208e-04 1.856019689509791262e-03
1.139000000000000000e+05 1.938985462732487151e-04 4.776408771385272714e-04 1.888632725094436431e-03
1.140000000000000000e+05 3.072509536687511884e-04 6.303095559815686307e-04 1.944579204872131512e-03
1.141000000000000000e+05 3.239706102754584538e-04 4.800249017212830475e-04 1.994933423058772425e-03
1.142000000000000000e+05 2.780279201769629734e-04 4.092098483476571021e-04 2.011489457144269039e-03
1.143000000000000000e+05 2.013179305272404501e-04 4.059906644626215966e-04 1.979746593575542994e-03
1.144000000000000000e+05 1.937424731416168174e-04 4.046974311641268404e-04 1.917912509048777438e-03
1.145000000000000000e+05 1.940005681001933519e-04 3.865081117968608652e-04 1.888910423753139721e-03
1.146000000000000000e+05 2.017797125373644185e-04 3.657354818629582338e-04 1.895949782829878033e-03
1.147000000000000000e+05 1.992628114978940192e-04 3.692355996841693855e-04 1.939061262225206129e-03
1.148000000000000000e+05 2.287474828134589827e-04 3.829687990751706392e-04 1.990304982500076553e-03
1.149000000000000000e+05 2.081131049040808693e-04 3.436563929879905832e-04 1.984895141197051856e-03
1.150000000000000000e+05 2.573130800455610077e-04 3.855531797543330138e-04 1.974373411370640864e-03
1.151000000000000000e+05 2.746265054161640354e-04 4.225260842006099173e-04 1.946768455843792813e-03
1.152000000000000000e+05 2.949445068194753855e-04 4.332786413941110484e-04 2.000599997670757680e-03
1.153000000000000000e+05 2.749539218388891669e-04 4.300542874421317552e-04 2.046138630633191364e-03
1.154000000000000000e+05 1.809762588332462958e-04 3.284904620933521563e-04 2.042529744282321931e-03
1.155000000000000000e+05 1.847899238853957949e-04 3.888197888918039791e-04 2.040817079967060209e-03
1.156000000000000000e+05 2.134958096186034566e-04 4.544480742051514467e-04 2.069863981146839466e-03
1.157000000000000000e+05 1.613737254334622444e-04 4.233122858334913315e-04 2.122362467020513007e-03
1.158000000000000000e+05 2.241591653153211447e-04 5.127542344359825935e-04 2.060789390841659754e-03
1.159000000000000000e+05 3.400777128690687240e-04 6.803932991295584196e-04 2.027469684026060679e-03
1.160000000000000000e+05 3.525968146026155561e-04 7.692434098797084827e-04 2.029312000714168871e-03
1.161000000000000000e+05 4.090976939236708881e-04 8.354603874658559498e-04 2.030591190115003594e-03
1.162000000000000000e+05 4.680930488602033646e-04 8.543926105640969361e-04 2.065138661223908743e-03
1.163000000000000000e+05 1.918296163833735097e-04 5.130736962979467759e-04 2.105415709155975933e-03
1.164000000000000000e+05 2.297545783235561273e-04 5.290660293883224161e-04 2.109782596264545267e-03
1.165000000000000000e+05 2.667054933223800186e-04 5.452740010328802674e-04 2.051780989053746465e-03
1.166000000000000000e+05 2.083868912399640654e-04 4.391820325098866936e-04 2.029372519318860691e-03
1.167000000000000000e+05 2.647782598713922190e-04 5.907987224262627093e-04 2.119749151622380649e-03
1.168000000000000000e+05 4.249302217560269653e-04 9.524067794605755536e-04 2.316890450251071504e-03
1.169000000000000000e+05 5.323036081978532209e-04 1.093915517464011736e-03 2.428015544624802236e-03
1.170000000000000000e+05 5.543235505096313822e-04 1.467119757234133489e-03 2.377447705714141619e-03
1.171000000000000000e+05 5.588074519083110429e-04 1.870511972486911577e-03 2.331542812875421304e-03
1.172000000000000000e+05 8.130652545497020316e-04 2.395895085827980022e-03 2.453711565143081551e-03
1.173000000000000000e+05 1.183910250504920450e-03 2.505344537147872249e-03 3.007067637641028506e-03
1.174000000000000000e+05 7.888264706911634130e-04 1.947516712606186130e-03 3.493319235551386060e-03
1.175000000000000000e+05 6.839949979971023282e-04 2.229953065073909165e-03 3.850771799753366191e-03
1.176000000000000000e+05 1.268478405937848406e-03 3.081690295288865185e-03 4.787287175996773024e-03
1.177000000000000000e+05 1.044382364381441636e-03 3.205436389299112787e-03 5.724303993802868154e-03
1.178000000000000000e+05 1.240384144236080302e-03 2.744783296659574282e-03 5.196028809280018104e-03
1.179000000000000000e+05 8.621244185012021458e-04 2.011739275614582607e-03 4.062611856760111467e-03
1.180000000000000000e+05 3.990752284670231152e-04 9.526467404768227884e-04 2.910507219051128910e-03
1.181000000000000000e+05 3.103607482757429932e-04 6.782819689256209227e-04 1.974426073582003817e-03
1.182000000000000000e+05 2.199977276799427658e-04 4.889631125229577761e-04 1.304690628324019610e-03
1.183000000000000000e+05 1.588323170194467452e-04 3.329720552598125233e-04 9.658111974880556529e-04
1.184000000000000000e+05 1.041651336047315834e-04 2.181896080007437533e-04 8.074797129791754262e-04
1.185000000000000000e+05 6.276778706375480462e-05 1.489967714305623142e-04 7.519306161879815448e-04
1.186000000000000000e+05 7.167308456616523077e-05 1.813210252615588165e-04 7.572439403792052782e-04
1.187000000000000000e+05 9.134641364385784335e-05 2.111372958437115295e-04 7.818202338849049521e-04
1.188000000000000000e+05 1.297025910701719593e-04 2.343362238019220094e-04 8.393964478747800804e-04
1.189000000000000000e+05 8.352681900827569478e-05 1.692253103787999795e-04 9.252570935136762622e-04
1.190000000000000000e+05 1.816679758131045219e-04 4.243283594952832263e-04 1.044775923820902980e-03
1.191000000000000000e+05 3.390064180011084305e-04 5.822819545837489919e-04 1.288927714284527617e-03
1.192000000000000000e+05 2.093595021195827823e-04 3.593875420501743516e-04 1.370065460965972162e-03
1.193000000000000000e+05 1.309281162976856649e-04 2.715456408328774211e-04 1.244603994793239479e-03
1.194000000000000000e+05 1.371445208397896595e-04 4.072952935603608169e-04 1.041351214742897982e-03
1.195000000000000000e+05 2.470539183384600802e-04 7.615007856364001439e-04 9.998270885242447996e-04
1.196000000000000000e+05 5.416449673559904296e-04 1.384157383893089635e-03 1.188063053620538184e-03
1.197000000000000000e+05 1.078311402906449289e-03 2.005554334023973082e-03 1.786189198833911668e-03
1.198000000000000000e+05 8.739174444062809688e-04 1.604126628495629227e-03 2.313269756331395692e-03
1.199000000000000000e+05 3.275945299960969850e-04 7.781786878316193819e-04 2.443678112544820594e-03
