9.000000000000000000e+04 4.628463278196333569e-05 1.189596290233256928e-04 2.442509367525804538e-04
9.010000000000000000e+04 1.031609857413367907e-05 2.979664773139603694e-05 2.551298950601388967e-04
9.020000000000000000e+04 1.778713972165260745e-05 3.281192330337087378e-05 2.990268051651653685e-04
9.030000000000000000e+04 3.218519805177997716e-05 7.820616145728256463e-05 2.548823856369349323e-04
9.040000000000000000e+04 2.672206082579697416e-05 6.589099250764188990e-05 2.629501434108684347e-04
9.050000000000000000e+04 2.643646717579654481e-05 4.267963716196533554e-05 2.915548192784973326e-04
9.060000000000000000e+04 1.949914971958527843e-05 4.020351394538499660e-05 2.840962299099212456e-04
9.070000000000000000e+04 3.276479156143791041e-05 5.729911404511083342e-05 2.439169169247339759e-04
9.080000000000000000e+04 5.992867529055470252e-05 2.261471343502468039e-04 2.673000029525010287e-04
9.090000000000000000e+04 5.269053901582731862e-05 1.105771547017558767e-04 2.598125098328286768e-04
9.100000000000000000e+04 1.218110873583695512e-05 3.563359355405809267e-05 2.350385420658347864e-04
9.110000000000000000e+04 1.298120488394115561e-05 2.403706912275501914e-05 2.397678873325630546e-04
9.120000000000000000e+04 1.461376562777679834e-05 2.157746983888080049e-05 2.565600797238186078e-04
9.130000000000000000e+04 1.690028416439923664e-05 3.576284418066862049e-05 2.728160296152109436e-04
9.140000000000000000e+04 1.908720052776983339e-05 4.573009729556695930e-05 2.823808902796326112e-04
9.150000000000000000e+04 2.040393361669935908e-05 3.989964447946472807e-05 2.704521046836860548e-04
9.160000000000000000e+04 2.785426423608256680e-05 4.562327191791147986e-05 2.742415924063327484e-04
9.170000000000000000e+04 1.973482480864665939e-05 4.324735455216567690e-05 2.840537206375547694e-04
9.180000000000000000e+04 2.634696517770046629e-05 4.315498324182427724e-05 2.823618845563968414e-04
9.190000000000000000e+04 2.581669813526776087e-05 4.269966536293867427e-05 2.833373430884213759e-04
9.200000000000000000e+04 3.777928619688633149e-05 1.236658765147147752e-04 3.171942219228092571e-04
9.210000000000000000e+04 2.195368030011486411e-05 5.244349456899149954e-05 3.103807602310899600e-04
9.220000000000000000e+04 3.503136560875706566e-05 8.543779173807711973e-05 3.247966176851937092e-04
9.230000000000000000e+04 2.988520370090391211e-05 4.729225003685850765e-05 3.306733062576984244e-04
9.240000000000000000e+04 2.332264206309219183e-05 5.194174146381846718e-05 3.235446094998977546e-04
9.250000000000000000e+04 2.260061083310594592e-05 4.103616076859222363e-05 3.200626229002589062e-04
9.260000000000000000e+04 2.390376498064374945e-05 3.851681242031569511e-05 3.269603051021926967e-04
9.270000000000000000e+04 2.624019522300444869e-05 5.451439431675212917e-05 3.217745788860201057e-04
9.280000000000000000e+04 3.583751556448589500e-05 5.334789427457494035e-05 3.314700381781867907e-04
9.290000000000000000e+04 6.989894210176822095e-05 1.342120692216953602e-04 3.575964590855973467e-04
9.300000000000000000e+04 3.603332704502136639e-05 8.511012547523502322e-05 3.374937562934833676e-04
9.310000000000000000e+04 3.734206650512551275e-05 8.679838741391232961e-05 3.329248223578951181e-04
9.320000000000000000e+04 2.681585218139274657e-05 6.397929805991450997e-05 3.357857404944899018e-04
9.330000000000000000e+04 3.998339469342540370e-05 1.170253539306867724e-04 3.345974221988652327e-04
9.340000000000000000e+04 2.736770002978640036e-05 6.515636265676634986e-05 3.373872320464788477e-04
9.350000000000000000e+04 2.720401414501341349e-05 6.104641104659876095e-05 3.363475973319132858e-04
9.360000000000000000e+04 7.112650435997411010e-05 2.167781406172135015e-04 3.740033163840841097e-04
9.370000000000000000e+04 4.682432859357845128e-05 1.133169844833489251e-04 3.411650319494208012e-04
9.380000000000000000e+04 5.613366396572309989e-05 1.627412065235817572e-04 3.640888461259865374e-04
9.390000000000000000e+04 4.876349719284208024e-05 1.642081148009758517e-04 3.594418403218468320e-04
9.400000000000000000e+04 3.487559154049152442e-05 6.496665462595979093e-05 3.312469010048670623e-04
9.410000000000000000e+04 1.827296340592822563e-05 2.587115511488947625e-05 3.387072584146019402e-04
9.420000000000000000e+04 1.548560074939264687e-05 4.644799420188918835e-05 3.431806851810636377e-04
9.430000000000000000e+04 3.147591747860724017e-05 9.197789805630654254e-05 3.545114687299068387e-04
9.440000000000000000e+04 4.503190055308447940e-05 1.295209544731666749e-04 3.483633973534614662e-04
9.450000000000000000e+04 2.644263602344647680e-05 7.961500628291321140e-05 3.357237074328379067e-04
9.460000000000000000e+04 1.496435248360427663e-05 3.920473695362734030e-05 3.255797782102301378e-04
9.470000000000000000e+04 2.187012164042755405e-05 4.516467064899802250e-05 3.246055479848956871e-04
9.480000000000000000e+04 2.228036678669510209e-05 4.943644329330953643e-05 3.361870117261496179e-04
9.490000000000000000e+04 4.359260391108548544e-05 1.061671621964495782e-04 3.399573086928215195e-04
9.500000000000000000e+04 2.275201538806816788e-05 4.044786293674255788e-05 3.235242645296916640e-04
9.510000000000000000e+04 2.485983119130709407e-05 4.377936576586158399e-05 3.196418829989650275e-04
9.520000000000000000e+04 1.802715023500677622e-05 4.058480550278727693e-05 3.278094997125785321e-04
9.530000000000000000e+04 1.480980894182396760e-05 3.065776345056222402e-05 3.422518088096597228e-04
9.540000000000000000e+04 1.868397862640866665e-05 4.044334275201625500e-05 3.393959813121001407e-04
9.550000000000000000e+04 2.685591512555156280e-05 4.469158415716748553e-05 3.392511683887709122e-04
9.560000000000000000e+04 4.501870258506821681e-05 6.916379101336588052e-05 3.444182413284830029e-04
9.570000000000000000e+04 2.495930034796423492e-05 4.635731510451438419e-05 3.280255617861360749e-04
9.580000000000000000e+04 1.400053123772922311e-05 2.853890687336100998e-05 3.385965227319665807e-04
9.590000000000000000e+04 1.423358349141788616e-05 2.784332578909312888e-05 3.377424709718542147e-04
9.600000000000000000e+04 2.925114590058712537e-05 5.479523268401095435e-05 3.288525667038110769e-04
9.610000000000000000e+04 2.074539431784494254e-05 5.365377274161008949e-05 3.361510553534053725e-04
9.620000000000000000e+04 3.744051203478514396e-05 7.909258888564967005e-05 3.479454736010133362e-04
9.630000000000000000e+04 1.886671611963367705e-05 4.654470230556459519e-05 3.469384539386110157e-04
9.640000000000000000e+04 2.711881904822119327e-05 4.218328197899337681e-05 3.323341297383263578e-04
9.650000000000000000e+04 1.757506951790806585e-05 2.426989496277900992e-05 3.498549152873029009e-04
9.660000000000000000e+04 4.018716253662626145e-05 6.240821263781595437e-05 3.567294039837931065e-04
9.670000000000000000e+04 3.519735329591161836e-05 5.623528323583140134e-05 3.593245077554228892e-04
9.680000000000000000e+04 1.812333401427911484e-05 5.682141673419140258e-05 3.444611129881242355e-04
9.690000000000000000e+04 2.719408391609404174e-05 5.804019928988399983e-05 3.352416612770849134e-04
9.700000000000000000e+04 1.787288205238793783e-05 3.411738379083517061e-05 3.344761567802889473e-04
9.710000000000000000e+04 3.243024879782935689e-05 6.818580066507136470e-05 3.360932090765252804e-04
9.720000000000000000e+04 2.628334519669023490e-05 4.383852515461275808e-05 3.350139463817327994e-04
9.730000000000000000e+04 2.296250954750576672e-05 3.917194288427782453e-05 3.337314467742741320e-04
9.740000000000000000e+04 2.729508375630634951e-05 4.725095412236757653e-05 3.358570036369474122e-04
9.750000000000000000e+04 2.586579362898980706e-05 4.638368061001847805e-05 3.464299491859716153e-04
9.760000000000000000e+04 3.155912401014206734e-05 8.341926485615474424e-05 3.533823369536362837e-04
9.770000000000000000e+04 7.913350482787216223e-05 2.743050020326252315e-04 3.916050398169617958e-04
9.780000000000000000e+04 7.301398826015190885e-05 2.840671273225736431e-04 4.098483395480835350e-04
9.790000000000000000e+04 1.770415882620067754e-05 4.607781328086994884e-05 3.671214267172155286e-04
9.800000000000000000e+04 2.076590401944042406e-05 4.143540073433881832e-05 3.455302010481752124e-04
9.810000000000000000e+04 3.416434096950604106e-05 8.909385146821477853e-05 3.583422863904231416e-04
9.820000000000000000e+04 3.707476728923952795e-05 7.904982738167172854e-05 3.687682492704696664e-04
9.830000000000000000e+04 3.151094718765068848e-05 8.208834526963668370e-05 3.618500443320472968e-04
9.840000000000000000e+04 2.480450771171150088e-05 4.327645431804691151e-05 3.446081157378731610e-04
9.850000000000000000e+04 3.067908716190847779e-05 5.763144259479083178e-05 3.551254241045650778e-04
9.860000000000000000e+04 1.622923717843019909e-05 3.890154429786154200e-05 3.483569377696914054e-04
9.870000000000000000e+04 1.981020287355892339e-05 3.295930154682287895e-05 3.581621815753898460e-04
9.880000000000000000e+04 2.981249820463069931e-05 6.335265914688618764e-05 3.710150703430876214e-04
9.890000000000000000e+04 3.188164898755492830e-05 7.164356620035816940e-05 3.693350398771964751e-04
9.900000000000000000e+04 4.210827583251390430e-05 8.324099133333372289e-05 3.698649489457404220e-04
9.910000000000000000e+04 5.313881017497099372e-05 7.390844637424699758e-05 3.939944089067671661e-04
9.920000000000000000e+04 3.925694853977194703e-05 5.557292552588758089e-05 3.974188408748855861e-04
9.930000000000000000e+04 5.291197620370695007e-05 7.238230976981771970e-05 4.300802947981408704e-04
9.940000000000000000e+04 5.820044810767217597e-05 9.163920491506345484e-05 4.237137390660490155e-04
9.950000000000000000e+04 3.407018403250389399e-05 6.918670330963904097e-05 4.075759098331715037e-04
9.960000000000000000e+04 6.621037482597714584e-05 8.854512236243332335e-05 4.308008865033146131e-04
9.970000000000000000e+04 5.353325065320465757e-05 8.681388959068609204e-05 4.109865005917885195e-04
9.980000000000000000e+04 7.476295263979389986e-05 2.022764170375572512e-04 4.284950913327372000e-04
9.990000000000000000e+04 5.034229175535754426e-05 1.224414557073504246e-04 4.438791450469620680e-04
1.000000000000000000e+05 9.580730697957636106e-05 3.394476395739520584e-04 4.718000765218266111e-04
1.001000000000000000e+05 8.409991006731471624e-05 2.574817517099763802e-04 4.710773086412381396e-04
1.002000000000000000e+05 1.198817790641448062e-04 3.938766412172422615e-04 4.945153528991902891e-04
1.003000000000000000e+05 1.064201446732433026e-04 3.524853828659263921e-04 4.847147409919936971e-04
1.004000000000000000e+05 1.063992612130178184e-04 3.411321613695751588e-04 4.858693371997649564e-04
1.005000000000000000e+05 1.085260083155054674e-04 3.717726810798692915e-04 4.984466437901176154e-04
1.006000000000000000e+05 1.366606953884676027e-04 4.738925168308433223e-04 5.370260906781263756e-04
1.007000000000000000e+05 1.565539693820093190e-04 5.366991180110150961e-04 5.663784061326976533e-04
1.008000000000000000e+05 1.763785273373930833e-04 6.061081307102299167e-04 5.678953550722003847e-04
1.009000000000000000e+05 1.273794051696125972e-04 4.967867673444676269e-04 5.694586476989716133e-04
1.010000000000000000e+05 9.335851768217174381e-05 3.323609985001837628e-04 5.084706959472835418e-04
1.011000000000000000e+05 6.721077548878197014e-05 2.130874841390250274e-04 4.739945306372308131e-04
1.012000000000000000e+05 8.421443265004316912e-05 2.595932272919425571e-04 5.179243908037464705e-04
1.013000000000000000e+05 1.177792915755574116e-04 3.239719089390183360e-04 5.616642212859384881e-04
1.014000000000000000e+05 7.666471799381657879e-05 3.076908064648738346e-04 5.196914948952805402e-04
1.015000000000000000e+05 4.885781155178196312e-05 1.260033450919219094e-04 4.522995965550538101e-04
1.016000000000000000e+05 5.173496108458951973e-05 7.255034262351587769e-05 4.051105883982636271e-04
1.017000000000000000e+05 2.798237714051669649e-05 4.539855817309979653e-05 3.973085448660658653e-04
1.018000000000000000e+05 5.500681925984867663e-05 1.733429213542150849e-04 4.761304895863063477e-04
1.019000000000000000e+05 8.173090602037386999e-05 2.733550349536895477e-04 5.037993322057367478e-04
1.020000000000000000e+05 8.014185703023046520e-05 2.658650582570986926e-04 5.285072390498076183e-04
1.021000000000000000e+05 1.258735163700420816e-04 4.438379535437583703e-04 5.279128059516968296e-04
1.022000000000000000e+05 7.243568551010205921e-05 2.205412170908317357e-04 4.678133360219999129e-04
1.023000000000000000e+05 4.951694910111122507e-05 7.758162660906304598e-05 4.496329225878889458e-04
1.024000000000000000e+05 3.233483645837556498e-05 4.849961748233622919e-05 4.343734952699971025e-04
1.025000000000000000e+05 4.134733512646250565e-05 6.531785280557898766e-05 4.372180163143041427e-04
1.026000000000000000e+05 4.606157387372508899e-05 7.112487109273656332e-05 4.381625435864516457e-04
1.027000000000000000e+05 4.778014460857075724e-05 7.376622154152276878e-05 4.328426348879114635e-04
1.028000000000000000e+05 3.422762607899394217e-05 5.913553195496589832e-05 4.357831010673673912e-04
1.029000000000000000e+05 6.703528732615100143e-05 1.122179599569903224e-04 4.580777853293812631e-04
1.030000000000000000e+05 7.562183799996076428e-05 1.551567630886143681e-04 4.627349783700319269e-04
1.031000000000000000e+05 5.332130928905015436e-05 9.760726713093644631e-05 4.408379835302305328e-04
1.032000000000000000e+05 3.061977450197564139e-05 8.395042972479232471e-05 4.214528216413576016e-04
1.033000000000000000e+05 5.322243383664522400e-05 1.219060941600610634e-04 4.425771662310448132e-04
1.034000000000000000e+05 2.963251820190475729e-05 7.464029682436663015e-05 4.304272843191969742e-04
1.035000000000000000e+05 6.110919798135656987e-05 9.573760024354240582e-05 4.151643545607914100e-04
1.036000000000000000e+05 5.136037330251820663e-05 8.048519337055327948e-05 4.205267652518618294e-04
1.037000000000000000e+05 5.423374668197980357e-05 8.455245062364202466e-05 4.110177282333106344e-04
1.038000000000000000e+05 6.703637290079311620e-05 1.584486903350915523e-04 4.365042097107401406e-04
1.039000000000000000e+05 9.888443361079281724e-05 1.494328250803037906e-04 4.520315909671590885e-04
1.040000000000000000e+05 5.855794447883811739e-05 1.146237204564080773e-04 4.249470123710703232e-04
1.041000000000000000e+05 1.010936615951569845e-04 2.425493858308691510e-04 4.569318421885392237e-04
1.042000000000000000e+05 1.511270503540403597e-04 4.235996582273505898e-04 5.133799171422797703e-04
1.043000000000000000e+05 1.301032688354305990e-04 2.435753091495899319e-04 4.929232670940321501e-04
1.044000000000000000e+05 1.133502386472553494e-04 2.411160538433530483e-04 4.882455509167773111e-04
1.045000000000000000e+05 1.854243938837779214e-04 3.996021295524876480e-04 5.636170887973645160e-04
1.046000000000000000e+05 1.826837008595675921e-04 3.488509631067383452e-04 5.706638556679086063e-04
1.047000000000000000e+05 1.576958354935239885e-04 2.891024489340356281e-04 5.305309149974457355e-04
1.048000000000000000e+05 1.914421641499191359e-04 3.564226567053412672e-04 5.793685091302893872e-04
1.049000000000000000e+05 2.467158573886610979e-04 4.386251991530586776e-04 6.243482818359736598e-04
1.050000000000000000e+05 2.469250902675791627e-04 4.709353280907171545e-04 6.466432723437814467e-04
1.051000000000000000e+05 3.333189722585929533e-04 7.887836039262887929e-04 7.448179670674786625e-04
1.052000000000000000e+05 4.001642324128641811e-04 9.239335188004564169e-04 8.358329923985075580e-04
1.053000000000000000e+05 4.502506068138726627e-04 1.013818669384776439e-03 8.562935298505327478e-04
1.054000000000000000e+05 3.724631813519496942e-04 8.577750671299574827e-04 7.858063422717207359e-04
1.055000000000000000e+05 2.735425457342668498e-04 5.073957700344180685e-04 6.614289781817675028e-04
1.056000000000000000e+05 2.217767458787954396e-04 5.790306241855941796e-04 6.584702302310080618e-04
1.057000000000000000e+05 3.523105580357217912e-04 9.546161522152158373e-04 7.729469304493766669e-04
1.058000000000000000e+05 3.962005781556446511e-04 1.098839325140740179e-03 8.145283964916975655e-04
1.059000000000000000e+05 4.218347210281991693e-04 1.173064292918761216e-03 8.654756215522076959e-04
1.060000000000000000e+05 4.715406333644165250e-04 1.248411814372722955e-03 9.195373422181890100e-04
1.061000000000000000e+05 4.416227871472020957e-04 1.148310134058713392e-03 8.786236051133041163e-04
1.062000000000000000e+05 3.733997626838018091e-04 8.783927306142931069e-04 7.881098608548393978e-04
1.063000000000000000e+05 3.351523903194915366e-04 8.067999645682963003e-04 7.223453095479904270e-04
1.064000000000000000e+05 2.552676444724922395e-04 5.539555437531797077e-04 6.225587581157545789e-04
1.065000000000000000e+05 2.868534393003792219e-04 7.145354660477094052e-04 6.520924228349050597e-04
1.066000000000000000e+05 3.857768150586083343e-04 1.071477671376673373e-03 7.836278879645080858e-04
1.067000000000000000e+05 4.824547841991528251e-04 1.328329290896913383e-03 8.958117347817103494e-04
1.068000000000000000e+05 4.651580708012693281e-04 1.199346142029982833e-03 8.894580694080243388e-04
1.069000000000000000e+05 3.941845624689676751e-04 9.993585056884061839e-04 7.948622017421773465e-04
1.070000000000000000e+05 3.412085354043757450e-04 9.078266218196460449e-04 7.535244609747974954e-04
1.071000000000000000e+05 3.665477071169904490e-04 1.006484711595934719e-03 7.699193111694449055e-04
1.072000000000000000e+05 4.841459135834885437e-04 1.325885865036459301e-03 8.859510966310448019e-04
1.073000000000000000e+05 5.632071362707037360e-04 1.639481021672239015e-03 9.894744785804612374e-04
1.074000000000000000e+05 5.878242690374349370e-04 1.722120489605556129e-03 1.021955580639772763e-03
1.075000000000000000e+05 6.084285342121852807e-04 1.699334248112996555e-03 1.037032008718191765e-03
1.076000000000000000e+05 5.656083257182891420e-04 1.476144207544090184e-03 9.595657932815986188e-04
1.077000000000000000e+05 5.879991414312407075e-04 1.579107349429269324e-03 9.843550653516630090e-04
1.078000000000000000e+05 6.404510859359572412e-04 1.809363525510307175e-03 1.049562142723224059e-03
1.079000000000000000e+05 6.294057058462979503e-04 1.800074153917847683e-03 1.020379656019863293e-03
1.080000000000000000e+05 3.716888578680937376e-04 1.191547308896262567e-03 8.827727286731118506e-04
1.081000000000000000e+05 1.695389384303787631e-04 4.083376026426854735e-04 6.082472017495442820e-04
1.082000000000000000e+05 1.080998760163730580e-04 3.110545739070854905e-04 5.763838418926488846e-04
1.083000000000000000e+05 1.748125248890340308e-04 4.401062539335797883e-04 5.858687769766449376e-04
1.084000000000000000e+05 1.652666427390616938e-04 4.756339106523947919e-04 6.128192384521760974e-04
1.085000000000000000e+05 2.402346935857012735e-04 6.940862798662369645e-04 6.707096909796182683e-04
1.086000000000000000e+05 2.288015196691309630e-04 5.656657235268869755e-04 6.263926138254120781e-04
1.087000000000000000e+05 2.053704462977966458e-04 5.218539169253503911e-04 6.058117552271091938e-04
1.088000000000000000e+05 2.323185000081801716e-04 6.706265848509928434e-04 6.376744216703011817e-04
1.089000000000000000e+05 2.644555189779692434e-04 6.437620650439760447e-04 6.659758003008071437e-04
1.090000000000000000e+05 3.219297642125609499e-04 8.711080833640607668e-04 7.540085512868346723e-04
1.091000000000000000e+05 4.302072073698671507e-04 1.167732263597494845e-03 9.098306319980268642e-04
1.092000000000000000e+05 5.341019305195174923e-04 1.268405992755637472e-03 9.844949262854574452e-04
1.093000000000000000e+05 4.615103177042230009e-04 9.972469517643607097e-04 8.602963345588349317e-04
1.094000000000000000e+05 3.550104455790798765e-04 9.173389113172943782e-04 7.864654948319573912e-04
1.095000000000000000e+05 2.972615998607226707e-04 8.616806279039167715e-04 8.226008724279084989e-04
1.096000000000000000e+05 3.251117256417465043e-04 7.291281007703528938e-04 7.506313832350538021e-04
1.097000000000000000e+05 2.655080303787217479e-04 6.400571928043617513e-04 6.771154983779918137e-04
1.098000000000000000e+05 2.259295610743002319e-04 5.574960797948962663e-04 6.349437025692956102e-04
1.099000000000000000e+05 2.149001412461218601e-04 5.019034284308869541e-04 5.887616141091254595e-04
1.100000000000000000e+05 1.929645434644054812e-04 4.868160603770520949e-04 5.673006357806042359e-04
1.101000000000000000e+05 1.849059329538787219e-04 5.402883897892520786e-04 5.862976255081444677e-04
1.102000000000000000e+05 1.955710124691623281e-04 5.010826956123675367e-04 5.790691835982247123e-04
1.103000000000000000e+05 1.432673305953301732e-04 3.203773183151641026e-04 5.255426881062391338e-04
1.104000000000000000e+05 8.020364565399732554e-05 1.419530774641888731e-04 4.372945474209716352e-04
1.105000000000000000e+05 2.592856824507261881e-05 4.432381652746204739e-05 4.109920406893464756e-04
1.106000000000000000e+05 2.359108431203716782e-05 4.416502331671800369e-05 4.052459717526995619e-04
1.107000000000000000e+05 4.116200803901722948e-05 7.052771134278954706e-05 4.052015284554917672e-04
1.108000000000000000e+05 4.358213762259622497e-05 1.023098110820880205e-04 4.007563191186753289e-04
1.109000000000000000e+05 5.233233314728562334e-05 8.022676913032792236e-05 3.955992237000115902e-04
1.110000000000000000e+05 6.037478522531112548e-05 1.089854912347567846e-04 4.059734441882401827e-04
1.111000000000000000e+05 5.808006326880779495e-05 1.672073947118388432e-04 4.240774096069919595e-04
1.112000000000000000e+05 1.075476452561995922e-04 3.335845699425805401e-04 4.704533139248025112e-04
1.113000000000000000e+05 6.355071191138791323e-05 2.136934067756931957e-04 4.377935487965042946e-04
1.114000000000000000e+05 4.425429500098986349e-05 8.197479821879901296e-05 4.090177717792474075e-04
1.115000000000000000e+05 4.966485875494691801e-05 1.107768764305344677e-04 4.155299926525587691e-04
1.116000000000000000e+05 5.366754841817678338e-05 1.165607071831195000e-04 4.400568049137780209e-04
1.117000000000000000e+05 5.828051548998058060e-05 1.524538623090329744e-04 4.334113301093384389e-04
1.118000000000000000e+05 5.161671772090569918e-05 9.124168906140953713e-05 4.152829066438176384e-04
1.119000000000000000e+05 3.512053243366055830e-05 7.366253152021591619e-05 3.880155714464831413e-04
1.120000000000000000e+05 2.920540459708389309e-05 6.389570021058819851e-05 3.962467929437303712e-04
1.121000000000000000e+05 3.403406620644208215e-05 7.270576571881490896e-05 4.056520059949232518e-04
1.122000000000000000e+05 7.800214895974474276e-05 2.815156854800998512e-04 4.586605094866554500e-04
1.123000000000000000e+05 1.479349787871256329e-04 5.883248006067274931e-04 5.345828871865618715e-04
1.124000000000000000e+05 1.550075025690518331e-04 5.988994342788487354e-04 5.553953462916430160e-04
1.125000000000000000e+05 7.700325173113812616e-05 2.797333602657453501e-04 4.793119277891943813e-04
1.126000000000000000e+05 6.269241992236450171e-05 1.500438205777340035e-04 4.595767816735099424e-04
1.127000000000000000e+05 1.107293409108994482e-04 4.110798606066205937e-04 5.121410348103256575e-04
1.128000000000000000e+05 8.012959058523085737e-05 3.134269826189132156e-04 4.948566662442467363e-04
1.129000000000000000e+05 8.811317759045559413e-05 3.179991783526212078e-04 4.924145734996574235e-04
1.130000000000000000e+05 1.277362805226059427e-04 5.358455695184914658e-04 5.208440903060535584e-04
1.131000000000000000e+05 1.187118206946619916e-04 4.559415059264851854e-04 5.216362965322441985e-04
1.132000000000000000e+05 6.852856898636056895e-05 1.702346120362136579e-04 4.574005538061435812e-04
1.133000000000000000e+05 4.087650749729231136e-05 8.594284322714504853e-05 4.270914086816473285e-04
1.134000000000000000e+05 7.765681515467434117e-05 2.821161486144848751e-04 4.741722572825593789e-04
1.135000000000000000e+05 8.282144179923468666e-05 1.774102620315031278e-04 4.654507138882966327e-04
1.136000000000000000e+05 4.823082786806507987e-05 6.240523053976660805e-05 4.095146544972769415e-04
1.137000000000000000e+05 3.201021550519790202e-05 5.777890256183448956e-05 4.224916495205720832e-04
1.138000000000000000e+05 2.259465761355954842e-05 5.077566716753890768e-05 4.227935357827411196e-04
1.139000000000000000e+05 5.106324276404493236e-05 9.302264111541271637e-05 4.353158790165015434e-04
1.140000000000000000e+05 4.633236647607605124e-05 1.783532015876316428e-04 4.568344564354168439e-04
1.141000000000000000e+05 5.722453857689139721e-05 1.315971093081863162e-04 4.500234112737555819e-04
1.142000000000000000e+05 2.899013885042703818e-05 5.640197762992290231e-05 4.288128627665015657e-04
1.143000000000000000e+05 4.921490836190057019e-05 8.463518644425061443e-05 4.232916031607059613e-04
1.144000000000000000e+05 3.875374406021571622e-05 6.383166785653155827e-05 4.237957996907316884e-04
1.145000000000000000e+05 4.315027144891785994e-05 7.488258112299013428e-05 4.144069831456560077e-04
1.146000000000000000e+05 4.481111071466054507e-05 7.091141830443324591e-05 4.125731085591928938e-04
1.147000000000000000e+05 2.660146999815325534e-05 5.245126468598392206e-05 4.116056919000555332e-04
1.148000000000000000e+05 2.922801490006990540e-05 5.134028511891863432e-05 4.080775385321781237e-04
1.149000000000000000e+05 4.623128033658032311e-05 8.453319503735516128e-05 4.251993309060113249e-04
1.150000000000000000e+05 4.734672599560464743e-05 9.700868921924384134e-05 4.375906728481712389e-04
1.151000000000000000e+05 3.439975519734477091e-05 7.086226707374705626e-05 4.254233179800060642e-04
1.152000000000000000e+05 3.307778175079328573e-05 5.554618051255511219e-05 4.138627941008656062e-04
1.153000000000000000e+05 2.418907463019696891e-05 6.392218565467219348e-05 4.096743066686336920e-04
1.154000000000000000e+05 3.971883737865030848e-05 7.522620469959241489e-05 4.280447986277411787e-04
1.155000000000000000e+05 2.679880986507221768e-05 5.658073619666122676e-05 4.448320593207653537e-04
1.156000000000000000e+05 3.087388922524839444e-05 6.792133770113217015e-05 4.658727767332495923e-04
1.157000000000000000e+05 3.824502467409497198e-05 6.775188016205089050e-05 4.518718897968100829e-04
1.158000000000000000e+05 5.153658827688052625e-05 8.111265895571133193e-05 4.397987250546292709e-04
1.159000000000000000e+05 2.267160996777137444e-05 4.493699190276113095e-05 4.356081829385269376e-04
1.160000000000000000e+05 4.578286374225568707e-05 7.610791655067499157e-05 4.624472390308345671e-04
1.161000000000000000e+05 6.344280222212654412e-05 1.487720053187900366e-04 5.687243495678820718e-04
1.162000000000000000e+05 5.574764732717318091e-05 1.152575845904540725e-04 5.460436260495676181e-04
1.163000000000000000e+05 8.001822946545207029e-05 1.368821631237808218e-04 4.873858816605150589e-04
1.164000000000000000e+05 6.282213130244897799e-05 1.396120018563955754e-04 4.531134792634633306e-04
1.165000000000000000e+05 6.213772577490483387e-05 1.023151178736683036e-04 4.435906596325797863e-04
1.166000000000000000e+05 4.710370074624108941e-05 7.462912264354017340e-05 4.407127202701890370e-04
1.167000000000000000e+05 3.476140855340027281e-05 5.775610729975486340e-05 4.337219424532167897e-04
1.168000000000000000e+05 2.112220359423776055e-05 4.931387120976437168e-05 4.248153217079797994e-04
1.169000000000000000e+05 4.531980636092371607e-05 7.516822127777189914e-05 4.073677360825558066e-04
1.170000000000000000e+05 6.441244014791238596e-05 1.083573204498092723e-04 3.908571653445557436e-04
1.171000000000000000e+05 6.451465195421804150e-05 1.106950246535117724e-04 3.666187064116704572e-04
1.172000000000000000e+05 3.107516013325966253e-05 6.151985316426423047e-05 3.650779734126853647e-04
1.173000000000000000e+05 2.781247338976737885e-05 7.265568342466833997e-05 3.515607449195585479e-04
1.174000000000000000e+05 3.361597303971327949e-05 7.092007222013062447e-05 3.595482480014331990e-04
1.175000000000000000e+05 4.914332593593180891e-05 9.406458261472083054e-05 4.076141590452830648e-04
1.176000000000000000e+05 1.539378289195986107e-04 2.022498512763740120e-04 3.318607332154138506e-04
1.177000000000000000e+05 1.149370405694345450e-04 3.604532433008734798e-04 2.970256075169204740e-04
1.178000000000000000e+05 7.196401277579609094e-05 1.767496287558438560e-04 3.559608608535779297e-04
1.179000000000000000e+05 7.317586159430732344e-05 1.522697495946928104e-04 3.326923880993855201e-04
1.180000000000000000e+05 3.826857700542975757e-05 8.227609726586945435e-05 3.018471593935212753e-04
1.181000000000000000e+05 6.544768837419932947e-05 1.034110026603454985e-04 2.668684849432678544e-04
1.182000000000000000e+05 1.835325682992671598e-05 3.353843987902421341e-05 2.417058819137608144e-04
1.183000000000000000e+05 4.867331933225323972e-05 9.465292100548449816e-05 2.330318910670784122e-04
1.184000000000000000e+05 3.512146867886022550e-05 9.825059302761781927e-05 2.340993259619647321e-04
1.185000000000000000e+05 1.706001585962692822e-05 6.629969436753595951e-05 2.293675554031214309e-04
1.186000000000000000e+05 3.054566885171846290e-05 9.014249262250412795e-05 2.583281142630031906e-04
1.187000000000000000e+05 2.587254107521856422e-05 4.954076832601396647e-05 2.368107725986116105e-04
1.188000000000000000e+05 2.303099359546735125e-05 3.328628336877876540e-05 2.128542407739067584e-04
1.189000000000000000e+05 2.890811372925451771e-05 4.866210426036646978e-05 2.248516681149732095e-04
1.190000000000000000e+05 2.714522177865372199e-05 7.366360948580439856e-05 2.287398523151866828e-04
1.191000000000000000e+05 2.205720217541762480e-05 3.390471148626190718e-05 2.106172886811050280e-04
1.192000000000000000e+05 6.343948610550696234e-06 1.718935018890790185e-05 2.104589754850132513e-04
1.193000000000000000e+05 2.515681656184450932e-05 3.667688401562995749e-05 2.078779846635497549e-04
1.194000000000000000e+05 2.443724597992751762e-05 4.177901240732010638e-05 1.906023187039009731e-04
1.195000000000000000e+05 8.602613242812755202e-06 2.553128252316767192e-05 1.727587694076129408e-04
1.196000000000000000e+05 8.259220006979990430e-06 2.273697032252462074e-05 1.637711114521034881e-04
1.197000000000000000e+05 1.276393184764768279e-05 2.512362843173573685e-05 1.649112969485003828e-04
1.198000000000000000e+05 1.602393463875071734e-05 4.821178939392865869e-05 1.629890294227038237e-04
1.199000000000000000e+05 4.855163762043703001e-05 7.741109233102340956e-05 2.118725767246830861e-04
