9.000000000000000000e+04 9.025081774950203628e-05 2.013482997971214651e-04 3.016557409363459260e-04
9.010000000000000000e+04 1.242330783936375165e-04 2.442596432494876721e-04 3.508882419109273713e-04
9.020000000000000000e+04 1.330174524875177007e-04 3.011643494778439402e-04 4.446204171145750933e-04
9.030000000000000000e+04 9.511696482679209792e-05 2.922915240448126142e-04 2.940273676458573702e-04
9.040000000000000000e+04 1.067388720715371016e-04 2.002512595106157732e-04 3.842844851844861025e-04
9.050000000000000000e+04 1.242743753509633741e-04 3.760463935209436932e-04 4.095432151213823559e-04
9.060000000000000000e+04 1.227315548225577980e-04 2.548841349189755493e-04 3.913262592392231331e-04
9.070000000000000000e+04 8.372487490507452218e-05 2.016061567507706825e-04 3.040425147042762977e-04
9.080000000000000000e+04 6.592762735316856724e-05 1.432399474564480159e-04 2.954088743164319042e-04
9.090000000000000000e+04 7.146534773931300624e-05 1.734491938070090958e-04 3.073101835840460062e-04
9.100000000000000000e+04 7.910502282459263472e-05 1.600038446132693855e-04 3.215129812414728211e-04
9.110000000000000000e+04 8.104298320299772396e-05 1.639355225684479135e-04 3.383186633137179127e-04
9.120000000000000000e+04 7.597667945099362925e-05 1.973293376809205461e-04 3.466267882717087557e-04
9.130000000000000000e+04 7.854208200871418567e-05 1.921300504421889375e-04 3.591310854357554765e-04
9.140000000000000000e+04 8.738618302334567184e-05 1.734066735780305643e-04 3.671859589069250709e-04
9.150000000000000000e+04 9.296302405601059894e-05 1.878217359438767655e-04 3.768704364254939036e-04
9.160000000000000000e+04 1.048897312007242007e-04 2.252635866891944199e-04 3.827858554952615067e-04
9.170000000000000000e+04 9.062527295938105744e-05 1.859857159751876683e-04 3.938282834017904632e-04
9.180000000000000000e+04 1.110413391000719522e-04 2.427746117713354846e-04 4.033518471293540586e-04
9.190000000000000000e+04 1.061177032267398342e-04 2.835680859510485716e-04 4.128734912976138273e-04
9.200000000000000000e+04 1.016883773829125779e-04 2.474977921981039966e-04 4.461335163155840701e-04
9.210000000000000000e+04 1.178372826952571537e-04 2.763930150847795030e-04 4.854751880284162110e-04
9.220000000000000000e+04 1.338148402498313592e-04 2.771475602544106755e-04 5.094541287402876411e-04
9.230000000000000000e+04 1.284723636422559277e-04 2.622519448101530404e-04 5.186933260066267258e-04
9.240000000000000000e+04 1.358930451036180465e-04 2.952327860121930852e-04 5.186052068435459796e-04
9.250000000000000000e+04 1.335127852285822618e-04 2.813994961687805345e-04 5.165896651556483579e-04
9.260000000000000000e+04 1.183314847749498944e-04 2.417443110870855162e-04 5.130476086857870856e-04
9.270000000000000000e+04 1.365669875222471556e-04 2.559251550650776404e-04 5.114153175595449394e-04
9.280000000000000000e+04 1.233381953210362179e-04 2.925974294974564979e-04 5.157664958483391352e-04
9.290000000000000000e+04 1.176933577025754451e-04 2.542750182364903215e-04 5.162291081473814516e-04
9.300000000000000000e+04 1.358201819487258179e-04 2.853772987935008078e-04 5.165978918420623730e-04
9.310000000000000000e+04 1.194862106531638314e-04 2.818103795961336201e-04 5.200223850394076683e-04
9.320000000000000000e+04 1.260483339807657558e-04 2.841515956131317427e-04 5.148665236628786846e-04
9.330000000000000000e+04 1.325692910617204314e-04 3.759463492851171547e-04 5.166336842356987653e-04
9.340000000000000000e+04 1.214915800850974626e-04 3.186228835031795921e-04 5.150317103716710960e-04
9.350000000000000000e+04 1.180769552285990728e-04 2.719766049670774635e-04 5.081372976635986074e-04
9.360000000000000000e+04 1.232635187190562901e-04 2.967041687312647023e-04 5.102290569034504406e-04
9.370000000000000000e+04 1.244059458368639210e-04 2.429760474669657414e-04 5.208143413318185814e-04
9.380000000000000000e+04 1.259300335734674201e-04 2.775745986132167171e-04 5.308055838224056463e-04
9.390000000000000000e+04 1.294154697152060415e-04 2.704504204326999809e-04 5.220487943320379709e-04
9.400000000000000000e+04 1.227037214991334355e-04 2.399235651901017647e-04 5.177041614812937387e-04
9.410000000000000000e+04 1.289636419072264341e-04 2.712976455994366371e-04 5.309702294417613464e-04
9.420000000000000000e+04 1.270925611634862664e-04 2.881105699277035598e-04 5.378002351552384425e-04
9.430000000000000000e+04 1.189614235080193997e-04 2.716328834438663515e-04 5.285534718598676593e-04
9.440000000000000000e+04 1.431830096620238541e-04 2.666773342326066469e-04 5.237457667824788141e-04
9.450000000000000000e+04 1.289781253662679013e-04 2.405084017173027148e-04 5.121650260721069027e-04
9.460000000000000000e+04 1.200103895250805236e-04 2.629166881357934389e-04 5.127446039261186229e-04
9.470000000000000000e+04 1.457052338666715136e-04 2.845936907890391746e-04 5.127895559745025873e-04
9.480000000000000000e+04 1.240237317061958656e-04 2.676781650081190740e-04 5.125919179263256197e-04
9.490000000000000000e+04 1.499015073899772829e-04 4.295137400284723857e-04 5.191740313676728499e-04
9.500000000000000000e+04 1.196808253872531664e-04 2.570681704902093518e-04 5.174022773892411652e-04
9.510000000000000000e+04 1.372763938655889387e-04 3.044845555552427537e-04 5.200489768376708160e-04
9.520000000000000000e+04 1.430726865272253156e-04 2.702246197542093305e-04 5.225396237702084785e-04
9.530000000000000000e+04 1.280583807529191154e-04 2.966851245855127873e-04 5.255573847116900860e-04
9.540000000000000000e+04 1.391873768929445684e-04 2.838146968179761673e-04 5.475199102407846564e-04
9.550000000000000000e+04 1.408801587284851825e-04 2.935913612513477394e-04 5.561698088129769010e-04
9.560000000000000000e+04 1.373012332827504766e-04 2.670235388678210463e-04 5.424304994745618577e-04
9.570000000000000000e+04 1.408218472994985336e-04 2.972380237390495877e-04 5.431001090934380873e-04
9.580000000000000000e+04 1.373485315014300804e-04 2.907479098258642790e-04 5.446009290554750318e-04
9.590000000000000000e+04 1.475771998515702701e-04 3.674841726453465397e-04 5.509634288071141826e-04
9.600000000000000000e+04 1.426167055161826707e-04 2.871187313901900546e-04 5.431672640891111467e-04
9.610000000000000000e+04 1.562294966088200636e-04 3.785870010281729885e-04 5.503443947348699277e-04
9.620000000000000000e+04 1.360749182107631999e-04 2.988876932326401965e-04 5.390450391727886429e-04
9.630000000000000000e+04 1.327125993984074265e-04 3.139713773433976509e-04 5.262920561579585276e-04
9.640000000000000000e+04 1.609863622177178490e-04 3.737053087582294878e-04 5.509830197854185358e-04
9.650000000000000000e+04 1.527099019233709538e-04 2.939529441826292102e-04 5.820684053510930076e-04
9.660000000000000000e+04 1.432802387158882266e-04 3.071498406246426995e-04 5.969864468290208117e-04
9.670000000000000000e+04 1.457604917584180986e-04 3.128962266566664790e-04 5.834194530396723515e-04
9.680000000000000000e+04 1.425616192596761232e-04 2.820892405738836383e-04 5.597154066555923551e-04
9.690000000000000000e+04 1.476963284181615388e-04 2.847929365454948225e-04 5.557467663577288783e-04
9.700000000000000000e+04 1.405887964400340164e-04 3.448072366159219857e-04 5.490389684657555726e-04
9.710000000000000000e+04 1.394620388023861367e-04 2.751316607659730438e-04 5.564507157354302335e-04
9.720000000000000000e+04 1.631704047396869404e-04 3.278782334471660380e-04 5.619533057012859184e-04
9.730000000000000000e+04 1.424776154692707205e-04 2.991239262761378115e-04 5.638224977380288088e-04
9.740000000000000000e+04 1.466481019928423226e-04 2.722543615452613797e-04 5.675950363405811005e-04
9.750000000000000000e+04 1.310222537019032968e-04 3.099283662326783031e-04 5.742520088835168911e-04
9.760000000000000000e+04 1.452911885038704739e-04 3.094405727432571369e-04 5.752546779127874071e-04
9.770000000000000000e+04 1.650239181007428732e-04 2.953092222663612960e-04 5.743894022785712592e-04
9.780000000000000000e+04 1.395488907806533138e-04 2.960993362171711546e-04 5.660496898078254445e-04
9.790000000000000000e+04 1.362078251489710207e-04 2.951047023808320161e-04 5.716976174745997969e-04
9.800000000000000000e+04 1.590632080006904340e-04 3.703014759180077659e-04 5.820950978292614318e-04
9.810000000000000000e+04 1.566752060755764709e-04 2.974293148527001602e-04 5.898251397465124153e-04
9.820000000000000000e+04 1.495539837101181606e-04 3.032855506448169417e-04 5.989814038718413013e-04
9.830000000000000000e+04 1.471103613062659855e-04 3.200113221584085480e-04 5.884793286983277128e-04
9.840000000000000000e+04 1.457497036717771274e-04 2.946568891415295198e-04 5.888870609337774073e-04
9.850000000000000000e+04 1.444862064211329929e-04 2.993788683337340103e-04 5.885409190479409672e-04
9.860000000000000000e+04 1.452332487109061284e-04 2.872726290160006733e-04 5.946754795933914973e-04
9.870000000000000000e+04 1.616371996838326854e-04 3.926991647496007234e-04 6.185085318835699918e-04
9.880000000000000000e+04 1.552812034402577561e-04 4.189204535846689911e-04 6.214838006419710556e-04
9.890000000000000000e+04 1.955209471166449568e-04 5.158839154255254970e-04 6.414146810905626194e-04
9.900000000000000000e+04 2.044207832438503904e-04 7.053602319979320780e-04 6.774835129055432241e-04
9.910000000000000000e+04 1.885818597257627512e-04 5.972358837123425577e-04 6.917394065974700199e-04
9.920000000000000000e+04 2.008832016068349126e-04 5.916177751310773905e-04 6.746449551526959368e-04
9.930000000000000000e+04 1.873296953935228975e-04 5.430795193570355905e-04 7.405500230611334906e-04
9.940000000000000000e+04 1.754834360196601967e-04 3.339178318354544487e-04 6.939387235529556781e-04
9.950000000000000000e+04 2.032220127671556867e-04 6.434834333647120952e-04 7.197439329236777735e-04
9.960000000000000000e+04 2.265412925111163741e-04 1.204138224379860391e-03 7.643233688854564898e-04
9.970000000000000000e+04 2.009674812492628004e-04 7.082510900655225507e-04 7.147374817807293631e-04
9.980000000000000000e+04 1.931654254287521475e-04 4.469411447212405953e-04 7.205696362326822124e-04
9.990000000000000000e+04 1.742698488389545376e-04 3.753613115819474716e-04 7.252756242475522476e-04
1.000000000000000000e+05 1.870875386812787889e-04 4.398442112324660877e-04 6.833121472556960736e-04
1.001000000000000000e+05 2.302195049429769024e-04 1.030418391288829422e-03 7.319997646683564082e-04
1.002000000000000000e+05 1.946454817338522623e-04 9.933408763703895604e-04 7.370195304893728061e-04
1.003000000000000000e+05 2.464721772023887973e-04 9.645458661516250615e-04 7.261662811536902674e-04
1.004000000000000000e+05 2.043176868572764340e-04 8.853569681012127051e-04 7.277238111420969565e-04
1.005000000000000000e+05 2.324922941178931765e-04 1.025417495785938818e-03 7.342576286815116759e-04
1.006000000000000000e+05 2.171548937162992099e-04 1.079001870863130746e-03 7.486037694620212551e-04
1.007000000000000000e+05 2.719025056525744720e-04 1.052526503903695489e-03 7.755428074805622825e-04
1.008000000000000000e+05 2.565426602299789895e-04 9.736002392001265326e-04 7.808392320038496943e-04
1.009000000000000000e+05 2.497545781948908722e-04 9.369507548726037490e-04 7.999774027662695563e-04
1.010000000000000000e+05 2.039197911419814591e-04 5.888717650275906816e-04 7.569521329373123889e-04
1.011000000000000000e+05 2.102631543924984902e-04 5.421197529962128864e-04 7.378790658721989587e-04
1.012000000000000000e+05 2.259367139568155833e-04 5.392070528007114920e-04 7.676478682535042408e-04
1.013000000000000000e+05 2.522516670241260316e-04 7.792598455171971918e-04 8.417878113695078041e-04
1.014000000000000000e+05 1.919853881217005627e-04 3.542824073664857390e-04 7.741591614787299768e-04
1.015000000000000000e+05 1.889282171321613087e-04 4.351737196002279998e-04 7.407156164132202431e-04
1.016000000000000000e+05 1.911858978571925861e-04 5.865777331446378993e-04 6.753671320306010384e-04
1.017000000000000000e+05 1.993186974588564888e-04 4.405008788288775371e-04 6.929785682408813423e-04
1.018000000000000000e+05 1.880018382873557955e-04 4.438501081503921529e-04 7.616879117970883940e-04
1.019000000000000000e+05 1.900599295907839242e-04 4.402753503418324306e-04 7.488850719097388210e-04
1.020000000000000000e+05 2.217934287961275883e-04 7.887009400883143034e-04 8.286939153140618786e-04
1.021000000000000000e+05 2.302362652027188173e-04 6.621436816731684528e-04 8.139277328080592308e-04
1.022000000000000000e+05 2.031915020878256612e-04 5.171920651884920599e-04 7.779539522409638797e-04
1.023000000000000000e+05 2.085169187001567007e-04 4.445677508786530794e-04 7.713482640660081430e-04
1.024000000000000000e+05 2.174666733431809438e-04 4.986128721286021406e-04 8.058333793736372624e-04
1.025000000000000000e+05 2.313369493235961421e-04 1.083227560282059004e-03 8.165730069723692048e-04
1.026000000000000000e+05 2.077179125464240087e-04 4.615216643101281756e-04 8.111714445058198098e-04
1.027000000000000000e+05 2.284571025772019932e-04 5.349166256903135517e-04 7.523720604013496788e-04
1.028000000000000000e+05 2.122060445082949928e-04 4.850549267367662738e-04 7.749644658789616586e-04
1.029000000000000000e+05 1.990521679741058883e-04 4.920537995446276625e-04 8.364124789448591692e-04
1.030000000000000000e+05 1.829560005778088118e-04 3.746555652092992822e-04 7.663230885398443623e-04
1.031000000000000000e+05 1.754415921956177689e-04 3.760756631695207292e-04 7.447426684532386766e-04
1.032000000000000000e+05 2.198998323593594597e-04 4.104129188900623205e-04 7.827201699413171903e-04
1.033000000000000000e+05 2.188798519773428987e-04 4.244113371213210657e-04 8.192603219554617884e-04
1.034000000000000000e+05 1.707679130429866484e-04 3.853663768733376011e-04 7.511187889065761882e-04
1.035000000000000000e+05 2.085552737918841548e-04 5.290977425195822438e-04 7.886164989724327211e-04
1.036000000000000000e+05 2.036563206298262676e-04 4.064182652605219598e-04 7.865117885304443281e-04
1.037000000000000000e+05 1.912287338702030976e-04 4.097848177021887889e-04 7.308134799865154563e-04
1.038000000000000000e+05 2.382989767678111255e-04 7.486002050603353386e-04 8.221219124453113493e-04
1.039000000000000000e+05 2.348205864276242932e-04 5.580885107885313586e-04 8.114632427961360672e-04
1.040000000000000000e+05 1.924755512664670480e-04 4.629193221351075469e-04 7.246756111802657224e-04
1.041000000000000000e+05 2.115079890704636527e-04 5.047246239989461704e-04 7.758140478887018974e-04
1.042000000000000000e+05 2.323240114045529818e-04 6.356225958254608762e-04 8.273622364383250794e-04
1.043000000000000000e+05 2.214338921768153282e-04 6.060875759103596027e-04 7.995190633330802625e-04
1.044000000000000000e+05 2.254807574049493219e-04 6.712188319173223667e-04 8.000515547180963010e-04
1.045000000000000000e+05 2.383363607981917954e-04 8.098127240221802406e-04 8.614809837685628944e-04
1.046000000000000000e+05 2.463388059841452272e-04 8.583608356930996428e-04 8.602698054818420188e-04
1.047000000000000000e+05 2.430816329732469767e-04 9.010462917251141910e-04 8.191238888438869990e-04
1.048000000000000000e+05 2.846532474778252879e-04 1.062197841626147648e-03 8.863183259340687769e-04
1.049000000000000000e+05 3.310893063939085229e-04 1.205753475772968278e-03 9.217849337090663724e-04
1.050000000000000000e+05 3.426812887080433198e-04 1.432345102367765756e-03 9.378954314520729666e-04
1.051000000000000000e+05 3.432984902277662776e-04 1.589031372224872533e-03 1.003606229078017175e-03
1.052000000000000000e+05 3.744790682104021063e-04 1.763715084304481699e-03 1.038423518709076033e-03
1.053000000000000000e+05 3.592013935065416609e-04 1.723604286789614734e-03 1.053432367649310064e-03
1.054000000000000000e+05 4.097020975505004077e-04 1.708804471137383412e-03 1.043434589587426825e-03
1.055000000000000000e+05 3.375930251468254499e-04 1.454618402205627931e-03 9.518065965449248140e-04
1.056000000000000000e+05 3.834508943813802863e-04 1.740961147755414745e-03 1.036508281752002809e-03
1.057000000000000000e+05 4.603205202910578067e-04 1.945071537073243557e-03 1.102934494814649617e-03
1.058000000000000000e+05 4.350480561901582657e-04 1.938543994980264449e-03 1.112008772901959715e-03
1.059000000000000000e+05 4.431772745271430995e-04 1.953696375805363816e-03 1.139259869626388149e-03
1.060000000000000000e+05 4.887207392515913618e-04 2.051041546756516773e-03 1.181247491779085839e-03
1.061000000000000000e+05 5.420971711260849386e-04 2.136185394751408725e-03 1.211807334742099783e-03
1.062000000000000000e+05 5.343664625535216213e-04 2.121459237350722862e-03 1.207563109865659578e-03
1.063000000000000000e+05 5.291146123592305054e-04 2.132233561874981743e-03 1.214512368629804689e-03
1.064000000000000000e+05 4.586002338690264466e-04 1.710124317669712950e-03 1.072278402444616554e-03
1.065000000000000000e+05 4.928556032586506579e-04 1.937021101238236252e-03 1.140630003406593049e-03
1.066000000000000000e+05 6.006292921341000986e-04 2.284358508516309144e-03 1.291336775750981597e-03
1.067000000000000000e+05 6.135982585222423801e-04 2.322271326653535702e-03 1.319383372359428375e-03
1.068000000000000000e+05 6.646476086686463900e-04 2.269667607261063001e-03 1.334564567177007506e-03
1.069000000000000000e+05 5.658534877959046396e-04 1.847986835901387634e-03 1.229440891253121048e-03
1.070000000000000000e+05 5.355485652593766892e-04 1.726710843520301575e-03 1.177338913511281589e-03
1.071000000000000000e+05 6.147999631606925527e-04 2.089490707701646688e-03 1.268748794386614530e-03
1.072000000000000000e+05 7.061467803099911534e-04 2.413470573835129612e-03 1.395256261534847265e-03
1.073000000000000000e+05 7.253453751771504841e-04 2.390431612234058308e-03 1.393812857031121550e-03
1.074000000000000000e+05 7.148551484807636261e-04 2.384155411104610205e-03 1.380745780804506617e-03
1.075000000000000000e+05 8.153481177005757674e-04 2.827233773349013910e-03 1.451445496409482522e-03
1.076000000000000000e+05 8.468645340922729189e-04 2.812882561624509108e-03 1.386288698746879211e-03
1.077000000000000000e+05 8.032708773429927691e-04 2.702169012703902959e-03 1.349413628131674323e-03
1.078000000000000000e+05 7.102888179463212430e-04 2.456608394672034519e-03 1.310555334544148383e-03
1.079000000000000000e+05 6.515802420791748676e-04 2.246875533233622796e-03 1.219876547714025339e-03
1.080000000000000000e+05 6.007182743914845540e-04 2.021909720539559561e-03 1.146065645130152138e-03
1.081000000000000000e+05 3.986499769853666829e-04 1.281244975417895502e-03 9.323366648277474052e-04
1.082000000000000000e+05 4.843136367815858989e-04 1.592788467420413719e-03 1.009697158582035679e-03
1.083000000000000000e+05 5.162726038170598487e-04 1.728557451132471364e-03 1.054231546819615721e-03
1.084000000000000000e+05 5.314356943666452603e-04 1.740732461876050036e-03 1.049041558929296415e-03
1.085000000000000000e+05 4.903548234008573998e-04 1.630228956780136731e-03 1.073328277370133067e-03
1.086000000000000000e+05 4.491264383563945816e-04 1.435285344831937863e-03 1.030221986016248469e-03
1.087000000000000000e+05 3.953130781010927601e-04 1.257508454873414606e-03 9.790051165027911610e-04
1.088000000000000000e+05 4.042678372999327675e-04 1.124397657713965175e-03 9.746709938017537444e-04
1.089000000000000000e+05 4.424733077207711500e-04 1.295345635328491035e-03 1.014738764652136152e-03
1.090000000000000000e+05 5.323057891592321636e-04 1.610945411882496337e-03 1.109014647491884508e-03
1.091000000000000000e+05 5.952373567393883349e-04 1.794511055073839956e-03 1.199729613171163656e-03
1.092000000000000000e+05 5.384917390044057298e-04 1.672779674233144031e-03 1.131351712934089209e-03
1.093000000000000000e+05 4.297217228351038259e-04 1.230294565226239343e-03 9.983626816688114924e-04
1.094000000000000000e+05 4.053755814409971568e-04 1.170670345348112044e-03 9.814490949595481607e-04
1.095000000000000000e+05 3.916327583079618271e-04 1.154814481569586609e-03 9.824195910544861708e-04
1.096000000000000000e+05 3.593795884171010167e-04 1.056189322939857494e-03 9.544023710156839153e-04
1.097000000000000000e+05 3.317226273618640708e-04 1.005911588449675230e-03 9.235037139797984580e-04
1.098000000000000000e+05 3.411791273627423626e-04 9.640494643353956800e-04 9.071785034112679873e-04
1.099000000000000000e+05 3.206338195033471995e-04 8.815400190095700611e-04 8.788253819210919363e-04
1.100000000000000000e+05 2.945886183040838553e-04 8.162165282750093826e-04 8.558192618730956500e-04
1.101000000000000000e+05 2.959292796207600371e-04 8.343945803541995060e-04 8.721982944888557457e-04
1.102000000000000000e+05 2.823980375902020038e-04 7.601857855872064251e-04 8.509068069678195128e-04
1.103000000000000000e+05 2.549694358955530149e-04 6.345178773579686349e-04 8.134778813681006315e-04
1.104000000000000000e+05 2.038172045929846068e-04 4.145458568885790774e-04 7.552943254851954323e-04
1.105000000000000000e+05 1.952627419950340743e-04 3.623436583963460115e-04 7.329382168196371498e-04
1.106000000000000000e+05 2.117111249344922827e-04 3.732245419227126675e-04 7.331694852810197822e-04
1.107000000000000000e+05 2.092179906376105030e-04 4.317200423411530650e-04 7.551296511003047478e-04
1.108000000000000000e+05 1.959904435008353934e-04 3.648493541614808390e-04 7.386536268031600790e-04
1.109000000000000000e+05 2.310829515758428291e-04 3.894474017295786530e-04 7.297815903915830455e-04
1.110000000000000000e+05 1.858972142365654173e-04 3.662852329496632964e-04 7.418666261485169213e-04
1.111000000000000000e+05 2.149770084921638798e-04 4.117331437731759376e-04 7.637888796743560896e-04
1.112000000000000000e+05 2.302539364278001358e-04 4.742138178534833094e-04 7.842209599203175735e-04
1.113000000000000000e+05 2.142576835525327513e-04 4.025944579740457730e-04 7.648332616015257341e-04
1.114000000000000000e+05 1.958002565072549869e-04 3.424237812311449990e-04 7.440783174591890500e-04
1.115000000000000000e+05 1.938235864400807184e-04 3.545081649017086224e-04 7.617047827323777031e-04
1.116000000000000000e+05 1.972750340726641891e-04 3.633255851005280949e-04 7.607838852161202510e-04
1.117000000000000000e+05 1.979493206045590667e-04 3.710647655129475702e-04 7.824777351090033556e-04
1.118000000000000000e+05 1.904802081009821174e-04 3.649079091235671530e-04 7.400348245412460271e-04
1.119000000000000000e+05 1.929453234491316583e-04 3.600824919564494945e-04 7.077159402935156128e-04
1.120000000000000000e+05 1.948989263817125410e-04 3.704129392836559304e-04 7.034279031682734180e-04
1.121000000000000000e+05 2.137756644049406025e-04 4.080183623211948657e-04 7.310230694819537436e-04
1.122000000000000000e+05 2.209035832856250364e-04 7.131756341851081026e-04 7.896138926745858251e-04
1.123000000000000000e+05 1.935773253199675860e-04 4.719317951073590542e-04 8.282518780433195931e-04
1.124000000000000000e+05 2.030343196408263343e-04 3.890869352454300045e-04 8.246441188563698697e-04
1.125000000000000000e+05 2.183557538105418113e-04 8.749560240406037935e-04 7.735682247257128418e-04
1.126000000000000000e+05 2.217149480425900957e-04 4.938451828019424462e-04 7.378132090536634099e-04
1.127000000000000000e+05 2.107785796241353708e-04 3.763865854585497338e-04 7.938016296490575142e-04
1.128000000000000000e+05 1.991365667303545252e-04 4.459540218582252243e-04 7.632008159031202508e-04
1.129000000000000000e+05 2.279171275244529183e-04 5.920014433281218114e-04 7.772269884376209253e-04
1.130000000000000000e+05 2.223199486506412335e-04 5.159686259712341610e-04 7.997737766387027179e-04
1.131000000000000000e+05 2.262472784370743450e-04 3.957285320363494686e-04 7.994274524341996035e-04
1.132000000000000000e+05 2.032405451870031125e-04 9.871134836175444148e-04 7.551463642449821002e-04
1.133000000000000000e+05 2.014623029587796080e-04 4.018051743403493192e-04 7.236804160264419033e-04
1.134000000000000000e+05 2.287133884963864997e-04 4.403406003001656983e-04 7.964265541321611987e-04
1.135000000000000000e+05 1.957869104525683567e-04 6.182491323536813688e-04 7.591405612758782588e-04
1.136000000000000000e+05 2.036337573668354183e-04 4.341681052681959285e-04 7.167279539618002984e-04
1.137000000000000000e+05 2.093558309218176159e-04 4.187560464340677998e-04 7.454550769626693213e-04
1.138000000000000000e+05 2.001587800164107049e-04 5.790024730984437863e-04 7.481413271250280392e-04
1.139000000000000000e+05 1.991004395096446222e-04 4.275208749294332920e-04 7.501579272745651774e-04
1.140000000000000000e+05 1.647037329972270278e-04 3.752986351232922126e-04 7.813823006581547929e-04
1.141000000000000000e+05 1.845123967172559000e-04 3.742461266230001247e-04 7.530943305778561555e-04
1.142000000000000000e+05 1.597474527953484302e-04 3.571022832604293104e-04 7.246744729896095229e-04
1.143000000000000000e+05 1.889089080703307364e-04 3.741271473923492253e-04 7.550670848543225696e-04
1.144000000000000000e+05 1.842131142641889509e-04 3.919082137511802240e-04 7.557560904844750618e-04
1.145000000000000000e+05 1.748947380864233426e-04 4.187919726587500469e-04 7.496756259466228704e-04
1.146000000000000000e+05 1.634770505476456932e-04 3.431315475403625423e-04 7.259237970726530606e-04
1.147000000000000000e+05 1.774833027904171778e-04 3.821105973126438576e-04 7.200961382600566544e-04
1.148000000000000000e+05 1.651910898898938931e-04 3.753238552238059422e-04 7.375610112266395941e-04
1.149000000000000000e+05 1.631567530531790808e-04 3.885668600349313122e-04 7.510662169636645857e-04
1.150000000000000000e+05 1.897897295451164788e-04 3.681484825755724924e-04 7.485699484088347922e-04
1.151000000000000000e+05 1.892791490410276629e-04 4.464843947118303080e-04 7.504346594788540315e-04
1.152000000000000000e+05 1.750464719354142412e-04 3.523764761599987479e-04 7.191521462910586146e-04
1.153000000000000000e+05 2.346584776799051815e-04 5.355129967794053586e-04 7.351286368632487011e-04
1.154000000000000000e+05 1.908807771433759532e-04 3.774057719356879335e-04 7.514925100325637979e-04
1.155000000000000000e+05 2.059516371974978981e-04 4.511117880956189543e-04 7.834427527193785516e-04
1.156000000000000000e+05 2.005889516322066548e-04 3.972532319574396649e-04 7.998249224692768325e-04
1.157000000000000000e+05 1.987705299936214955e-04 4.249489800064174590e-04 7.895202723503436017e-04
1.158000000000000000e+05 2.136018442439724776e-04 4.380355641419215757e-04 7.797860385126206958e-04
1.159000000000000000e+05 1.724351868642334763e-04 3.516608065475941786e-04 7.618167323108239724e-04
1.160000000000000000e+05 1.884510104864415376e-04 4.317136124489576697e-04 8.137778672538807006e-04
1.161000000000000000e+05 2.086466193802444073e-04 5.882829005873115155e-04 9.140282847657728088e-04
1.162000000000000000e+05 1.980420319697375657e-04 4.606617438300025964e-04 8.672444513867330921e-04
1.163000000000000000e+05 1.830008055964376518e-04 4.407733204176816346e-04 8.038553655562206230e-04
1.164000000000000000e+05 1.801005268599443305e-04 3.754295906588344918e-04 7.791878060991212426e-04
1.165000000000000000e+05 1.696685578436769480e-04 3.752171785439896608e-04 7.648641146753760479e-04
1.166000000000000000e+05 1.771861654329035625e-04 4.218497405842489478e-04 7.343957589231327708e-04
1.167000000000000000e+05 1.473458922073490234e-04 3.948116274681143711e-04 7.287791835527110450e-04
1.168000000000000000e+05 1.727944454252295639e-04 4.254861972769713278e-04 7.411392156107492321e-04
1.169000000000000000e+05 1.717211206361968917e-04 4.354288034288857773e-04 7.246750515741821365e-04
1.170000000000000000e+05 1.595922815909992833e-04 3.720651511519611557e-04 6.609818214265175641e-04
1.171000000000000000e+05 1.351575278142249509e-04 3.303289253831648026e-04 6.039913288871095066e-04
1.172000000000000000e+05 1.623358049893582089e-04 3.482276894550976666e-04 6.008373071185205095e-04
1.173000000000000000e+05 1.629816931916882173e-04 3.480028906394952936e-04 5.769676132683369991e-04
1.174000000000000000e+05 3.316618915849367608e-04 1.292876181018577609e-03 7.357256090456266561e-04
1.175000000000000000e+05 3.209439514764167727e-04 2.173917357332916332e-03 7.286451904849782554e-04
1.176000000000000000e+05 3.167650219721992273e-04 1.344909633983992943e-03 4.609477807713482532e-04
1.177000000000000000e+05 2.327390653392669379e-04 4.602099096858627142e-04 4.240269286297662188e-04
1.178000000000000000e+05 2.329608411416396766e-04 5.085269008690149412e-04 5.619316588091017792e-04
1.179000000000000000e+05 1.404000368287300587e-04 3.531340577515745295e-04 3.708612209705045341e-04
1.180000000000000000e+05 1.055388686252040097e-04 2.637602811297252753e-04 3.806562068701933345e-04
1.181000000000000000e+05 7.302259715683765686e-05 1.524997084530732832e-04 3.249937426773697271e-04
1.182000000000000000e+05 9.710571920523865773e-05 2.217612989016933336e-04 3.404807082370247921e-04
1.183000000000000000e+05 6.858535236667882579e-05 3.873945678931092177e-04 2.857059369309675732e-04
1.184000000000000000e+05 6.519473172507915526e-05 2.922131698732336868e-04 2.947861620405571939e-04
1.185000000000000000e+05 6.514088287628590343e-05 1.410248110788347477e-04 2.872664744737863209e-04
1.186000000000000000e+05 9.998253905231724780e-05 2.595747415140653110e-04 3.226858311665053232e-04
1.187000000000000000e+05 6.877466188392184604e-05 3.504023070464747092e-04 2.927913050298594803e-04
1.188000000000000000e+05 5.870348585617696973e-05 1.346587955505875486e-04 2.768596636796129620e-04
1.189000000000000000e+05 8.719955470445886936e-05 2.186959959576644907e-04 3.146853659395397788e-04
1.190000000000000000e+05 6.005551665721572843e-05 1.196368955037943051e-04 2.883265921018203092e-04
1.191000000000000000e+05 6.138801295953137259e-05 1.373892447512084990e-04 2.839997313476286191e-04
1.192000000000000000e+05 7.334993106283910973e-05 1.420212972341572237e-04 2.900381959162237318e-04
1.193000000000000000e+05 6.935488583858972415e-05 1.365981271088164827e-04 2.698952388202435597e-04
1.194000000000000000e+05 5.640529978446649686e-05 1.080759355844905067e-04 2.288708647838737112e-04
1.195000000000000000e+05 4.050853967506505234e-05 8.111940379713667186e-05 2.132367776850953333e-04
1.196000000000000000e+05 4.997242540422542484e-05 9.093952727512702081e-05 2.114827356514543640e-04
1.197000000000000000e+05 4.815658431933146372e-05 1.298739869800155330e-04 2.092505363203491517e-04
1.198000000000000000e+05 5.696125711022618837e-05 3.295089822141646606e-04 1.956085127102447313e-04
1.199000000000000000e+05 1.104884296400598335e-04 4.496415406294261823e-04 2.465599047892945753e-04
