9.000000000000000000e+04 1.295871942647364768e-04 2.344381262125139719e-04 1.245424262266854468e-03
9.010000000000000000e+04 1.073960636516866230e-04 2.263776488156516407e-04 1.120192385897452120e-03
9.020000000000000000e+04 2.318328034449671990e-04 5.378651992430046914e-04 1.216533653114704574e-03
9.030000000000000000e+04 1.525768454493283549e-04 3.482082034813262141e-04 1.093312777197428740e-03
9.040000000000000000e+04 2.233674636627723791e-04 4.584792398703452926e-04 1.291456771621901428e-03
9.050000000000000000e+04 1.716355804186389927e-04 3.982920746631859674e-04 1.338424016123672443e-03
9.060000000000000000e+04 2.378406702170485394e-04 4.278061527268968607e-04 1.355281204477362189e-03
9.070000000000000000e+04 1.566425575711433583e-04 3.107293005191764240e-04 1.225391744411931556e-03
9.080000000000000000e+04 6.715018638163872556e-05 1.505891106621184842e-04 8.560103834319959370e-04
9.090000000000000000e+04 5.880620697960349270e-05 1.087876913529831633e-04 8.587261053533176269e-04
9.100000000000000000e+04 9.610954430244148146e-05 2.078745496132153271e-04 8.979630734247133527e-04
9.110000000000000000e+04 1.131421019543767939e-04 2.048657317756635409e-04 9.575432276631388193e-04
9.120000000000000000e+04 8.949594124463603438e-05 1.452935807540729849e-04 1.017906192270491257e-03
9.130000000000000000e+04 7.981697922194346331e-05 1.250181424378750406e-04 1.039142432219096294e-03
9.140000000000000000e+04 8.807283249015365571e-05 1.897960918967264449e-04 1.083867696243244342e-03
9.150000000000000000e+04 7.505080465978228137e-05 1.320840002982004609e-04 1.097572347944172173e-03
9.160000000000000000e+04 8.633853864489912308e-05 1.803539286235318704e-04 1.114901320567651373e-03
9.170000000000000000e+04 6.803000103112306039e-05 1.652102746952334097e-04 1.126862626701597260e-03
9.180000000000000000e+04 7.770235336930107414e-05 1.798194929443221960e-04 1.167888853436457527e-03
9.190000000000000000e+04 5.158989253722869213e-05 1.257820722871910539e-04 1.215214707181477274e-03
9.200000000000000000e+04 1.325861309067167485e-04 2.388136283576350674e-04 1.340910438490263475e-03
9.210000000000000000e+04 1.124543363853966471e-04 2.381097388437160463e-04 1.495544115430799377e-03
9.220000000000000000e+04 1.534230330664024516e-04 2.646871454330618559e-04 1.541375872742898993e-03
9.230000000000000000e+04 1.442546741061978555e-04 2.618834696707320747e-04 1.587164168989935176e-03
9.240000000000000000e+04 7.098619353739562404e-05 1.642581920111253410e-04 1.584730987853531520e-03
9.250000000000000000e+04 1.436541428635428313e-04 3.620054406872981641e-04 1.579848660641602637e-03
9.260000000000000000e+04 1.014387635341453334e-04 2.147265819048319816e-04 1.592731084093837153e-03
9.270000000000000000e+04 1.325627506875218242e-04 2.721129390000490752e-04 1.605229287954436021e-03
9.280000000000000000e+04 1.333074635689987693e-04 2.939945381291589679e-04 1.619200578896896458e-03
9.290000000000000000e+04 1.165165965307949150e-04 2.465927374260042798e-04 1.603238666408491860e-03
9.300000000000000000e+04 7.900473686553270702e-05 2.867064484455279609e-04 1.643910737338997096e-03
9.310000000000000000e+04 1.156899385142396135e-04 1.952327431414494635e-04 1.658352432413247226e-03
9.320000000000000000e+04 1.233153932816857899e-04 3.173484920483266285e-04 1.678406695004842865e-03
9.330000000000000000e+04 7.904609750376974907e-05 1.468233780997981342e-04 1.663291716497690073e-03
9.340000000000000000e+04 1.177611400198937640e-04 2.354300296029802377e-04 1.666696465252486339e-03
9.350000000000000000e+04 1.258934176399813774e-04 2.450613042617730882e-04 1.645249850438551499e-03
9.360000000000000000e+04 9.431097695993180020e-05 1.802887809378081463e-04 1.627531602413298485e-03
9.370000000000000000e+04 1.836217983596688703e-04 2.486551264098775440e-04 1.678996091667627789e-03
9.380000000000000000e+04 1.354332350610881232e-04 2.747934096009464321e-04 1.669257050969836804e-03
9.390000000000000000e+04 1.419038040022546111e-04 3.306856970651356979e-04 1.730265380255698385e-03
9.400000000000000000e+04 1.055654791185429726e-04 2.280356220369121265e-04 1.707153131643415452e-03
9.410000000000000000e+04 1.286030348431391451e-04 2.307397773740550891e-04 1.658867637549012999e-03
9.420000000000000000e+04 1.013054582990507210e-04 2.282427065196169277e-04 1.658529132924490158e-03
9.430000000000000000e+04 1.506750365623981455e-04 2.468732521382762876e-04 1.742828073574622608e-03
9.440000000000000000e+04 1.407976939813212081e-04 2.772276580826939230e-04 1.733546580653843455e-03
9.450000000000000000e+04 1.583090679316287788e-04 2.540544881744059326e-04 1.685749399078527878e-03
9.460000000000000000e+04 1.161347443774719303e-04 2.481757852847723232e-04 1.596450053267159689e-03
9.470000000000000000e+04 1.093853596131118960e-04 2.261890316391746911e-04 1.596250321361575167e-03
9.480000000000000000e+04 1.047197382360862735e-04 2.186898998230196907e-04 1.597996819279316012e-03
9.490000000000000000e+04 1.572199167781847262e-04 2.586216609967730527e-04 1.571277756586945268e-03
9.500000000000000000e+04 8.856069553015203343e-05 1.886739140224183951e-04 1.605784623494254998e-03
9.510000000000000000e+04 7.860367479036183165e-05 1.631987025376786717e-04 1.602100581145229560e-03
9.520000000000000000e+04 1.241957724770520639e-04 2.365201800845167894e-04 1.613901896168635228e-03
9.530000000000000000e+04 1.430543122499690345e-04 3.497305428956025246e-04 1.653967217916957810e-03
9.540000000000000000e+04 1.184378554504158989e-04 3.603257383682975917e-04 1.675316974963930814e-03
9.550000000000000000e+04 1.402606504676158754e-04 3.116261586486306513e-04 1.776509883592762009e-03
9.560000000000000000e+04 1.362372550940411497e-04 2.462061280129167889e-04 1.785628085461272432e-03
9.570000000000000000e+04 1.344938352913446246e-04 2.520946043232819705e-04 1.729114216091114532e-03
9.580000000000000000e+04 1.398430918164114169e-04 2.106283349372719584e-04 1.766462228978925558e-03
9.590000000000000000e+04 1.469714898723437253e-04 2.940660941887225221e-04 1.816582816596027305e-03
9.600000000000000000e+04 1.251772398436414458e-04 3.184127973820194760e-04 1.795995855052843300e-03
9.610000000000000000e+04 1.029309358131882176e-04 2.343728984153525818e-04 1.797298850163120800e-03
9.620000000000000000e+04 1.276629972181229228e-04 2.673526400350028590e-04 1.794883910618343039e-03
9.630000000000000000e+04 1.308758857141059228e-04 2.054634173163886069e-04 1.755720331967392488e-03
9.640000000000000000e+04 1.079108578890630808e-04 1.917271845247531595e-04 1.751588760643592920e-03
9.650000000000000000e+04 1.198496967514113380e-04 2.042095170564088742e-04 1.799705239918106183e-03
9.660000000000000000e+04 1.522641868779231206e-04 2.889309314739862272e-04 1.831880776895204775e-03
9.670000000000000000e+04 1.534547246072133411e-04 2.695196028243542017e-04 1.958488354207537849e-03
9.680000000000000000e+04 1.242139046079733522e-04 3.124370738829410424e-04 1.866943355349233360e-03
9.690000000000000000e+04 1.039155367181807468e-04 2.790070602320764408e-04 1.764335868261314964e-03
9.700000000000000000e+04 1.438896247523571790e-04 2.749108357386895792e-04 1.665085483138766149e-03
9.710000000000000000e+04 1.082945350209254479e-04 2.426587357533035311e-04 1.671183825716373228e-03
9.720000000000000000e+04 1.407963624304770130e-04 2.990409718101518649e-04 1.724007440816749262e-03
9.730000000000000000e+04 1.189759239322986210e-04 2.099979939399960246e-04 1.773730594999324388e-03
9.740000000000000000e+04 1.151373803878303573e-04 2.300961480064598989e-04 1.765792211958456615e-03
9.750000000000000000e+04 2.259541634726189036e-04 3.926526470678607262e-04 1.770682931087268902e-03
9.760000000000000000e+04 1.591644962218303865e-04 3.063992476403276828e-04 1.762339878854278117e-03
9.770000000000000000e+04 1.790603645106022407e-04 4.011263245204204318e-04 1.847251588455341154e-03
9.780000000000000000e+04 1.342884848390193953e-04 3.021851465911408723e-04 1.840810390743870218e-03
9.790000000000000000e+04 1.633966763538027226e-04 3.854445818042631644e-04 1.849763979355514365e-03
9.800000000000000000e+04 1.004242216342278969e-04 2.543273562908537466e-04 1.818072758598744806e-03
9.810000000000000000e+04 1.091821446999525266e-04 2.257508555287954157e-04 1.818854770749112060e-03
9.820000000000000000e+04 1.961264862521657285e-04 4.572649287206348792e-04 1.852134455171074081e-03
9.830000000000000000e+04 1.387205168370206094e-04 3.672873834751246968e-04 1.832302189372973962e-03
9.840000000000000000e+04 8.989436933688711370e-05 2.364154682840124977e-04 1.771961821445929355e-03
9.850000000000000000e+04 1.498272941370787890e-04 2.718576419129552137e-04 1.866988239944378800e-03
9.860000000000000000e+04 1.058959422189657742e-04 2.119069687503913075e-04 1.862016492978193615e-03
9.870000000000000000e+04 1.118776803234037588e-04 2.082638040132402980e-04 1.910314922676382976e-03
9.880000000000000000e+04 1.768694777500325315e-04 3.220507459883194517e-04 1.912516798336101609e-03
9.890000000000000000e+04 9.704546692397607657e-05 2.349138019519616573e-04 1.881890806856898780e-03
9.900000000000000000e+04 1.226808425011619453e-04 2.413736978327310750e-04 1.875059020739443683e-03
9.910000000000000000e+04 1.940468902833000081e-04 3.216257436362544332e-04 1.935965308260498285e-03
9.920000000000000000e+04 1.300745348196638042e-04 3.068874323556526271e-04 1.953820727475957288e-03
9.930000000000000000e+04 1.072446230504554582e-04 1.965295527597125426e-04 1.915350611260374257e-03
9.940000000000000000e+04 1.281705620762823693e-04 2.871021778873222938e-04 2.028984201455941942e-03
9.950000000000000000e+04 1.225459987479271887e-04 2.356467265259994635e-04 2.047006848082782039e-03
9.960000000000000000e+04 1.691999448336484711e-04 3.100058315934255473e-04 2.066449991805525879e-03
9.970000000000000000e+04 1.529698874670650920e-04 2.802859760626062995e-04 2.002687298027746969e-03
9.980000000000000000e+04 1.252116088061856584e-04 2.815687489099005097e-04 1.938943369664747861e-03
9.990000000000000000e+04 2.133380694932516305e-04 3.788862815180067591e-04 2.037357259874030338e-03
1.000000000000000000e+05 1.759239514995071443e-04 3.486950290874449038e-04 1.964259646218732922e-03
1.001000000000000000e+05 1.405607566596805188e-04 3.115810015627243530e-04 1.869143844574785085e-03
1.002000000000000000e+05 1.190145575747330979e-04 2.521306556466382590e-04 1.875951474902251472e-03
1.003000000000000000e+05 1.231943057910921818e-04 3.428005498402868917e-04 1.891324115812365991e-03
1.004000000000000000e+05 1.677407136012846068e-04 3.274300525209217216e-04 1.860639988729891016e-03
1.005000000000000000e+05 1.415687392782615569e-04 3.355107672149794992e-04 1.876203007997864422e-03
1.006000000000000000e+05 1.431884672965578250e-04 2.718926378567356698e-04 1.862940867066072148e-03
1.007000000000000000e+05 1.404637661463247270e-04 2.705040434693921185e-04 1.897505454753383239e-03
1.008000000000000000e+05 1.300741990700278114e-04 2.330318792015924692e-04 1.907994638451059044e-03
1.009000000000000000e+05 1.591274179300579752e-04 2.798552831432591335e-04 1.933313721807106578e-03
1.010000000000000000e+05 2.211109228939052342e-04 3.486510425920617742e-04 1.989526528996937542e-03
1.011000000000000000e+05 1.966388470220547732e-04 3.589044501985207743e-04 1.925624432215567285e-03
1.012000000000000000e+05 1.789540002727334905e-04 3.524690229288729958e-04 1.974215796419883685e-03
1.013000000000000000e+05 1.590298646083022557e-04 2.768831518733501709e-04 2.000846153590505466e-03
1.014000000000000000e+05 1.522960522657886007e-04 2.986844135234052039e-04 2.065375521443506366e-03
1.015000000000000000e+05 2.000263199711748395e-04 3.411446854632471833e-04 2.187396131398396809e-03
1.016000000000000000e+05 1.996173782081505851e-04 3.945206628524805699e-04 2.181221398081117230e-03
1.017000000000000000e+05 1.325081960155305612e-04 3.030273593213838289e-04 1.962384800638362209e-03
1.018000000000000000e+05 1.442401227700900075e-04 2.425360172284029593e-04 1.918497728275668848e-03
1.019000000000000000e+05 1.181551232522384896e-04 2.240919510714623007e-04 1.987169357483793437e-03
1.020000000000000000e+05 1.287083967136380160e-04 2.917855194117437850e-04 1.998537552783888858e-03
1.021000000000000000e+05 1.136079157463992274e-04 2.088682953416253624e-04 2.016580356638467044e-03
1.022000000000000000e+05 1.352474570864058492e-04 2.073556696713598109e-04 2.036254210935599645e-03
1.023000000000000000e+05 1.239781388548189846e-04 2.997414165302218422e-04 2.082905291890892879e-03
1.024000000000000000e+05 1.503449696149572901e-04 3.104391542607368073e-04 2.079830814692314438e-03
1.025000000000000000e+05 1.314754486832253773e-04 2.437819656655355882e-04 2.132573133325998266e-03
1.026000000000000000e+05 1.759032246838689896e-04 3.061790151599515925e-04 2.227386678186466223e-03
1.027000000000000000e+05 2.539891377666683367e-04 4.254865014208931810e-04 2.332074341202637711e-03
1.028000000000000000e+05 1.605449635415396193e-04 2.538237191715222735e-04 2.057146358490815740e-03
1.029000000000000000e+05 1.752858120809518139e-04 2.630291585904573001e-04 2.023430264912647915e-03
1.030000000000000000e+05 2.042048973862151812e-04 3.529048102744914046e-04 2.183951929963613009e-03
1.031000000000000000e+05 2.100269836591199622e-04 3.543697039180930802e-04 2.061413827472634904e-03
1.032000000000000000e+05 1.093264850467159845e-04 2.582496998514407973e-04 2.044776293603113929e-03
1.033000000000000000e+05 1.573447954488018958e-04 3.016548519934345116e-04 2.073909024565893672e-03
1.034000000000000000e+05 1.486682062862973094e-04 3.645748050758392152e-04 2.139852281442045697e-03
1.035000000000000000e+05 1.988682628370197752e-04 4.283623729051998317e-04 2.002994803416556068e-03
1.036000000000000000e+05 1.579263158722201636e-04 3.678514627886394269e-04 2.035593834399040351e-03
1.037000000000000000e+05 1.499502752557882543e-04 3.153609406459430709e-04 2.012563236433189198e-03
1.038000000000000000e+05 1.402298133944674102e-04 2.676225066084113834e-04 1.919723602082607861e-03
1.039000000000000000e+05 1.846375468518234551e-04 3.152528038984315703e-04 1.915067964712123018e-03
1.040000000000000000e+05 1.549147378646171993e-04 3.345360665686547465e-04 1.956149689712407321e-03
1.041000000000000000e+05 1.360334998374613819e-04 2.998744492842067306e-04 1.897962378987162399e-03
1.042000000000000000e+05 1.637079608391180368e-04 3.604611861450655787e-04 1.884787151753648457e-03
1.043000000000000000e+05 1.282553705070782219e-04 2.326024634204538599e-04 1.879685248374668351e-03
1.044000000000000000e+05 2.141573460555676409e-04 3.855830883919191075e-04 1.913161439606042135e-03
1.045000000000000000e+05 1.860176700447578688e-04 3.641035658624519004e-04 1.905593876315338567e-03
1.046000000000000000e+05 1.544991703666337771e-04 2.855641661833328068e-04 1.908481336180057166e-03
1.047000000000000000e+05 1.954372772692456687e-04 3.186234060723565960e-04 1.925309031302175310e-03
1.048000000000000000e+05 1.696413182158994833e-04 2.976302738421814694e-04 1.946257854921066080e-03
1.049000000000000000e+05 1.893805694002047811e-04 2.861807232609823830e-04 1.953655493918150625e-03
1.050000000000000000e+05 2.366325458395767377e-04 4.327614186209259410e-04 1.999481933597242050e-03
1.051000000000000000e+05 1.823810780129644839e-04 3.089204184156429164e-04 1.998891774315877078e-03
1.052000000000000000e+05 1.966976680082520301e-04 3.941715460576522383e-04 2.022791714607580487e-03
1.053000000000000000e+05 1.802139945978045374e-04 3.479232349644142269e-04 2.040276851089259554e-03
1.054000000000000000e+05 1.592057948541687491e-04 3.706584219332848072e-04 2.037535687347504041e-03
1.055000000000000000e+05 1.813008770480250414e-04 5.319059678340295506e-04 2.056910711424358995e-03
1.056000000000000000e+05 2.342686055412592123e-04 4.650970326106505445e-04 2.048497894575416166e-03
1.057000000000000000e+05 2.156220506432172165e-04 4.506115147381733761e-04 2.061580063827892113e-03
1.058000000000000000e+05 1.731948408938736254e-04 4.342468131499144842e-04 2.046125809008118510e-03
1.059000000000000000e+05 2.197892796337299823e-04 4.583318813296786975e-04 2.078176871608609227e-03
1.060000000000000000e+05 2.346395716371517046e-04 4.978798803721880273e-04 2.091615297440748474e-03
1.061000000000000000e+05 2.237763353072383214e-04 6.637953622035067808e-04 2.097898665336237443e-03
1.062000000000000000e+05 2.906797528358672812e-04 7.734624014009579794e-04 2.162871211875090193e-03
1.063000000000000000e+05 2.390066852313900165e-04 7.474060008889587669e-04 2.153832101602909301e-03
1.064000000000000000e+05 2.712413294386260918e-04 9.088196417688504652e-04 2.152216094671287501e-03
1.065000000000000000e+05 3.241661913777130199e-04 9.276890296404040510e-04 2.158420312206821897e-03
1.066000000000000000e+05 3.080187682268004969e-04 8.608092053246441458e-04 2.216745479851050388e-03
1.067000000000000000e+05 3.289810443116200200e-04 1.019187550088871764e-03 2.263550038097460540e-03
1.068000000000000000e+05 3.187881159481082902e-04 9.594103635094941573e-04 2.272860131219833421e-03
1.069000000000000000e+05 2.349455967429526539e-04 8.459738450311933208e-04 2.253268813585068350e-03
1.070000000000000000e+05 3.189556030227132504e-04 8.800962969262012079e-04 2.229872625511558279e-03
1.071000000000000000e+05 3.399876563070975723e-04 1.005973782407196173e-03 2.316188331705416881e-03
1.072000000000000000e+05 4.121879324816119482e-04 1.146724742092621735e-03 2.369563157954644034e-03
1.073000000000000000e+05 3.505320952181920253e-04 8.745873260234539141e-04 2.427731589900252590e-03
1.074000000000000000e+05 2.851664970471203681e-04 8.215078134771272057e-04 2.390329353096463157e-03
1.075000000000000000e+05 4.241906845289904193e-04 1.182548872015014730e-03 2.466390201244540292e-03
1.076000000000000000e+05 4.005160728776072272e-04 1.300324565005431168e-03 2.443620719580373232e-03
1.077000000000000000e+05 4.189445933112470079e-04 1.005830896594436807e-03 2.396895089194672063e-03
1.078000000000000000e+05 3.300223870146569947e-04 9.164358458024443078e-04 2.309021288745244371e-03
1.079000000000000000e+05 2.906344963326855727e-04 7.629486742238059636e-04 2.272652521998851267e-03
1.080000000000000000e+05 3.008242540468032255e-04 9.422539689059007077e-04 2.247710447075961307e-03
1.081000000000000000e+05 3.182770155581693926e-04 1.075666215815110870e-03 2.238117871022390036e-03
1.082000000000000000e+05 2.617190419280748283e-04 9.589987676737929921e-04 2.222065113714154477e-03
1.083000000000000000e+05 2.437087302881450930e-04 1.066615054955783338e-03 2.254148847135341131e-03
1.084000000000000000e+05 2.672463823278708149e-04 1.032536185651860335e-03 2.268927872715105053e-03
1.085000000000000000e+05 2.602670390422670392e-04 9.768315639220453983e-04 2.262219360807852554e-03
1.086000000000000000e+05 1.639161038978907865e-04 6.408903081562894108e-04 2.260220732434380358e-03
1.087000000000000000e+05 2.047760452398893552e-04 6.534171582149575150e-04 2.251736715014390419e-03
1.088000000000000000e+05 1.780699403125989358e-04 6.130930879460817252e-04 2.261315912004118779e-03
1.089000000000000000e+05 1.723393404521661107e-04 6.017184575807417446e-04 2.283205538376775843e-03
1.090000000000000000e+05 1.693741669295304418e-04 6.719378061088212423e-04 2.399148368157469607e-03
1.091000000000000000e+05 1.755937994074052190e-04 6.410163164756355232e-04 2.460628697045821531e-03
1.092000000000000000e+05 1.808318325857522987e-04 7.030460008609147778e-04 2.442464872635353394e-03
1.093000000000000000e+05 2.064855690712902661e-04 6.538375354029142723e-04 2.342747204987357442e-03
1.094000000000000000e+05 1.890395609879785138e-04 4.562936805307272331e-04 2.275133798445541818e-03
1.095000000000000000e+05 1.779964925282566043e-04 4.343712991007825722e-04 2.280112770171586166e-03
1.096000000000000000e+05 1.589568797731913917e-04 3.488478638530019375e-04 2.238987476639914178e-03
1.097000000000000000e+05 1.755104517115052554e-04 4.753019262555150184e-04 2.205559272299558934e-03
1.098000000000000000e+05 1.462007281103692817e-04 3.607306115566630278e-04 2.195870475577935046e-03
1.099000000000000000e+05 9.402220233921182099e-05 2.433488717239824968e-04 2.166179213261080951e-03
1.100000000000000000e+05 9.608046527551832375e-05 2.632441779905161407e-04 2.135066083700354507e-03
1.101000000000000000e+05 1.557216324432433331e-04 2.942025848687171777e-04 2.136732176846036207e-03
1.102000000000000000e+05 1.940719193594900999e-04 3.392119857786469322e-04 2.111613925230417486e-03
1.103000000000000000e+05 1.589166374773751892e-04 3.217369541951432387e-04 2.111346076010652256e-03
1.104000000000000000e+05 1.327376216749471573e-04 3.042959239059916422e-04 2.087303778889242588e-03
1.105000000000000000e+05 1.775500684666785674e-04 3.547705466415940982e-04 2.075791215344669621e-03
1.106000000000000000e+05 1.467203393164739304e-04 3.003301441518635342e-04 2.037097275358909585e-03
1.107000000000000000e+05 2.310951415978109054e-04 3.950185260247910182e-04 2.038328844594684396e-03
1.108000000000000000e+05 1.889441728543472896e-04 3.296669448765697247e-04 2.047213363053706874e-03
1.109000000000000000e+05 1.675921297773295526e-04 3.052356679490427025e-04 2.039544252363511938e-03
1.110000000000000000e+05 2.245738125839960141e-04 4.299197508575087253e-04 2.050048436055275283e-03
1.111000000000000000e+05 1.527199079595364939e-04 3.600447037132074000e-04 2.091994935920749119e-03
1.112000000000000000e+05 1.406857971969813735e-04 3.484550474506741512e-04 2.109313349173941744e-03
1.113000000000000000e+05 1.003310544504041994e-04 2.460177429281082059e-04 2.104106359428630640e-03
1.114000000000000000e+05 1.333502906737369948e-04 2.454453829945030339e-04 2.084926527091704885e-03
1.115000000000000000e+05 1.504377559955721432e-04 3.171233667912706344e-04 2.094696819874145629e-03
1.116000000000000000e+05 1.662609952674241366e-04 3.601370991976678322e-04 2.121812441750013135e-03
1.117000000000000000e+05 1.006824154420648057e-04 2.565685774243990809e-04 2.174743742935819017e-03
1.118000000000000000e+05 1.127479411372261583e-04 2.610056027582481793e-04 2.144263683584922593e-03
1.119000000000000000e+05 2.217736943721619614e-04 3.641217363745665944e-04 2.079298957529496922e-03
1.120000000000000000e+05 1.527018715970641493e-04 3.102749184853068314e-04 2.038361687848544435e-03
1.121000000000000000e+05 1.022287285317681135e-04 2.320149337526368483e-04 2.133086695057881659e-03
1.122000000000000000e+05 1.037826523846395455e-04 2.315906039625568839e-04 2.176864567367976528e-03
1.123000000000000000e+05 1.610369919449331291e-04 2.730021942559000478e-04 2.215155938669817123e-03
1.124000000000000000e+05 1.223097944761603398e-04 3.691525332715547142e-04 2.264944690525614625e-03
1.125000000000000000e+05 1.351089578981354809e-04 3.662625136023590043e-04 2.294065595983225958e-03
1.126000000000000000e+05 1.897868769530353106e-04 3.334923405446561795e-04 2.138143017257413715e-03
1.127000000000000000e+05 1.771910987556739314e-04 3.520549122369830836e-04 2.219866385202108952e-03
1.128000000000000000e+05 1.430782519632693012e-04 3.060928151615810271e-04 2.244799813731545267e-03
1.129000000000000000e+05 2.223851917550240427e-04 4.047593205760667556e-04 2.185623637950153460e-03
1.130000000000000000e+05 1.285020622234997467e-04 3.145235037148204349e-04 2.214610139076513863e-03
1.131000000000000000e+05 1.578592440492220146e-04 3.643197857238333198e-04 2.321195731772081154e-03
1.132000000000000000e+05 1.532874623763474942e-04 3.771857213539083972e-04 2.282134285924602903e-03
1.133000000000000000e+05 1.206904342001546837e-04 2.656308255612623535e-04 2.141976892778194117e-03
1.134000000000000000e+05 2.305400512296789176e-04 4.601676699169990857e-04 2.248722856848333045e-03
1.135000000000000000e+05 2.255777694245143621e-04 4.265772343127259385e-04 2.391722370147502698e-03
1.136000000000000000e+05 1.952385061688424392e-04 3.609141513615881335e-04 2.145016854148828946e-03
1.137000000000000000e+05 2.007197641167453826e-04 3.504780025311488890e-04 2.162710501251496019e-03
1.138000000000000000e+05 1.751504970025062093e-04 4.037703209845253279e-04 2.178223168654759394e-03
1.139000000000000000e+05 1.438402568540485607e-04 2.734644850464823182e-04 2.168754867223090382e-03
1.140000000000000000e+05 2.413641318349539662e-04 4.323477242455008376e-04 2.263505471811578379e-03
1.141000000000000000e+05 1.741515001761353119e-04 4.148095043338515149e-04 2.376985162418187702e-03
1.142000000000000000e+05 1.870209789037206513e-04 3.493416467778881658e-04 2.203639233465318984e-03
1.143000000000000000e+05 1.912195819530043001e-04 3.726658016858456351e-04 2.184806834665499985e-03
1.144000000000000000e+05 2.099794007188724755e-04 4.309433880524530559e-04 2.234422775152526599e-03
1.145000000000000000e+05 2.123055379220990975e-04 5.106184700159233265e-04 2.255612921516990908e-03
1.146000000000000000e+05 1.596761505134815413e-04 3.995084242928862231e-04 2.228739511357596438e-03
1.147000000000000000e+05 2.141487415782124086e-04 5.140275412333131753e-04 2.147730132749014510e-03
1.148000000000000000e+05 2.045714502591053537e-04 4.089080987191595108e-04 2.164137116829307084e-03
1.149000000000000000e+05 2.050720796168662048e-04 4.201915355730306834e-04 2.189690708679182390e-03
1.150000000000000000e+05 1.821594799640445170e-04 4.084058988009391968e-04 2.198746733443740324e-03
1.151000000000000000e+05 1.528506495734600727e-04 3.273164950180667068e-04 2.198509544997766935e-03
1.152000000000000000e+05 1.510843473245988833e-04 2.797262130171890640e-04 2.274614663549504295e-03
1.153000000000000000e+05 1.490076997685868716e-04 4.072942465458027558e-04 2.254810091624643090e-03
1.154000000000000000e+05 2.013408562632312652e-04 3.435725679866029510e-04 2.261930987676055629e-03
1.155000000000000000e+05 1.623794775600533903e-04 3.221139007099161136e-04 2.333317329368946296e-03
1.156000000000000000e+05 2.032411290821484542e-04 3.318456468476994187e-04 2.296953105974207723e-03
1.157000000000000000e+05 2.062565918343243175e-04 3.578027165154064153e-04 2.282356408354595939e-03
1.158000000000000000e+05 1.517363482374900312e-04 3.516371592616543418e-04 2.281290719230343305e-03
1.159000000000000000e+05 1.844097892063304572e-04 3.394257537684608125e-04 2.242957952544211760e-03
1.160000000000000000e+05 2.300783570693405548e-04 4.074167036604643861e-04 2.337309922763496344e-03
1.161000000000000000e+05 2.425490313737997151e-04 4.130998543344548482e-04 2.410512502950101776e-03
1.162000000000000000e+05 2.258334628900357001e-04 4.809096742980417324e-04 2.376011339922276880e-03
1.163000000000000000e+05 1.369212265646918385e-04 2.872226777709614882e-04 2.332671155806648102e-03
1.164000000000000000e+05 1.403765484781108012e-04 3.020782822433813394e-04 2.331865962883636345e-03
1.165000000000000000e+05 2.566758208905170653e-04 6.124876256405789414e-04 2.478003887502629437e-03
1.166000000000000000e+05 3.401823703252119732e-04 9.339436928127668042e-04 2.786905163197626531e-03
1.167000000000000000e+05 1.818774475864089017e-04 4.727560230905068946e-04 2.294376374998211184e-03
1.168000000000000000e+05 1.174014125659415299e-04 1.844317479384339348e-04 2.210725383107816494e-03
1.169000000000000000e+05 2.619753171061969983e-04 4.589732478745642968e-04 2.568617918940737776e-03
1.170000000000000000e+05 2.746759261234329834e-04 5.924143521753573276e-04 2.675080615307142296e-03
1.171000000000000000e+05 3.453169807138200750e-04 7.327470819040449168e-04 2.901808537177696067e-03
1.172000000000000000e+05 3.322238272370657206e-04 7.410426316818690545e-04 3.686641176496072148e-03
1.173000000000000000e+05 3.410997416450766047e-04 7.735776960092061172e-04 2.651047900568042140e-03
1.174000000000000000e+05 8.746296829954881055e-04 2.363745986683967598e-03 2.550575815897356859e-03
1.175000000000000000e+05 1.232398320213928724e-03 4.788846636385664032e-03 2.724819502176879793e-03
1.176000000000000000e+05 2.305321624559027692e-04 4.028735680467879828e-04 1.376177879378158745e-03
1.177000000000000000e+05 3.829889910699295873e-04 7.077396147339846174e-04 1.108696581363215975e-03
1.178000000000000000e+05 3.406744668206522410e-04 7.717885114838388214e-04 1.485152619545409333e-03
1.179000000000000000e+05 6.262728457243930610e-04 1.262749257074319807e-03 2.133962872387953208e-03
1.180000000000000000e+05 4.012376507582732579e-04 7.587256219352919197e-04 2.056392064869429475e-03
1.181000000000000000e+05 3.606894932045429363e-04 7.380148366640892996e-04 1.762277342990297650e-03
1.182000000000000000e+05 2.512167510592615109e-04 5.750657210172177569e-04 1.645140732368299049e-03
1.183000000000000000e+05 1.480778957455116578e-04 3.108021894800633636e-04 9.176513813913873439e-04
1.184000000000000000e+05 8.237745534335331500e-05 1.608857137238384281e-04 8.979922674587159995e-04
1.185000000000000000e+05 1.689729087643891334e-04 3.654965282013299902e-04 1.244089964769515451e-03
1.186000000000000000e+05 1.363481030693761706e-04 2.897315593077478971e-04 1.057732368012087414e-03
1.187000000000000000e+05 1.020398028212382568e-04 2.165626014114130794e-04 1.002628474574858560e-03
1.188000000000000000e+05 1.935370567356217621e-04 3.841802108573008287e-04 1.098750023772824538e-03
1.189000000000000000e+05 1.985460560922475658e-04 3.342578315870703854e-04 1.199728388778911574e-03
1.190000000000000000e+05 1.189962116836256086e-04 2.503680954091935112e-04 1.156305693103395257e-03
1.191000000000000000e+05 9.552908083343186665e-05 1.749210560762776015e-04 8.487423376996007995e-04
1.192000000000000000e+05 9.762377087917746468e-05 2.236692174123508341e-04 8.877261074047875693e-04
1.193000000000000000e+05 2.309855838577019437e-04 4.702055451053298134e-04 1.281228983403667667e-03
1.194000000000000000e+05 1.719364754279688323e-04 3.251770873236351465e-04 9.853202193620053725e-04
1.195000000000000000e+05 3.317550793211605179e-05 1.105092642480208802e-04 5.762572461393215394e-04
1.196000000000000000e+05 2.613138523321000776e-05 5.579780727641737992e-05 5.343100146523700007e-04
1.197000000000000000e+05 1.293134988587412489e-04 3.555169138250362064e-04 6.745025080797653269e-04
1.198000000000000000e+05 3.828057881137393679e-04 7.622083355924742787e-04 1.589568353417763992e-03
1.199000000000000000e+05 2.583584512246624339e-04 4.924323658268721631e-04 1.159521188312754442e-03
