9.000000000000000000e+04 3.729037909090744023e-04 7.616917332636448943e-04 1.325069042890365638e-03
9.010000000000000000e+04 3.368656694739402546e-04 1.176469033357801413e-03 1.434717486748833580e-03
9.020000000000000000e+04 7.861302933177237440e-04 2.978384685540223266e-03 1.947869730683271126e-03
9.030000000000000000e+04 1.133915972237268437e-03 3.625560227409238903e-03 2.280571674174673887e-03
9.040000000000000000e+04 1.069419441634962813e-03 3.667455024019630055e-03 2.374096151671013007e-03
9.050000000000000000e+04 1.379318502157033223e-03 4.178761882012638727e-03 2.729954532479145560e-03
9.060000000000000000e+04 7.871368480216593168e-04 2.176970322097634448e-03 1.878771805059093391e-03
9.070000000000000000e+04 6.397486167727456027e-04 1.630022568015962892e-03 1.567333867337828909e-03
9.080000000000000000e+04 3.542034035478042056e-04 1.004788685686312799e-03 1.279670216401299987e-03
9.090000000000000000e+04 3.237212148638866785e-04 6.196097363987150336e-04 1.181410097599781481e-03
9.100000000000000000e+04 3.457066332186673743e-04 6.878354010150749100e-04 1.218563732928954488e-03
9.110000000000000000e+04 3.855631499622589817e-04 7.910359771269130646e-04 1.265158190417506366e-03
9.120000000000000000e+04 3.268168363291018477e-04 7.449401255314226384e-04 1.288259024820899825e-03
9.130000000000000000e+04 3.653677256571488587e-04 7.778136962482470190e-04 1.339333524683553392e-03
9.140000000000000000e+04 2.892130286444812882e-04 7.489806895007702827e-04 1.352362183153720671e-03
9.150000000000000000e+04 3.233400966470697732e-04 7.916883323783895955e-04 1.380059187988579884e-03
9.160000000000000000e+04 3.427079779886644823e-04 8.010263233746092466e-04 1.402451630418588948e-03
9.170000000000000000e+04 3.948370719730081614e-04 8.211893691993585320e-04 1.443472734585182077e-03
9.180000000000000000e+04 2.888342367872642411e-04 6.547533964313507430e-04 1.470201373554049645e-03
9.190000000000000000e+04 3.705385338305220051e-04 1.039478118439226889e-03 1.539075195947820678e-03
9.200000000000000000e+04 3.999228309231757893e-04 1.181317772407987484e-03 1.613567283299810256e-03
9.210000000000000000e+04 4.263800113727498221e-04 1.042191642933541513e-03 1.759091695439992655e-03
9.220000000000000000e+04 4.904948617254650291e-04 1.169305037924810251e-03 1.855921800773464858e-03
9.230000000000000000e+04 4.508896600271660587e-04 9.834693978664475235e-04 1.826871814047920095e-03
9.240000000000000000e+04 4.153369518155643897e-04 1.010312194140204753e-03 1.822484154720487156e-03
9.250000000000000000e+04 4.520323592668118277e-04 8.306953015457183009e-04 1.758876777380912609e-03
9.260000000000000000e+04 3.103139588080706945e-04 8.453333817957590490e-04 1.713846192090414311e-03
9.270000000000000000e+04 4.035184336903024829e-04 9.160409870421384708e-04 1.709267170269539995e-03
9.280000000000000000e+04 5.332676121884197783e-04 9.775936078184272252e-04 1.700499427408181177e-03
9.290000000000000000e+04 4.956048535057859788e-04 9.879353038513671425e-04 1.734783837971832273e-03
9.300000000000000000e+04 4.416339828052569683e-04 8.737543855413768424e-04 1.739969260094915721e-03
9.310000000000000000e+04 4.058646437431463836e-04 8.718922168604239121e-04 1.733745808290533107e-03
9.320000000000000000e+04 3.505358503275025472e-04 7.563491842236750706e-04 1.737048471543308457e-03
9.330000000000000000e+04 4.421383269026587116e-04 9.149267782510659558e-04 1.751701610985877166e-03
9.340000000000000000e+04 4.161135646501548310e-04 9.201456881094891276e-04 1.724084650936389069e-03
9.350000000000000000e+04 4.850337442306709625e-04 1.155270163670348450e-03 1.734011649815077544e-03
9.360000000000000000e+04 4.166393382183922103e-04 9.086417976574298703e-04 1.743708503838080695e-03
9.370000000000000000e+04 4.703380173232145269e-04 9.810689915678392093e-04 1.743801906495997742e-03
9.380000000000000000e+04 4.420509345884390123e-04 9.166077375821867889e-04 1.755760109586710022e-03
9.390000000000000000e+04 3.611734538014458630e-04 9.363953749259657303e-04 1.788085571988061971e-03
9.400000000000000000e+04 4.017938685301639199e-04 9.191195050458698512e-04 1.806925778234125604e-03
9.410000000000000000e+04 3.824495182639356568e-04 8.126286076871904168e-04 1.764366983229761999e-03
9.420000000000000000e+04 4.448439834108157756e-04 8.606359412340590116e-04 1.769592586875371387e-03
9.430000000000000000e+04 4.020566683741299413e-04 8.353086003793498519e-04 1.763655845534839017e-03
9.440000000000000000e+04 4.200971094266577575e-04 9.104077908997411112e-04 1.740926651674048553e-03
9.450000000000000000e+04 4.831449201124341820e-04 8.395245662771539871e-04 1.728063919122271950e-03
9.460000000000000000e+04 4.099016667526995516e-04 8.269609881864656634e-04 1.726193184822248866e-03
9.470000000000000000e+04 3.898990884344025708e-04 7.770651941523788134e-04 1.728578463990958864e-03
9.480000000000000000e+04 3.930743870964852754e-04 7.906665768966027359e-04 1.742025038583754591e-03
9.490000000000000000e+04 4.575992645865377319e-04 9.609186161174852140e-04 1.744119508325343328e-03
9.500000000000000000e+04 4.267512335825265381e-04 9.542483587199643118e-04 1.743552075032956186e-03
9.510000000000000000e+04 4.799951980595416282e-04 9.252092462660604661e-04 1.750908167428989314e-03
9.520000000000000000e+04 4.557330218089977996e-04 1.020435376223175535e-03 1.745891414770841003e-03
9.530000000000000000e+04 4.606803619418675232e-04 1.034144285487635997e-03 1.783080255420178102e-03
9.540000000000000000e+04 3.778293112055787668e-04 8.250310669944719774e-04 1.803898286445977574e-03
9.550000000000000000e+04 5.146564304060931988e-04 1.129187196371841126e-03 1.823449917195463449e-03
9.560000000000000000e+04 4.047217703095900166e-04 9.653562860053171990e-04 1.831816504196649925e-03
9.570000000000000000e+04 4.936218846569590934e-04 1.136749966957946271e-03 1.832489885945250184e-03
9.580000000000000000e+04 4.707268431862240542e-04 9.248979513613029332e-04 1.851530494891159839e-03
9.590000000000000000e+04 5.060164085654700588e-04 9.508933903616340402e-04 1.875816618954552527e-03
9.600000000000000000e+04 4.469235866664429679e-04 8.942287522574522435e-04 1.883737884888281701e-03
9.610000000000000000e+04 4.783327888180954109e-04 1.003455002145693230e-03 1.863483449872681838e-03
9.620000000000000000e+04 4.457397513061712568e-04 9.285373137577525304e-04 1.880160869983274518e-03
9.630000000000000000e+04 6.246362715524118783e-04 2.124100066181736600e-03 2.003175567133230837e-03
9.640000000000000000e+04 6.098537278437371478e-04 1.573308508518062119e-03 2.001246532729869694e-03
9.650000000000000000e+04 5.692858364235860950e-04 1.190226315760078198e-03 1.943930754745204449e-03
9.660000000000000000e+04 5.714925447261091050e-04 1.100544024572116652e-03 1.937388795605664640e-03
9.670000000000000000e+04 5.680056763628243705e-04 1.117584432675367999e-03 1.917746926974961321e-03
9.680000000000000000e+04 4.974013685431983092e-04 1.140624582803665809e-03 1.915602605841859943e-03
9.690000000000000000e+04 4.959650847635424433e-04 1.148424318020695167e-03 1.853742579376695078e-03
9.700000000000000000e+04 4.336544489998961881e-04 9.469231117846933863e-04 1.820808100661982587e-03
9.710000000000000000e+04 4.983254002410178289e-04 9.741482111388592019e-04 1.842143528441559253e-03
9.720000000000000000e+04 4.164126031465762053e-04 9.151866090959762546e-04 1.864797794485420447e-03
9.730000000000000000e+04 4.859702349617495577e-04 1.023814719240086603e-03 1.856360534095659234e-03
9.740000000000000000e+04 4.759246121724101681e-04 9.926316162217785777e-04 1.880459981004800087e-03
9.750000000000000000e+04 5.744437535228402638e-04 1.163693412462294720e-03 1.888120947652197892e-03
9.760000000000000000e+04 4.442926984322159191e-04 1.142855753415313340e-03 1.900453225894858890e-03
9.770000000000000000e+04 5.491767048823870123e-04 1.175962518346649688e-03 1.904600631691339427e-03
9.780000000000000000e+04 4.181782349522750360e-04 1.092026733302759508e-03 1.903032836593237642e-03
9.790000000000000000e+04 4.987332302663811685e-04 1.098955899286838990e-03 1.933763635683862772e-03
9.800000000000000000e+04 5.557340807073774154e-04 1.281762064385520879e-03 1.964722740115042512e-03
9.810000000000000000e+04 4.865015554962957411e-04 9.321490841690991628e-04 1.911156600118472503e-03
9.820000000000000000e+04 5.330710600524337078e-04 1.107421038987390065e-03 1.914640513558041367e-03
9.830000000000000000e+04 6.338669919781802272e-04 1.291283717383822542e-03 1.945570477197025149e-03
9.840000000000000000e+04 6.130429105529657668e-04 1.165676367950818507e-03 1.942663615305328896e-03
9.850000000000000000e+04 5.604064757974355770e-04 1.178204134329387427e-03 1.946465617755520870e-03
9.860000000000000000e+04 5.611341925690364798e-04 1.106066639552535881e-03 2.015621658521685091e-03
9.870000000000000000e+04 5.839024734784667957e-04 1.259830073517185806e-03 2.028630539603395403e-03
9.880000000000000000e+04 5.893737600892320298e-04 1.191884186378048020e-03 2.016740558704986294e-03
9.890000000000000000e+04 5.615992679621514654e-04 1.117305292347788200e-03 2.020971039156035931e-03
9.900000000000000000e+04 5.791669015027412631e-04 1.110764964440147298e-03 2.004036587956916499e-03
9.910000000000000000e+04 5.208318407459321033e-04 1.141817811199568938e-03 2.061089757075825531e-03
9.920000000000000000e+04 6.311685231717670697e-04 1.346454772545131349e-03 2.103606937195489236e-03
9.930000000000000000e+04 5.765303133931744869e-04 1.291269593637213225e-03 2.075526860628099015e-03
9.940000000000000000e+04 5.154932799863304587e-04 1.019114971734883532e-03 2.102918703565867520e-03
9.950000000000000000e+04 4.696190317924409715e-04 9.784406407211752432e-04 2.104898168381965935e-03
9.960000000000000000e+04 6.533712377938378189e-04 1.243142549620238242e-03 2.154048552483666008e-03
9.970000000000000000e+04 6.161448362069490634e-04 1.332638466169259149e-03 2.164337584655668181e-03
9.980000000000000000e+04 5.161676429423097366e-04 1.125778840513391114e-03 2.116945793299681005e-03
9.990000000000000000e+04 5.368836843146838466e-04 1.119987068407699666e-03 2.058646259245520364e-03
1.000000000000000000e+05 5.992860527476305717e-04 1.240090532070439906e-03 2.055073027256724798e-03
1.001000000000000000e+05 5.459161901489829535e-04 1.115470171017950585e-03 1.982980226875557909e-03
1.002000000000000000e+05 4.609329615673793748e-04 9.196319915339467091e-04 1.980150462490806468e-03
1.003000000000000000e+05 4.886824201085577992e-04 1.050881614977468076e-03 1.980203533811789301e-03
1.004000000000000000e+05 5.789543539950674309e-04 1.132549335721038481e-03 1.984004759684599665e-03
1.005000000000000000e+05 4.611059557686951558e-04 1.032110203697318490e-03 1.980742378977223481e-03
1.006000000000000000e+05 4.830625232586909651e-04 1.050530433878509983e-03 1.978118171490872348e-03
1.007000000000000000e+05 4.787948238837600942e-04 9.312472001473310647e-04 2.028442495757493309e-03
1.008000000000000000e+05 5.126780150890763912e-04 1.028887865618375403e-03 2.071437749533272879e-03
1.009000000000000000e+05 4.848058839316763801e-04 1.001704807801844259e-03 2.066515797200785525e-03
1.010000000000000000e+05 5.649835604136475842e-04 1.268145571509495580e-03 2.083912640050642525e-03
1.011000000000000000e+05 6.004680794361738367e-04 1.486800788944267265e-03 2.138095859936124492e-03
1.012000000000000000e+05 5.791284859598252663e-04 1.365817522585797625e-03 2.206883713103871287e-03
1.013000000000000000e+05 6.232679880249793712e-04 1.197144424031629933e-03 2.217353683586345547e-03
1.014000000000000000e+05 6.584954954999364812e-04 1.135641616861408475e-03 2.218620017294783801e-03
1.015000000000000000e+05 7.072836514820126080e-04 1.535571195919389767e-03 2.332708217480397150e-03
1.016000000000000000e+05 8.031150069372219261e-04 1.776964194676460300e-03 2.454230861118144192e-03
1.017000000000000000e+05 7.747165679447538898e-04 1.810265498107802755e-03 2.342009551192483080e-03
1.018000000000000000e+05 7.427569240718849986e-04 1.777048598358615299e-03 2.275579084480333983e-03
1.019000000000000000e+05 8.985184320111307046e-04 2.389304079469442392e-03 2.353501042819664511e-03
1.020000000000000000e+05 8.140229592683474475e-04 2.838688305203456060e-03 2.431192582967881856e-03
1.021000000000000000e+05 9.382499742499590765e-04 2.678587676567260184e-03 2.446954336106657146e-03
1.022000000000000000e+05 7.545795166165336371e-04 2.203045660785781824e-03 2.428881414338157456e-03
1.023000000000000000e+05 7.355257068034134343e-04 1.737163726975623265e-03 2.409945794730934416e-03
1.024000000000000000e+05 5.889761335492512545e-04 1.322936693039733057e-03 2.325399762326189283e-03
1.025000000000000000e+05 7.756197004643516305e-04 1.801914997163516852e-03 2.386787830958422320e-03
1.026000000000000000e+05 8.677700576474672248e-04 2.143580872404017047e-03 2.627603373159291284e-03
1.027000000000000000e+05 1.081933779036785368e-03 2.380636041913132897e-03 2.778731933021979985e-03
1.028000000000000000e+05 8.496635529874607944e-04 2.579350672165257700e-03 2.517059909236413900e-03
1.029000000000000000e+05 8.319463530719814481e-04 3.034269677889255175e-03 2.442449290868770224e-03
1.030000000000000000e+05 8.133595092837924822e-04 2.683578756274982574e-03 2.571500913369677635e-03
1.031000000000000000e+05 8.679257271633625866e-04 1.898936936127828623e-03 2.515300880729716415e-03
1.032000000000000000e+05 8.334685604846749172e-04 2.346068942314133605e-03 2.443064132627806306e-03
1.033000000000000000e+05 8.306673055278380492e-04 2.375782856468730032e-03 2.492659063317182160e-03
1.034000000000000000e+05 8.596663124376148751e-04 2.192952252354464331e-03 2.531454563646251456e-03
1.035000000000000000e+05 8.611437772949623141e-04 2.719062853812734010e-03 2.439475042955613002e-03
1.036000000000000000e+05 9.103840256556438183e-04 2.986868946546986786e-03 2.444689699345470313e-03
1.037000000000000000e+05 9.797531621533125696e-04 3.284286436359197016e-03 2.506616301286619056e-03
1.038000000000000000e+05 9.446820739443756530e-04 4.254188677191198843e-03 2.444474633561129207e-03
1.039000000000000000e+05 9.003665918697377826e-04 3.628753785346730976e-03 2.447176127790835331e-03
1.040000000000000000e+05 8.981776110999085266e-04 2.980312102427877096e-03 2.462294958803573717e-03
1.041000000000000000e+05 9.588340396879007407e-04 3.878443437996198853e-03 2.464263854932294620e-03
1.042000000000000000e+05 1.011618270201347126e-03 4.270889828318030421e-03 2.508710002348733554e-03
1.043000000000000000e+05 1.074475530190974757e-03 4.112289981936616962e-03 2.569414531805592952e-03
1.044000000000000000e+05 1.035083361772018819e-03 4.283543302948986109e-03 2.592915849803764574e-03
1.045000000000000000e+05 1.139672897875090027e-03 4.579387168259963121e-03 2.654311145813104556e-03
1.046000000000000000e+05 1.140248340360205470e-03 4.527273857046239594e-03 2.671489581921513562e-03
1.047000000000000000e+05 1.220399810087879639e-03 4.114481654246653075e-03 2.757476619083904824e-03
1.048000000000000000e+05 1.179831426589688162e-03 4.206131286985173579e-03 2.844650551909546927e-03
1.049000000000000000e+05 1.242967190993850713e-03 4.295000754690634845e-03 2.900417383584703683e-03
1.050000000000000000e+05 1.317474726524597113e-03 4.656265927950020353e-03 3.040970928147275661e-03
1.051000000000000000e+05 1.327307367344038227e-03 4.673031148822377398e-03 3.065594146830431539e-03
1.052000000000000000e+05 1.378518159699710505e-03 4.935502064391441429e-03 3.113149234088292104e-03
1.053000000000000000e+05 1.433583928546636709e-03 4.939524144777062559e-03 3.146885419109137893e-03
1.054000000000000000e+05 1.343696184156700215e-03 4.283618406337085828e-03 3.099648582121243990e-03
1.055000000000000000e+05 1.387763673406784519e-03 4.173847961132124036e-03 3.148629996271457704e-03
1.056000000000000000e+05 1.459094771312862511e-03 4.265108395946405097e-03 3.211727728454585439e-03
1.057000000000000000e+05 1.468412753943346659e-03 4.303401454671001471e-03 3.226109464561028109e-03
1.058000000000000000e+05 1.348944694569158189e-03 4.199325404821674726e-03 3.175161764124218890e-03
1.059000000000000000e+05 1.381530923575113043e-03 4.140810605152196559e-03 3.185962358786360946e-03
1.060000000000000000e+05 1.403722704313215648e-03 4.321248401545517946e-03 3.235821760057435662e-03
1.061000000000000000e+05 1.433918428535961445e-03 4.011767200363268795e-03 3.337257495752431018e-03
1.062000000000000000e+05 1.637114368742580151e-03 4.283563955092326188e-03 3.455796171610523229e-03
1.063000000000000000e+05 1.581656039074573732e-03 4.245737371609666945e-03 3.495465538084277773e-03
1.064000000000000000e+05 1.602837396731724914e-03 4.381471100060658173e-03 3.487667300128154818e-03
1.065000000000000000e+05 1.659569605397658715e-03 4.330706460140622792e-03 3.496987075065706267e-03
1.066000000000000000e+05 1.727574678410876471e-03 4.435848402305353141e-03 3.514315577538995854e-03
1.067000000000000000e+05 1.635469892794518508e-03 4.221234842170429671e-03 3.469433671667115655e-03
1.068000000000000000e+05 1.401187011064607482e-03 3.683722930905154128e-03 3.329650552070319552e-03
1.069000000000000000e+05 1.441817312078560879e-03 3.314976139881012883e-03 3.188386704291878808e-03
1.070000000000000000e+05 1.347275387436618803e-03 3.662699976796390464e-03 3.179447497131739162e-03
1.071000000000000000e+05 1.471730513449876453e-03 4.294957434719592210e-03 3.343050493033154422e-03
1.072000000000000000e+05 1.608710172065311176e-03 4.359875243635287327e-03 3.512983145283599291e-03
1.073000000000000000e+05 1.542598149216194798e-03 4.127940820666075976e-03 3.486231406125683222e-03
1.074000000000000000e+05 1.538107666569783890e-03 4.142632621664048623e-03 3.457504529116839885e-03
1.075000000000000000e+05 1.627853294165566974e-03 4.568934545861136863e-03 3.575624382100172586e-03
1.076000000000000000e+05 1.729225597068331658e-03 5.140386008962194095e-03 3.680429786150818307e-03
1.077000000000000000e+05 1.693893079049020502e-03 4.746303296147528702e-03 3.609380583878152131e-03
1.078000000000000000e+05 1.628603733041915748e-03 4.373205455175019872e-03 3.395701403995919285e-03
1.079000000000000000e+05 1.445482382647665610e-03 3.830479409766060842e-03 3.244339904530189195e-03
1.080000000000000000e+05 1.461946101289510842e-03 3.935625230450389561e-03 3.201983366717620072e-03
1.081000000000000000e+05 1.431779467029960489e-03 3.938029995318429247e-03 3.203029132322523197e-03
1.082000000000000000e+05 1.480939423938201077e-03 3.795508984794818130e-03 3.234190659531356246e-03
1.083000000000000000e+05 1.526734904830268948e-03 4.164334979933842842e-03 3.310709651272439411e-03
1.084000000000000000e+05 1.567908815404854116e-03 4.011104891109347481e-03 3.317515840858114521e-03
1.085000000000000000e+05 1.381787065959824397e-03 3.682350115994651417e-03 3.229477297950705903e-03
1.086000000000000000e+05 1.272439649512425606e-03 3.287714494676346501e-03 3.086306857846245894e-03
1.087000000000000000e+05 1.133532384518561118e-03 2.865323556106609895e-03 2.956668584950189384e-03
1.088000000000000000e+05 1.112708139162086815e-03 2.899788053533467087e-03 2.902707738521856547e-03
1.089000000000000000e+05 1.119771067139047884e-03 3.434614873532331435e-03 3.009415385495390911e-03
1.090000000000000000e+05 1.206818681876716676e-03 3.308342357105577888e-03 3.150435198128581724e-03
1.091000000000000000e+05 1.150628011667377461e-03 3.324735632724603717e-03 3.146381815051680839e-03
1.092000000000000000e+05 1.203822528861423630e-03 3.407684669772675923e-03 3.115841284891216791e-03
1.093000000000000000e+05 1.219737265353130562e-03 3.059586081931296372e-03 3.028510307740730351e-03
1.094000000000000000e+05 1.055617669058053114e-03 2.616464190398493615e-03 2.885520115456452917e-03
1.095000000000000000e+05 9.574812308363448744e-04 2.644210335929487489e-03 2.800826392874506115e-03
1.096000000000000000e+05 1.005399856301692450e-03 2.741404196875437630e-03 2.789641106376789578e-03
1.097000000000000000e+05 1.008179700549130964e-03 2.811941653587755191e-03 2.763730218970506924e-03
1.098000000000000000e+05 9.503762287766436348e-04 2.605288519565155964e-03 2.743029399606978277e-03
1.099000000000000000e+05 1.017551149079819455e-03 2.776504139234064333e-03 2.708905174973297737e-03
1.100000000000000000e+05 9.337194228191613658e-04 2.450323589250270016e-03 2.622306145760439772e-03
1.101000000000000000e+05 8.788774418117424863e-04 2.225071586063617247e-03 2.561515236659422413e-03
1.102000000000000000e+05 7.373032689377428690e-04 2.308832102003431121e-03 2.533462071344253635e-03
1.103000000000000000e+05 7.524867512700577927e-04 1.877600770885983405e-03 2.461626603840617877e-03
1.104000000000000000e+05 7.327474206158199072e-04 1.905249478370738556e-03 2.458106397338215114e-03
1.105000000000000000e+05 6.912345286189556723e-04 1.637957207592301203e-03 2.431534947183563306e-03
1.106000000000000000e+05 7.490112054414391988e-04 1.647594559893139502e-03 2.433528662886068859e-03
1.107000000000000000e+05 7.256035286375380530e-04 1.615598087829292874e-03 2.437171415791785246e-03
1.108000000000000000e+05 7.664339628685459208e-04 1.658414907587206543e-03 2.434987682361338009e-03
1.109000000000000000e+05 6.832584706791492574e-04 1.368262902019244751e-03 2.394451341842817639e-03
1.110000000000000000e+05 7.038490025950605491e-04 1.537415718296112352e-03 2.360437985229276586e-03
1.111000000000000000e+05 6.032119554673425962e-04 1.538492241621467436e-03 2.358161133302430403e-03
1.112000000000000000e+05 6.020656850131958417e-04 1.500477260535094644e-03 2.378500998543029051e-03
1.113000000000000000e+05 6.403425496692640058e-04 1.418608945501205996e-03 2.391379184966600097e-03
1.114000000000000000e+05 7.065268690540412594e-04 1.443535324678733682e-03 2.415382663154514581e-03
1.115000000000000000e+05 6.760591945490172089e-04 1.519301508888600775e-03 2.449597117939832785e-03
1.116000000000000000e+05 6.912032671109119911e-04 1.641306265270473918e-03 2.568058081521591360e-03
1.117000000000000000e+05 7.579739712654054527e-04 1.602640672389339096e-03 2.608695378563090448e-03
1.118000000000000000e+05 6.949121554941531474e-04 1.396082932174606698e-03 2.516649698798378680e-03
1.119000000000000000e+05 6.974672685882842178e-04 1.366052925733126852e-03 2.483262279439148006e-03
1.120000000000000000e+05 7.217443947354321328e-04 1.390751734375590687e-03 2.389193595393436769e-03
1.121000000000000000e+05 6.075481529561807797e-04 1.369890008194443948e-03 2.390561583464405945e-03
1.122000000000000000e+05 6.223801448956352723e-04 1.317299552872693231e-03 2.487331939360642400e-03
1.123000000000000000e+05 6.501565084419611007e-04 1.277731552882987922e-03 2.583959134615727675e-03
1.124000000000000000e+05 6.361939684935038856e-04 1.249977401355655080e-03 2.606807180798828213e-03
1.125000000000000000e+05 7.369764092097015780e-04 1.434364495044716629e-03 2.637623405936173962e-03
1.126000000000000000e+05 7.128088460605429104e-04 1.615648244793281476e-03 2.610931764764316040e-03
1.127000000000000000e+05 7.039892599042729335e-04 1.426691702461382796e-03 2.558089565355939950e-03
1.128000000000000000e+05 6.173520188577641399e-04 1.495680276733102245e-03 2.634246850761291520e-03
1.129000000000000000e+05 6.276827097013463683e-04 1.493319832917215130e-03 2.716957989654418624e-03
1.130000000000000000e+05 7.483700876122021534e-04 1.337400065507746670e-03 2.655540267978423376e-03
1.131000000000000000e+05 7.316523411014851184e-04 1.361196840307424836e-03 2.643889733022279122e-03
1.132000000000000000e+05 9.160777061957756356e-04 1.660637345935294914e-03 2.717338193748408941e-03
1.133000000000000000e+05 7.379982882173832456e-04 1.433265422162041842e-03 2.667685871845857596e-03
1.134000000000000000e+05 7.332954371352367728e-04 1.580047061179263483e-03 2.615308906318603716e-03
1.135000000000000000e+05 6.737408304777359885e-04 1.442743718103487501e-03 2.746196759112766797e-03
1.136000000000000000e+05 7.631106271714987663e-04 1.462205079540861586e-03 2.741368159539850618e-03
1.137000000000000000e+05 8.367733400644415242e-04 1.551529718053142612e-03 2.582994171092570148e-03
1.138000000000000000e+05 5.838103158897016941e-04 1.248056973467915644e-03 2.603499256774197829e-03
1.139000000000000000e+05 6.603560582360947298e-04 1.401755830033065472e-03 2.645140731546831176e-03
1.140000000000000000e+05 6.652792007459090023e-04 1.410678101854035468e-03 2.697864903369338874e-03
1.141000000000000000e+05 7.599305519686706638e-04 1.479639340486352261e-03 2.796208825045938800e-03
1.142000000000000000e+05 9.354229417935762750e-04 1.789870995936093841e-03 2.850524710840279113e-03
1.143000000000000000e+05 7.315406322491954140e-04 1.505982526673711915e-03 2.759997063414228440e-03
1.144000000000000000e+05 7.474976793424678752e-04 1.622684075601678669e-03 2.817168975457905958e-03
1.145000000000000000e+05 8.383562237485112090e-04 1.684125233638139509e-03 2.842846772871544109e-03
1.146000000000000000e+05 8.228935846059906752e-04 1.686614075986306565e-03 2.758780087302379908e-03
1.147000000000000000e+05 7.497786353363280250e-04 1.608321007167844456e-03 2.626889419924730712e-03
1.148000000000000000e+05 6.261923571859848072e-04 1.288844103241910391e-03 2.481704475122290844e-03
1.149000000000000000e+05 5.933255352344091096e-04 1.212725451553044306e-03 2.432179426168298159e-03
1.150000000000000000e+05 6.958051944063964409e-04 1.391054105031607835e-03 2.386807506602845949e-03
1.151000000000000000e+05 5.659734465999787835e-04 1.270278418483988900e-03 2.405507564818461404e-03
1.152000000000000000e+05 8.652998386847934181e-04 1.866359989136924004e-03 2.644569799683986824e-03
1.153000000000000000e+05 9.908851915898866936e-04 2.321822918072250896e-03 2.843393000009696286e-03
1.154000000000000000e+05 8.390845764832659953e-04 2.017421117139288865e-03 2.555924814289138071e-03
1.155000000000000000e+05 5.463507332117032919e-04 1.191485106272568810e-03 2.371189495682060611e-03
1.156000000000000000e+05 5.454899629066150332e-04 1.225229634263192086e-03 2.398259423808692808e-03
1.157000000000000000e+05 5.396317935839776633e-04 1.247200815177206944e-03 2.457884677366970697e-03
1.158000000000000000e+05 6.711781312557579208e-04 1.468666573248040815e-03 2.524845271060241914e-03
1.159000000000000000e+05 7.376603045228052012e-04 1.713927962215193012e-03 2.616357213559619352e-03
1.160000000000000000e+05 7.316178775461034366e-04 1.475348336825756980e-03 2.697591873993604103e-03
1.161000000000000000e+05 7.090365853208353310e-04 1.417659229313328675e-03 2.761183110464425754e-03
1.162000000000000000e+05 6.662462453741805051e-04 1.451785912185402658e-03 2.557688023166166703e-03
1.163000000000000000e+05 6.076116295608226161e-04 1.574680497443447071e-03 2.451012022084674610e-03
1.164000000000000000e+05 5.857190680024890097e-04 1.418611601825503022e-03 2.501154749144182676e-03
1.165000000000000000e+05 1.149437834394859744e-03 2.867941975381280671e-03 3.054109036617748494e-03
1.166000000000000000e+05 1.468562739079946628e-03 3.735752708956231131e-03 3.923424979459402481e-03
1.167000000000000000e+05 1.339538129429999631e-03 2.925498405854145331e-03 3.331060268720376083e-03
1.168000000000000000e+05 7.651503226682432844e-04 1.648447343338618754e-03 2.631443304087936925e-03
1.169000000000000000e+05 6.941895092040992459e-04 1.599144238177927077e-03 2.574877650450216413e-03
1.170000000000000000e+05 9.078143312939348369e-04 2.171873141387276832e-03 2.989504551029433053e-03
1.171000000000000000e+05 1.462381014466316610e-03 3.402980021127254354e-03 3.858853818888601656e-03
1.172000000000000000e+05 1.632177893714517602e-03 3.613199922222250487e-03 3.657284533680925636e-03
1.173000000000000000e+05 1.095956446970905093e-03 2.429995931144065830e-03 3.061294288343266359e-03
1.174000000000000000e+05 8.712893840457053111e-04 2.028666502975622673e-03 3.012931191898464076e-03
1.175000000000000000e+05 1.436862469566339492e-03 3.539993139136421961e-03 3.208336470609166220e-03
1.176000000000000000e+05 2.693150256134257525e-03 6.299688582493509492e-03 3.492560978321859744e-03
1.177000000000000000e+05 1.688512654594415650e-03 6.379632573340498006e-03 2.438430339841201732e-03
1.178000000000000000e+05 1.184155317808658400e-03 3.729121843546976799e-03 1.919076373982473273e-03
1.179000000000000000e+05 1.540698114839018570e-03 5.535385595270479915e-03 2.536872008330672869e-03
1.180000000000000000e+05 1.902061729123046907e-03 7.367282576838213651e-03 3.306191172394425549e-03
1.181000000000000000e+05 1.392758609281788233e-03 5.966786017324709340e-03 2.414629004140442063e-03
1.182000000000000000e+05 9.880756304389620368e-04 2.791833929944632659e-03 1.987772261047586822e-03
1.183000000000000000e+05 7.464998199264792200e-04 2.312745278504761953e-03 1.493241220841056349e-03
1.184000000000000000e+05 5.133320012419044986e-04 1.450404770121279004e-03 1.315492929282843738e-03
1.185000000000000000e+05 6.763728692034297807e-04 1.823916285331329823e-03 1.474034814737919209e-03
1.186000000000000000e+05 8.590441162691326649e-04 2.296449714253959683e-03 1.716591334660451428e-03
1.187000000000000000e+05 5.008077674465165243e-04 1.378263743093878762e-03 1.321072279761056076e-03
1.188000000000000000e+05 6.529481898637986030e-04 1.806073191271290960e-03 1.396943152415768691e-03
1.189000000000000000e+05 7.294580325869551556e-04 1.827681622037578401e-03 1.719819726697485425e-03
1.190000000000000000e+05 6.437259872080037604e-04 1.916452704405729405e-03 1.414916698127738348e-03
1.191000000000000000e+05 5.567118168029828789e-04 1.915649574523177467e-03 1.301372775606367618e-03
1.192000000000000000e+05 5.298699430801726354e-04 1.853948747407959752e-03 1.320965044671082054e-03
1.193000000000000000e+05 4.819376842692040062e-04 1.667666904433523240e-03 1.269970988639940136e-03
1.194000000000000000e+05 6.181396069471244755e-04 1.985239199122202855e-03 1.372285725469758050e-03
1.195000000000000000e+05 4.559329765254612268e-04 1.646720057094310137e-03 1.056723425549385090e-03
1.196000000000000000e+05 2.901400208052670520e-04 9.947584626704031752e-04 8.572677282290545224e-04
1.197000000000000000e+05 4.910366035004613350e-04 1.789212979341443105e-03 1.073266359168988842e-03
1.198000000000000000e+05 9.632917721562230928e-04 2.590651763692014380e-03 1.632936150190692978e-03
1.199000000000000000e+05 1.127239340231294242e-03 2.990328995915430416e-03 1.986903220209269155e-03
