9.000000000000000000e+04 8.495947432350745704e-05 2.506131558218773273e-04 9.815649866196801427e-04
9.010000000000000000e+04 1.494762102352934245e-04 2.594324740004131172e-04 9.555672076279438576e-04
9.020000000000000000e+04 1.985834797632831435e-04 2.882896834041097280e-04 1.264052522031145626e-03
9.030000000000000000e+04 3.430828460273655477e-04 5.506685169062474402e-04 1.425092336972870813e-03
9.040000000000000000e+04 3.454508471908020704e-04 5.906461506347455721e-04 1.463667170027127887e-03
9.050000000000000000e+04 1.988922294078356023e-04 5.338741858395585228e-04 1.658898379932533798e-03
9.060000000000000000e+04 2.725227807391517997e-04 4.864061047053450798e-04 1.164835743849161219e-03
9.070000000000000000e+04 8.437648066861661023e-05 2.105459001359496346e-04 9.972465542904469012e-04
9.080000000000000000e+04 8.342274356609247557e-05 2.062334104445648396e-04 8.760328776640128679e-04
9.090000000000000000e+04 9.708524196472517569e-05 2.517659317707575959e-04 7.772209469526035865e-04
9.100000000000000000e+04 8.130055195566202736e-05 1.652086194849274612e-04 7.745325522763019241e-04
9.110000000000000000e+04 1.043309455535514985e-04 1.741172233396293427e-04 8.107933905511825138e-04
9.120000000000000000e+04 8.035449501769288943e-05 1.695716477911476342e-04 8.018177758949670067e-04
9.130000000000000000e+04 5.150776276351327378e-05 1.036718056007599875e-04 8.261710747254624732e-04
9.140000000000000000e+04 7.681001508680492494e-05 1.656028543055585237e-04 8.467473276964160257e-04
9.150000000000000000e+04 1.018872572719059771e-04 1.957229907249877872e-04 8.325105914375882047e-04
9.160000000000000000e+04 6.940408940067763124e-05 1.618333721093405267e-04 8.423661526928014282e-04
9.170000000000000000e+04 1.009299418650666611e-04 2.688522524889959452e-04 8.982415909578310995e-04
9.180000000000000000e+04 2.001279441558306968e-04 8.445353411656956197e-04 1.041791082623631055e-03
9.190000000000000000e+04 2.053711748258750048e-04 9.483477314668817401e-04 1.131062059425586150e-03
9.200000000000000000e+04 1.937245979624213762e-04 7.598656240402047951e-04 1.135617814748579590e-03
9.210000000000000000e+04 1.334807801122149008e-04 3.402757300676364626e-04 1.095827725678819291e-03
9.220000000000000000e+04 1.211290668393931631e-04 2.450537311841497531e-04 1.162091289569868379e-03
9.230000000000000000e+04 1.813283768005610449e-04 2.801506822829280237e-04 1.137980956973062233e-03
9.240000000000000000e+04 1.906715024806261228e-04 2.960784769094540600e-04 1.128987169152681795e-03
9.250000000000000000e+04 1.333053543249834282e-04 2.599470057736081099e-04 1.133048265583372566e-03
9.260000000000000000e+04 7.469781417702536612e-05 1.618476081432520218e-04 1.103878230979340232e-03
9.270000000000000000e+04 4.181478255481743157e-05 1.213514788677009289e-04 1.081344857738394992e-03
9.280000000000000000e+04 1.370479404835617471e-04 2.450125971407828571e-04 1.095899997285806893e-03
9.290000000000000000e+04 1.316964052144798574e-04 2.949810673015356962e-04 1.085480608347678868e-03
9.300000000000000000e+04 1.178235738500100181e-04 2.442713678622995474e-04 1.114198523170918101e-03
9.310000000000000000e+04 1.175996375555128561e-04 2.269722608804279184e-04 1.125092542758319688e-03
9.320000000000000000e+04 1.435881308401770664e-04 2.566365675873416834e-04 1.144716767041805989e-03
9.330000000000000000e+04 1.305474486634607221e-04 3.151232820811458203e-04 1.123299552009883245e-03
9.340000000000000000e+04 1.692828540993162115e-04 3.470929100106592922e-04 1.119921553070850253e-03
9.350000000000000000e+04 1.933983237791166978e-04 3.510957313075882156e-04 1.138058240457055911e-03
9.360000000000000000e+04 1.206990931954443538e-04 2.403617881075285900e-04 1.113011945762853137e-03
9.370000000000000000e+04 9.466866481106710023e-05 2.446934105957360508e-04 1.117027190973821213e-03
9.380000000000000000e+04 1.162849876729721895e-04 1.748360781290152384e-04 1.154384935571315133e-03
9.390000000000000000e+04 1.427810172226734019e-04 2.493558532902578288e-04 1.129900881905957421e-03
9.400000000000000000e+04 1.694364603191064224e-04 5.534984703148423339e-04 1.225218758359731272e-03
9.410000000000000000e+04 2.395872745316913067e-04 1.015473617268202941e-03 1.322271421878038660e-03
9.420000000000000000e+04 1.052027887394422351e-04 1.916220932284946020e-04 1.169503887643879745e-03
9.430000000000000000e+04 7.890953525800182070e-05 1.432450272101576990e-04 1.168655564790597751e-03
9.440000000000000000e+04 8.844578821852336695e-05 1.969483499374702351e-04 1.132516201617516814e-03
9.450000000000000000e+04 1.211250329723944849e-04 2.775360260055491617e-04 1.136567462140079896e-03
9.460000000000000000e+04 8.116055237988232911e-05 3.056841109329404282e-04 1.122446715853810725e-03
9.470000000000000000e+04 1.149373523417209723e-04 3.669903954841861795e-04 1.126395971627839037e-03
9.480000000000000000e+04 1.041690747924368769e-04 2.638586312973599350e-04 1.116484684322266224e-03
9.490000000000000000e+04 8.378876428253960451e-05 1.526537324586575185e-04 1.100736691738190545e-03
9.500000000000000000e+04 7.683406206201092922e-05 2.252011763897103069e-04 1.130349125331540612e-03
9.510000000000000000e+04 1.297926011267526436e-04 2.138620330926601157e-04 1.132029960723275348e-03
9.520000000000000000e+04 1.382742564437402372e-04 2.489761437124140761e-04 1.187176693094817289e-03
9.530000000000000000e+04 2.521729541224669580e-04 6.529363488758748151e-04 1.285054568713843914e-03
9.540000000000000000e+04 2.862111397028853019e-04 1.194263807933890892e-03 1.339094225521978137e-03
9.550000000000000000e+04 1.159935277270044557e-04 2.506334749726283912e-04 1.147892703222991957e-03
9.560000000000000000e+04 1.100139763205562528e-04 2.554512252053503171e-04 1.140277636194036992e-03
9.570000000000000000e+04 1.178711252491865345e-04 2.655358125786524883e-04 1.143167550947114157e-03
9.580000000000000000e+04 1.543479470467149124e-04 2.693353608252705908e-04 1.153533969627050081e-03
9.590000000000000000e+04 1.127267947011729825e-04 2.418955567731701038e-04 1.163963650106053255e-03
9.600000000000000000e+04 1.066777190215349204e-04 2.535368934036758611e-04 1.179685165283177748e-03
9.610000000000000000e+04 1.074489426182378103e-04 2.990337370094593022e-04 1.134814506217457974e-03
9.620000000000000000e+04 1.515778042544394834e-04 3.184254470259188872e-04 1.189625211752083026e-03
9.630000000000000000e+04 1.898250613900705642e-04 4.245686220262611787e-04 1.237732112938413247e-03
9.640000000000000000e+04 1.841449874574526292e-04 3.629384382472279364e-04 1.259659242513939915e-03
9.650000000000000000e+04 1.427092023698858011e-04 3.129476794977335222e-04 1.279071076994819705e-03
9.660000000000000000e+04 1.386715054285982129e-04 2.574250691219197047e-04 1.307013745516490870e-03
9.670000000000000000e+04 1.321437706148557122e-04 2.134627929037914360e-04 1.264126482630144798e-03
9.680000000000000000e+04 9.769487660348441169e-05 1.751389634110213454e-04 1.165978190236973550e-03
9.690000000000000000e+04 9.987434922422463827e-05 1.805522646403762924e-04 1.147635821271682103e-03
9.700000000000000000e+04 1.174967900861979917e-04 2.150287276286417214e-04 1.165898314581696477e-03
9.710000000000000000e+04 1.127789033939878820e-04 2.139788373866089236e-04 1.186387905444372375e-03
9.720000000000000000e+04 1.000849155504612495e-04 2.272876244354730089e-04 1.185076252607612313e-03
9.730000000000000000e+04 1.289958107830097619e-04 2.847926189326233266e-04 1.172919137384822183e-03
9.740000000000000000e+04 1.510309572114178992e-04 3.064792087128854255e-04 1.175451801740574854e-03
9.750000000000000000e+04 1.335233513297989956e-04 2.722816573365151663e-04 1.156058339816609703e-03
9.760000000000000000e+04 1.183879457819921825e-04 2.121660134974171202e-04 1.169295396055266157e-03
9.770000000000000000e+04 9.907497948661854285e-05 1.880685000879304871e-04 1.180391512714978799e-03
9.780000000000000000e+04 1.170270052489020239e-04 2.180847419833956309e-04 1.185860824601700026e-03
9.790000000000000000e+04 2.021713066615568382e-04 3.560718995565325751e-04 1.176825627667900994e-03
9.800000000000000000e+04 2.054010783478713974e-04 3.990750506125391537e-04 1.180084450521314346e-03
9.810000000000000000e+04 1.768373389556914237e-04 3.781481214711552089e-04 1.234111749258294272e-03
9.820000000000000000e+04 1.115248216327815577e-04 3.061931652556582929e-04 1.209936157064218617e-03
9.830000000000000000e+04 1.019246423996291329e-04 2.844122498022124985e-04 1.171922244461917010e-03
9.840000000000000000e+04 1.102290492924452251e-04 2.406741921340972267e-04 1.179664885411481302e-03
9.850000000000000000e+04 1.158582023999749685e-04 2.930670713893327502e-04 1.197207102966536168e-03
9.860000000000000000e+04 1.084379421759748986e-04 2.114994170713279699e-04 1.241447067250241740e-03
9.870000000000000000e+04 1.134384875421047718e-04 2.125680722282910582e-04 1.253616519952873440e-03
9.880000000000000000e+04 1.096205918660446161e-04 1.641929030962046600e-04 1.224632835682013627e-03
9.890000000000000000e+04 1.249977622797113132e-04 1.918270852088376985e-04 1.228151248906904662e-03
9.900000000000000000e+04 6.500902271682840530e-05 1.626594648163324532e-04 1.250823250043310575e-03
9.910000000000000000e+04 5.642969194103635358e-05 1.863864009976729744e-04 1.268016882025701239e-03
9.920000000000000000e+04 6.945026470095102579e-05 1.645287859274471940e-04 1.295378039630487284e-03
9.930000000000000000e+04 1.035345530209169987e-04 2.147305702484517565e-04 1.305684156377559654e-03
9.940000000000000000e+04 1.101479901164435869e-04 2.408791567762224792e-04 1.334450788582944433e-03
9.950000000000000000e+04 6.808772029766405748e-05 1.393319999719252762e-04 1.350524388533924300e-03
9.960000000000000000e+04 1.072208948926342727e-04 2.601431290415487201e-04 1.356076032295270520e-03
9.970000000000000000e+04 1.146315516487052526e-04 2.660348549482906104e-04 1.392504591338559637e-03
9.980000000000000000e+04 1.033212745597431818e-04 2.294944869285198662e-04 1.415092726736618322e-03
9.990000000000000000e+04 1.462898177819384887e-04 3.128949124570742837e-04 1.404753507012035992e-03
1.000000000000000000e+05 1.677736071219620463e-04 3.345043998812856443e-04 1.364704159546976329e-03
1.001000000000000000e+05 2.192843062413817913e-04 4.038642154913464274e-04 1.318843685487682557e-03
1.002000000000000000e+05 1.094355198456341619e-04 3.119771977504841309e-04 1.327625481867384131e-03
1.003000000000000000e+05 1.328177724527741885e-04 2.378695016774226220e-04 1.324033434303912562e-03
1.004000000000000000e+05 1.379992735691011607e-04 3.159927296946360605e-04 1.319554396347595712e-03
1.005000000000000000e+05 1.555543735597163853e-04 3.415772589785653988e-04 1.348111471658576923e-03
1.006000000000000000e+05 1.215935958315207590e-04 2.544850504376482397e-04 1.360968084138490172e-03
1.007000000000000000e+05 1.145468861802731355e-04 2.264305442563811863e-04 1.377181101263160725e-03
1.008000000000000000e+05 1.061013622204530060e-04 2.106428452240025843e-04 1.390318209291133448e-03
1.009000000000000000e+05 1.370742691778608236e-04 2.999495847360142582e-04 1.391899127023242446e-03
1.010000000000000000e+05 1.503160219704137174e-04 3.838140154908352940e-04 1.395873541195343263e-03
1.011000000000000000e+05 1.982154013760975726e-04 4.499909491318925935e-04 1.452415121915519866e-03
1.012000000000000000e+05 1.258374630585441540e-04 3.165534925512851483e-04 1.507118188677670492e-03
1.013000000000000000e+05 1.123339806306990901e-04 2.509002822226925628e-04 1.559194320503414248e-03
1.014000000000000000e+05 9.115173768625933585e-05 1.674123568467264598e-04 1.554808119246171719e-03
1.015000000000000000e+05 1.246202348986673401e-04 2.293882678276774282e-04 1.469543279086231793e-03
1.016000000000000000e+05 1.648810520142060618e-04 4.657602263069527369e-04 1.465767837575501125e-03
1.017000000000000000e+05 1.568652814517598575e-04 3.925716089353777950e-04 1.486114455498232633e-03
1.018000000000000000e+05 1.850606551840208811e-04 3.097400898699419723e-04 1.506827617745190367e-03
1.019000000000000000e+05 2.439955597941232714e-04 4.701000910980004423e-04 1.551674826859761281e-03
1.020000000000000000e+05 2.509691424544221484e-04 5.968188256716211795e-04 1.545019036423252992e-03
1.021000000000000000e+05 2.782509678862219761e-04 6.748609934528011431e-04 1.522155521175140233e-03
1.022000000000000000e+05 2.533822226527733014e-04 5.995387829997090613e-04 1.527262500612996520e-03
1.023000000000000000e+05 1.885286588224276919e-04 4.850301355190668982e-04 1.539457774059186474e-03
1.024000000000000000e+05 2.650902630092660025e-04 5.033134771408123449e-04 1.529320139228485540e-03
1.025000000000000000e+05 2.237739213947786444e-04 4.780111560487461646e-04 1.538557326938836322e-03
1.026000000000000000e+05 1.544397935029058824e-04 3.679576502441724451e-04 1.536309490917191472e-03
1.027000000000000000e+05 1.484134710441331866e-04 4.167217434380495085e-04 1.544667699667555015e-03
1.028000000000000000e+05 1.513386788016290486e-04 4.634904049056916536e-04 1.546441294893826767e-03
1.029000000000000000e+05 1.814798112089303396e-04 4.901442142901547144e-04 1.511489290564894603e-03
1.030000000000000000e+05 1.818568738950357509e-04 4.472346260243735289e-04 1.466896303870022763e-03
1.031000000000000000e+05 1.131796360340020860e-04 2.755968323361035997e-04 1.482116844840812879e-03
1.032000000000000000e+05 1.142874437221566997e-04 3.767619935958986793e-04 1.501250451285819892e-03
1.033000000000000000e+05 1.379407444252094342e-04 3.527015964510968153e-04 1.449323815059299541e-03
1.034000000000000000e+05 9.630742512233654226e-05 2.642076120387528218e-04 1.412264458651769005e-03
1.035000000000000000e+05 1.591248223015747764e-04 4.354287307715219279e-04 1.406948869190197560e-03
1.036000000000000000e+05 1.539183765710962042e-04 4.313353336838228989e-04 1.413420951975352365e-03
1.037000000000000000e+05 1.451727343853678916e-04 3.947161642936932672e-04 1.381681171886605915e-03
1.038000000000000000e+05 1.181739778809262533e-04 2.968647233542052923e-04 1.402662185794586363e-03
1.039000000000000000e+05 1.210215168941490300e-04 2.429087974648075268e-04 1.461045505801872183e-03
1.040000000000000000e+05 1.443030876200485091e-04 2.762289213550481355e-04 1.459713978748310116e-03
1.041000000000000000e+05 9.782144675850247724e-05 2.861544008197697882e-04 1.407059327973179215e-03
1.042000000000000000e+05 1.722866162440247866e-04 3.762778994033471030e-04 1.436923376939949195e-03
1.043000000000000000e+05 1.654289108047818715e-04 4.095680319098592148e-04 1.426193616882170858e-03
1.044000000000000000e+05 1.141074079977547322e-04 2.263450324106442389e-04 1.410470882236170009e-03
1.045000000000000000e+05 1.133034750518911987e-04 2.062524371927410786e-04 1.437175648994218780e-03
1.046000000000000000e+05 9.982110710374985166e-05 2.228072498448680980e-04 1.439150160535319564e-03
1.047000000000000000e+05 1.160121748036517780e-04 3.293996103759108066e-04 1.428657275490704094e-03
1.048000000000000000e+05 1.747626211881434227e-04 4.393121047432833534e-04 1.446520453278933886e-03
1.049000000000000000e+05 2.149488383412000245e-04 4.163613780584533245e-04 1.467751313805553152e-03
1.050000000000000000e+05 2.121643284748451260e-04 4.593399925066088147e-04 1.475351057016064792e-03
1.051000000000000000e+05 1.479091720018748703e-04 4.877140737839242689e-04 1.474513723421130504e-03
1.052000000000000000e+05 1.803708539150205171e-04 5.520112147137440015e-04 1.503846815319378723e-03
1.053000000000000000e+05 1.643193301455471954e-04 4.439948688802915731e-04 1.538045871004589888e-03
1.054000000000000000e+05 1.782594480736058359e-04 5.494847635542437440e-04 1.563961392780815682e-03
1.055000000000000000e+05 2.103537980973726237e-04 7.345248800508809815e-04 1.556059516282404459e-03
1.056000000000000000e+05 1.811497504866721800e-04 8.018465924932789875e-04 1.537489719779315100e-03
1.057000000000000000e+05 1.788148328791857710e-04 7.724766943422360730e-04 1.538413082210208453e-03
1.058000000000000000e+05 2.104988565551526962e-04 7.918071683455207409e-04 1.541677822687089220e-03
1.059000000000000000e+05 2.354385391887408880e-04 8.243086891962306262e-04 1.536746038798544748e-03
1.060000000000000000e+05 2.673171128754472589e-04 8.981279262457466349e-04 1.558104231808233892e-03
1.061000000000000000e+05 3.360887733449200148e-04 1.249842474317124780e-03 1.588337745195473683e-03
1.062000000000000000e+05 3.178011573985461708e-04 1.458432269160449312e-03 1.609957905869745937e-03
1.063000000000000000e+05 3.367073873803147835e-04 1.473728513898159374e-03 1.634137487969887070e-03
1.064000000000000000e+05 2.682483768463395177e-04 1.256432435915171182e-03 1.640137771191232030e-03
1.065000000000000000e+05 2.510027012727843697e-04 1.130705096277776845e-03 1.641373696426458176e-03
1.066000000000000000e+05 2.872772219715906926e-04 1.219165932405897202e-03 1.658944092612156529e-03
1.067000000000000000e+05 2.944831528361128038e-04 1.297346878038308730e-03 1.668184017730086786e-03
1.068000000000000000e+05 2.517651715614104089e-04 1.300884661010171276e-03 1.657834763908308095e-03
1.069000000000000000e+05 2.611089805436383852e-04 1.249809396152176764e-03 1.660989027264532514e-03
1.070000000000000000e+05 3.988974989787411919e-04 1.480935335100940550e-03 1.713411715239661088e-03
1.071000000000000000e+05 3.815491121457702250e-04 1.654910150013518856e-03 1.752754920264997917e-03
1.072000000000000000e+05 4.100769269086280804e-04 1.868587046520284699e-03 1.796663993743743536e-03
1.073000000000000000e+05 4.491129655913926426e-04 2.016093396234354407e-03 1.836091757162274267e-03
1.074000000000000000e+05 4.327827674648824889e-04 1.924118676559119327e-03 1.826558332956540204e-03
1.075000000000000000e+05 4.295181797475703875e-04 1.996881695879366980e-03 1.836863435418280201e-03
1.076000000000000000e+05 4.857957625834653619e-04 2.121338700191697547e-03 1.845324658755822644e-03
1.077000000000000000e+05 5.245949509943329502e-04 2.172975252352771225e-03 1.819426378994404075e-03
1.078000000000000000e+05 4.995868934468924213e-04 2.094306813343399347e-03 1.774244819575620819e-03
1.079000000000000000e+05 4.048871527468089499e-04 1.911829037059361745e-03 1.745162294806189632e-03
1.080000000000000000e+05 3.590388561478417492e-04 1.742936403647263452e-03 1.733335148065696116e-03
1.081000000000000000e+05 3.815966679893408129e-04 1.648814436306155450e-03 1.712705145746990778e-03
1.082000000000000000e+05 3.709388960144788857e-04 1.571367510600645695e-03 1.681363463262494943e-03
1.083000000000000000e+05 3.721975430376737483e-04 1.576156716467205657e-03 1.685133840032760266e-03
1.084000000000000000e+05 3.523945186303483173e-04 1.545383058044452924e-03 1.687660817273841816e-03
1.085000000000000000e+05 3.218921236005447845e-04 1.482509248832302329e-03 1.697076479467679805e-03
1.086000000000000000e+05 2.836320010048878210e-04 1.445403914440051294e-03 1.682848532667459646e-03
1.087000000000000000e+05 2.900163555818069828e-04 1.495891910807984650e-03 1.692660269410870911e-03
1.088000000000000000e+05 3.120716038057310283e-04 1.548417145438654241e-03 1.691328284574415003e-03
1.089000000000000000e+05 3.901441813411706330e-04 1.683160959661064325e-03 1.728934349021278355e-03
1.090000000000000000e+05 4.716702256737305594e-04 1.900632594162020338e-03 1.819471736245216508e-03
1.091000000000000000e+05 4.610141194690603374e-04 1.849593288307325783e-03 1.836315880385315253e-03
1.092000000000000000e+05 4.675582771619399627e-04 1.793084763385384330e-03 1.799553625654299813e-03
1.093000000000000000e+05 4.606894633261352911e-04 1.700931493134563276e-03 1.720136543151792570e-03
1.094000000000000000e+05 3.500436287919431785e-04 1.384036227854365747e-03 1.723691927140562092e-03
1.095000000000000000e+05 2.892233760484490181e-04 1.245448700705549267e-03 1.697284072917573531e-03
1.096000000000000000e+05 3.149913740702378184e-04 1.111605461947974549e-03 1.671932872137121958e-03
1.097000000000000000e+05 4.715873252042008992e-04 1.786606617974948819e-03 1.811745374796699341e-03
1.098000000000000000e+05 5.072319676338774529e-04 1.661820709699973753e-03 1.777696870559897224e-03
1.099000000000000000e+05 3.797003076473719468e-04 8.976139750551232442e-04 1.696878713880667659e-03
1.100000000000000000e+05 2.345094686021453011e-04 7.160107981212353312e-04 1.564244767738411698e-03
1.101000000000000000e+05 1.608994901513443633e-04 5.584398365554926139e-04 1.505364702439920387e-03
1.102000000000000000e+05 1.310934576422384361e-04 4.116950291164702021e-04 1.478052842572161879e-03
1.103000000000000000e+05 1.367475432831651971e-04 3.762904546164534680e-04 1.460933250632302869e-03
1.104000000000000000e+05 1.580066792354246647e-04 3.916034056641900900e-04 1.443300868177911514e-03
1.105000000000000000e+05 1.619077950410501184e-04 4.051427789200944853e-04 1.409591671742833419e-03
1.106000000000000000e+05 1.215213513601125315e-04 3.136889721940528102e-04 1.416166877929994497e-03
1.107000000000000000e+05 8.608039023239575684e-05 2.310545467271627428e-04 1.380162491507570203e-03
1.108000000000000000e+05 1.272795402067334030e-04 2.868853759957659504e-04 1.353463636659246001e-03
1.109000000000000000e+05 1.088145706327572383e-04 2.016312276640148862e-04 1.396486713644922188e-03
1.110000000000000000e+05 7.639797695216800182e-05 1.711776675853017137e-04 1.413675786443167187e-03
1.111000000000000000e+05 1.023455290704272224e-04 2.724170054969590662e-04 1.435905534875883726e-03
1.112000000000000000e+05 1.460034685393555524e-04 3.027844172750007463e-04 1.450875147376536013e-03
1.113000000000000000e+05 1.593939062058229161e-04 3.010910406116814111e-04 1.459673925524598024e-03
1.114000000000000000e+05 1.944372334421635984e-04 3.191822673762926502e-04 1.467110514486642727e-03
1.115000000000000000e+05 1.764157178970886426e-04 3.538408720581646266e-04 1.484366998553894286e-03
1.116000000000000000e+05 2.397060119010703105e-04 4.298472676469147422e-04 1.485849865818884277e-03
1.117000000000000000e+05 1.763002880471459255e-04 3.917199511605281691e-04 1.471220451909794171e-03
1.118000000000000000e+05 1.510806226026478738e-04 3.798885634270453542e-04 1.455360462555831255e-03
1.119000000000000000e+05 1.649548764884767749e-04 3.937680985009607126e-04 1.447227484920056298e-03
1.120000000000000000e+05 1.700574703018453617e-04 3.596869711527056826e-04 1.458689941259917874e-03
1.121000000000000000e+05 1.763191869548241027e-04 2.750781008608240309e-04 1.495115670429276317e-03
1.122000000000000000e+05 1.915030292931006999e-04 3.442486508640509296e-04 1.495884477727799219e-03
1.123000000000000000e+05 1.528081192084457859e-04 3.552395814405489519e-04 1.544068824879843904e-03
1.124000000000000000e+05 1.628078763447138658e-04 3.653338347600479982e-04 1.567903383656007186e-03
1.125000000000000000e+05 2.696980572659112702e-04 5.200825408212183740e-04 1.581171703153479158e-03
1.126000000000000000e+05 1.820800003346488040e-04 4.335099940138255684e-04 1.535289200369500950e-03
1.127000000000000000e+05 1.700829659019200812e-04 3.966752806671578965e-04 1.490546531545912682e-03
1.128000000000000000e+05 1.801178450258106474e-04 3.696569646659618024e-04 1.511680011028505421e-03
1.129000000000000000e+05 1.243749992455480801e-04 3.490494741085936777e-04 1.566270833412309682e-03
1.130000000000000000e+05 1.156336641326284175e-04 2.779480980201879704e-04 1.596569830033070210e-03
1.131000000000000000e+05 1.582781798670869142e-04 3.467374159426331575e-04 1.559159936919319537e-03
1.132000000000000000e+05 1.527385959449070567e-04 3.159166801402501796e-04 1.572651708535504787e-03
1.133000000000000000e+05 1.495771439024929164e-04 3.057122182672743476e-04 1.574711308322590238e-03
1.134000000000000000e+05 8.248476053328139025e-05 2.671222576212798402e-04 1.547213129705589342e-03
1.135000000000000000e+05 1.161076846181749271e-04 2.932105937284259275e-04 1.519210483563543379e-03
1.136000000000000000e+05 1.467757410234169207e-04 2.787759950633012743e-04 1.522474130757459337e-03
1.137000000000000000e+05 1.988427437015325046e-04 3.560412727601611118e-04 1.509682667371224076e-03
1.138000000000000000e+05 1.110510391392849436e-04 2.886341426431328350e-04 1.530652334954412915e-03
1.139000000000000000e+05 1.734303694334070681e-04 3.757229661606985294e-04 1.570423748343797781e-03
1.140000000000000000e+05 1.236452437376495562e-04 3.564480484283681812e-04 1.618678213926974790e-03
1.141000000000000000e+05 1.156677849141318076e-04 4.012509246906833128e-04 1.644317306811955140e-03
1.142000000000000000e+05 1.192929719399484553e-04 3.220009327830331263e-04 1.595747343480530050e-03
1.143000000000000000e+05 1.026274091239713464e-04 2.767780843574529741e-04 1.556828387814955831e-03
1.144000000000000000e+05 9.055037859043678361e-05 2.554899809315139877e-04 1.550150376109553797e-03
1.145000000000000000e+05 1.133894215650564988e-04 2.998213083025252478e-04 1.529954728612916131e-03
1.146000000000000000e+05 6.765585863911056583e-05 1.465768787344392046e-04 1.507080213886468050e-03
1.147000000000000000e+05 5.768101535841979599e-05 1.228572745933730840e-04 1.499432212917805110e-03
1.148000000000000000e+05 8.693100878212926472e-05 1.788134688785318095e-04 1.496092132261191230e-03
1.149000000000000000e+05 1.094128574294311960e-04 2.117788030183242846e-04 1.517875773426138582e-03
1.150000000000000000e+05 1.394898539727842165e-04 3.323362102333059405e-04 1.538578372059471204e-03
1.151000000000000000e+05 1.940365203113947421e-04 4.173486351663352207e-04 1.563566482220456232e-03
1.152000000000000000e+05 1.416814121333795622e-04 4.107694151663167544e-04 1.597464883506777983e-03
1.153000000000000000e+05 1.380074868900069314e-04 4.714137924231383454e-04 1.604385405264571306e-03
1.154000000000000000e+05 1.574748519194910101e-04 3.509544737305505570e-04 1.540462200622851703e-03
1.155000000000000000e+05 7.215269927520785720e-05 2.554998697936164322e-04 1.593996903747570788e-03
1.156000000000000000e+05 8.509110852900655768e-05 2.635231514728608292e-04 1.635224725881823408e-03
1.157000000000000000e+05 1.181184060352203757e-04 3.053946305687075570e-04 1.642203103316478485e-03
1.158000000000000000e+05 1.294336621719051773e-04 3.863339548022773785e-04 1.661518261159521592e-03
1.159000000000000000e+05 1.443765347840738917e-04 3.626746666510090311e-04 1.645207654108180474e-03
1.160000000000000000e+05 1.386484398544342387e-04 3.657292983440599277e-04 1.658097062075943647e-03
1.161000000000000000e+05 1.614024368865958538e-04 2.912373210907845660e-04 1.682703466439664690e-03
1.162000000000000000e+05 2.021991872450249524e-04 4.226807517713451930e-04 1.650910651175499164e-03
1.163000000000000000e+05 1.813263711958040120e-04 5.081783084631542966e-04 1.574464993138811669e-03
1.164000000000000000e+05 2.436044528356328363e-04 5.307150206424343392e-04 1.594598866574811064e-03
1.165000000000000000e+05 2.594796202536886476e-04 4.594076055471540878e-04 1.642483598232633273e-03
1.166000000000000000e+05 1.279539020684445586e-04 2.938092848062104270e-04 1.636939498983317354e-03
1.167000000000000000e+05 1.322568828777154638e-04 2.220061252558587061e-04 1.580884075041613613e-03
1.168000000000000000e+05 1.608398454643401084e-04 2.861563257045929374e-04 1.641056756347196357e-03
1.169000000000000000e+05 1.670243142888616378e-04 2.696395449330220035e-04 1.628469194502591560e-03
1.170000000000000000e+05 1.260858334819520317e-04 3.353088034138897600e-04 1.483825046236673592e-03
1.171000000000000000e+05 1.385173168611088593e-04 4.128027624509895879e-04 1.410862443586152759e-03
1.172000000000000000e+05 2.245481145401535990e-04 4.058403447235632566e-04 1.588657221095881016e-03
1.173000000000000000e+05 2.866879032380367613e-04 6.215935605719570545e-04 2.210424596214869038e-03
1.174000000000000000e+05 2.580760611651704631e-04 6.156408753800121647e-04 2.389008912990333699e-03
1.175000000000000000e+05 2.206261709427666945e-04 4.868456632910128992e-04 2.294222810383589502e-03
1.176000000000000000e+05 4.623375242935965496e-04 1.205555622727767871e-03 2.448358090080707088e-03
1.177000000000000000e+05 7.981606647587725662e-04 2.088148294777800000e-03 1.993472269688903627e-03
1.178000000000000000e+05 6.735624747275191764e-04 1.666024885717793920e-03 1.736667031798073187e-03
1.179000000000000000e+05 4.707694653141043101e-04 1.372679459919574560e-03 1.626304982977031226e-03
1.180000000000000000e+05 4.148874075872086269e-04 8.038927769080164969e-04 1.624538562823570759e-03
1.181000000000000000e+05 2.943916739206694534e-04 5.023968135900219647e-04 1.305245279921662905e-03
1.182000000000000000e+05 1.778137416600519220e-04 3.088863260603676945e-04 1.007663389515760363e-03
1.183000000000000000e+05 1.012381733351979968e-04 2.396719405278125358e-04 8.454275024915607799e-04
1.184000000000000000e+05 8.139946508110341462e-05 1.846775139755802569e-04 7.990733186887149283e-04
1.185000000000000000e+05 4.390049506461162973e-05 1.771190154729558120e-04 8.000234132434468071e-04
1.186000000000000000e+05 6.208622892460696069e-05 1.509157474149792465e-04 7.674238959975099523e-04
1.187000000000000000e+05 6.557716270450268843e-05 1.364398042631139243e-04 7.412355924807692261e-04
1.188000000000000000e+05 9.531413929711170328e-05 1.746156400805142341e-04 7.811374803437705090e-04
1.189000000000000000e+05 7.424730897539566585e-05 1.335380658532879863e-04 8.315120180961406513e-04
1.190000000000000000e+05 1.164608268461883936e-04 2.299163626410099257e-04 8.264219406302570963e-04
1.191000000000000000e+05 1.527409752883385381e-04 3.064650456573974734e-04 9.431871439390827200e-04
1.192000000000000000e+05 1.504172408908501478e-04 3.567632162503232710e-04 9.529455289979470818e-04
1.193000000000000000e+05 1.321724732540805174e-04 2.632068452226505369e-04 8.378431543084272634e-04
1.194000000000000000e+05 7.526349681927484853e-05 1.503800861876200632e-04 7.163343708704390713e-04
1.195000000000000000e+05 8.392676964822645344e-05 1.422740490205524422e-04 6.411222434528386638e-04
1.196000000000000000e+05 4.094274479324994370e-05 8.006135033135374814e-05 5.973920462096280045e-04
1.197000000000000000e+05 1.682296667751202431e-04 3.543747731788874158e-04 8.553815134424686646e-04
1.198000000000000000e+05 2.913169673131089672e-04 5.397744151346987786e-04 1.337010464949095739e-03
1.199000000000000000e+05 2.625131721634874852e-04 4.145029803618344340e-04 1.761097446172100013e-03
