9.000000000000000000e+04 2.691301061673873475e-05 9.654700854865323604e-05 1.604406591807378013e-04
9.010000000000000000e+04 2.267627711508300769e-05 8.743377696911940142e-05 1.663540512034141893e-04
9.020000000000000000e+04 2.801023804040306047e-05 8.789123981656134666e-05 1.722674432260905774e-04
9.030000000000000000e+04 2.398948595425611408e-05 8.234678187355641901e-05 1.932444783110618140e-04
9.040000000000000000e+04 2.851283162485170638e-05 8.990375905094501944e-05 2.196729491719297137e-04
9.050000000000000000e+04 3.103983280232987686e-05 9.335532378187732985e-05 2.221637941024532216e-04
9.060000000000000000e+04 2.062048138645484335e-05 6.376250028614026378e-05 1.979547538614307410e-04
9.070000000000000000e+04 2.942203985394583102e-05 8.869537446218577750e-05 1.773784674385682210e-04
9.080000000000000000e+04 2.105893529514161534e-05 7.785894503291678858e-05 1.702219498479230211e-04
9.090000000000000000e+04 2.240416378190561073e-05 7.370538776839923164e-05 1.637488584482530666e-04
9.100000000000000000e+04 2.090894000360065752e-05 5.025858564422267080e-05 1.663476018327655740e-04
9.110000000000000000e+04 2.413540490025622553e-05 7.098392693797764925e-05 1.701342857931855389e-04
9.120000000000000000e+04 2.244805615817657826e-05 6.829782270415034285e-05 1.716460927728663641e-04
9.130000000000000000e+04 2.342781273285225447e-05 8.349696424716501210e-05 1.728395264450784921e-04
9.140000000000000000e+04 1.974120017578663133e-05 8.372563813972941534e-05 1.784568276951709878e-04
9.150000000000000000e+04 2.505300058380590419e-05 8.244314637836336573e-05 1.899442550604028075e-04
9.160000000000000000e+04 2.968853615860903754e-05 7.989859276999553700e-05 2.079200836214694509e-04
9.170000000000000000e+04 3.518511650375772759e-05 1.109046458488751068e-04 2.408115897178800334e-04
9.180000000000000000e+04 3.988957817660569683e-05 1.110192583042507800e-04 2.722595023205668253e-04
9.190000000000000000e+04 3.331098519450035288e-05 8.658323814099351838e-05 2.858010329171616418e-04
9.200000000000000000e+04 4.105872715523431297e-05 8.955759097141306486e-05 2.950251895931779375e-04
9.210000000000000000e+04 4.135590027983020384e-05 1.065318457509785693e-04 3.215897842292206256e-04
9.220000000000000000e+04 4.300355601968857853e-05 1.456387243939019768e-04 3.562342460268807577e-04
9.230000000000000000e+04 4.816902835792628325e-05 1.551623616158815831e-04 3.723671839117817127e-04
9.240000000000000000e+04 5.006678037550795239e-05 1.578661503785378515e-04 3.660546371579243377e-04
9.250000000000000000e+04 4.977151992879516205e-05 1.670326079500924587e-04 3.546403211302489992e-04
9.260000000000000000e+04 5.193047288857042349e-05 2.494203866666831358e-04 3.458264569835689116e-04
9.270000000000000000e+04 4.688920057541325721e-05 2.369651975929884719e-04 3.411441545183649393e-04
9.280000000000000000e+04 4.800930826781335580e-05 1.769249568695615746e-04 3.385436117132266907e-04
9.290000000000000000e+04 3.956734649116188914e-05 1.771868824307983210e-04 3.370726552519350688e-04
9.300000000000000000e+04 4.405679654515660222e-05 1.986275828695855446e-04 3.375157579423613088e-04
9.310000000000000000e+04 4.242294971259938331e-05 2.340056617181764218e-04 3.379656521822748403e-04
9.320000000000000000e+04 4.090339550617832923e-05 2.476383848842344040e-04 3.386370889780101578e-04
9.330000000000000000e+04 3.202902077409407536e-05 1.569222754765774077e-04 3.389310619340193259e-04
9.340000000000000000e+04 4.398317090535750883e-05 9.251716923675169660e-05 3.398346468336436261e-04
9.350000000000000000e+04 6.030835232826873898e-05 1.048862886314960350e-04 3.432524672228668946e-04
9.360000000000000000e+04 4.569616846101880701e-05 9.847299172910714939e-05 3.472168686145852786e-04
9.370000000000000000e+04 4.936899533370184409e-05 1.418443056017770309e-04 3.494691875461670028e-04
9.380000000000000000e+04 4.132535147771627731e-05 1.329978829802414280e-04 3.507400508349385192e-04
9.390000000000000000e+04 4.544707469808327701e-05 1.984105277876925576e-04 3.511256462316496101e-04
9.400000000000000000e+04 4.463158595707864820e-05 2.135281141622304970e-04 3.509641851623134293e-04
9.410000000000000000e+04 3.711225142508897982e-05 1.103816292550065530e-04 3.521911825335725835e-04
9.420000000000000000e+04 4.338966948075275061e-05 1.041589106211060554e-04 3.529847809985889144e-04
9.430000000000000000e+04 3.763831063569635918e-05 1.158144629452622027e-04 3.496374113371428140e-04
9.440000000000000000e+04 4.523689289551949700e-05 1.130431994262715662e-04 3.450491357402329603e-04
9.450000000000000000e+04 3.746698162107999028e-05 8.491281540477264985e-05 3.436627251431010601e-04
9.460000000000000000e+04 4.792813422018241901e-05 9.313914097640573755e-05 3.438303170913970235e-04
9.470000000000000000e+04 3.687197966824713952e-05 7.229954460777262290e-05 3.437309058142215264e-04
9.480000000000000000e+04 3.631720105910839300e-05 1.159047053202768001e-04 3.440540295534814572e-04
9.490000000000000000e+04 4.065326566560445659e-05 1.169103737550945452e-04 3.451868385260817252e-04
9.500000000000000000e+04 4.693217627771683340e-05 1.591162464672711248e-04 3.469796123168064975e-04
9.510000000000000000e+04 4.039040037133933767e-05 1.784711632114451517e-04 3.486879360076253339e-04
9.520000000000000000e+04 4.515383852592743785e-05 1.754103981629211205e-04 3.504014237207100165e-04
9.530000000000000000e+04 3.586701440013519192e-05 1.560728971149093701e-04 3.543413851529020721e-04
9.540000000000000000e+04 4.375340295739249628e-05 1.835006798801758275e-04 3.584715253025984208e-04
9.550000000000000000e+04 4.861048147218193123e-05 2.346578915138151770e-04 3.605240646259529514e-04
9.560000000000000000e+04 5.139634082462410511e-05 2.852404792824318031e-04 3.610800086519829442e-04
9.570000000000000000e+04 3.853471799306626769e-05 2.314844962943327328e-04 3.617295832755165687e-04
9.580000000000000000e+04 5.217133038686776539e-05 1.766018302930124836e-04 3.604715901458933739e-04
9.590000000000000000e+04 4.784481270682925443e-05 1.306700440597558378e-04 3.563688875226546262e-04
9.600000000000000000e+04 7.921541614560267085e-05 1.540718220935552679e-04 3.538079499525158289e-04
9.610000000000000000e+04 5.292430831336890481e-05 1.115127917091935641e-04 3.599949379228469014e-04
9.620000000000000000e+04 4.121722027386660620e-05 8.525113080619676695e-05 3.712010021042836923e-04
9.630000000000000000e+04 4.413034473032319835e-05 8.620867220071268006e-05 3.792310432877428581e-04
9.640000000000000000e+04 4.816452398826831082e-05 8.143769394439225127e-05 3.845304374559930399e-04
9.650000000000000000e+04 6.042801398053267202e-05 9.487477528314058320e-05 3.962684405134667088e-04
9.660000000000000000e+04 6.566369606453124766e-05 1.241300865969712582e-04 4.074912222783951855e-04
9.670000000000000000e+04 6.714338824646305919e-05 1.240195976509630678e-04 4.030248315762445868e-04
9.680000000000000000e+04 5.128460664848672693e-05 9.758040412299206654e-05 3.885125538298049163e-04
9.690000000000000000e+04 5.587260536089465497e-05 1.189515633131678742e-04 3.781778991097865090e-04
9.700000000000000000e+04 3.684930103321217790e-05 8.159463843355476646e-05 3.735154337682781772e-04
9.710000000000000000e+04 3.536996757818965499e-05 8.731716240112949532e-05 3.691859032867364347e-04
9.720000000000000000e+04 3.638759648388629336e-05 8.533385760573733870e-05 3.657070639625769888e-04
9.730000000000000000e+04 4.085617833403994842e-05 1.046700265708300757e-04 3.650450378167412603e-04
9.740000000000000000e+04 3.752742680681513208e-05 9.428030627006055370e-05 3.657509292466259629e-04
9.750000000000000000e+04 3.914401697136980166e-05 1.345488698074499834e-04 3.666823056476560126e-04
9.760000000000000000e+04 4.741904910380786726e-05 9.379423719092522954e-05 3.684381444493058815e-04
9.770000000000000000e+04 5.300545033376746719e-05 1.119231467332723346e-04 3.704336588657275290e-04
9.780000000000000000e+04 4.408649902111564647e-05 8.687721220202788324e-05 3.714391843571702013e-04
9.790000000000000000e+04 4.499423333943292297e-05 9.266349588254557375e-05 3.722373613275975967e-04
9.800000000000000000e+04 6.756117134096382287e-05 1.132858989480415180e-04 3.741161863557418941e-04
9.810000000000000000e+04 4.698334718314682232e-05 9.767026451824449866e-05 3.767641308259365366e-04
9.820000000000000000e+04 4.722153505349924217e-05 1.116791575023106720e-04 3.803574832235245124e-04
9.830000000000000000e+04 5.135717576699479333e-05 1.178880650407964996e-04 3.855663589273557201e-04
9.840000000000000000e+04 7.361935104505665847e-05 1.335273320226337086e-04 3.926202776523118865e-04
9.850000000000000000e+04 4.740681186219720695e-05 9.347652417917662413e-05 4.027532427257075323e-04
9.860000000000000000e+04 4.439566814849071506e-05 8.962366552804081846e-05 4.141350210884704795e-04
9.870000000000000000e+04 5.339909133980993722e-05 1.024249598034681426e-04 4.264164944760441404e-04
9.880000000000000000e+04 4.726569652021693924e-05 1.083597170891132245e-04 4.422840787105750408e-04
9.890000000000000000e+04 4.795787160878498597e-05 1.227480218481263332e-04 4.631584155919034741e-04
9.900000000000000000e+04 5.996617776950490149e-05 1.553653633944921514e-04 4.824089872011146714e-04
9.910000000000000000e+04 7.077497911907554111e-05 1.613020029404508291e-04 4.968914140375617870e-04
9.920000000000000000e+04 6.641864474692501163e-05 1.349013490234013683e-04 5.083211773472107566e-04
9.930000000000000000e+04 6.736685955447432829e-05 1.248032152885382895e-04 5.185027646297249914e-04
9.940000000000000000e+04 6.201382594121589674e-05 1.213211887730427426e-04 5.262548420103277608e-04
9.950000000000000000e+04 6.411974289834479739e-05 1.273197972407381397e-04 5.323221652884338765e-04
9.960000000000000000e+04 6.033096003861071564e-05 1.285150881605830533e-04 5.334035168294684387e-04
9.970000000000000000e+04 6.279098053115861420e-05 1.198148770998033654e-04 5.265960598161929579e-04
9.980000000000000000e+04 6.874242494070626668e-05 1.211348999830591153e-04 5.249794943091396979e-04
9.990000000000000000e+04 5.580757358323462257e-05 1.219152766547421389e-04 5.332460475076704559e-04
1.000000000000000000e+05 5.976933814910348865e-05 1.472066152799275250e-04 5.413617748643603615e-04
1.001000000000000000e+05 5.396495609620604499e-05 1.719928604556533324e-04 5.367489521474102642e-04
1.002000000000000000e+05 9.239564563100590485e-05 2.332380661817671846e-04 5.296310625898978082e-04
1.003000000000000000e+05 6.194196581528862077e-05 1.625385598604101966e-04 5.280709027767935921e-04
1.004000000000000000e+05 5.990267357694332344e-05 1.528954393968179272e-04 5.299005102043022331e-04
1.005000000000000000e+05 5.214380941673046410e-05 1.604913872636556786e-04 5.315013248648613360e-04
1.006000000000000000e+05 5.209679099333697563e-05 1.741723488586469385e-04 5.347289715340864096e-04
1.007000000000000000e+05 7.604622792596962572e-05 1.816264231572712121e-04 5.441181451003944923e-04
1.008000000000000000e+05 6.583324527985106797e-05 1.851484585564795683e-04 5.560896949763008542e-04
1.009000000000000000e+05 4.858468953342607883e-05 1.530316398722363384e-04 5.634849053044439868e-04
1.010000000000000000e+05 5.248307555612112540e-05 1.476006162170301035e-04 5.658177602922960601e-04
1.011000000000000000e+05 6.356791214237372725e-05 1.433385580352215631e-04 5.736368628279192279e-04
1.012000000000000000e+05 7.408042874391311625e-05 1.490923643977391713e-04 5.951661045747314157e-04
1.013000000000000000e+05 6.338407270823362763e-05 2.288674079590883887e-04 6.163862177670825955e-04
1.014000000000000000e+05 8.991625441954857745e-05 2.554482416319093846e-04 6.186875823248760712e-04
1.015000000000000000e+05 1.091922095925457192e-04 3.374831319142272299e-04 6.216137140942429654e-04
1.016000000000000000e+05 8.251626078855484828e-05 3.280793455184427424e-04 6.327125122098946255e-04
1.017000000000000000e+05 8.605967376523282562e-05 3.664619048153287817e-04 6.133917516022699195e-04
1.018000000000000000e+05 8.038767887967601406e-05 2.835994499546821762e-04 5.732906575733948866e-04
1.019000000000000000e+05 6.256483083466829551e-05 1.892915988481537514e-04 5.587286557449771792e-04
1.020000000000000000e+05 6.386848370236323028e-05 2.509844039536375700e-04 5.722137636337791674e-04
1.021000000000000000e+05 7.226865056719202970e-05 2.035240379446150724e-04 5.800954418784088447e-04
1.022000000000000000e+05 6.740444622614107355e-05 1.622233764803884988e-04 5.726029644989879099e-04
1.023000000000000000e+05 7.533596981534244983e-05 1.717852890715631641e-04 5.619194663066324385e-04
1.024000000000000000e+05 7.790833943133320619e-05 1.917871271858188550e-04 5.585871045514866464e-04
1.025000000000000000e+05 7.799508309270771021e-05 1.724259714244300761e-04 5.597379317060354950e-04
1.026000000000000000e+05 6.905114103327759933e-05 1.335023432797771865e-04 5.610917820880534975e-04
1.027000000000000000e+05 7.815788671375600025e-05 1.428577964136806410e-04 5.663311588144833699e-04
1.028000000000000000e+05 6.214444046248547484e-05 1.470332047972317717e-04 5.774822491324420369e-04
1.029000000000000000e+05 5.319640890588737785e-05 1.673399100688194221e-04 5.843763815545836675e-04
1.030000000000000000e+05 6.020616038218489473e-05 1.456981031334304930e-04 5.783612505820929454e-04
1.031000000000000000e+05 6.426220973166708091e-05 1.564014738179033380e-04 5.648686181875169640e-04
1.032000000000000000e+05 7.535936576964780012e-05 1.594116007038357224e-04 5.493061578888782433e-04
1.033000000000000000e+05 8.281551771854021079e-05 1.619100991191332840e-04 5.360853247007864959e-04
1.034000000000000000e+05 8.004705899647862914e-05 1.607989253232903495e-04 5.251301917797798367e-04
1.035000000000000000e+05 6.657795163406122173e-05 1.499351662584308712e-04 5.170073458679998136e-04
1.036000000000000000e+05 5.958552269928551288e-05 1.692764117181133209e-04 5.133819951016984533e-04
1.037000000000000000e+05 4.788379132659249847e-05 2.113967616060958231e-04 5.163347160758259341e-04
1.038000000000000000e+05 6.809104117768831647e-05 3.006373959481026758e-04 5.235426930235124879e-04
1.039000000000000000e+05 7.548846603901929880e-05 3.222355033811478888e-04 5.367953326080421956e-04
1.040000000000000000e+05 6.627831470423437010e-05 2.415294638757857493e-04 5.503654741907300103e-04
1.041000000000000000e+05 6.076898638896204453e-05 1.792915598532395481e-04 5.486365429472118450e-04
1.042000000000000000e+05 5.051798423544111814e-05 1.382278004508656274e-04 5.363743271597007497e-04
1.043000000000000000e+05 6.163695060848901073e-05 1.911336172132405468e-04 5.314541165989626875e-04
1.044000000000000000e+05 6.891297902473321121e-05 1.972870400825618188e-04 5.378899097645699389e-04
1.045000000000000000e+05 7.926822268629888550e-05 2.085535596397220903e-04 5.451489900372624231e-04
1.046000000000000000e+05 8.351748094463022458e-05 1.928826428647766175e-04 5.480094151518606063e-04
1.047000000000000000e+05 7.351771500280164301e-05 1.881342775016172915e-04 5.470216431542139881e-04
1.048000000000000000e+05 7.164890809697636127e-05 1.881765043177187932e-04 5.463095519778494178e-04
1.049000000000000000e+05 7.861807653161624783e-05 2.118381160834041741e-04 5.491002868398467537e-04
1.050000000000000000e+05 5.781960931364898450e-05 2.110133116898684890e-04 5.572181462540647980e-04
1.051000000000000000e+05 8.471974629748417864e-05 3.006415377386320348e-04 5.668655990532546485e-04
1.052000000000000000e+05 8.824859950555172770e-05 3.152735390685843962e-04 5.754717152130616603e-04
1.053000000000000000e+05 7.295532611078538437e-05 3.610210735700656193e-04 5.821880855924471687e-04
1.054000000000000000e+05 6.048508562520851697e-05 3.107891712537587956e-04 5.852722027902794314e-04
1.055000000000000000e+05 6.477533780544224469e-05 2.397866012428646020e-04 5.851226416400164953e-04
1.056000000000000000e+05 7.089186094365253384e-05 2.089966001939596663e-04 5.813605592484503417e-04
1.057000000000000000e+05 8.872160367514789463e-05 2.241281944975684207e-04 5.747830940084307488e-04
1.058000000000000000e+05 6.380759858228262499e-05 2.574813822583866705e-04 5.742016093419738919e-04
1.059000000000000000e+05 8.007372616948885656e-05 4.572814622797292819e-04 5.808203278954087541e-04
1.060000000000000000e+05 8.777795603759960125e-05 5.940785200249108821e-04 5.823006350756581911e-04
1.061000000000000000e+05 6.841853271684393903e-05 3.644839191647763826e-04 5.745686624805491699e-04
1.062000000000000000e+05 5.420253875057870225e-05 1.381274162145302220e-04 5.687420213300423437e-04
1.063000000000000000e+05 7.599073460870108161e-05 1.431973144264893664e-04 5.762239192758285842e-04
1.064000000000000000e+05 8.161743550949562831e-05 1.757289403098787842e-04 5.905815678944737043e-04
1.065000000000000000e+05 7.962007032232475915e-05 1.476952874125475254e-04 5.973151504251534086e-04
1.066000000000000000e+05 7.068088282015144892e-05 1.785736853497336832e-04 5.956903524449455806e-04
1.067000000000000000e+05 7.926893151920504782e-05 2.234489937853241124e-04 5.997813417776584437e-04
1.068000000000000000e+05 7.891006972219011349e-05 1.588947786866745215e-04 6.080579755697267368e-04
1.069000000000000000e+05 7.620204377732924146e-05 1.791313595785093459e-04 6.123770276749841528e-04
1.070000000000000000e+05 7.218639529943903215e-05 1.557102076959733603e-04 6.135188184600352769e-04
1.071000000000000000e+05 6.981347093792174708e-05 1.337879079861045012e-04 6.179478985345803832e-04
1.072000000000000000e+05 8.264418911336720869e-05 1.649871808111256317e-04 6.343549323427210987e-04
1.073000000000000000e+05 1.112307654740857330e-04 2.221547207470806308e-04 6.611518936794233371e-04
1.074000000000000000e+05 7.271221496809503280e-05 2.090888434273700065e-04 6.749461906293759443e-04
1.075000000000000000e+05 7.893455870420433389e-05 1.983682873516916852e-04 6.613577591174739628e-04
1.076000000000000000e+05 7.401771767546008220e-05 1.430577085129203533e-04 6.341649928420305896e-04
1.077000000000000000e+05 6.340898647543620915e-05 1.448420172787993291e-04 6.162097244058150052e-04
1.078000000000000000e+05 7.350950418752466055e-05 1.461239977041335668e-04 6.063628797818205757e-04
1.079000000000000000e+05 6.493317106890099822e-05 1.320610827830047840e-04 5.981606520159002882e-04
1.080000000000000000e+05 8.479242742665384167e-05 1.577572031229847009e-04 5.945097691268648541e-04
1.081000000000000000e+05 6.775198167120266915e-05 1.390695956297608111e-04 5.930897672717143571e-04
1.082000000000000000e+05 5.744344305180911978e-05 1.384548617633068589e-04 5.852004832101486732e-04
1.083000000000000000e+05 6.366465518314683679e-05 1.393094930149826839e-04 5.731124325267189469e-04
1.084000000000000000e+05 8.194855340388162122e-05 1.598221005902264718e-04 5.680890475959581281e-04
1.085000000000000000e+05 7.139945184173415206e-05 1.507302868572081957e-04 5.723963533585507257e-04
1.086000000000000000e+05 7.005891496670430246e-05 1.483249155112289185e-04 5.820409495521126431e-04
1.087000000000000000e+05 8.903527208487373255e-05 1.795783609527539133e-04 5.946194012963917398e-04
1.088000000000000000e+05 7.051866252111543398e-05 1.351873897369142282e-04 6.113049396801899021e-04
1.089000000000000000e+05 8.341660733547780985e-05 1.528009841367436970e-04 6.373733871016143242e-04
1.090000000000000000e+05 8.382189501385565403e-05 1.549823029200931039e-04 6.725057634995220681e-04
1.091000000000000000e+05 6.903953971275724778e-05 1.602123246562448845e-04 6.952245243183438790e-04
1.092000000000000000e+05 7.550028231324292481e-05 1.616084388896180503e-04 6.860993564368456608e-04
1.093000000000000000e+05 8.605084419969534233e-05 1.816032414878903560e-04 6.572818842032663884e-04
1.094000000000000000e+05 6.390189689336968262e-05 1.632001845207979021e-04 6.362667914013212358e-04
1.095000000000000000e+05 7.894092646692205985e-05 1.424266414155651601e-04 6.251695863430936162e-04
1.096000000000000000e+05 6.151644059028665151e-05 1.295916734835332379e-04 6.139489795941821494e-04
1.097000000000000000e+05 4.788501008126829200e-05 1.116268350008720262e-04 6.009246467644360290e-04
1.098000000000000000e+05 5.961036328210945253e-05 1.492890786688654079e-04 5.867031393154443228e-04
1.099000000000000000e+05 8.448264524110033185e-05 1.705851814981921340e-04 5.743255200293843421e-04
1.100000000000000000e+05 6.478843543415008493e-05 1.431538568791950166e-04 5.661088364257071872e-04
1.101000000000000000e+05 5.952582659304926724e-05 1.265622084154262869e-04 5.588591254492185963e-04
1.102000000000000000e+05 5.499102587349594812e-05 1.493952849374667168e-04 5.491186438436076837e-04
1.103000000000000000e+05 5.678903010888485545e-05 1.222191024157314571e-04 5.375002217829780507e-04
1.104000000000000000e+05 6.815762213041218730e-05 1.379704332159389880e-04 5.314008578114665137e-04
1.105000000000000000e+05 6.882580748730554240e-05 1.316375028266886932e-04 5.284819857511520620e-04
1.106000000000000000e+05 5.177831981649120641e-05 1.272537990770154629e-04 5.207324334269421108e-04
1.107000000000000000e+05 5.662993207272817896e-05 1.175712108797391975e-04 5.097737213073990498e-04
1.108000000000000000e+05 7.052834541887805691e-05 1.524524788437998132e-04 5.051867393303878431e-04
1.109000000000000000e+05 4.803945265281474525e-05 1.966313848019356583e-04 5.087372780307771033e-04
1.110000000000000000e+05 5.407595094943161255e-05 3.221761811888501376e-04 5.139843246824016146e-04
1.111000000000000000e+05 4.442862330505004554e-05 2.700497733725635424e-04 5.196787235050925142e-04
1.112000000000000000e+05 5.159864599830994237e-05 2.350383662126469806e-04 5.250754720090547358e-04
1.113000000000000000e+05 6.789501603339872940e-05 1.916012697445674596e-04 5.268873997002743691e-04
1.114000000000000000e+05 9.056133158558539410e-05 1.618821312142036391e-04 5.294244477572778882e-04
1.115000000000000000e+05 6.923559682722193152e-05 1.353103369900677177e-04 5.391184266401357608e-04
1.116000000000000000e+05 5.514775295375638417e-05 1.410990916812766100e-04 5.534621958054576846e-04
1.117000000000000000e+05 5.580581020266897792e-05 1.629610629425416821e-04 5.644491472034169526e-04
1.118000000000000000e+05 8.044118747575085011e-05 1.729259578477880532e-04 5.823124600593914931e-04
1.119000000000000000e+05 8.267436895738019317e-05 1.787515699334488476e-04 6.127779719115425709e-04
1.120000000000000000e+05 5.889803347286786013e-05 1.385516287599081750e-04 6.242558714963921881e-04
1.121000000000000000e+05 7.412644118855952341e-05 1.565897996354365888e-04 6.120459707830357447e-04
1.122000000000000000e+05 8.630437775506317067e-05 1.736027279938603127e-04 6.221691958278983839e-04
1.123000000000000000e+05 9.377795984895766039e-05 1.897978040395392795e-04 6.535943024697066879e-04
1.124000000000000000e+05 9.153243435053119974e-05 2.220611264815477428e-04 6.627144089675857195e-04
1.125000000000000000e+05 9.405700613462897580e-05 1.732683669775730807e-04 6.404420870684621051e-04
1.126000000000000000e+05 6.864703187616373169e-05 1.535615387817149645e-04 6.093598183411299586e-04
1.127000000000000000e+05 9.820717430248125180e-05 1.806101277517272135e-04 5.809994984066161206e-04
1.128000000000000000e+05 6.675523259508310721e-05 1.451531171533537203e-04 5.698390610223070434e-04
1.129000000000000000e+05 6.563021395111247585e-05 1.365767185646418313e-04 5.859417495935927969e-04
1.130000000000000000e+05 7.910433522290984901e-05 1.623855199692551777e-04 6.093996029209527987e-04
1.131000000000000000e+05 7.715918604856005988e-05 1.562374797407332927e-04 6.144902706242431553e-04
1.132000000000000000e+05 8.156830270784334522e-05 1.471710813903706573e-04 6.056931166282369374e-04
1.133000000000000000e+05 7.786828092708111132e-05 1.551098278667929764e-04 5.937920478539240529e-04
1.134000000000000000e+05 6.896450091420554002e-05 1.526253937080818525e-04 5.836662981512793190e-04
1.135000000000000000e+05 7.820418990650709022e-05 1.578867881647302981e-04 5.801715351357975307e-04
1.136000000000000000e+05 7.834595957030782501e-05 2.045558900584869104e-04 5.767944510511552412e-04
1.137000000000000000e+05 7.152873725883114380e-05 1.558143706104374629e-04 5.595758586451674271e-04
1.138000000000000000e+05 8.362204778183924235e-05 1.385251186836165566e-04 5.482096448935279247e-04
1.139000000000000000e+05 8.490862467972436472e-05 1.518202060608842777e-04 5.617427735227928593e-04
1.140000000000000000e+05 7.515825714169257002e-05 1.833806700016439237e-04 5.858414163372410808e-04
1.141000000000000000e+05 9.641583151163209565e-05 2.109346807240878533e-04 5.954738680607111036e-04
1.142000000000000000e+05 7.607915248630987577e-05 1.843733433767808308e-04 5.942739989372398729e-04
1.143000000000000000e+05 6.543338541315380646e-05 1.388509367434239729e-04 5.926502493037392322e-04
1.144000000000000000e+05 5.972182134882650980e-05 1.480710726180312162e-04 5.871176623052743815e-04
1.145000000000000000e+05 6.938949678106484838e-05 1.544113566527545531e-04 5.699658080083561552e-04
1.146000000000000000e+05 6.283390264748690661e-05 1.550134541270903853e-04 5.534768233775283876e-04
1.147000000000000000e+05 5.200162072761446968e-05 1.793647850832193538e-04 5.461769424540255163e-04
1.148000000000000000e+05 7.572789972855553621e-05 1.627045144946154286e-04 5.390265646830124388e-04
1.149000000000000000e+05 5.834865479618407550e-05 1.155181280654069670e-04 5.306973722866167951e-04
1.150000000000000000e+05 7.422064200746471881e-05 1.378804850578293530e-04 5.290415489051284413e-04
1.151000000000000000e+05 5.049472054887446746e-05 1.094725913000098218e-04 5.399071650858918488e-04
1.152000000000000000e+05 6.843287132731064835e-05 1.388414977977836876e-04 5.664682333416866692e-04
1.153000000000000000e+05 6.737641305982870494e-05 1.678505193060459604e-04 5.924708532252971616e-04
1.154000000000000000e+05 8.251475447152323717e-05 1.468894697952131305e-04 6.035066440407047374e-04
1.155000000000000000e+05 7.308748830985685105e-05 1.389122318058703303e-04 6.086296624569856057e-04
1.156000000000000000e+05 6.151098195252599054e-05 1.451595551791236586e-04 6.136600026723796003e-04
1.157000000000000000e+05 5.438054603101232041e-05 1.230267468548172866e-04 6.172509823629833458e-04
1.158000000000000000e+05 7.858350762549363121e-05 1.575570252358532387e-04 6.277026467715265826e-04
1.159000000000000000e+05 6.305677987886355602e-05 1.296948679364399179e-04 6.544104970264096304e-04
1.160000000000000000e+05 1.092791909245120893e-04 1.922247228344069756e-04 6.904170206440298071e-04
1.161000000000000000e+05 1.019059750096341270e-04 1.998239199211744067e-04 7.202661197313960269e-04
1.162000000000000000e+05 8.264759054822320723e-05 2.433100912440778855e-04 7.163109882168418579e-04
1.163000000000000000e+05 7.308428938578818024e-05 3.213061145748344729e-04 6.699191650465107948e-04
1.164000000000000000e+05 8.010788019263020455e-05 4.464199203075225547e-04 6.153026113162812045e-04
1.165000000000000000e+05 8.238308133118777028e-05 3.982337729343493442e-04 5.793312185144560821e-04
1.166000000000000000e+05 8.441911844394374594e-05 3.017232273921043300e-04 5.587382083993454448e-04
1.167000000000000000e+05 8.117269140975531035e-05 2.620423108448092933e-04 5.380241997960591568e-04
1.168000000000000000e+05 7.130866631350937486e-05 2.668678212283978981e-04 5.106925931307153147e-04
1.169000000000000000e+05 6.781184628926049040e-05 2.515533272501208908e-04 4.770429330446425290e-04
1.170000000000000000e+05 5.374352980879051151e-05 1.641210257049740477e-04 4.421434290430685272e-04
1.171000000000000000e+05 5.101154737892165227e-05 1.280570116343442014e-04 4.124764533287904127e-04
1.172000000000000000e+05 4.688102313670270511e-05 1.533537648779725437e-04 3.873795643890833528e-04
1.173000000000000000e+05 5.514652848965660888e-05 2.221752363987195759e-04 3.700581685353152473e-04
1.174000000000000000e+05 7.069726075401776104e-05 3.409171659082123416e-04 3.766118621721251461e-04
1.175000000000000000e+05 9.287311453556689302e-05 4.641246964633420256e-04 3.976240602081912564e-04
1.176000000000000000e+05 1.050684479631381458e-04 5.411059191478968496e-04 4.013160975079951994e-04
1.177000000000000000e+05 8.313898320652093540e-05 3.984835978988493402e-04 3.667899685009906835e-04
1.178000000000000000e+05 8.045560424475714989e-05 3.091377211991026808e-04 2.991184941399704965e-04
1.179000000000000000e+05 4.701774580535036637e-05 1.884601176291941403e-04 2.320242671714691386e-04
1.180000000000000000e+05 3.623225443195838636e-05 1.300626090322444658e-04 1.825948234332659703e-04
1.181000000000000000e+05 2.621960959437764915e-05 7.185225440532180341e-05 1.542247701176264682e-04
1.182000000000000000e+05 1.938945902829263088e-05 4.584837289943275308e-05 1.344999450680471771e-04
1.183000000000000000e+05 1.292372333454183827e-05 2.759616158746705126e-05 1.286570044174524183e-04
1.184000000000000000e+05 1.666050318938322016e-05 3.877439073405591495e-05 1.240848008619652317e-04
1.185000000000000000e+05 1.454450066582694092e-05 4.918179826241787995e-05 1.170103908627843242e-04
1.186000000000000000e+05 1.597259861896764370e-05 3.651375044086787496e-05 1.086549978820824735e-04
1.187000000000000000e+05 1.273758431319164627e-05 2.571985012526932285e-05 1.041342964477705904e-04
1.188000000000000000e+05 1.310785803140720454e-05 3.007935653379285347e-05 1.031178029397444737e-04
1.189000000000000000e+05 1.496535038165374787e-05 3.566416397033664667e-05 1.027917179705176457e-04
1.190000000000000000e+05 1.152321620530634839e-05 2.740691723071832730e-05 1.034929063402894315e-04
1.191000000000000000e+05 1.173014313594570722e-05 2.806116930251287397e-05 1.041252605677824895e-04
1.192000000000000000e+05 1.038257800032424860e-05 2.246448262082741045e-05 1.042282193295503904e-04
1.193000000000000000e+05 1.236768640621857876e-05 2.705164222166257803e-05 1.042883082539913445e-04
1.194000000000000000e+05 1.098777793939672036e-05 2.312794431991577182e-05 1.024454812309364061e-04
1.195000000000000000e+05 1.010855520771582661e-05 2.662680327897000519e-05 1.001073301124705576e-04
1.196000000000000000e+05 1.095949445716546658e-05 3.193542688265640559e-05 1.016849735997064409e-04
1.197000000000000000e+05 1.283357685804581850e-05 3.469997178035573047e-05 1.071130116196550156e-04
1.198000000000000000e+05 1.622600673974069997e-05 3.992175661215477758e-05 1.120748040506140648e-04
1.199000000000000000e+05 1.230749367406883078e-05 4.091450267520443463e-05 1.152150839410769631e-04
