9.000000000000000000e+04 3.959894092025553780e-05 6.847897002078422754e-05 1.946878733800124915e-04
9.010000000000000000e+04 1.843687324954842110e-05 3.451411136108780645e-05 1.965481476724790654e-04
9.020000000000000000e+04 2.654233365485914411e-05 5.453789671614126520e-05 1.925741409474043451e-04
9.030000000000000000e+04 2.362679243276833698e-05 7.363050914682703276e-05 1.915121698552513295e-04
9.040000000000000000e+04 2.970076865723596856e-05 6.120760370127381156e-05 2.021175036379851335e-04
9.050000000000000000e+04 3.439529845437416886e-05 6.996450578449512009e-05 1.994292910003763743e-04
9.060000000000000000e+04 3.575969236461855327e-05 6.734839379893381678e-05 2.116012753661714160e-04
9.070000000000000000e+04 1.692970208267650109e-05 4.340643369745575343e-05 2.220992836777015437e-04
9.080000000000000000e+04 5.644903263670242376e-05 8.769735407026664725e-05 2.155219297351666612e-04
9.090000000000000000e+04 4.056412580959829414e-05 7.516383636293319970e-05 2.075316234314199888e-04
9.100000000000000000e+04 2.535297839555586776e-05 7.276378300559609223e-05 2.114182544479952810e-04
9.110000000000000000e+04 3.073695785113606600e-05 5.324578150067547531e-05 2.145331036902114064e-04
9.120000000000000000e+04 3.760744892989547651e-05 5.636161830090743313e-05 2.149232295470600187e-04
9.130000000000000000e+04 4.884809696329713664e-05 9.416958019827374239e-05 2.220704580484254896e-04
9.140000000000000000e+04 3.622139337505693880e-05 8.284705288887723919e-05 2.264006328835693640e-04
9.150000000000000000e+04 3.600369551500854281e-05 8.080416411104253925e-05 2.185856179280074095e-04
9.160000000000000000e+04 2.953988410309672471e-05 6.131114966302460474e-05 2.130955090461097404e-04
9.170000000000000000e+04 4.204682431084585622e-05 8.013126352621042473e-05 2.084323577197099591e-04
9.180000000000000000e+04 5.062711192225255474e-05 9.835191088489308726e-05 2.020752161919279859e-04
9.190000000000000000e+04 5.391977329342943596e-05 1.030082078388453099e-04 1.893361371403180272e-04
9.200000000000000000e+04 3.720982346655754515e-05 7.023135985757282995e-05 1.869140938852557367e-04
9.210000000000000000e+04 2.472992903337556587e-05 6.214186021050191011e-05 1.903982436792510825e-04
9.220000000000000000e+04 3.155954234330894843e-05 6.434612260994615929e-05 1.934990885844032119e-04
9.230000000000000000e+04 2.895887854165201444e-05 5.529119818326947420e-05 1.921290398547729410e-04
9.240000000000000000e+04 1.625210512915236521e-05 3.880862577488930270e-05 1.780290902155888099e-04
9.250000000000000000e+04 1.647870999718300828e-05 2.738377384943019256e-05 1.695543886226043490e-04
9.260000000000000000e+04 1.242170315836268069e-05 2.282417189836450397e-05 1.687628968577469576e-04
9.270000000000000000e+04 1.437401725558259133e-05 2.258461571957997584e-05 1.793790236009494196e-04
9.280000000000000000e+04 1.446103914701124429e-05 4.186079887189545672e-05 1.937291523811353398e-04
9.290000000000000000e+04 9.617414288700363873e-06 3.213386291584934299e-05 1.968604379024260808e-04
9.300000000000000000e+04 2.678387055811911363e-05 5.275376836756168935e-05 1.905183397067413960e-04
9.310000000000000000e+04 1.987001085181671679e-05 3.608888506379992933e-05 1.867962483391676760e-04
9.320000000000000000e+04 1.866052027864637886e-05 3.748567306297465539e-05 1.907821085816338818e-04
9.330000000000000000e+04 2.054741167354791711e-05 4.305158065319379906e-05 1.881319975598599035e-04
9.340000000000000000e+04 2.665682811350722123e-05 5.003823346734145860e-05 1.822638495652329415e-04
9.350000000000000000e+04 5.949277500996761161e-05 9.481067962822900162e-05 1.738599762489089731e-04
9.360000000000000000e+04 4.496454776032677344e-05 7.516003678293203881e-05 1.758475123745096538e-04
9.370000000000000000e+04 3.329524781497505536e-05 5.116012577779702306e-05 1.796334525059398429e-04
9.380000000000000000e+04 2.570580554176705112e-05 4.091163044834709387e-05 1.804678860609495658e-04
9.390000000000000000e+04 2.090658229251783910e-05 3.612158873748027785e-05 1.734895681333378521e-04
9.400000000000000000e+04 2.270585750461411641e-05 4.418827842339961517e-05 1.693248990256120330e-04
9.410000000000000000e+04 1.633539418674482169e-05 3.760146703186032315e-05 1.784713696155565106e-04
9.420000000000000000e+04 2.482718941938712870e-05 4.291959627217807670e-05 1.791880365305859491e-04
9.430000000000000000e+04 2.595113589805558146e-05 4.534160693198431027e-05 1.813430767350960216e-04
9.440000000000000000e+04 1.694598208362385031e-05 4.423559566463244560e-05 1.882036410600801152e-04
9.450000000000000000e+04 3.709368803407348675e-05 7.223364429944400850e-05 1.888557511028171837e-04
9.460000000000000000e+04 3.465289484240075967e-05 7.039310625303358149e-05 1.922227548409221394e-04
9.470000000000000000e+04 2.654351212265775050e-05 6.234501187848671988e-05 1.923248251581626748e-04
9.480000000000000000e+04 3.263645069486085745e-05 6.996508526514302125e-05 1.901747444358726591e-04
9.490000000000000000e+04 3.210918845810925310e-05 6.193692966157107109e-05 1.915523900217660212e-04
9.500000000000000000e+04 3.315593101660426856e-05 5.450881723289419112e-05 1.887272425239261506e-04
9.510000000000000000e+04 3.201472543367382033e-05 4.908952375546683008e-05 1.905098512268131594e-04
9.520000000000000000e+04 2.117078018374889277e-05 2.712427072376125928e-05 1.889294242668385462e-04
9.530000000000000000e+04 1.485431588128203204e-05 2.372822851857579393e-05 1.907206949643683509e-04
9.540000000000000000e+04 1.355501738947950631e-05 2.485889038198835178e-05 2.014127946743999762e-04
9.550000000000000000e+04 1.302019727019042479e-05 2.288687161664405140e-05 2.089832330895118723e-04
9.560000000000000000e+04 2.213895218928602039e-05 4.598832556916793244e-05 2.065706333174517541e-04
9.570000000000000000e+04 1.802220857037860379e-05 4.320268105628707433e-05 2.044691507051739094e-04
9.580000000000000000e+04 2.912714662168779394e-05 5.549310155690564505e-05 1.981239223911756468e-04
9.590000000000000000e+04 2.608469535032666479e-05 5.923714374944733852e-05 1.975138094794070523e-04
9.600000000000000000e+04 2.343911964066317075e-05 5.240818909160103707e-05 2.045561910054559428e-04
9.610000000000000000e+04 2.269846968372282812e-05 4.849866417326600889e-05 2.077086968291561963e-04
9.620000000000000000e+04 2.009699931880640786e-05 5.350065920490396022e-05 2.185504458191738408e-04
9.630000000000000000e+04 2.311182990540552201e-05 5.638000634178731013e-05 2.209948079892727570e-04
9.640000000000000000e+04 3.141035609421574540e-05 5.663616736436207920e-05 2.234394697745799676e-04
9.650000000000000000e+04 4.637233257972800827e-05 6.140673444060277728e-05 2.206487271767941408e-04
9.660000000000000000e+04 3.700317567971616087e-05 5.310611123020373423e-05 2.215460558167484226e-04
9.670000000000000000e+04 2.758863050845072797e-05 5.929956126605074197e-05 2.264195093327940416e-04
9.680000000000000000e+04 3.456310925714349449e-05 1.127781884022207009e-04 2.306748806623230353e-04
9.690000000000000000e+04 4.691972994028210313e-05 1.848819283414801257e-04 2.471492496649615035e-04
9.700000000000000000e+04 7.488031581677094322e-05 2.671653129865292527e-04 2.560286894870931747e-04
9.710000000000000000e+04 8.353171500685577580e-05 2.933121367031223461e-04 2.587773342822542949e-04
9.720000000000000000e+04 7.945515853712521791e-05 2.305341844590150506e-04 2.512157292133390175e-04
9.730000000000000000e+04 7.892183283749089210e-05 1.670286839699439965e-04 2.391225318775240440e-04
9.740000000000000000e+04 7.725335220636379233e-05 1.339816098528706265e-04 2.340704032714339738e-04
9.750000000000000000e+04 6.052352648114545314e-05 1.048843928663197381e-04 2.274098312247506827e-04
9.760000000000000000e+04 3.860321894396778319e-05 7.181890173785438532e-05 2.219323518544383689e-04
9.770000000000000000e+04 3.146270763417793014e-05 5.011676197403739362e-05 2.156754298167156639e-04
9.780000000000000000e+04 2.864970890254110985e-05 4.597035760027664252e-05 2.160364139220945603e-04
9.790000000000000000e+04 2.889776040365771531e-05 5.115844623002457057e-05 2.192284138869008759e-04
9.800000000000000000e+04 3.333230601190205543e-05 5.933379812569591384e-05 2.154291449180320561e-04
9.810000000000000000e+04 5.582997415673113576e-05 8.929479659594929497e-05 2.156947000867750629e-04
9.820000000000000000e+04 6.702150667515369077e-05 1.073770528570870870e-04 2.244011740601581004e-04
9.830000000000000000e+04 7.196334789862844595e-05 1.106770723510031972e-04 2.361105249699780391e-04
9.840000000000000000e+04 7.328791003101994654e-05 9.922442046795209268e-05 2.534340183219630058e-04
9.850000000000000000e+04 8.558897111693206214e-05 1.545179922692626717e-04 2.686045644736356720e-04
9.860000000000000000e+04 1.097845177951875908e-04 2.026322355738824300e-04 2.776151467160258208e-04
9.870000000000000000e+04 9.265191715219716988e-05 1.833951269058220208e-04 2.848484451449320720e-04
9.880000000000000000e+04 7.600107623949558513e-05 1.334046086732657596e-04 3.052722022612411085e-04
9.890000000000000000e+04 7.229592223808301824e-05 1.205605302355931146e-04 3.159126896826075807e-04
9.900000000000000000e+04 6.358575529749447858e-05 9.698430218747956669e-05 3.071393064159829746e-04
9.910000000000000000e+04 5.548337390644887722e-05 9.072008590518934644e-05 3.035836512855331643e-04
9.920000000000000000e+04 4.207885929628053323e-05 6.537634273808738770e-05 3.073510964792200992e-04
9.930000000000000000e+04 2.338025768293991013e-05 4.119181952924757086e-05 3.110571032430774988e-04
9.940000000000000000e+04 3.129973688374601114e-05 5.173451286774144280e-05 3.069999114719275217e-04
9.950000000000000000e+04 4.896235201989039294e-05 7.758247548590605034e-05 3.041359315294460018e-04
9.960000000000000000e+04 5.356395880428337997e-05 8.290895417164769908e-05 3.133900844110140737e-04
9.970000000000000000e+04 3.663228811151455610e-05 5.352338278120992270e-05 3.135634018534862980e-04
9.980000000000000000e+04 4.384695068058682473e-05 8.152139806993111094e-05 3.179145570404773085e-04
9.990000000000000000e+04 5.877706218699940222e-05 1.060769663879088023e-04 3.257369963943639621e-04
1.000000000000000000e+05 6.489228913852045999e-05 1.094363466635233273e-04 3.207500431741171307e-04
1.001000000000000000e+05 4.331199037334125795e-05 1.024216301585230741e-04 3.145888599602537005e-04
1.002000000000000000e+05 3.275935400797700152e-05 7.433362345991514518e-05 3.216749684368799345e-04
1.003000000000000000e+05 1.831238635613966414e-05 4.439552233527878713e-05 3.272251017483750234e-04
1.004000000000000000e+05 2.585859851813969434e-05 5.930077328323066612e-05 3.288368783615954740e-04
1.005000000000000000e+05 2.543601151976413810e-05 6.351653878580097419e-05 3.273679355543649468e-04
1.006000000000000000e+05 3.998700637499044220e-05 6.200492584401186020e-05 3.266909036683338249e-04
1.007000000000000000e+05 1.756729203294119445e-05 3.933584500645542119e-05 3.353303038829345524e-04
1.008000000000000000e+05 1.924699941786156424e-05 4.702515656418551670e-05 3.295722628891805121e-04
1.009000000000000000e+05 3.049208872928945140e-05 6.791906683835705841e-05 3.258584413272828202e-04
1.010000000000000000e+05 3.225697330026686344e-05 6.571960626315019550e-05 3.327726892709400794e-04
1.011000000000000000e+05 1.267089670355781407e-05 2.406914289156857545e-05 3.340386890715752333e-04
1.012000000000000000e+05 4.556112262961301354e-05 1.027565396192714302e-04 3.387529674927342548e-04
1.013000000000000000e+05 2.815296743510135955e-05 6.726918063675485808e-05 3.409862146650714083e-04
1.014000000000000000e+05 4.363978316106366254e-05 6.255068733243942039e-05 3.336240504553269039e-04
1.015000000000000000e+05 2.308522691875613793e-05 4.866966041563395434e-05 3.503324913987478843e-04
1.016000000000000000e+05 3.720142565355596606e-05 6.347433096320036347e-05 3.615639280513427184e-04
1.017000000000000000e+05 2.751470545798903036e-05 7.154263760361109043e-05 3.501323346719113468e-04
1.018000000000000000e+05 2.668314608736399585e-05 5.976593025681551600e-05 3.517895630641402105e-04
1.019000000000000000e+05 4.053171839575652000e-05 1.179901719187867698e-04 3.628577882192791926e-04
1.020000000000000000e+05 4.736733406332781790e-05 8.538095833323733688e-05 3.554505972781150892e-04
1.021000000000000000e+05 6.628027175323476534e-05 2.161699345558358186e-04 3.821082100403286981e-04
1.022000000000000000e+05 1.076559518297372188e-04 3.264569182473523205e-04 3.846474716705701197e-04
1.023000000000000000e+05 6.695015624468253056e-05 1.502255797928322674e-04 3.376656464176224599e-04
1.024000000000000000e+05 6.116535841793011583e-05 1.686834698002206284e-04 3.437607280324746131e-04
1.025000000000000000e+05 5.588468339920286444e-05 1.732995921087811361e-04 3.544313119866472324e-04
1.026000000000000000e+05 3.978075952684208402e-05 6.671990582955239458e-05 3.350354975309468544e-04
1.027000000000000000e+05 2.797612351075872686e-05 5.579899429966698457e-05 3.336727270098172288e-04
1.028000000000000000e+05 4.634789636854148029e-05 8.698835225347495252e-05 3.332424474595569613e-04
1.029000000000000000e+05 4.797848825495492015e-05 8.368922335784959509e-05 3.371867632581482060e-04
1.030000000000000000e+05 3.170922009773706430e-05 7.160916079344077558e-05 3.203674497718751843e-04
1.031000000000000000e+05 3.495822543596663334e-05 7.350625949223015031e-05 3.223740362600957293e-04
1.032000000000000000e+05 3.514486053953820186e-05 8.143942818192415230e-05 3.178091459925851603e-04
1.033000000000000000e+05 4.583952225291825855e-05 9.533855387171659901e-05 3.148344486578404816e-04
1.034000000000000000e+05 4.031183217145534875e-05 1.009706687690111208e-04 3.109803702656480920e-04
1.035000000000000000e+05 4.439220383781411830e-05 1.183282447710549967e-04 3.051150899856081120e-04
1.036000000000000000e+05 5.789721880345715548e-05 1.263804229200033455e-04 2.987618688390949974e-04
1.037000000000000000e+05 6.669133269132640810e-05 1.503442069547939418e-04 3.020958789896079880e-04
1.038000000000000000e+05 4.811807527896311927e-05 1.133403623341212255e-04 2.886368648758296375e-04
1.039000000000000000e+05 4.513345539954380240e-05 9.537246253028521187e-05 3.119984385398238296e-04
1.040000000000000000e+05 3.185715951119585422e-05 7.840904928562136139e-05 3.232623063342915338e-04
1.041000000000000000e+05 4.694502699755838263e-05 9.842984270220671078e-05 3.236421436657585049e-04
1.042000000000000000e+05 6.020857148370125332e-05 1.087629692457518955e-04 3.233431081516075943e-04
1.043000000000000000e+05 5.053167145767421906e-05 1.223470372650196556e-04 3.339908985146838177e-04
1.044000000000000000e+05 3.870018419326244109e-05 9.080501050357864734e-05 3.290258585770922226e-04
1.045000000000000000e+05 4.105520779417392262e-05 8.425620576381332404e-05 3.369417390772396197e-04
1.046000000000000000e+05 4.053435097535571397e-05 8.101326234442228708e-05 3.505440542667346030e-04
1.047000000000000000e+05 2.938357574729490510e-05 9.770109879529784852e-05 3.658371639269242682e-04
1.048000000000000000e+05 3.281658480560782154e-05 9.075716897684115792e-05 3.918971235849506960e-04
1.049000000000000000e+05 6.315275929022977873e-05 1.152579517586674947e-04 3.900587404849067746e-04
1.050000000000000000e+05 4.696324492069474561e-05 8.188971620259069767e-05 3.777439705302926254e-04
1.051000000000000000e+05 4.790255222909166810e-05 8.504437815373417763e-05 3.851215580384180341e-04
1.052000000000000000e+05 6.651669446758415880e-05 1.548499804267553328e-04 4.026360287712678647e-04
1.053000000000000000e+05 5.797094736449600336e-05 1.342781807414261024e-04 4.030724266156405253e-04
1.054000000000000000e+05 5.221598878680236899e-05 1.520378125999219702e-04 4.091478410964569730e-04
1.055000000000000000e+05 7.765513048960597875e-05 1.787707519747468729e-04 4.178690759727217321e-04
1.056000000000000000e+05 8.011877367557180369e-05 1.812910750706417428e-04 4.049748014253036726e-04
1.057000000000000000e+05 6.690402114567701487e-05 1.460906355757849600e-04 3.904644071362992639e-04
1.058000000000000000e+05 5.292584661831684642e-05 1.174770432255510685e-04 4.008077842095793134e-04
1.059000000000000000e+05 6.159208831716875276e-05 1.576435828124341724e-04 4.159633190460273783e-04
1.060000000000000000e+05 8.788875804841228632e-05 1.987291936758273027e-04 4.195688111731540296e-04
1.061000000000000000e+05 7.684615026660361961e-05 1.952879746211936890e-04 4.238340501180743987e-04
1.062000000000000000e+05 9.151106709807201077e-05 2.059170449126434968e-04 4.303025952140900122e-04
1.063000000000000000e+05 1.031503811399252712e-04 2.399635900593159081e-04 4.444773130919772372e-04
1.064000000000000000e+05 9.314147939952857353e-05 2.340774846765192579e-04 4.570899521901525047e-04
1.065000000000000000e+05 7.245009787260276238e-05 1.668716910572036168e-04 4.469765292968421117e-04
1.066000000000000000e+05 4.513242180989693493e-05 8.585007518928112471e-05 4.405581739129186994e-04
1.067000000000000000e+05 3.234826625553012492e-05 8.547975463720180718e-05 4.415398216862705810e-04
1.068000000000000000e+05 5.820032522007450877e-05 1.750633757199818608e-04 4.411999902379553024e-04
1.069000000000000000e+05 5.642460267089779297e-05 2.266623271225591627e-04 4.574392908050789333e-04
1.070000000000000000e+05 7.508949635088652463e-05 2.647568359253180039e-04 4.663056193406048722e-04
1.071000000000000000e+05 7.752047107479161829e-05 2.542685132020207957e-04 4.492329736120517498e-04
1.072000000000000000e+05 6.932987414503947489e-05 2.184631125416889794e-04 4.357349391922801666e-04
1.073000000000000000e+05 6.050423927185831019e-05 2.048078856628557094e-04 4.358798963763080509e-04
1.074000000000000000e+05 7.843030301880323874e-05 2.527156876285446352e-04 4.442032576925239516e-04
1.075000000000000000e+05 8.894478305229285573e-05 2.464605290940969804e-04 4.613790537536134194e-04
1.076000000000000000e+05 8.866264166566324321e-05 1.734938668040587472e-04 4.840634024017631326e-04
1.077000000000000000e+05 8.126085301919541790e-05 1.271866326027074664e-04 4.792400796058879885e-04
1.078000000000000000e+05 7.437857026511995482e-05 1.425831622738419876e-04 4.801411173221724403e-04
1.079000000000000000e+05 6.905017616727165920e-05 1.680018181466487698e-04 4.936924878662224663e-04
1.080000000000000000e+05 4.873710756285687352e-05 1.663389700686266422e-04 5.170983381054160754e-04
1.081000000000000000e+05 7.705909236367354878e-05 1.975071448919981168e-04 5.465098505271060282e-04
1.082000000000000000e+05 9.046580212028774775e-05 1.892804291844587552e-04 5.699465755148290383e-04
1.083000000000000000e+05 5.923279009678833300e-05 1.319732455053597127e-04 5.670120167999460762e-04
1.084000000000000000e+05 3.186931286386590709e-05 9.718831204994318219e-05 5.535436766867555484e-04
1.085000000000000000e+05 4.042101584404971665e-05 8.805493299227377859e-05 5.514963872869590739e-04
1.086000000000000000e+05 7.283513967217431504e-05 1.148794750135340094e-04 5.577739519369191712e-04
1.087000000000000000e+05 5.837694702276192537e-05 1.015281278227811489e-04 5.543201020412580034e-04
1.088000000000000000e+05 3.268144844728267974e-05 6.015436390813450919e-05 5.460970492359845923e-04
1.089000000000000000e+05 5.921652503188700898e-05 1.387404566690799280e-04 5.372239996456860825e-04
1.090000000000000000e+05 8.464212536028238327e-05 2.007871912217657579e-04 5.272738865146191787e-04
1.091000000000000000e+05 7.018694934171821513e-05 1.728879950546902155e-04 5.186649699585776018e-04
1.092000000000000000e+05 8.541103875579937740e-05 1.572009182248295853e-04 5.246453661767639482e-04
1.093000000000000000e+05 1.034403636608889989e-04 1.758420088912549212e-04 5.318698213154902541e-04
1.094000000000000000e+05 1.069597627493491993e-04 1.782896045306983277e-04 5.226354151331828474e-04
1.095000000000000000e+05 1.328748170150603172e-04 2.053803344906685231e-04 5.234184435883711085e-04
1.096000000000000000e+05 1.288065078241742859e-04 1.922278044245954044e-04 5.213022814609565014e-04
1.097000000000000000e+05 1.043416589675869141e-04 1.966316866359058024e-04 5.219778531907225735e-04
1.098000000000000000e+05 7.782644343137600602e-05 1.436580207571068750e-04 5.403832009999386642e-04
1.099000000000000000e+05 6.368472200996456046e-05 1.010439621750840612e-04 5.366999583434579413e-04
1.100000000000000000e+05 4.540235816985163002e-05 1.068067937481803902e-04 4.964411701336915580e-04
1.101000000000000000e+05 4.375776543591116839e-05 1.228622063125483208e-04 4.677373504356472679e-04
1.102000000000000000e+05 3.938656839375581425e-05 1.034458208800101485e-04 4.567016227206930484e-04
1.103000000000000000e+05 7.376829017921441353e-05 1.334415555695470578e-04 4.471477953809282818e-04
1.104000000000000000e+05 8.983444245241959921e-05 1.506221618139547548e-04 4.303622560581495072e-04
1.105000000000000000e+05 6.740355727952927712e-05 1.099713617046417101e-04 4.075069615843226632e-04
1.106000000000000000e+05 2.511219930422241720e-05 4.253353273263478767e-05 3.822324192686621424e-04
1.107000000000000000e+05 3.538866866949306068e-05 6.110310682625412883e-05 3.634424439494411273e-04
1.108000000000000000e+05 5.439793924729167864e-05 1.063749401137358366e-04 3.731345478019048667e-04
1.109000000000000000e+05 2.476736423219250442e-05 5.026740199018701286e-05 3.769196066839458929e-04
1.110000000000000000e+05 3.494854424328176692e-05 7.783409122421284946e-05 3.799629878226912856e-04
1.111000000000000000e+05 4.201401037540842620e-05 8.711509719697298594e-05 3.800849382428767172e-04
1.112000000000000000e+05 7.480018365859411296e-05 1.622832532073223964e-04 3.709099629909440895e-04
1.113000000000000000e+05 8.062054592472507391e-05 1.736357383229081286e-04 3.910907870999983760e-04
1.114000000000000000e+05 6.335575646877343765e-05 1.503732997113472439e-04 4.022495924109611922e-04
1.115000000000000000e+05 7.058068737793564982e-05 1.527503300121503104e-04 3.903376307417905436e-04
1.116000000000000000e+05 5.262891627889361825e-05 1.371678789903573847e-04 4.015907000845602109e-04
1.117000000000000000e+05 3.269653287403431318e-05 7.861084384800076088e-05 4.060014348649882213e-04
1.118000000000000000e+05 4.916629203101434377e-05 1.083857556322094864e-04 3.982701591895078147e-04
1.119000000000000000e+05 6.022878693678998963e-05 1.229471333826320204e-04 4.093898812336523138e-04
1.120000000000000000e+05 6.711865617573214808e-05 1.175262715356560064e-04 4.216608668146003746e-04
1.121000000000000000e+05 7.417320799260206012e-05 1.206979983823568896e-04 4.398073194951053521e-04
1.122000000000000000e+05 6.363922920246065920e-05 1.118025085786788836e-04 4.450585437154061063e-04
1.123000000000000000e+05 3.485982259758243010e-05 8.748871565613302800e-05 4.327675489876788018e-04
1.124000000000000000e+05 2.642078876927855162e-05 4.254537987446576621e-05 4.293208254040424944e-04
1.125000000000000000e+05 4.258943396848245515e-05 9.975380574943782525e-05 4.292715365090869978e-04
1.126000000000000000e+05 3.369039882990872582e-05 4.881575123998809027e-05 4.074456428550704318e-04
1.127000000000000000e+05 2.775109311417285184e-05 7.459093077648965790e-05 3.872279518923155920e-04
1.128000000000000000e+05 3.936373107923626154e-05 7.385314634575254568e-05 3.722084139141001091e-04
1.129000000000000000e+05 6.318951161137957096e-05 9.716080606221252653e-05 3.562332520889549786e-04
1.130000000000000000e+05 5.151058875238435572e-05 7.882802143713421106e-05 3.704737033303521446e-04
1.131000000000000000e+05 1.821037370241580409e-05 3.431907275576684619e-05 3.798837272050013163e-04
1.132000000000000000e+05 4.198945461959905376e-05 9.846571990155714941e-05 3.965053432005558780e-04
1.133000000000000000e+05 2.777580170737839211e-05 6.360790597137509859e-05 3.908665932155757500e-04
1.134000000000000000e+05 1.876432348621762895e-05 5.237299272932758156e-05 3.846286836296029907e-04
1.135000000000000000e+05 2.288906483212361457e-05 4.960339954961610898e-05 3.722962296530361588e-04
1.136000000000000000e+05 3.042367227013297081e-05 7.550501267412706389e-05 3.829274651010363805e-04
1.137000000000000000e+05 3.899463583191770197e-05 1.091265388342685166e-04 3.884995537234613378e-04
1.138000000000000000e+05 5.680273377078437057e-05 1.289939045174648240e-04 3.946886914538270019e-04
1.139000000000000000e+05 3.276155039098308137e-05 9.440660137119411119e-05 3.919543023258757817e-04
1.140000000000000000e+05 3.127132169831195680e-05 6.214496769184449550e-05 3.848565595362425239e-04
1.141000000000000000e+05 4.931031279842057512e-05 9.906773629686835671e-05 3.794497650506676928e-04
1.142000000000000000e+05 3.095632133655052808e-05 7.600320139645815563e-05 3.730829778909724656e-04
1.143000000000000000e+05 3.763915205048354220e-05 8.465047722338854379e-05 3.569103753331628751e-04
1.144000000000000000e+05 1.480568549877097880e-05 4.051927050006899535e-05 3.687073927816189351e-04
1.145000000000000000e+05 1.983548831531732918e-05 5.810736616155041208e-05 3.788976628140246954e-04
1.146000000000000000e+05 2.716663569947842631e-05 5.097603576108592719e-05 3.673435811499883852e-04
1.147000000000000000e+05 3.940471812251137088e-05 8.668078445221114601e-05 3.586943606407772293e-04
1.148000000000000000e+05 2.739787643224196167e-05 7.003620384999671581e-05 3.580266573555248352e-04
1.149000000000000000e+05 4.795820382108117834e-05 9.651004526802815916e-05 3.607831697904807658e-04
1.150000000000000000e+05 3.540208724051258169e-05 7.707086128516107623e-05 3.656235866744652263e-04
1.151000000000000000e+05 3.870341665377540407e-05 7.860190807935045878e-05 3.601198980512480027e-04
1.152000000000000000e+05 4.292414699728761733e-05 8.865638155000616196e-05 3.590518759575994667e-04
1.153000000000000000e+05 4.186115935843993463e-05 8.346668744869934192e-05 3.765195724920330188e-04
1.154000000000000000e+05 3.998227119565256164e-05 8.050755737642475247e-05 3.823434962961395423e-04
1.155000000000000000e+05 3.935199270377581337e-05 7.286039729050735377e-05 3.974037597232839064e-04
1.156000000000000000e+05 3.775883210462764681e-05 8.329152931539906017e-05 4.174064681287397056e-04
1.157000000000000000e+05 6.628242941488220619e-05 1.178050041420204545e-04 4.066105559249628141e-04
1.158000000000000000e+05 8.562499628274458175e-05 1.439219756581427978e-04 4.159883901213515668e-04
1.159000000000000000e+05 9.567797053689527497e-05 1.509125336916222076e-04 4.253120121606031550e-04
1.160000000000000000e+05 8.336347803946644527e-05 1.259614901708055925e-04 4.306642884718874724e-04
1.161000000000000000e+05 1.109594378597376636e-04 1.442455783976952298e-04 4.428727202092891499e-04
1.162000000000000000e+05 9.298985356508143599e-05 1.339237136913902591e-04 4.450376589499329370e-04
1.163000000000000000e+05 8.943907746524111264e-05 1.308464644455957526e-04 4.484197334853467641e-04
1.164000000000000000e+05 7.479702873683456276e-05 1.248537329267941989e-04 4.399653524045617561e-04
1.165000000000000000e+05 5.170477668908047371e-05 1.060297517303000758e-04 4.376802514378565624e-04
1.166000000000000000e+05 4.598231409103651279e-05 1.165684109065221862e-04 4.282180855797797117e-04
1.167000000000000000e+05 4.269504890745727749e-05 1.202120547804205091e-04 4.238893757659743734e-04
1.168000000000000000e+05 3.082499768943615425e-05 9.345730446295530489e-05 4.193611549326587556e-04
1.169000000000000000e+05 3.025910180836391362e-05 6.239723020029378300e-05 4.105420367325483865e-04
1.170000000000000000e+05 4.090733707965462772e-05 6.671606971019820170e-05 4.027512716467591437e-04
1.171000000000000000e+05 5.713307718324553636e-05 9.117485430603738906e-05 3.919034118879015849e-04
1.172000000000000000e+05 5.324635245110520511e-05 9.462774883767249455e-05 3.882013158335800114e-04
1.173000000000000000e+05 3.304986641187882077e-05 1.179390250076426143e-04 4.007094287157078605e-04
1.174000000000000000e+05 6.243634163889780512e-05 1.660227227533222420e-04 3.992254184127640854e-04
1.175000000000000000e+05 7.130855492297472065e-05 1.845724265169001749e-04 3.774749739583713485e-04
1.176000000000000000e+05 8.041101947403014915e-05 1.659997635479284507e-04 3.679881010592780531e-04
1.177000000000000000e+05 1.058579250446806119e-04 2.032889572869564466e-04 3.425329543054146317e-04
1.178000000000000000e+05 9.199472654320840878e-05 1.859400317694360658e-04 3.335324691242744655e-04
1.179000000000000000e+05 1.030720545581551993e-04 2.185435532927023153e-04 3.277459514216658439e-04
1.180000000000000000e+05 7.910771776209026885e-05 1.632638670610457902e-04 2.954851552022146402e-04
1.181000000000000000e+05 5.424748920615203931e-05 1.194240221075165828e-04 2.574707461292679482e-04
1.182000000000000000e+05 4.191516567453765457e-05 1.014348233743782182e-04 2.372946663613680843e-04
1.183000000000000000e+05 3.087935659174347904e-05 8.167434201633352593e-05 2.237591147790724737e-04
1.184000000000000000e+05 1.909987336229848468e-05 3.935134035630579829e-05 2.124599851285209878e-04
1.185000000000000000e+05 2.724888635503603263e-05 6.543790521794785832e-05 2.102422918747964375e-04
1.186000000000000000e+05 4.819270151947831985e-05 9.970418515329340604e-05 2.152691662455215554e-04
1.187000000000000000e+05 5.411564918979407763e-05 9.042985528160240173e-05 2.172653233420334740e-04
1.188000000000000000e+05 3.367285094705113027e-05 5.154113749198979862e-05 2.069010721013339669e-04
1.189000000000000000e+05 2.686689745729796733e-05 3.920984976136428495e-05 2.011596674355090042e-04
1.190000000000000000e+05 3.201280233775444023e-05 5.468500920522255805e-05 1.919084779054680676e-04
1.191000000000000000e+05 3.380158961527915092e-05 6.153887929947893785e-05 1.949743387753187453e-04
1.192000000000000000e+05 2.419968090932952021e-05 5.530249759117105974e-05 1.900273163861096958e-04
1.193000000000000000e+05 1.659277935521128681e-05 4.979615134042067329e-05 1.808045282624574446e-04
1.194000000000000000e+05 1.999626980479760649e-05 4.895062488529045496e-05 1.742941313522670575e-04
1.195000000000000000e+05 2.489799720820019997e-05 5.108156353100790342e-05 1.732102546695263290e-04
1.196000000000000000e+05 3.293574521560230293e-05 6.552157906757917743e-05 1.781922222345112068e-04
1.197000000000000000e+05 4.655184419205567864e-05 9.098145309731036474e-05 1.892424181029924693e-04
1.198000000000000000e+05 3.881409157770849497e-05 7.293136721356222128e-05 1.951056017626752763e-04
1.199000000000000000e+05 5.136794078822279515e-05 8.844698107742906732e-05 1.922135461113985320e-04
