9.000000000000000000e+04 2.186607718154723432e-04 3.386628400477226177e-04 2.186607718154723432e-04
9.010000000000000000e+04 2.164801397185247417e-04 3.151198267337197755e-04 2.164801397185247417e-04
9.020000000000000000e+04 2.140416074008446472e-04 3.090366575600496509e-04 2.140416074008446472e-04
9.030000000000000000e+04 2.291918275961056409e-04 3.220244916803643564e-04 2.291918275961056409e-04
9.040000000000000000e+04 2.354033220875229623e-04 3.596008527875607414e-04 2.354033220875229623e-04
9.050000000000000000e+04 2.554487004911806022e-04 3.587278338566637133e-04 2.554487004911806022e-04
9.060000000000000000e+04 2.488078258517093162e-04 3.458718228119932723e-04 2.488078258517093162e-04
9.070000000000000000e+04 2.207596832033599120e-04 3.135919104936014121e-04 2.207596832033599120e-04
9.080000000000000000e+04 2.102755877112859437e-04 3.066688350584765351e-04 2.102755877112859437e-04
9.090000000000000000e+04 1.991762618196012287e-04 2.771191927063715180e-04 1.991762618196012287e-04
9.100000000000000000e+04 1.588433420132443960e-04 2.228377301474805433e-04 2.003870709305646759e-04
9.110000000000000000e+04 1.008524031990911285e-04 1.614431140493070729e-04 2.057434249387546875e-04
9.120000000000000000e+04 9.437342974107991954e-05 1.448969866907400070e-04 2.069164996615243638e-04
9.130000000000000000e+04 9.983336223343022668e-05 1.533902606497740558e-04 2.128557968469142118e-04
9.140000000000000000e+04 4.903208043078346708e-05 1.029746814244961823e-04 2.272883027536296442e-04
9.150000000000000000e+04 3.638586967985875235e-05 8.882076791100754817e-05 2.313480644831148196e-04
9.160000000000000000e+04 3.308341985444279254e-05 7.639850473604151886e-05 2.322443673268243609e-04
9.170000000000000000e+04 5.210582616772590960e-05 9.633011220436723805e-05 2.306519911805044105e-04
9.180000000000000000e+04 5.343709474235622324e-05 1.102423196883577691e-04 2.407574479034318721e-04
9.190000000000000000e+04 3.777805433128266725e-05 6.926735251995254578e-05 2.539667214529056638e-04
9.200000000000000000e+04 2.385493307039944716e-05 4.095993655269739974e-05 2.509494747085525630e-04
9.210000000000000000e+04 4.676859365127211243e-05 9.941170922303618936e-05 2.550208998349536276e-04
9.220000000000000000e+04 4.682690044033292081e-05 9.114241756890472204e-05 2.541257999992466545e-04
9.230000000000000000e+04 2.144605727104765668e-05 4.019260294554243603e-05 2.432036165700888716e-04
9.240000000000000000e+04 5.316340780575886716e-05 9.862257429286690213e-05 2.458008827278263930e-04
9.250000000000000000e+04 5.903216235368741942e-05 9.365471854965928887e-05 2.535817488690436097e-04
9.260000000000000000e+04 5.818937098920874901e-05 9.244677991907180497e-05 2.441762154301416903e-04
9.270000000000000000e+04 1.613499926437158443e-05 4.819831885646776084e-05 2.292355548894902827e-04
9.280000000000000000e+04 3.435084923348729214e-05 5.637957890555723647e-05 2.145990093802297165e-04
9.290000000000000000e+04 3.188115358058945061e-05 5.307063690205340032e-05 2.165003146373994990e-04
9.300000000000000000e+04 2.448925033082149016e-05 4.746832137921561199e-05 2.165714947608995240e-04
9.310000000000000000e+04 2.452625362976126530e-05 5.218718133494936904e-05 2.167564148923416430e-04
9.320000000000000000e+04 1.622754280469762556e-05 4.553455390242380709e-05 2.111193468641723496e-04
9.330000000000000000e+04 9.714839498634557759e-06 2.153341401817638972e-05 2.230264289927934664e-04
9.340000000000000000e+04 1.418849132030355420e-05 2.928113714167039508e-05 2.299685060912460503e-04
9.350000000000000000e+04 1.894617178586690816e-05 3.779933593345627266e-05 2.245094800356667222e-04
9.360000000000000000e+04 2.569486643726258228e-05 7.622828645773106000e-05 2.204521400291053047e-04
9.370000000000000000e+04 2.845260644415432538e-05 5.252140848614647280e-05 2.296462159964098482e-04
9.380000000000000000e+04 2.664845377554472057e-05 4.235179831918182611e-05 2.377652859433981619e-04
9.390000000000000000e+04 1.829395108568582988e-05 3.503298739378495237e-05 2.422899029968169119e-04
9.400000000000000000e+04 6.798395053373665776e-06 1.888737776829530748e-05 2.438635117775423615e-04
9.410000000000000000e+04 2.260661108436973123e-05 3.260826793395033246e-05 2.372152798949921234e-04
9.420000000000000000e+04 2.888835503465765034e-05 5.189436465029815832e-05 2.425036231785540673e-04
9.430000000000000000e+04 1.593377087678591914e-05 3.030279763794574660e-05 2.550808066713433067e-04
9.440000000000000000e+04 1.394792294034236362e-05 3.129044232098176928e-05 2.656698446656297107e-04
9.450000000000000000e+04 3.278390720901384545e-05 6.641103126884731868e-05 2.750069037957765571e-04
9.460000000000000000e+04 3.310247183194831803e-05 7.872748527203751300e-05 2.695677278497793242e-04
9.470000000000000000e+04 2.830836511882482351e-05 7.917444330793972553e-05 2.643757752914156637e-04
9.480000000000000000e+04 4.093185605701262202e-05 1.028455982779460194e-04 2.557249834990666174e-04
9.490000000000000000e+04 2.374131533648012851e-05 5.577689737190687442e-05 2.420825947831861810e-04
9.500000000000000000e+04 2.041273356050517978e-05 5.111041934653681468e-05 2.364289526322014830e-04
9.510000000000000000e+04 1.789761086673266719e-05 4.740489076185636108e-05 2.549048647963353701e-04
9.520000000000000000e+04 5.032331411649828721e-05 9.691073929657731791e-05 2.690704289177973810e-04
9.530000000000000000e+04 4.469614005102155469e-05 7.381037931424662456e-05 2.817144379813914636e-04
9.540000000000000000e+04 4.529382860061017830e-05 6.796166305488569089e-05 2.939146550105813018e-04
9.550000000000000000e+04 3.598253584207215198e-05 5.193190261185170369e-05 2.991611875579815063e-04
9.560000000000000000e+04 1.567300155208963073e-05 3.461230359672702248e-05 2.922160232188784619e-04
9.570000000000000000e+04 2.838439553957695363e-05 6.093437299880757755e-05 2.773640993074920217e-04
9.580000000000000000e+04 2.895545189408123320e-05 6.016433069906381098e-05 2.613424336740081825e-04
9.590000000000000000e+04 4.769321249300552401e-05 8.883763277303246154e-05 2.569670292456269515e-04
9.600000000000000000e+04 4.980976019786391082e-05 9.756970720071800373e-05 2.605550570413956834e-04
9.610000000000000000e+04 4.944369143871279798e-05 1.098638754964478825e-04 2.689611881367137973e-04
9.620000000000000000e+04 4.837595815498438724e-05 9.575936227594749749e-05 2.563879781315479898e-04
9.630000000000000000e+04 1.819630512554361941e-05 2.919521467071919669e-05 2.598164072414652212e-04
9.640000000000000000e+04 2.641432996550096223e-05 7.691946410924715440e-05 2.481393883895939003e-04
9.650000000000000000e+04 2.713437785908972199e-05 7.014902077518808373e-05 2.414130698412295345e-04
9.660000000000000000e+04 1.978669563525037463e-05 4.240845932998403285e-05 2.539995119868141424e-04
9.670000000000000000e+04 2.725716362211635783e-05 5.439554833173659387e-05 2.550816985079737312e-04
9.680000000000000000e+04 2.190298170376563688e-05 4.552122036437740763e-05 2.643177230443642060e-04
9.690000000000000000e+04 1.728366938943639479e-05 5.775691458897172980e-05 2.742395300129370911e-04
9.700000000000000000e+04 3.041055060076119400e-05 6.545274227134554017e-05 2.744745338012433622e-04
9.710000000000000000e+04 2.077737949486888709e-05 3.888843541680943056e-05 2.717117636252651815e-04
9.720000000000000000e+04 1.062342990037812339e-05 2.081726288390557634e-05 2.592494526901545381e-04
9.730000000000000000e+04 1.312391629058255564e-05 3.266267511165958952e-05 2.574255170208549848e-04
9.740000000000000000e+04 3.058893241201772559e-05 7.610460736531224780e-05 2.504259673403492364e-04
9.750000000000000000e+04 4.816190568239235212e-05 1.220628437243344419e-04 2.504094964337905539e-04
9.760000000000000000e+04 3.802710160092010773e-05 8.327236672333205181e-05 2.563215864791731696e-04
9.770000000000000000e+04 2.391934258987575166e-05 3.917874098538395551e-05 2.557748755268176655e-04
9.780000000000000000e+04 3.597008377794616509e-05 5.979984453504178150e-05 2.494898406108766791e-04
9.790000000000000000e+04 3.517904466145415103e-05 6.531704929591371700e-05 2.579832815550104665e-04
9.800000000000000000e+04 1.748849525057136678e-05 3.804936018958368594e-05 2.582358903936871628e-04
9.810000000000000000e+04 1.151463146247493205e-05 2.698211520803982461e-05 2.698723865925213355e-04
9.820000000000000000e+04 3.237213674125592657e-05 6.240395770011836554e-05 2.955767432576643762e-04
9.830000000000000000e+04 3.682943747450236624e-05 6.421957648814461848e-05 3.028710071418450793e-04
9.840000000000000000e+04 5.294398925638190085e-05 1.196552876510287343e-04 3.007281111481166416e-04
9.850000000000000000e+04 1.845175153543263070e-05 5.753534879050618573e-05 2.782751996355165339e-04
9.860000000000000000e+04 3.484811044122368721e-05 5.184430073435809805e-05 2.907663663493622783e-04
9.870000000000000000e+04 2.658611885770497492e-05 5.382722212186088736e-05 3.104595659760412242e-04
9.880000000000000000e+04 3.501169966184657393e-05 7.889758081817553788e-05 3.403027298449049528e-04
9.890000000000000000e+04 3.220700034133446238e-05 7.861088362290754488e-05 3.842304386426970879e-04
9.900000000000000000e+04 2.579509450576953581e-05 6.142085156535974973e-05 3.917288119908255849e-04
9.910000000000000000e+04 2.594035416621915096e-05 4.910111611564174942e-05 3.766513321665844222e-04
9.920000000000000000e+04 5.324045824674472063e-05 8.656161029217435436e-05 3.664041976962616209e-04
9.930000000000000000e+04 5.007823249470366896e-05 7.755812512776896414e-05 3.462831466503540423e-04
9.940000000000000000e+04 7.506380434902742938e-05 1.486720418750388391e-04 3.532802485011573472e-04
9.950000000000000000e+04 6.810320489436473470e-05 1.379397014609838167e-04 3.571902023252601296e-04
9.960000000000000000e+04 5.638396821936434876e-05 1.106870501410368770e-04 3.769751540449257292e-04
9.970000000000000000e+04 2.596439121498880049e-05 5.304210374473692030e-05 3.600951924419146179e-04
9.980000000000000000e+04 2.300080818332984629e-05 5.561209522600559733e-05 3.575580520725211075e-04
9.990000000000000000e+04 2.801258511873552922e-05 6.754779367385623260e-05 3.711839911668853020e-04
1.000000000000000000e+05 2.045383524479458138e-05 6.584715898773954015e-05 4.020536819209517615e-04
1.001000000000000000e+05 2.665225230651080933e-05 4.795782025757329165e-05 3.783567272900011124e-04
1.002000000000000000e+05 2.427428476658186150e-05 4.794069828091470373e-05 3.595351776914398152e-04
1.003000000000000000e+05 2.504502106155751537e-05 5.605139873924257481e-05 3.695479867815183316e-04
1.004000000000000000e+05 5.072838038623281309e-05 9.074823647279347399e-05 3.838166550618489882e-04
1.005000000000000000e+05 5.794954074149618684e-05 1.042111176969587826e-04 3.765548020155980039e-04
1.006000000000000000e+05 4.595260704109190974e-05 7.595414341826341523e-05 3.782617644977665406e-04
1.007000000000000000e+05 5.816231707814347547e-05 1.461617125368391140e-04 3.904857898138031037e-04
1.008000000000000000e+05 3.424499162050706740e-05 6.869848227651707395e-05 3.796302272152503538e-04
1.009000000000000000e+05 3.007364071689927650e-05 8.008986532789189993e-05 3.896031228158859097e-04
1.010000000000000000e+05 4.434027178032955022e-05 1.290007993862604652e-04 4.276186797046221738e-04
1.011000000000000000e+05 5.953706600384070817e-05 2.190031358867910809e-04 4.361622245356262329e-04
1.012000000000000000e+05 8.832144940749367835e-05 2.807912455458172560e-04 4.901795115303926803e-04
1.013000000000000000e+05 1.241697289596098886e-04 2.898376424166178235e-04 5.464106278591015099e-04
1.014000000000000000e+05 1.545467113023343418e-04 4.861395303336533643e-04 5.538309445454479884e-04
1.015000000000000000e+05 1.031308125489236501e-04 3.572292889353856317e-04 5.200589117487044218e-04
1.016000000000000000e+05 1.507087968413189428e-04 2.901422725758298691e-04 4.854951886422900070e-04
1.017000000000000000e+05 9.472452307327872481e-05 2.447625194858139429e-04 4.555772399472380013e-04
1.018000000000000000e+05 7.747761619183909368e-05 2.954836703907913584e-04 4.627303137236744900e-04
1.019000000000000000e+05 1.002673374038031600e-04 4.399595661362016869e-04 4.862378081566705312e-04
1.020000000000000000e+05 1.105607600140327720e-04 4.386510911370077970e-04 5.032937575528148924e-04
1.021000000000000000e+05 9.079136711264606044e-05 3.423061896259087917e-04 4.722040228818264189e-04
1.022000000000000000e+05 1.211153948619215701e-04 4.920034977093913587e-04 4.827243383498298381e-04
1.023000000000000000e+05 1.258831042970654239e-04 4.981707757113471892e-04 4.727545298429147486e-04
1.024000000000000000e+05 1.151776848911893877e-04 3.999516848672691853e-04 4.458482461839626378e-04
1.025000000000000000e+05 1.045840751663277115e-04 3.702173958819989993e-04 4.342759165709554441e-04
1.026000000000000000e+05 1.470224373306921301e-04 4.829266540112565052e-04 4.727193262144565146e-04
1.027000000000000000e+05 1.005464449658223492e-04 3.501146395476052524e-04 4.684146788767757632e-04
1.028000000000000000e+05 1.001216076796291091e-04 3.326571941807841739e-04 4.631471595063623987e-04
1.029000000000000000e+05 9.486529318217847961e-05 3.006623106703785716e-04 4.743355687360529269e-04
1.030000000000000000e+05 6.546985755784333295e-05 2.223704760337301216e-04 4.387442987400210284e-04
1.031000000000000000e+05 8.805900322553434668e-05 2.844658472778051751e-04 4.676041348295630865e-04
1.032000000000000000e+05 1.046309404209509980e-04 3.639746946441612383e-04 4.907620749834671909e-04
1.033000000000000000e+05 1.080476481235115153e-04 4.156013792921423792e-04 4.771631852990118779e-04
1.034000000000000000e+05 1.023635485661209227e-04 3.496200191500796646e-04 4.206075639396226269e-04
1.035000000000000000e+05 1.681259568116107161e-04 5.218433037379121252e-04 4.198488856703315171e-04
1.036000000000000000e+05 1.403696904867004743e-04 6.079084904298587191e-04 4.673723526042083336e-04
1.037000000000000000e+05 1.269046464332316540e-04 5.760196931882766245e-04 4.945472980177709633e-04
1.038000000000000000e+05 1.310930861695256029e-04 5.251531749426688496e-04 4.680545796056688815e-04
1.039000000000000000e+05 1.019551569125632198e-04 3.773159412618913751e-04 4.459681064276969334e-04
1.040000000000000000e+05 1.184260749500552572e-04 3.599925559544615633e-04 4.540030249743554525e-04
1.041000000000000000e+05 1.139862460354698864e-04 4.252664280590889791e-04 4.492628819412983893e-04
1.042000000000000000e+05 1.015145781415915439e-04 4.194775891954224544e-04 4.375240341058842485e-04
1.043000000000000000e+05 1.555243420065373318e-04 5.940059029273109248e-04 4.556754614314546814e-04
1.044000000000000000e+05 1.350744845420441304e-04 6.085522298021849279e-04 4.788030333294062682e-04
1.045000000000000000e+05 9.371366846875641126e-05 4.302014473563086912e-04 4.428441023396651887e-04
1.046000000000000000e+05 1.000745215705260986e-04 4.043947485283191663e-04 4.300168286637044116e-04
1.047000000000000000e+05 1.315553940798351671e-04 6.151568573533002827e-04 4.562157246402086730e-04
1.048000000000000000e+05 1.236299684121517305e-04 5.751500636358021067e-04 4.635336020921681371e-04
1.049000000000000000e+05 1.282016753513044358e-04 5.607225927036024954e-04 4.827056750088346286e-04
1.050000000000000000e+05 1.437734247808270839e-04 6.636505266330272297e-04 4.953695299664649795e-04
1.051000000000000000e+05 1.326343717494316574e-04 5.315989140878368780e-04 4.694993556299469984e-04
1.052000000000000000e+05 1.090537723107089436e-04 4.278981083110600060e-04 4.438355528033867338e-04
1.053000000000000000e+05 8.851451193374017734e-05 4.169808241595745254e-04 4.315381895150535263e-04
1.054000000000000000e+05 1.248409907427834717e-04 4.776922777090925314e-04 4.423852114115329201e-04
1.055000000000000000e+05 1.562689736215105507e-04 6.589423427412026413e-04 4.832560661724875158e-04
1.056000000000000000e+05 1.792098320511871707e-04 8.056211059146200278e-04 5.066491552516747638e-04
1.057000000000000000e+05 1.636043956083833742e-04 6.769548620619634909e-04 4.933510685582243645e-04
1.058000000000000000e+05 1.260115114078218896e-04 5.037460546819516865e-04 4.628137990715966671e-04
1.059000000000000000e+05 1.066409891540305165e-04 4.012115525005492222e-04 4.459654913054529081e-04
1.060000000000000000e+05 8.655759507589786458e-05 3.453711262507619850e-04 4.333147083432855218e-04
1.061000000000000000e+05 9.140531821674572916e-05 3.797413395913217058e-04 4.531747671071259575e-04
1.062000000000000000e+05 1.291666783763099902e-04 5.368340203288780432e-04 4.907594096377020229e-04
1.063000000000000000e+05 1.640215175229514481e-04 6.995897902234299044e-04 5.264990157084648448e-04
1.064000000000000000e+05 1.734404075470927188e-04 7.338923487316706970e-04 5.377037927871183409e-04
1.065000000000000000e+05 1.898157664271576581e-04 7.543820431503082524e-04 5.396203939301674442e-04
1.066000000000000000e+05 1.924030346989825729e-04 6.889494442514186448e-04 5.243904120414823265e-04
1.067000000000000000e+05 1.716802526794832494e-04 5.323752364632420783e-04 4.898541914022735500e-04
1.068000000000000000e+05 1.101381739849754287e-04 4.010720293035621112e-04 4.654812446275382351e-04
1.069000000000000000e+05 6.390408382086392239e-05 2.706268145256282001e-04 4.531120817573916363e-04
1.070000000000000000e+05 6.342323935469969471e-05 2.220727784258918580e-04 4.668717473288804161e-04
1.071000000000000000e+05 1.039771165282865292e-04 3.353675310925530628e-04 5.235213936123369423e-04
1.072000000000000000e+05 1.364440141521883697e-04 4.350886313839909670e-04 5.733917195650899395e-04
1.073000000000000000e+05 1.021313093946650411e-04 3.172409394203903193e-04 5.353092611223911595e-04
1.074000000000000000e+05 7.017036883347140160e-05 2.416589920100657360e-04 5.080662629751694697e-04
1.075000000000000000e+05 8.657530412810895797e-05 2.874535686631004552e-04 5.269311642187656615e-04
1.076000000000000000e+05 1.823494821877375449e-04 4.703035052709674132e-04 6.197541766312412385e-04
1.077000000000000000e+05 2.173820489353401144e-04 5.720682011621190926e-04 6.235938221442649705e-04
1.078000000000000000e+05 1.410200136266254374e-04 3.800710165892640341e-04 5.634363526512257709e-04
1.079000000000000000e+05 1.069318503100284939e-04 2.258601943680680637e-04 5.524115245015867419e-04
1.080000000000000000e+05 1.595805913945549503e-04 4.305135447891187545e-04 6.083507538215667063e-04
1.081000000000000000e+05 2.745872565605528238e-04 5.613452916009443322e-04 6.690429440675721732e-04
1.082000000000000000e+05 3.046910605055139025e-04 6.408345441197577791e-04 7.389052444452472342e-04
1.083000000000000000e+05 3.338818601066550172e-04 7.486843734012605441e-04 8.080848074009086470e-04
1.084000000000000000e+05 3.511614991742667080e-04 8.929257380274895246e-04 8.478197966455420500e-04
1.085000000000000000e+05 2.420278342243432695e-04 6.216141496876690948e-04 7.480392160715958758e-04
1.086000000000000000e+05 1.815306429155757084e-04 4.427603905074266300e-04 6.651388596097510160e-04
1.087000000000000000e+05 1.909989349564315602e-04 4.898315052524155689e-04 6.377041303692606395e-04
1.088000000000000000e+05 1.885623533611062463e-04 4.443076721753072360e-04 6.164869765576522003e-04
1.089000000000000000e+05 2.406446174234074670e-04 5.664670567437858541e-04 6.748626402555634417e-04
1.090000000000000000e+05 2.300641123398827152e-04 5.305517456133388484e-04 6.820977729013347288e-04
1.091000000000000000e+05 1.146424252846739368e-04 2.813347042865084534e-04 5.926678785940114099e-04
1.092000000000000000e+05 1.300534094346588484e-04 3.728126096210837375e-04 5.670143594488362719e-04
1.093000000000000000e+05 2.085246087611231872e-04 5.760003731714850471e-04 6.315875368036585674e-04
1.094000000000000000e+05 2.022313333061654186e-04 5.008334147741925384e-04 6.394736585256567424e-04
1.095000000000000000e+05 1.778071720696940377e-04 4.433022904192270431e-04 6.516936166001364647e-04
1.096000000000000000e+05 1.971756096888151221e-04 5.448922716873433585e-04 7.086745729190791062e-04
1.097000000000000000e+05 2.236095040684455597e-04 6.700209883011388557e-04 7.488319804952940466e-04
1.098000000000000000e+05 2.602436175112918379e-04 7.319852027497281317e-04 7.430622989137225043e-04
1.099000000000000000e+05 3.116933388275107387e-04 8.029153320130717319e-04 7.616790778584073534e-04
1.100000000000000000e+05 2.860727208715966902e-04 7.763543636552534127e-04 7.337473650890253976e-04
1.101000000000000000e+05 2.237764237918162219e-04 6.614588615754884385e-04 7.004330868207410063e-04
1.102000000000000000e+05 1.972869114866622649e-04 6.034015165026167639e-04 6.775434708959014425e-04
1.103000000000000000e+05 2.001586400447690059e-04 6.022220879420000584e-04 6.687917791787462238e-04
1.104000000000000000e+05 1.916192438742097496e-04 5.482131439460132894e-04 6.366995641893671105e-04
1.105000000000000000e+05 1.838344476897104600e-04 4.136788482629575486e-04 5.768014946028078701e-04
1.106000000000000000e+05 1.776991326195831423e-04 3.686786097275253555e-04 5.538216888352994784e-04
1.107000000000000000e+05 1.840739659457131571e-04 4.350252520918658451e-04 5.566342566208791389e-04
1.108000000000000000e+05 1.814487556279384363e-04 4.701542905910401342e-04 5.572934206699886898e-04
1.109000000000000000e+05 1.776947306688670411e-04 4.669607514908063117e-04 5.611704292747513208e-04
1.110000000000000000e+05 1.832906984511358645e-04 5.086161326392376301e-04 5.823000840382689704e-04
1.111000000000000000e+05 1.983327140719717027e-04 5.383006156632825275e-04 5.923011334505981669e-04
1.112000000000000000e+05 1.989018074559669152e-04 5.280455495922940822e-04 5.562483679369105037e-04
1.113000000000000000e+05 1.702964420121494404e-04 4.438505114419753327e-04 5.138728451639261105e-04
1.114000000000000000e+05 1.847428392973979663e-04 4.498863774349607086e-04 5.317004587291665994e-04
1.115000000000000000e+05 1.588129718002682239e-04 3.660795793304850087e-04 5.281009341435887513e-04
1.116000000000000000e+05 1.210743135757824597e-04 2.971314402781820882e-04 5.260819969079543737e-04
1.117000000000000000e+05 8.581467082490650336e-05 2.294865757791452734e-04 5.207068825512343622e-04
1.118000000000000000e+05 6.353309470077700850e-05 1.637004429073992545e-04 4.809539544933473174e-04
1.119000000000000000e+05 2.454140424536607095e-05 6.878292376756334507e-05 4.526583670559809758e-04
1.120000000000000000e+05 1.678751579781097075e-05 2.301605794122017897e-05 4.680651908245174681e-04
1.121000000000000000e+05 2.570616762357231773e-05 5.424462470284176089e-05 5.068916506441546385e-04
1.122000000000000000e+05 6.725005233183920135e-05 1.451950807595410713e-04 5.822310616668149950e-04
1.123000000000000000e+05 5.849417947005467518e-05 1.862218941455167200e-04 5.832613110104175724e-04
1.124000000000000000e+05 4.473306089124466298e-05 1.619054109703741079e-04 5.422855064117249350e-04
1.125000000000000000e+05 3.768452946254397147e-05 8.653497243790546356e-05 4.552982464811791393e-04
1.126000000000000000e+05 5.125586456781441782e-05 1.233866370234585740e-04 4.920928473541662891e-04
1.127000000000000000e+05 5.010701109262500090e-05 1.194578832166567710e-04 4.960093428091900524e-04
1.128000000000000000e+05 2.471871177147684376e-05 6.574056381066027254e-05 4.817832826303289763e-04
1.129000000000000000e+05 6.234125007413408078e-05 1.202304538661116105e-04 4.886204325904488621e-04
1.130000000000000000e+05 5.837819889225996390e-05 1.239972650933099732e-04 4.958203586509103006e-04
1.131000000000000000e+05 4.832795856781580768e-05 1.454993963301826998e-04 4.917024186477490658e-04
1.132000000000000000e+05 4.697457704996475195e-05 1.131693598312204707e-04 4.490010622564504080e-04
1.133000000000000000e+05 3.136761081083536866e-05 8.796619608156583782e-05 4.781129828675870609e-04
1.134000000000000000e+05 2.169337844398956270e-05 8.488316591591724266e-05 4.699175636253098698e-04
1.135000000000000000e+05 4.027810471771251129e-05 5.457199021591843365e-05 4.380999725125698315e-04
1.136000000000000000e+05 1.590753690008630183e-05 4.436040502425357213e-05 4.409002821098628516e-04
1.137000000000000000e+05 5.042080813143050289e-05 1.280764431003871906e-04 4.422541590443131989e-04
1.138000000000000000e+05 2.014955378533335884e-05 4.331948213200337121e-05 4.357182196733369530e-04
1.139000000000000000e+05 3.511357409749900566e-05 6.270337062369416882e-05 4.644213693547852187e-04
1.140000000000000000e+05 6.088919903766943590e-05 1.330158098162975157e-04 4.794967716573899958e-04
1.141000000000000000e+05 4.140377457822807866e-05 8.616761980708684309e-05 4.181241446640284474e-04
1.142000000000000000e+05 6.606831106275613819e-05 1.420917842389916776e-04 4.335801431907294889e-04
1.143000000000000000e+05 4.681818971885153436e-05 9.170818583681145802e-05 4.637916753483611832e-04
1.144000000000000000e+05 4.363946419983226639e-05 7.641666455819812534e-05 4.820885957967269327e-04
1.145000000000000000e+05 6.935165442847950014e-05 1.099756395066996606e-04 4.655224877964985668e-04
1.146000000000000000e+05 6.833844215101765769e-05 1.112647065561724806e-04 4.155390723781144410e-04
1.147000000000000000e+05 4.067271636227262187e-05 8.816490705212693541e-05 3.781406546968906759e-04
1.148000000000000000e+05 5.673833890821602336e-05 9.375802787501066882e-05 3.585584668275467574e-04
1.149000000000000000e+05 4.399408084452811982e-05 6.603070352885996846e-05 3.570835455858381276e-04
1.150000000000000000e+05 5.498058984021680874e-05 8.387462997381367859e-05 3.538536527260231898e-04
1.151000000000000000e+05 6.064284278102418779e-05 1.025112848397849051e-04 3.681336098388358772e-04
1.152000000000000000e+05 5.880082550922474541e-05 1.080599008958473732e-04 3.720632374583909005e-04
1.153000000000000000e+05 4.479801970351591882e-05 7.865133073386759623e-05 3.951510208482028825e-04
1.154000000000000000e+05 3.332448383834053524e-05 7.084190868384456765e-05 4.219421358803004127e-04
1.155000000000000000e+05 3.850969752394696119e-05 9.101565914019919042e-05 4.236208344499378447e-04
1.156000000000000000e+05 5.069687177389420665e-05 9.692143334253121344e-05 4.297539773204382858e-04
1.157000000000000000e+05 6.736932201423630542e-05 1.066787104634797927e-04 4.284286767214316163e-04
1.158000000000000000e+05 5.164029092108874666e-05 1.027914476899491575e-04 4.286027422857960215e-04
1.159000000000000000e+05 4.635409891704016455e-05 9.841633532826292007e-05 4.469362242590743553e-04
1.160000000000000000e+05 6.105700919710785974e-05 1.042772448485758808e-04 4.939118085666551264e-04
1.161000000000000000e+05 5.112698893751876049e-05 1.094812543775364275e-04 4.978595519170704413e-04
1.162000000000000000e+05 5.686142771480336361e-05 1.206560593067734321e-04 4.548540893544360470e-04
1.163000000000000000e+05 6.521506728432197204e-05 1.170661742316693823e-04 4.331047383880427858e-04
1.164000000000000000e+05 4.648888314214325674e-05 9.844268229441949366e-05 4.124941912332935894e-04
1.165000000000000000e+05 6.335714732435328853e-05 1.146449604799444481e-04 4.105078516227596763e-04
1.166000000000000000e+05 3.496040094579880991e-05 6.213991263723142155e-05 4.509863880673537591e-04
1.167000000000000000e+05 4.135621277039932360e-05 6.830208728753116385e-05 4.257518663554744854e-04
1.168000000000000000e+05 6.912178042791451748e-05 1.218852656503394702e-04 3.797882997102988321e-04
1.169000000000000000e+05 6.725292282054807147e-05 1.199479550569568275e-04 3.749074296445719886e-04
1.170000000000000000e+05 4.861499127246351939e-05 9.096516800835558044e-05 3.532927746352921140e-04
1.171000000000000000e+05 3.699060219544729943e-05 8.545197352763150758e-05 3.398839891402008701e-04
1.172000000000000000e+05 2.867308602533187893e-05 5.907069136134245838e-05 3.535773590033923822e-04
1.173000000000000000e+05 2.793181932896239691e-05 6.740564344076484422e-05 3.802241888216437290e-04
1.174000000000000000e+05 6.248908461989387351e-05 1.075959103447448337e-04 4.036573142902258717e-04
1.175000000000000000e+05 3.115501508403015771e-05 6.648307123679385528e-05 4.956604459278644934e-04
1.176000000000000000e+05 8.822131741257987049e-05 1.639772339180854688e-04 4.699684475567555693e-04
1.177000000000000000e+05 1.252778623271664062e-04 2.258304480926729904e-04 3.884706633091187036e-04
1.178000000000000000e+05 1.063715231280140401e-04 1.981670033618541861e-04 3.150241757200681193e-04
1.179000000000000000e+05 6.503157554717017949e-05 1.207840649107107050e-04 2.836250939544569761e-04
1.180000000000000000e+05 5.044345631556658200e-05 8.749745817607183633e-05 2.712959541986774393e-04
1.181000000000000000e+05 4.597437890963815320e-05 8.909163454324506076e-05 2.543877439295510611e-04
1.182000000000000000e+05 5.333049203986542797e-05 1.030177589426801651e-04 2.293809039104405050e-04
1.183000000000000000e+05 4.134649385302284117e-05 7.846697184646725127e-05 2.127258031341343455e-04
1.184000000000000000e+05 2.715710472545927279e-05 5.726757348195024751e-05 2.071932269485986873e-04
1.185000000000000000e+05 3.139950788518908013e-05 6.556315555314676138e-05 2.033044318955625168e-04
1.186000000000000000e+05 5.498025629712595679e-05 8.628801943545905866e-05 2.115510685239813918e-04
1.187000000000000000e+05 4.716604252208358040e-05 8.858137110172664371e-05 1.979853619013975175e-04
1.188000000000000000e+05 4.114488168791536975e-05 7.006727007125273382e-05 1.961624640497250209e-04
1.189000000000000000e+05 3.407531128594930270e-05 6.166891400116559867e-05 1.936129099366766689e-04
1.190000000000000000e+05 4.902526263763102980e-05 8.928825511497978998e-05 1.868535726093327877e-04
1.191000000000000000e+05 3.262606231478593598e-05 6.656771383638509110e-05 1.921338856267472699e-04
1.192000000000000000e+05 4.146303508504122870e-05 7.407014976682906602e-05 1.898086865974973859e-04
1.193000000000000000e+05 3.458879737197774603e-05 6.516212244080758493e-05 1.966055882675329990e-04
1.194000000000000000e+05 5.024880936897616144e-05 9.713786634151389682e-05 1.992332131697905164e-04
1.195000000000000000e+05 5.469395484510798286e-05 1.046151533876827505e-04 1.899791583398698666e-04
1.196000000000000000e+05 5.734323397591834827e-05 9.411828756808492732e-05 1.843326563604280545e-04
1.197000000000000000e+05 4.501214189405144906e-05 7.843392211555720995e-05 1.796860963884504172e-04
1.198000000000000000e+05 5.970302913799310556e-05 1.056932724385388706e-04 1.824009817388563760e-04
1.199000000000000000e+05 4.931937438668480074e-05 8.843945262866420229e-05 2.044326634589893501e-04
