9.000000000000000000e+04 1.933181389895247452e-05 6.198420461805230074e-05 9.723562216236311890e-05
9.010000000000000000e+04 2.025071541115874417e-05 5.049068724964202799e-05 1.088520257115432806e-04
9.020000000000000000e+04 2.712257552341771640e-05 7.301910173060524947e-05 1.202535582456424229e-04
9.030000000000000000e+04 1.609888782255295011e-05 3.524493874873762915e-05 1.161719468284713220e-04
9.040000000000000000e+04 2.001251824873347585e-05 4.300223482181476323e-05 1.119501827634162010e-04
9.050000000000000000e+04 1.653466144131785637e-05 3.344041654112326766e-05 1.101324020306038577e-04
9.060000000000000000e+04 1.794753698020927686e-05 3.996694098080544463e-05 1.082818627456348231e-04
9.070000000000000000e+04 1.517172990236501041e-05 3.135241005315390146e-05 1.075243037076646988e-04
9.080000000000000000e+04 2.016078934600858325e-05 4.265331084067583054e-05 1.071052499274762149e-04
9.090000000000000000e+04 1.670236126121810117e-05 3.731024928262639492e-05 1.082985025421744313e-04
9.100000000000000000e+04 2.475596152797650501e-05 5.284463826826698565e-05 1.096416901635364176e-04
9.110000000000000000e+04 1.816447059631342079e-05 3.492950241638265749e-05 1.125910703161711596e-04
9.120000000000000000e+04 1.901573074869014894e-05 3.846171840625593503e-05 1.155329877430584783e-04
9.130000000000000000e+04 1.606247563977268144e-05 3.061338426123983846e-05 1.166398487205012738e-04
9.140000000000000000e+04 1.896367972886473462e-05 3.649161694488974733e-05 1.178615092612063679e-04
9.150000000000000000e+04 1.375403008543237275e-05 2.828455054703569701e-05 1.197191555954027291e-04
9.160000000000000000e+04 2.119840930958692519e-05 3.428667748465926432e-05 1.210598419308880382e-04
9.170000000000000000e+04 1.360401724902154756e-05 4.759916870275515113e-05 1.223826509165510822e-04
9.180000000000000000e+04 1.951281479438526771e-05 1.212067336537421731e-04 1.249070596312281799e-04
9.190000000000000000e+04 1.949536246644610149e-05 3.619785669628934588e-04 1.273307623069880302e-04
9.200000000000000000e+04 2.491228085146265914e-05 4.562230112556450831e-04 1.276904549654274662e-04
9.210000000000000000e+04 2.303521304454519318e-05 3.094675880424228170e-04 1.230160858304937160e-04
9.220000000000000000e+04 1.993944398676145906e-05 1.794443008147295559e-04 1.171013130209297491e-04
9.230000000000000000e+04 1.855822981558520309e-05 7.034048268307071215e-05 1.140090156969955686e-04
9.240000000000000000e+04 2.065580558711250516e-05 4.493502832046240576e-05 1.128458106908360300e-04
9.250000000000000000e+04 1.528941364548331270e-05 4.730969127919065927e-05 1.118016405832278966e-04
9.260000000000000000e+04 2.398756998432311264e-05 9.592551763298664560e-05 1.106477434571727099e-04
9.270000000000000000e+04 2.102503596387120006e-05 1.662359553251795423e-04 1.110908971507435422e-04
9.280000000000000000e+04 2.295848972422312125e-05 2.412012931004783737e-04 1.117751385420122601e-04
9.290000000000000000e+04 2.312079209621713087e-05 2.000241938792189753e-04 1.116168632148103784e-04
9.300000000000000000e+04 2.182775861355582317e-05 1.566963458690034190e-04 1.121540008219094051e-04
9.310000000000000000e+04 1.815468562202917832e-05 1.010325524544944821e-04 1.118166230724126220e-04
9.320000000000000000e+04 1.532746076490292756e-05 7.989930192842166511e-05 1.107759802301725940e-04
9.330000000000000000e+04 1.794384050094801621e-05 6.390843277743420874e-05 1.111285127044783706e-04
9.340000000000000000e+04 1.433769020976063762e-05 5.229062103753967473e-05 1.131969157493007490e-04
9.350000000000000000e+04 1.504211162156542081e-05 8.725699313145250245e-05 1.153576062819721771e-04
9.360000000000000000e+04 2.206272135074186815e-05 1.131886703463544765e-04 1.154494633867015810e-04
9.370000000000000000e+04 1.947671586782863992e-05 1.265432589508254748e-04 1.147718311290172558e-04
9.380000000000000000e+04 1.724953924350138413e-05 9.465927103609297259e-05 1.137606107410774032e-04
9.390000000000000000e+04 1.914734043838859159e-05 4.041597435164983058e-05 1.126324885374985159e-04
9.400000000000000000e+04 1.832763008728841817e-05 4.020180336693518106e-05 1.129514409492887028e-04
9.410000000000000000e+04 2.062203402766190708e-05 3.867674887099838230e-05 1.139648273002125838e-04
9.420000000000000000e+04 1.733996937868043987e-05 4.590656460155548085e-05 1.160086407754519364e-04
9.430000000000000000e+04 2.029768591698549469e-05 6.794997169016684215e-05 1.185778560327880845e-04
9.440000000000000000e+04 2.033357180578113349e-05 6.301838328586321111e-05 1.194812179768089695e-04
9.450000000000000000e+04 2.302079860219300800e-05 4.955125891981953146e-05 1.197134019754123176e-04
9.460000000000000000e+04 1.749081126189455952e-05 3.963366683599475271e-05 1.203738087114470599e-04
9.470000000000000000e+04 1.732201584778428804e-05 4.732191675734687835e-05 1.209411651388345524e-04
9.480000000000000000e+04 2.436918729327425650e-05 6.657968956094786623e-05 1.212830489852210011e-04
9.490000000000000000e+04 1.558002783956803617e-05 4.258424599087472142e-05 1.215353920070999657e-04
9.500000000000000000e+04 1.412966313054645937e-05 3.320060955656454636e-05 1.214277559412464365e-04
9.510000000000000000e+04 1.397851678561140901e-05 6.767545556902673527e-05 1.216567132217411901e-04
9.520000000000000000e+04 1.689675418592738237e-05 1.492119505363978071e-04 1.210044315463172719e-04
9.530000000000000000e+04 1.979987138438583569e-05 1.833407923373652230e-04 1.205605153998220346e-04
9.540000000000000000e+04 2.079604742341166924e-05 1.891122974692616946e-04 1.212723895397511097e-04
9.550000000000000000e+04 2.205642455865681963e-05 1.367957040387203830e-04 1.192362707159480665e-04
9.560000000000000000e+04 1.752011540619701770e-05 6.565686990593532705e-05 1.145946061599162818e-04
9.570000000000000000e+04 2.760216892106420001e-05 6.755765806696400273e-05 1.120104236060659756e-04
9.580000000000000000e+04 1.582893159385125362e-05 1.123355841116256053e-04 1.131757499521898129e-04
9.590000000000000000e+04 1.768869579607918417e-05 1.573016700652617574e-04 1.135531428722530656e-04
9.600000000000000000e+04 2.004327632128597271e-05 1.528616520793030285e-04 1.122376465112466949e-04
9.610000000000000000e+04 2.155720430836343727e-05 1.476571438874429076e-04 1.129366885639594486e-04
9.620000000000000000e+04 2.379735382479561000e-05 1.707176080838724251e-04 1.143746508997701175e-04
9.630000000000000000e+04 2.029475596137537269e-05 1.378033128678485806e-04 1.141365814166522428e-04
9.640000000000000000e+04 1.680774597792938853e-05 7.926962945233123018e-05 1.132789100923445124e-04
9.650000000000000000e+04 1.589215036609116342e-05 7.547304937884203961e-05 1.138194705477822461e-04
9.660000000000000000e+04 2.423095054537089310e-05 9.267267131230199489e-05 1.147763215579221489e-04
9.670000000000000000e+04 2.235030999105875661e-05 5.855126544752023595e-05 1.153136780498827189e-04
9.680000000000000000e+04 2.014849756640371215e-05 4.097607971635380678e-05 1.170014757104649708e-04
9.690000000000000000e+04 1.897069932910812112e-05 3.908651042579650329e-05 1.200488427286443277e-04
9.700000000000000000e+04 1.742335808841681424e-05 3.664657287342594418e-05 1.222063635616014803e-04
9.710000000000000000e+04 2.572711404428775937e-05 4.529569984665001174e-05 1.211283913433734613e-04
9.720000000000000000e+04 2.230861829110875874e-05 4.589497656095130427e-05 1.184175291786196670e-04
9.730000000000000000e+04 1.543052778181875707e-05 3.270217690355811321e-05 1.167383870048016651e-04
9.740000000000000000e+04 2.211469401937620101e-05 6.840161967236941837e-05 1.158561444521400791e-04
9.750000000000000000e+04 1.655831850349023750e-05 1.171735631616878132e-04 1.150373633830545529e-04
9.760000000000000000e+04 1.540339597831009305e-05 1.042072622158671567e-04 1.141518560480631365e-04
9.770000000000000000e+04 1.549378617420880445e-05 9.175671060055941330e-05 1.139959121036376627e-04
9.780000000000000000e+04 1.657180995993174017e-05 1.225230834127276043e-04 1.140967899549514685e-04
9.790000000000000000e+04 2.173701071564229366e-05 1.296462105365405652e-04 1.136193143663182935e-04
9.800000000000000000e+04 2.032445340212288428e-05 5.800873750908058454e-05 1.128044740389422002e-04
9.810000000000000000e+04 1.909517771965601421e-05 3.849895632775923444e-05 1.119383145655594708e-04
9.820000000000000000e+04 1.438390693404758419e-05 4.619031588457765377e-05 1.112850530377369924e-04
9.830000000000000000e+04 1.735736885106408886e-05 4.086512112925098027e-05 1.105212089721790465e-04
9.840000000000000000e+04 1.979309569365507221e-05 3.692084601546545260e-05 1.101646022824825379e-04
9.850000000000000000e+04 1.595330455305809386e-05 3.489794673121527540e-05 1.109591297757507665e-04
9.860000000000000000e+04 1.270229336994478002e-05 2.725971784242167185e-05 1.121447400708954108e-04
9.870000000000000000e+04 1.930907972462444545e-05 3.191640061396181470e-05 1.126582604076209541e-04
9.880000000000000000e+04 1.779734469849336025e-05 4.026205852202698857e-05 1.127881303887624277e-04
9.890000000000000000e+04 1.433877863089379385e-05 3.263530570226084342e-05 1.132987801871221129e-04
9.900000000000000000e+04 1.860263416572292795e-05 3.893038897678239229e-05 1.148348810488394000e-04
9.910000000000000000e+04 2.037977892662127166e-05 6.051903771475656440e-05 1.176643430205404425e-04
9.920000000000000000e+04 2.312861008113514620e-05 6.341310880843091784e-05 1.193752308816322549e-04
9.930000000000000000e+04 1.720035244098507216e-05 9.148562417123883288e-05 1.196938882844132229e-04
9.940000000000000000e+04 1.646459604478729460e-05 8.477471725561573916e-05 1.209489842520392137e-04
9.950000000000000000e+04 2.017401293525509446e-05 5.269058964636482800e-05 1.222166004997393945e-04
9.960000000000000000e+04 1.959265578036193691e-05 4.295819562901059460e-05 1.229003253902422629e-04
9.970000000000000000e+04 1.463618322559302320e-05 3.860899524429048412e-05 1.230733440974187635e-04
9.980000000000000000e+04 1.998988975218008335e-05 5.005815371963622331e-05 1.240075360788165174e-04
9.990000000000000000e+04 1.892369983693683666e-05 6.011931446660534169e-05 1.258862312583700321e-04
1.000000000000000000e+05 2.579313434611683409e-05 6.188007805422746652e-05 1.266153302602859225e-04
1.001000000000000000e+05 3.079985256220452389e-05 1.122170058962641354e-04 1.281456143959055984e-04
1.002000000000000000e+05 2.883852355765442179e-05 1.448659850180910355e-04 1.311982490936170300e-04
1.003000000000000000e+05 2.931437523698793648e-05 1.726374487981136431e-04 1.346332592090773489e-04
1.004000000000000000e+05 2.962603019443166221e-05 2.033090475440867649e-04 1.388196216086884187e-04
1.005000000000000000e+05 3.704837022292678007e-05 2.440303585684136284e-04 1.413169222400974408e-04
1.006000000000000000e+05 3.023726353747512908e-05 1.758397078794942336e-04 1.422203026900704405e-04
1.007000000000000000e+05 3.603471471422233570e-05 1.508034550703461242e-04 1.457259614943867720e-04
1.008000000000000000e+05 3.756780359235264185e-05 1.638491532774935717e-04 1.486355200970057621e-04
1.009000000000000000e+05 3.435773954127631813e-05 1.559533687544255027e-04 1.468373719033224593e-04
1.010000000000000000e+05 3.065650774083337202e-05 1.294702463989161009e-04 1.448822623562275491e-04
1.011000000000000000e+05 3.061592986629881876e-05 1.048436233805552368e-04 1.445454949459609175e-04
1.012000000000000000e+05 2.627037220516391098e-05 7.821730957137130449e-05 1.466960059123381167e-04
1.013000000000000000e+05 3.453324310397042887e-05 9.981171076122362319e-05 1.503499317527794035e-04
1.014000000000000000e+05 3.265344819724198887e-05 8.628683371381546665e-05 1.456123336734962102e-04
1.015000000000000000e+05 2.989716110104697396e-05 7.258718621655092904e-05 1.387897090421835841e-04
1.016000000000000000e+05 2.724462632010686059e-05 7.076583459506959940e-05 1.390868336373443659e-04
1.017000000000000000e+05 2.499926328991161054e-05 6.779853974071685960e-05 1.363725247001796551e-04
1.018000000000000000e+05 2.085536750239310323e-05 7.299477129574118270e-05 1.317673940354410766e-04
1.019000000000000000e+05 2.051373442487962014e-05 1.067009295534748883e-04 1.336176786321606848e-04
1.020000000000000000e+05 2.347145506526138550e-05 1.002735716196381051e-04 1.364490548457095382e-04
1.021000000000000000e+05 2.331951253759346023e-05 9.080146681365613059e-05 1.347978694008231744e-04
1.022000000000000000e+05 2.433677767914649488e-05 6.669073147872448849e-05 1.306746103091559446e-04
1.023000000000000000e+05 2.130944287210665854e-05 5.342927660306110002e-05 1.283332949871276670e-04
1.024000000000000000e+05 1.708611805819502071e-05 4.415827095587849529e-05 1.283382932737509637e-04
1.025000000000000000e+05 1.509560772425399427e-05 8.153805684139319603e-05 1.286511359566045072e-04
1.026000000000000000e+05 1.653171755832286778e-05 1.027762248548155734e-04 1.274382384153354970e-04
1.027000000000000000e+05 1.944661195132384624e-05 6.935405438316749821e-05 1.253323713283993428e-04
1.028000000000000000e+05 1.940939383582306087e-05 5.998698846816770088e-05 1.252449891971539804e-04
1.029000000000000000e+05 1.755514900503262735e-05 7.018597127462815539e-05 1.253168382895800223e-04
1.030000000000000000e+05 1.526904220822894247e-05 5.953611612110052190e-05 1.237470542525591301e-04
1.031000000000000000e+05 1.764144521182106629e-05 7.169523298431384551e-05 1.225880480459759969e-04
1.032000000000000000e+05 1.878425060660904766e-05 7.645940185795071869e-05 1.231407459679601630e-04
1.033000000000000000e+05 2.200443018856397190e-05 8.221983166284272575e-05 1.243104080665261338e-04
1.034000000000000000e+05 2.261522175734057157e-05 9.702196883480234671e-05 1.251611870253195916e-04
1.035000000000000000e+05 2.121859998253525172e-05 1.153157567102320078e-04 1.255787304350328756e-04
1.036000000000000000e+05 2.310080830353404254e-05 1.412788899818864167e-04 1.265698203163206632e-04
1.037000000000000000e+05 2.666638506667378338e-05 1.667012994629304479e-04 1.288496641308739380e-04
1.038000000000000000e+05 2.963829516071888096e-05 1.812695922605736889e-04 1.316048803651116575e-04
1.039000000000000000e+05 3.354039021550333632e-05 1.983965076078060921e-04 1.332833611173072177e-04
1.040000000000000000e+05 3.594210987380863512e-05 2.203736703910964486e-04 1.355325727405458835e-04
1.041000000000000000e+05 3.881939916342675399e-05 2.386039082611772792e-04 1.410138438808279280e-04
1.042000000000000000e+05 4.249708091744732678e-05 2.396054664354115016e-04 1.491174200872369849e-04
1.043000000000000000e+05 4.548684664638334978e-05 2.408335032903308822e-04 1.569234901117880427e-04
1.044000000000000000e+05 5.291469945524792772e-05 2.577587465066178817e-04 1.659844651970927495e-04
1.045000000000000000e+05 6.276483296503200266e-05 2.754112430273998363e-04 1.769613056620843498e-04
1.046000000000000000e+05 6.966994283418866509e-05 2.989649272073210463e-04 1.854520687452705565e-04
1.047000000000000000e+05 7.688582082716321760e-05 3.220834917000493011e-04 1.943034854151901123e-04
1.048000000000000000e+05 9.071308273202839190e-05 3.300363478600580559e-04 2.061839287482530826e-04
1.049000000000000000e+05 1.058361765663621792e-04 3.481445574654688530e-04 2.196802561820563736e-04
1.050000000000000000e+05 1.081419783472460107e-04 3.458143809664251337e-04 2.309820612596825940e-04
1.051000000000000000e+05 1.084341072008119470e-04 3.433896073923472896e-04 2.401795287332500321e-04
1.052000000000000000e+05 1.177107262636265049e-04 3.508820970407970077e-04 2.480262487291587836e-04
1.053000000000000000e+05 1.232551775329423247e-04 3.586793893037669434e-04 2.522116757003623226e-04
1.054000000000000000e+05 1.198177761950414903e-04 3.807632624379323882e-04 2.516620867699864770e-04
1.055000000000000000e+05 1.221418446724842279e-04 4.050186734350499028e-04 2.527109066506654173e-04
1.056000000000000000e+05 1.307962252335277643e-04 3.783180174488312716e-04 2.586171704287486901e-04
1.057000000000000000e+05 1.439071084638574461e-04 4.106909892291211030e-04 2.702329018259420185e-04
1.058000000000000000e+05 1.499513737467626795e-04 4.191967491476379561e-04 2.826577949603146589e-04
1.059000000000000000e+05 1.512004279869407983e-04 4.270922559701045514e-04 2.900745689471662093e-04
1.060000000000000000e+05 1.523599438523494908e-04 4.261874027745864331e-04 2.932145100750075967e-04
1.061000000000000000e+05 1.489744047033935326e-04 4.287341089636742975e-04 2.895276419289494305e-04
1.062000000000000000e+05 1.417440849815101002e-04 4.477452570332854332e-04 2.804199801939894106e-04
1.063000000000000000e+05 1.357568189680751923e-04 4.659743770603703072e-04 2.744918418653897085e-04
1.064000000000000000e+05 1.284228885126300322e-04 4.897851413308459663e-04 2.738902370393294034e-04
1.065000000000000000e+05 1.304341856027428832e-04 5.128776514554519907e-04 2.774288635696319015e-04
1.066000000000000000e+05 1.424418459967170033e-04 4.875630783579065828e-04 2.856668002547139615e-04
1.067000000000000000e+05 1.485461701978173167e-04 4.603458731021735926e-04 2.926393488917240792e-04
1.068000000000000000e+05 1.446350433902695133e-04 4.476822317279589522e-04 2.966036086507205824e-04
1.069000000000000000e+05 1.553653868771378839e-04 4.549968696259714860e-04 2.987944895208797906e-04
1.070000000000000000e+05 1.464815350224471448e-04 4.677229244629772039e-04 3.007162197812610332e-04
1.071000000000000000e+05 1.415408825805304454e-04 4.795111322549266931e-04 3.041306575433383582e-04
1.072000000000000000e+05 1.391566004136130408e-04 4.699887552590749666e-04 3.104366187350022328e-04
1.073000000000000000e+05 1.318369186651970851e-04 4.541103859861125120e-04 3.193957001506729943e-04
1.074000000000000000e+05 1.404497194708581717e-04 4.668013836455562737e-04 3.225771808242963983e-04
1.075000000000000000e+05 1.413635741332352927e-04 4.823953906222952981e-04 3.159602677790630874e-04
1.076000000000000000e+05 1.400166082662787853e-04 5.034439843088363807e-04 3.056778986729735692e-04
1.077000000000000000e+05 1.312031760001447262e-04 5.032683507933291382e-04 2.985469181656489907e-04
1.078000000000000000e+05 1.266788624848714140e-04 4.565852324377469673e-04 2.935017948303850427e-04
1.079000000000000000e+05 1.266186438739410074e-04 4.283266259444551546e-04 2.844205017301576011e-04
1.080000000000000000e+05 1.252976067333145670e-04 4.460102060473460084e-04 2.698864847986786838e-04
1.081000000000000000e+05 1.194124646835334068e-04 4.470728069720418334e-04 2.608778021199812920e-04
1.082000000000000000e+05 1.260157097197309205e-04 4.726508112015239457e-04 2.638322151148898538e-04
1.083000000000000000e+05 1.374719302303067773e-04 4.999706805918531375e-04 2.749885762984878709e-04
1.084000000000000000e+05 1.412714223641362021e-04 5.285832285474473561e-04 2.880590492627241230e-04
1.085000000000000000e+05 1.405565828174591030e-04 5.064128792491049769e-04 2.942072371828115284e-04
1.086000000000000000e+05 1.398837945113697967e-04 4.908149676913534879e-04 2.968967272138188919e-04
1.087000000000000000e+05 1.330256124961305231e-04 4.817574447950330289e-04 2.991224910856779009e-04
1.088000000000000000e+05 1.366219717602874101e-04 4.960337474925859483e-04 3.007951622332668824e-04
1.089000000000000000e+05 1.463494114920823425e-04 5.388997250332275930e-04 3.039700967210259147e-04
1.090000000000000000e+05 1.511547716870154730e-04 5.724520026794623247e-04 3.115366515663299226e-04
1.091000000000000000e+05 1.477508153169523929e-04 5.668426422458384527e-04 3.181168660527300342e-04
1.092000000000000000e+05 1.474416768764710785e-04 5.734995490485858853e-04 3.155256312323407968e-04
1.093000000000000000e+05 1.563823515275045823e-04 6.117611844549047462e-04 3.092179715769626859e-04
1.094000000000000000e+05 1.585559723276747037e-04 6.389655037372956019e-04 3.072005741946491706e-04
1.095000000000000000e+05 1.548584897784053194e-04 6.590624677404668822e-04 3.073537579166614616e-04
1.096000000000000000e+05 1.597315731454059245e-04 6.931510190119126273e-04 3.020859202866693584e-04
1.097000000000000000e+05 1.614034375550984764e-04 6.846524130633601041e-04 2.919108351621732935e-04
1.098000000000000000e+05 1.521145336805236701e-04 6.680914342777014708e-04 2.820366466395925610e-04
1.099000000000000000e+05 1.465270008520070245e-04 6.725004298783795586e-04 2.731344894247203330e-04
1.100000000000000000e+05 1.310773856600694505e-04 6.639527084791194350e-04 2.673269668463655775e-04
1.101000000000000000e+05 1.196657102896854399e-04 6.318910767989652840e-04 2.611307383566163960e-04
1.102000000000000000e+05 1.125285693390230878e-04 6.195725012149059336e-04 2.470938394847643511e-04
1.103000000000000000e+05 9.800492848428540643e-05 4.962858949361809982e-04 2.198363045215907243e-04
1.104000000000000000e+05 7.555989828525545089e-05 3.676864311074230784e-04 1.899702377641576722e-04
1.105000000000000000e+05 6.006192514540617186e-05 3.069627477292987587e-04 1.681286545258792425e-04
1.106000000000000000e+05 4.672590681803624041e-05 2.496510481284726010e-04 1.578985926874432980e-04
1.107000000000000000e+05 4.670017970721930349e-05 2.444002180612847726e-04 1.566773345365721681e-04
1.108000000000000000e+05 4.637104090749583594e-05 2.388453691476351563e-04 1.554566835432563362e-04
1.109000000000000000e+05 4.902556610028740059e-05 2.734345152370830042e-04 1.587292515247325242e-04
1.110000000000000000e+05 5.564916858469956735e-05 3.093630118718496396e-04 1.675887494207555233e-04
1.111000000000000000e+05 5.736935029891869606e-05 3.365002980192402472e-04 1.790278807681348091e-04
1.112000000000000000e+05 6.632009812653454203e-05 3.981838767641595711e-04 1.828875130240462717e-04
1.113000000000000000e+05 6.496592079812241432e-05 3.367316578334249386e-04 1.739238402439600029e-04
1.114000000000000000e+05 5.718403336373964105e-05 2.671270683349340441e-04 1.666848279256593235e-04
1.115000000000000000e+05 5.526782738520133822e-05 2.617804521062095432e-04 1.668902201284830919e-04
1.116000000000000000e+05 4.594679639906537106e-05 2.471941758775705964e-04 1.689304473236236961e-04
1.117000000000000000e+05 4.767413713339233353e-05 1.598405286263354555e-04 1.599170441666325710e-04
1.118000000000000000e+05 3.502330928470786370e-05 1.061182458981342548e-04 1.390578077251213192e-04
1.119000000000000000e+05 2.562981573392937389e-05 9.911364119243449948e-05 1.244178334712419049e-04
1.120000000000000000e+05 2.048280602868408928e-05 9.317304364625419695e-05 1.230332859262130846e-04
1.121000000000000000e+05 3.485359331463850827e-05 1.229805117204139995e-04 1.390107075692365588e-04
1.122000000000000000e+05 5.671896714140428326e-05 1.745442457293030635e-04 1.721748033335142205e-04
1.123000000000000000e+05 7.776209977567333795e-05 1.769635168923950491e-04 1.971795876714492002e-04
1.124000000000000000e+05 5.145333344821060900e-05 1.691776775403169928e-04 1.850375835628223704e-04
1.125000000000000000e+05 4.091064203559808003e-05 1.346944017686698010e-04 1.513645398169504407e-04
1.126000000000000000e+05 2.505544058373636068e-05 9.374995036714797443e-05 1.313986555587704809e-04
1.127000000000000000e+05 2.633939451584510201e-05 9.890979714720552862e-05 1.285719266845609682e-04
1.128000000000000000e+05 3.479020722432184644e-05 1.129856154071804867e-04 1.341836739130667483e-04
1.129000000000000000e+05 2.985849006029194560e-05 1.042141991848524925e-04 1.451466949517432831e-04
1.130000000000000000e+05 3.597494690467877660e-05 1.354824503928400768e-04 1.503262733308962165e-04
1.131000000000000000e+05 3.511400846397147002e-05 1.023730236438126468e-04 1.412758294944119111e-04
1.132000000000000000e+05 2.391343734215962480e-05 9.177840039511059561e-05 1.277501642156601011e-04
1.133000000000000000e+05 2.176405768288730612e-05 6.873040024039769652e-05 1.214136943790038788e-04
1.134000000000000000e+05 2.634421810643013725e-05 7.284304488898210562e-05 1.202502846699019586e-04
1.135000000000000000e+05 2.048382550937137775e-05 1.318988972227066428e-04 1.185456192814136905e-04
1.136000000000000000e+05 1.598956295053400667e-05 2.117207256598713705e-04 1.162074326737341556e-04
1.137000000000000000e+05 1.818404034021927067e-05 1.830282331476655447e-04 1.153239371922749646e-04
1.138000000000000000e+05 2.108966493936343203e-05 1.485748364100382391e-04 1.192314707385328952e-04
1.139000000000000000e+05 2.620619326097677428e-05 9.023698593588894211e-05 1.265405592471021779e-04
1.140000000000000000e+05 2.555196428962129682e-05 7.492062005057537196e-05 1.290006702632564011e-04
1.141000000000000000e+05 2.573501462513252264e-05 7.310879631497923994e-05 1.250740163824862444e-04
1.142000000000000000e+05 1.955515953439469908e-05 9.057935658867373777e-05 1.207120781096756749e-04
1.143000000000000000e+05 1.703622024758685567e-05 1.205400560913261313e-04 1.193605331819741938e-04
1.144000000000000000e+05 2.752237905253011212e-05 1.695348218993376714e-04 1.193638670585983700e-04
1.145000000000000000e+05 2.240606734364325068e-05 1.493034191408541757e-04 1.202106643548636730e-04
1.146000000000000000e+05 2.094696570691719634e-05 2.813129981285877900e-04 1.211578504493926093e-04
1.147000000000000000e+05 2.044799680586310104e-05 2.893587702754528814e-04 1.213113798981931625e-04
1.148000000000000000e+05 2.252523648739157807e-05 2.992877696693829921e-04 1.221578906825112958e-04
1.149000000000000000e+05 2.713025466286975054e-05 1.847618361523666129e-04 1.236150974005032594e-04
1.150000000000000000e+05 2.618367410452726086e-05 1.921371056076914493e-04 1.250502958694128222e-04
1.151000000000000000e+05 2.604738017665415839e-05 2.154772521939245949e-04 1.271915657988286830e-04
1.152000000000000000e+05 2.683718108309403631e-05 1.263885766617511299e-04 1.334142242331566944e-04
1.153000000000000000e+05 2.608331513445276775e-05 1.065470994165749970e-04 1.406743486672460916e-04
1.154000000000000000e+05 2.526408997602740928e-05 8.294331188931058354e-05 1.516314241736396794e-04
1.155000000000000000e+05 4.143902554204199982e-05 1.087201133705505531e-04 1.673072008749232516e-04
1.156000000000000000e+05 4.483470310634462847e-05 1.463368956544182288e-04 1.696600707666230830e-04
1.157000000000000000e+05 3.458603661015731282e-05 1.058828101513374957e-04 1.582639476067346023e-04
1.158000000000000000e+05 2.583502880390301459e-05 9.189915666544650743e-05 1.548065658442806733e-04
1.159000000000000000e+05 3.137401876366065711e-05 8.117742336608181489e-05 1.582884666297812556e-04
1.160000000000000000e+05 4.620971741629785446e-05 1.050127208678430964e-04 1.714066902214882594e-04
1.161000000000000000e+05 4.025123638428567199e-05 8.256370218775920737e-05 1.994722755936086881e-04
1.162000000000000000e+05 5.054364192900616046e-05 1.104664529169682892e-04 2.092459325621135705e-04
1.163000000000000000e+05 3.021452679205299200e-05 7.798729164673994505e-05 1.864264470624196431e-04
1.164000000000000000e+05 3.109814830906112385e-05 1.709647683557414838e-04 1.651552920095461280e-04
1.165000000000000000e+05 2.778111808830237154e-05 2.041636836704159780e-04 1.603763789146839963e-04
1.166000000000000000e+05 3.013158809078073086e-05 1.550363718926720371e-04 1.497855906589216110e-04
1.167000000000000000e+05 3.288282125889479407e-05 1.986425082989813965e-04 1.327862700266635714e-04
1.168000000000000000e+05 2.290053363519129360e-05 1.837058584458165921e-04 1.235300465164940577e-04
1.169000000000000000e+05 2.844053291979839753e-05 1.267270358415396782e-04 1.203406773498184222e-04
1.170000000000000000e+05 2.278434345839977287e-05 8.844767874181705229e-05 1.172276800768829591e-04
1.171000000000000000e+05 2.062599599488406103e-05 6.774105121645176183e-05 1.146295636697039602e-04
1.172000000000000000e+05 2.188805516099541840e-05 6.218873270746506248e-05 1.149996586913856571e-04
1.173000000000000000e+05 5.088687135090577663e-05 1.164579527416022319e-04 1.406858708450571028e-04
1.174000000000000000e+05 8.298528717709623668e-05 2.001537982020095948e-04 1.723894358466680884e-04
1.175000000000000000e+05 8.539000923157045802e-05 1.711583337234586747e-04 1.727368530921069329e-04
1.176000000000000000e+05 6.727545253323841644e-05 1.916012455566104837e-04 1.724634391022174013e-04
1.177000000000000000e+05 8.176373464372639589e-05 1.410673562516016606e-04 1.881566398911161471e-04
1.178000000000000000e+05 7.661939332991755198e-05 1.649002053529087736e-04 1.837217116163403425e-04
1.179000000000000000e+05 4.346051055556071326e-05 9.365839036732664263e-05 1.346287583019183272e-04
1.180000000000000000e+05 2.515641250004990660e-05 5.655628828459841474e-05 9.850801137484590240e-05
1.181000000000000000e+05 3.764539723928605770e-05 8.875067938846733422e-05 1.102634484154033041e-04
1.182000000000000000e+05 4.608386197745681823e-05 1.116724882603773307e-04 1.249376810901724471e-04
1.183000000000000000e+05 4.582458006800309855e-05 8.338021997195442037e-05 1.327751487691480848e-04
1.184000000000000000e+05 4.601071380589056344e-05 7.435741778303900547e-05 1.376994805872484883e-04
1.185000000000000000e+05 2.979915086972875543e-05 5.843836588798754963e-05 1.258968612899625974e-04
1.186000000000000000e+05 2.230168286663293835e-05 5.415240201019061840e-05 1.127076147767850387e-04
1.187000000000000000e+05 2.082965485421261771e-05 5.984109289879119720e-05 1.091193580884235610e-04
1.188000000000000000e+05 2.021053823253130953e-05 6.811862761389766139e-05 1.069126073304213145e-04
1.189000000000000000e+05 1.852098372089153481e-05 3.984043911167638023e-05 1.092130985189294912e-04
1.190000000000000000e+05 1.741402927099497671e-05 3.975054997192308220e-05 1.137293135866913717e-04
1.191000000000000000e+05 2.129608058107917035e-05 3.716856900867538977e-05 1.316892301775455815e-04
1.192000000000000000e+05 3.062380655024703549e-05 5.039079529088902212e-05 1.475057575624207312e-04
1.193000000000000000e+05 2.868269917383740484e-05 5.429746908828649650e-05 1.321321589559277675e-04
1.194000000000000000e+05 2.502605828384696048e-05 6.694529674598304145e-05 1.157096892386200751e-04
1.195000000000000000e+05 1.810435960517455119e-05 7.143168003606948974e-05 9.861904457128154670e-05
1.196000000000000000e+05 1.389120939275863178e-05 7.616133873338653268e-05 8.215700866104916561e-05
1.197000000000000000e+05 1.463680256918619869e-05 7.092536752465170610e-05 9.301937394708080487e-05
1.198000000000000000e+05 2.150421323357694370e-05 7.555655098043103193e-05 1.043533781547647128e-04
1.199000000000000000e+05 1.489333181387281354e-05 4.597553229699354418e-05 9.908104399895158588e-05
