9.000000000000000000e+04 1.771972170251439813e-05 6.477591661098501888e-05 3.652354351851686584e-04
9.010000000000000000e+04 2.992724269029484879e-05 8.118960810128564645e-05 3.708599031424047424e-04
9.020000000000000000e+04 4.375836613461017580e-05 9.658189355668691080e-05 3.759586161985383423e-04
9.030000000000000000e+04 4.888777676435775849e-05 7.309662517902923862e-05 3.731840095627466281e-04
9.040000000000000000e+04 5.250210857312879271e-05 7.509060590039332191e-05 3.717146930940095251e-04
9.050000000000000000e+04 5.070981620072958053e-05 7.621995083375394595e-05 3.778325952818114577e-04
9.060000000000000000e+04 4.814530335704372962e-05 8.100467539865765457e-05 3.835762813291096409e-04
9.070000000000000000e+04 4.983889467679577601e-05 8.395668551638394046e-05 3.893872484100762451e-04
9.080000000000000000e+04 6.559027189597212756e-05 9.547695813884353932e-05 3.925353883051178861e-04
9.090000000000000000e+04 7.548479084952173200e-05 1.240556140491078162e-04 3.922069282294356760e-04
9.100000000000000000e+04 6.091865776630396405e-05 9.863037879333350121e-05 4.110271376318298765e-04
9.110000000000000000e+04 3.485210144632533685e-05 6.348845228081365739e-05 4.458421027657657370e-04
9.120000000000000000e+04 2.768333964717374770e-05 5.180768639055074792e-05 4.520007341902050331e-04
9.130000000000000000e+04 3.114667104573039247e-05 9.341852952672824407e-05 4.380794176636095536e-04
9.140000000000000000e+04 2.211788355267670656e-05 4.968520763007919575e-05 4.289359309373740351e-04
9.150000000000000000e+04 3.211373409947257136e-05 8.789756249323019176e-05 4.270319001199785239e-04
9.160000000000000000e+04 2.735763699762130616e-05 9.482593958824329710e-05 4.356402623068291401e-04
9.170000000000000000e+04 5.144041167239347609e-05 1.218279226073702465e-04 4.435913286288469697e-04
9.180000000000000000e+04 3.412764807993201198e-05 7.126332813637154808e-05 4.450722991119044313e-04
9.190000000000000000e+04 4.212854457013475492e-05 7.020094380219148210e-05 4.406025646982678090e-04
9.200000000000000000e+04 2.154519706418358627e-05 3.421090225890730278e-05 4.349791482422918115e-04
9.210000000000000000e+04 5.399037917014050609e-05 7.262750255416448300e-05 4.361783934526179359e-04
9.220000000000000000e+04 4.660673847366034921e-05 8.589849506377778346e-05 4.456748436982873565e-04
9.230000000000000000e+04 3.978597859911382501e-05 9.202836069068914262e-05 4.450548636961750297e-04
9.240000000000000000e+04 2.973185315433425190e-05 6.138170670916736965e-05 4.375984240669453305e-04
9.250000000000000000e+04 4.432612353158781352e-05 8.005058155590165543e-05 4.396810412403451577e-04
9.260000000000000000e+04 1.646357514368640114e-05 4.471377640682890108e-05 4.422939940216060362e-04
9.270000000000000000e+04 2.069700591072429771e-05 5.464274009230908873e-05 4.457610204713172175e-04
9.280000000000000000e+04 5.119742644221411936e-05 8.576686480978506838e-05 4.561588605688056343e-04
9.290000000000000000e+04 6.241110060262552344e-05 1.199245171253603679e-04 4.577238455649340924e-04
9.300000000000000000e+04 6.234588906536451484e-05 1.445826048037043843e-04 4.548288617278265769e-04
9.310000000000000000e+04 4.485580528253141613e-05 1.128869127899200680e-04 4.558403547001822569e-04
9.320000000000000000e+04 3.212409006565119162e-05 6.273882808659409557e-05 4.535770144105106378e-04
9.330000000000000000e+04 3.086961504979830132e-05 5.055877704679022019e-05 4.611340567037373883e-04
9.340000000000000000e+04 4.328487532239159649e-05 7.969212693439140568e-05 4.701472150416713966e-04
9.350000000000000000e+04 4.238020376156779664e-05 1.117366104223911031e-04 4.578455548431220948e-04
9.360000000000000000e+04 4.055766401586912958e-05 1.228147701100363491e-04 4.480347651021418932e-04
9.370000000000000000e+04 4.960626905159100982e-05 1.215323316726378555e-04 4.642336345194723228e-04
9.380000000000000000e+04 4.761638658200550165e-05 1.367291170759125886e-04 4.766744828865092181e-04
9.390000000000000000e+04 3.387507087131288400e-05 7.263946727844721200e-05 4.691239928723790948e-04
9.400000000000000000e+04 5.540574655706932694e-05 1.010039993999452420e-04 4.630594259823686142e-04
9.410000000000000000e+04 5.561585994214946014e-05 9.600809109928807239e-05 4.611750599886299778e-04
9.420000000000000000e+04 4.345150428410613289e-05 7.757663065342601050e-05 4.506389641046050737e-04
9.430000000000000000e+04 3.229201627942107069e-05 1.115624610389111498e-04 4.332028165353432906e-04
9.440000000000000000e+04 2.879982998462381465e-05 8.941602255843205012e-05 4.217306604509278231e-04
9.450000000000000000e+04 2.647477404435608127e-05 5.034632716391737204e-05 4.197264831409015123e-04
9.460000000000000000e+04 4.731463788164796220e-05 8.773132418735352057e-05 4.248305811739927842e-04
9.470000000000000000e+04 3.510369537967699630e-05 8.103085621916116584e-05 4.365311909461741134e-04
9.480000000000000000e+04 3.215815715522049069e-05 5.931063267900497015e-05 4.414499321749049826e-04
9.490000000000000000e+04 1.911184064845637774e-05 3.812040902299987160e-05 4.365339662914564261e-04
9.500000000000000000e+04 1.735974763419846807e-05 3.172247581817645061e-05 4.315565362003331981e-04
9.510000000000000000e+04 2.140318553707433631e-05 4.422082927407918179e-05 4.318165224169435946e-04
9.520000000000000000e+04 4.082290525885917632e-05 7.247773801488958858e-05 4.397145855687009078e-04
9.530000000000000000e+04 6.170129664588873191e-05 1.001064082664099167e-04 4.433382282937509177e-04
9.540000000000000000e+04 8.515454689474855456e-05 1.419476316418743990e-04 4.430090497791076614e-04
9.550000000000000000e+04 4.629280301035257209e-05 1.193693248517195549e-04 4.473532166601974845e-04
9.560000000000000000e+04 3.883703999297064002e-05 1.001501890133775084e-04 4.422553601342225330e-04
9.570000000000000000e+04 2.354457660436073789e-05 6.393946084623904416e-05 4.368997514547423230e-04
9.580000000000000000e+04 2.569433606550294239e-05 6.703955917631643571e-05 4.368369483055138300e-04
9.590000000000000000e+04 3.707150232749200540e-05 8.914201151326593469e-05 4.327246853494632153e-04
9.600000000000000000e+04 5.699210397286787145e-05 1.022765816544870480e-04 4.352591625471324529e-04
9.610000000000000000e+04 3.572959309407534000e-05 8.646804921953456192e-05 4.462857446569047019e-04
9.620000000000000000e+04 1.686203342653370572e-05 3.649861338597345812e-05 4.515069676034681712e-04
9.630000000000000000e+04 2.206339866943633939e-05 5.014359336657408031e-05 4.513403357122527547e-04
9.640000000000000000e+04 2.618470477094598115e-05 7.292685579854266738e-05 4.475297211707257887e-04
9.650000000000000000e+04 3.115117201322488557e-05 7.558322348757582840e-05 4.390418015613138376e-04
9.660000000000000000e+04 3.555870788440179935e-05 7.428845778706079980e-05 4.337766968511953748e-04
9.670000000000000000e+04 2.205614803869654274e-05 5.583742164359648983e-05 4.330547601601519923e-04
9.680000000000000000e+04 3.322431785541813927e-05 6.784703215216640300e-05 4.324205220912189277e-04
9.690000000000000000e+04 4.640292761943885661e-05 9.100052069941234195e-05 4.371287918318592027e-04
9.700000000000000000e+04 4.570347058483744751e-05 8.093299932108636132e-05 4.409944939149657299e-04
9.710000000000000000e+04 2.511026433961894167e-05 4.820658946619462521e-05 4.404571674561451431e-04
9.720000000000000000e+04 1.448370300497479370e-05 2.493199839046297698e-05 4.411451342758454801e-04
9.730000000000000000e+04 2.377965543566302326e-05 6.134632096609099082e-05 4.434849497398093781e-04
9.740000000000000000e+04 3.473586385228846080e-05 6.874644224926450796e-05 4.366873878657987797e-04
9.750000000000000000e+04 4.166036100981194675e-05 1.146968318070990716e-04 4.277602243196185010e-04
9.760000000000000000e+04 6.011812934111237421e-05 1.742846119684983105e-04 4.298085448275917354e-04
9.770000000000000000e+04 3.599835965852239564e-05 1.252845711493853569e-04 4.350984602552869810e-04
9.780000000000000000e+04 4.944428621971036367e-05 1.086532872984410643e-04 4.455973032650323859e-04
9.790000000000000000e+04 5.899474716350699283e-05 1.073446407992972992e-04 4.541359640973242602e-04
9.800000000000000000e+04 5.370651812175507127e-05 7.893819809674850006e-05 4.536417852638811171e-04
9.810000000000000000e+04 3.846125004710779878e-05 5.981764153227249557e-05 4.472106344589761020e-04
9.820000000000000000e+04 4.434789362845842310e-05 8.467376411619409980e-05 4.493069425414317956e-04
9.830000000000000000e+04 5.328083997512608055e-05 1.173284206294079174e-04 4.536814109264288930e-04
9.840000000000000000e+04 4.004270080175387474e-05 8.771906697376067588e-05 4.380774752504631021e-04
9.850000000000000000e+04 5.863880732553977031e-05 8.949927863533642045e-05 4.321374611551682238e-04
9.860000000000000000e+04 5.354331928859943756e-05 1.031948795658919373e-04 4.477526675657155343e-04
9.870000000000000000e+04 6.883648811366912916e-05 1.066725357218743981e-04 4.578673278874526346e-04
9.880000000000000000e+04 7.726522511766162641e-05 1.438752937662830149e-04 4.584332202800794486e-04
9.890000000000000000e+04 2.290745032408549216e-05 5.570116125089600526e-05 4.605132954087375790e-04
9.900000000000000000e+04 6.395790544490705066e-05 1.121738220176308554e-04 4.716600782626708603e-04
9.910000000000000000e+04 3.952515468802025823e-05 6.648537299174921969e-05 4.805423650816336876e-04
9.920000000000000000e+04 4.702962147364020927e-05 8.005849818671820868e-05 4.809008383691673627e-04
9.930000000000000000e+04 2.695594533540685315e-05 5.774528511619117857e-05 4.818983279475958100e-04
9.940000000000000000e+04 1.572826949754240139e-05 4.784412089615583657e-05 4.861870000360320079e-04
9.950000000000000000e+04 3.598977990980286061e-05 6.683137782154493535e-05 4.810929329523185569e-04
9.960000000000000000e+04 7.442843435347324581e-05 1.301778669159975223e-04 4.757849754283091800e-04
9.970000000000000000e+04 7.132148682614206526e-05 1.221138660736697319e-04 4.780900024621997945e-04
9.980000000000000000e+04 4.778801762217070115e-05 9.851847536978446465e-05 4.743563868035177602e-04
9.990000000000000000e+04 4.320572189589634961e-05 9.447495946446392377e-05 4.688785589464780699e-04
1.000000000000000000e+05 4.636666611604187875e-05 8.257664438514816319e-05 4.650665800175125169e-04
1.001000000000000000e+05 3.338358590894430211e-05 7.046626181776634605e-05 4.645056981719673816e-04
1.002000000000000000e+05 4.388952048069258861e-05 7.432021744679348811e-05 4.736882758870237793e-04
1.003000000000000000e+05 5.347427278833805737e-05 8.621367454779584440e-05 4.799040996468800129e-04
1.004000000000000000e+05 5.116974722533433953e-05 7.735328743490606620e-05 4.838264738394906198e-04
1.005000000000000000e+05 4.330056521356580616e-05 9.667093748319966623e-05 4.843582464333255687e-04
1.006000000000000000e+05 3.660338308673427923e-05 8.065709287635833454e-05 4.756278350109962791e-04
1.007000000000000000e+05 3.481741560336750526e-05 6.778385348658405802e-05 4.733296185311624128e-04
1.008000000000000000e+05 1.951918274161010703e-05 3.811650105433884691e-05 4.784081241553985180e-04
1.009000000000000000e+05 2.389596915224875611e-05 5.610606270095618367e-05 4.823304324398730255e-04
1.010000000000000000e+05 3.819899394048799530e-05 1.095537288885749033e-04 4.852141460715925182e-04
1.011000000000000000e+05 4.676219649635791897e-05 1.401897255460192427e-04 4.797530878338528474e-04
1.012000000000000000e+05 5.025703944139237565e-05 9.492141803661881131e-05 4.657608207495188171e-04
1.013000000000000000e+05 6.746383798671514885e-05 1.074138892450791525e-04 4.634144296503452955e-04
1.014000000000000000e+05 5.992754519989443741e-05 9.828538015104582677e-05 4.645278434695678514e-04
1.015000000000000000e+05 3.956424417544951574e-05 6.842369494116561307e-05 4.602007218786873790e-04
1.016000000000000000e+05 3.321024152321737583e-05 5.846094599320681654e-05 4.588884245189413366e-04
1.017000000000000000e+05 4.212182984404721012e-05 8.327126943874924849e-05 4.625338483244622700e-04
1.018000000000000000e+05 7.130257990894527543e-05 1.386691001827010665e-04 4.698598642233524293e-04
1.019000000000000000e+05 8.342121400433522146e-05 1.195591386875588177e-04 4.690396037407959973e-04
1.020000000000000000e+05 7.617887481222834203e-05 1.271452665990475289e-04 4.676711122677154305e-04
1.021000000000000000e+05 4.364165564540143944e-05 8.368919387591973111e-05 4.717352199049652589e-04
1.022000000000000000e+05 6.786409072362051004e-05 1.451565467087668169e-04 4.776069472226571839e-04
1.023000000000000000e+05 5.729169833160126278e-05 1.491233370422980170e-04 4.888416938826912724e-04
1.024000000000000000e+05 4.470058977542137359e-05 1.548628832661560388e-04 4.890978971225609954e-04
1.025000000000000000e+05 4.539623743842158233e-05 1.478580050070941922e-04 4.722228885172073524e-04
1.026000000000000000e+05 4.487280666925141590e-05 1.196916502758077591e-04 4.642407054597896929e-04
1.027000000000000000e+05 7.369376432790039665e-05 1.459514102624646925e-04 4.627813149693858047e-04
1.028000000000000000e+05 6.094112374236239707e-05 1.287136280801869526e-04 4.673385399104099764e-04
1.029000000000000000e+05 3.583729328813405664e-05 7.782931263556220345e-05 4.809802001684400298e-04
1.030000000000000000e+05 1.580784997369489523e-05 4.086310534956075864e-05 4.866643076736739608e-04
1.031000000000000000e+05 3.537113659570514891e-05 7.593154229862506162e-05 4.776259939655913881e-04
1.032000000000000000e+05 4.502860769246711057e-05 1.009462931179520352e-04 4.644013718704721066e-04
1.033000000000000000e+05 4.630809723160303612e-05 1.029073792091808842e-04 4.560739732400040857e-04
1.034000000000000000e+05 5.957405743823657651e-05 1.171508034074346567e-04 4.549761924511876924e-04
1.035000000000000000e+05 7.219561860749318816e-05 1.587898282925621972e-04 4.637091822938374974e-04
1.036000000000000000e+05 5.502749040107546112e-05 1.705542685958956407e-04 4.772974240043247681e-04
1.037000000000000000e+05 4.006163082918503962e-05 1.752295922583331955e-04 4.947830730171237559e-04
1.038000000000000000e+05 6.087715796091499850e-05 2.138143949265085384e-04 5.010074659671847957e-04
1.039000000000000000e+05 5.459470300589604978e-05 1.772320643835020425e-04 4.812308641259590734e-04
1.040000000000000000e+05 1.790950926154280141e-05 9.590770554628887503e-05 4.549077903280546826e-04
1.041000000000000000e+05 7.462167318494905815e-05 1.425704798766520452e-04 4.554013202124803641e-04
1.042000000000000000e+05 4.134621605795580799e-05 9.726658836488213770e-05 4.672138217204381268e-04
1.043000000000000000e+05 2.122378437990245703e-05 6.784679738554489541e-05 4.626495627377415860e-04
1.044000000000000000e+05 3.455220151344685648e-05 7.456185594641385117e-05 4.546268873046723576e-04
1.045000000000000000e+05 4.914514239479290166e-05 9.060040317991228725e-05 4.635444847991586413e-04
1.046000000000000000e+05 5.395162678617287585e-05 8.645431518818346437e-05 4.733593922612734498e-04
1.047000000000000000e+05 5.989640217793086151e-05 1.140999202869458174e-04 4.807271103166073237e-04
1.048000000000000000e+05 6.949632479012670533e-05 1.117487764913724499e-04 4.905548154566593709e-04
1.049000000000000000e+05 5.157995332383025254e-05 1.146466111915063544e-04 4.980527799322301491e-04
1.050000000000000000e+05 3.588304687730808776e-05 7.736191908888607289e-05 4.919961304606381390e-04
1.051000000000000000e+05 4.099631176514181808e-05 9.532086211601158415e-05 4.798375994210271850e-04
1.052000000000000000e+05 2.753789145465201709e-05 8.514107268538424495e-05 4.808600314641744739e-04
1.053000000000000000e+05 2.242917981985754301e-05 3.087915057837533044e-05 4.763916801656544841e-04
1.054000000000000000e+05 3.021250593331011340e-05 7.558266469277703835e-05 4.763851585507047513e-04
1.055000000000000000e+05 5.038767916978024747e-05 1.105398633114164342e-04 4.823574484690223789e-04
1.056000000000000000e+05 6.034459393629499268e-05 1.021272717982444267e-04 4.833366243288395579e-04
1.057000000000000000e+05 5.220528460017208891e-05 1.049729660187827588e-04 4.804163298783944601e-04
1.058000000000000000e+05 4.447801732931759046e-05 1.123405604313484083e-04 4.765909679279148369e-04
1.059000000000000000e+05 4.373779227588255915e-05 1.282360433193456659e-04 4.784355386295517502e-04
1.060000000000000000e+05 4.868759577582608324e-05 1.457995489538134004e-04 4.735062465103492455e-04
1.061000000000000000e+05 5.796359963320670905e-05 1.535679996084110890e-04 4.654248199240530585e-04
1.062000000000000000e+05 6.391934951334378619e-05 1.625209869103330608e-04 4.667777028765068142e-04
1.063000000000000000e+05 7.557393612520941660e-05 1.834847365641293845e-04 4.780809437326869718e-04
1.064000000000000000e+05 7.691981718271494227e-05 1.672255197885878894e-04 4.850568552666908962e-04
1.065000000000000000e+05 6.571902939763514962e-05 1.511736628345490183e-04 4.803405802769928506e-04
1.066000000000000000e+05 4.086732696943816499e-05 1.109551379357621341e-04 4.882912604655811417e-04
1.067000000000000000e+05 3.325438013322841967e-05 6.611655871596440557e-05 4.884488406007710072e-04
1.068000000000000000e+05 4.658361122881332899e-05 1.028779575692741156e-04 4.771582566462872176e-04
1.069000000000000000e+05 5.881424502223435045e-05 1.222612508788715243e-04 4.744127405749623137e-04
1.070000000000000000e+05 7.079853131115041234e-05 1.150841097956097764e-04 4.736004530988025289e-04
1.071000000000000000e+05 3.452602146849072327e-05 7.573862630334452601e-05 4.765928565767147437e-04
1.072000000000000000e+05 3.518745694655963816e-05 6.224385128826852211e-05 4.852875222604486369e-04
1.073000000000000000e+05 4.422387822163265049e-05 9.370674364020842610e-05 4.812341594881064041e-04
1.074000000000000000e+05 4.325102339226334245e-05 7.250933459907198033e-05 4.717846888569482574e-04
1.075000000000000000e+05 3.919370436622520619e-05 1.108528434965873441e-04 4.752058747405316650e-04
1.076000000000000000e+05 4.654650123551539852e-05 1.186153879425648743e-04 4.782680836007751832e-04
1.077000000000000000e+05 4.191101927203199446e-05 9.557394172143959983e-05 4.820734527484340300e-04
1.078000000000000000e+05 2.645067461781562285e-05 7.610230460518329146e-05 4.762944161189534668e-04
1.079000000000000000e+05 7.796579672128393403e-05 1.470651779820792587e-04 4.602221995244284319e-04
1.080000000000000000e+05 4.450321395961867599e-05 1.270306325565768155e-04 4.463916759149608583e-04
1.081000000000000000e+05 3.780821803621344781e-05 7.137281873441820050e-05 4.311690610410480484e-04
1.082000000000000000e+05 3.643847054226489373e-05 7.608979798538918890e-05 4.269203522962043739e-04
1.083000000000000000e+05 5.897192803865178735e-05 1.066148133330982917e-04 4.418158887380982760e-04
1.084000000000000000e+05 4.408172448828491649e-05 1.009715071737155067e-04 4.708563476285340514e-04
1.085000000000000000e+05 2.181684824684903190e-05 5.959267522971444875e-05 4.905804531678135049e-04
1.086000000000000000e+05 2.842985982141925860e-05 7.343885673715387381e-05 4.867346111155151857e-04
1.087000000000000000e+05 3.131351675382174331e-05 9.096956035432196032e-05 4.753404034213815728e-04
1.088000000000000000e+05 3.960106458780803191e-05 8.607154672072713127e-05 4.734990784152542172e-04
1.089000000000000000e+05 4.882936793261413418e-05 1.117179461241264195e-04 4.805849528694922860e-04
1.090000000000000000e+05 4.964808129961180080e-05 1.204151133629845455e-04 4.805686941984414176e-04
1.091000000000000000e+05 4.772212864887848474e-05 1.201518356280317041e-04 4.777860553550105152e-04
1.092000000000000000e+05 4.892198638859759311e-05 1.102098858361001666e-04 4.777351867726705912e-04
1.093000000000000000e+05 3.972354607820817755e-05 9.152706297689029713e-05 4.749689221477192244e-04
1.094000000000000000e+05 3.231699981988119062e-05 5.650601182827756511e-05 4.671466578294346315e-04
1.095000000000000000e+05 2.197477862166417667e-05 5.015930335184823081e-05 4.654059687597712487e-04
1.096000000000000000e+05 3.889466800429953715e-05 8.810677336087134083e-05 4.730227828278890721e-04
1.097000000000000000e+05 5.932855252839541738e-05 1.284313633889988277e-04 4.792024064980260735e-04
1.098000000000000000e+05 5.751022811988917242e-05 1.373378913728510358e-04 4.765294246374770408e-04
1.099000000000000000e+05 4.851942732148398479e-05 1.464291319376586644e-04 4.599082220593602951e-04
1.100000000000000000e+05 4.058515859142888078e-05 1.372660411044129879e-04 4.428247877075073224e-04
1.101000000000000000e+05 3.128374472216566803e-05 1.018313095829159244e-04 4.404911262433308335e-04
1.102000000000000000e+05 2.745050973778414422e-05 7.200166164656249387e-05 4.369859030138479737e-04
1.103000000000000000e+05 3.923462913005721113e-05 8.122621678956123536e-05 4.245493125952607967e-04
1.104000000000000000e+05 4.603126145977942544e-05 7.979744129304084136e-05 4.136013230914675201e-04
1.105000000000000000e+05 3.723115350293912948e-05 7.767061602592537301e-05 4.083575147483357328e-04
1.106000000000000000e+05 4.348432712323441716e-05 8.378871699503284915e-05 4.126458070591388153e-04
1.107000000000000000e+05 6.813365403455015753e-05 1.120403741226213830e-04 4.215388128042550013e-04
1.108000000000000000e+05 6.340478191442543762e-05 1.000943568203865050e-04 4.251529855622726735e-04
1.109000000000000000e+05 1.902971631369498829e-05 4.512962608774103964e-05 4.288213819278985069e-04
1.110000000000000000e+05 3.343518131836473563e-05 6.243923032694216006e-05 4.349262072378733764e-04
1.111000000000000000e+05 2.091216394993906632e-05 4.103152699347177709e-05 4.415326688584803342e-04
1.112000000000000000e+05 3.486672134525201864e-05 6.724866953824977034e-05 4.421477137409888310e-04
1.113000000000000000e+05 2.622289892620729588e-05 5.978403248123716424e-05 4.444623338759373285e-04
1.114000000000000000e+05 3.540426569426352154e-05 8.090575618574031213e-05 4.476085545289554160e-04
1.115000000000000000e+05 4.109459983916492103e-05 5.915711453654350126e-05 4.374860284992642062e-04
1.116000000000000000e+05 1.748647920293415784e-05 4.063722383493978407e-05 4.253818164878125940e-04
1.117000000000000000e+05 4.942448939940929670e-05 7.013364583208025289e-05 4.187905402207185213e-04
1.118000000000000000e+05 5.527100003016762039e-05 9.261102234236524714e-05 4.150832640987928124e-04
1.119000000000000000e+05 6.411384859906658689e-05 1.059598199792758104e-04 4.209168954224435689e-04
1.120000000000000000e+05 3.531397499552445338e-05 6.561506910535342589e-05 4.303091955288398940e-04
1.121000000000000000e+05 3.199683933728273777e-05 7.036001850139306886e-05 4.346266700156515986e-04
1.122000000000000000e+05 3.738206602622466462e-05 5.893179431148119502e-05 4.423584136512327962e-04
1.123000000000000000e+05 5.968119721071755068e-05 1.032089280033693856e-04 4.493302412741792475e-04
1.124000000000000000e+05 8.610011419254938372e-05 1.204199196075819516e-04 4.424058625201064340e-04
1.125000000000000000e+05 5.938795219887231438e-05 9.974159679702865842e-05 4.277818754887965469e-04
1.126000000000000000e+05 5.477523082513495586e-05 8.858246803450766163e-05 4.237872886417420317e-04
1.127000000000000000e+05 6.180639680833025082e-05 1.187591231111397375e-04 4.209456985092246799e-04
1.128000000000000000e+05 6.043459556457204907e-05 1.083400349391310793e-04 4.176444992691468057e-04
1.129000000000000000e+05 5.960995941686454908e-05 9.250453310564039607e-05 4.199378072634838712e-04
1.130000000000000000e+05 5.304480992262899323e-05 9.672890602872380667e-05 4.176205500950777279e-04
1.131000000000000000e+05 7.041842236764903670e-05 1.111373005987679129e-04 4.167886610118131242e-04
1.132000000000000000e+05 4.040324815134756003e-05 7.091149675951985724e-05 4.170290144518156339e-04
1.133000000000000000e+05 2.876203605908604893e-05 5.163173424729025456e-05 4.138961802844622409e-04
1.134000000000000000e+05 3.915091078668874684e-05 8.551311473417171375e-05 4.129570603689947258e-04
1.135000000000000000e+05 2.494891396309471951e-05 5.232757785427453751e-05 4.160626713668819305e-04
1.136000000000000000e+05 3.203775223673688147e-05 6.585806995304326842e-05 4.230481073261901231e-04
1.137000000000000000e+05 5.198334582517233869e-05 1.208670410749803107e-04 4.324883964272898361e-04
1.138000000000000000e+05 5.865294559154481027e-05 1.687873360307148049e-04 4.426279169334175023e-04
1.139000000000000000e+05 5.809405528716879430e-05 1.282126932953795459e-04 4.322614259958483247e-04
1.140000000000000000e+05 5.009660804403435553e-05 9.926238952799473856e-05 4.125595893519566734e-04
1.141000000000000000e+05 5.629361295170313148e-05 1.094724184376156097e-04 4.121422081618899592e-04
1.142000000000000000e+05 4.042275758324253123e-05 8.340706053776460313e-05 4.207388499671738287e-04
1.143000000000000000e+05 5.503905217897056210e-05 9.346023232977706966e-05 4.269378595743852575e-04
1.144000000000000000e+05 4.195246303538688239e-05 9.116161705757965103e-05 4.245068948229248004e-04
1.145000000000000000e+05 4.276324274367490283e-05 1.073062205746931055e-04 4.197957795879578703e-04
1.146000000000000000e+05 5.442993871776480568e-05 1.340100306818380375e-04 4.185882101789432171e-04
1.147000000000000000e+05 5.921608734115542307e-05 1.390674831204125874e-04 4.115204563465978431e-04
1.148000000000000000e+05 3.224325361586588036e-05 9.378697394023634759e-05 4.026667755841503260e-04
1.149000000000000000e+05 2.785505476637835940e-05 7.512729194631410272e-05 4.050233531365075184e-04
1.150000000000000000e+05 1.506136599614210864e-05 5.703555903729392662e-05 4.088986727586635980e-04
1.151000000000000000e+05 2.837688271534866526e-05 4.200427930095009758e-05 4.135829038269309534e-04
1.152000000000000000e+05 3.949964616721616520e-05 8.219198767619334024e-05 4.202342888084444603e-04
1.153000000000000000e+05 6.321304198123956289e-05 1.309398242243856297e-04 4.217788294937420716e-04
1.154000000000000000e+05 5.958263641409755488e-05 1.510042014020218431e-04 4.213295403135135122e-04
1.155000000000000000e+05 5.589682131671076283e-05 1.520972110062606048e-04 4.244462661052743530e-04
1.156000000000000000e+05 4.032403869128910710e-05 1.380584170924576163e-04 4.283063556828524627e-04
1.157000000000000000e+05 5.034503917147620938e-05 1.226252299322622076e-04 4.314638987103369835e-04
1.158000000000000000e+05 5.668644269770988994e-05 9.870826461901753904e-05 4.388232434704174073e-04
1.159000000000000000e+05 4.458739027923916843e-05 8.429152192802413877e-05 4.404985737004343772e-04
1.160000000000000000e+05 3.326632939974673991e-05 6.810051471249899688e-05 4.418589552800117207e-04
1.161000000000000000e+05 4.619221157018375693e-05 7.771416155373316818e-05 4.405697047187066514e-04
1.162000000000000000e+05 6.092046288008924485e-05 1.009202626470124316e-04 4.321543188200766992e-04
1.163000000000000000e+05 4.947191872338121315e-05 8.494925703492856809e-05 4.256655363537993576e-04
1.164000000000000000e+05 6.275472496308765174e-05 8.440500463855252471e-05 4.167401245361683493e-04
1.165000000000000000e+05 6.146220588656200589e-05 1.075512278012001588e-04 4.099083649463536338e-04
1.166000000000000000e+05 5.684273095771447733e-05 1.093820274207419913e-04 4.097510360306461054e-04
1.167000000000000000e+05 5.487178620081247090e-05 8.681164120584238886e-05 4.074994555978421365e-04
1.168000000000000000e+05 5.712740417178986457e-05 8.462557216438906620e-05 4.078935106632368955e-04
1.169000000000000000e+05 3.927801039243394203e-05 9.660142368592410534e-05 4.080768035713281858e-04
1.170000000000000000e+05 3.906509616448953148e-05 9.260350420223488910e-05 4.050497322515202061e-04
1.171000000000000000e+05 7.465342082177856562e-05 1.882473131644712451e-04 4.055254986355972808e-04
1.172000000000000000e+05 6.197850387224803845e-05 1.892703467514379560e-04 3.999008924699129844e-04
1.173000000000000000e+05 5.740214405765400657e-05 1.723081788354544519e-04 3.854339470648737026e-04
1.174000000000000000e+05 5.872080819415310135e-05 1.478915999302621905e-04 3.637256166372313123e-04
1.175000000000000000e+05 6.616420631799742108e-05 1.243131011027894710e-04 3.404984996230005288e-04
1.176000000000000000e+05 5.094990966727981933e-05 8.977727933708669643e-05 3.150841008833925490e-04
1.177000000000000000e+05 4.144045183078248805e-05 6.932407118469269139e-05 2.875044523499081317e-04
1.178000000000000000e+05 3.963746598928502801e-05 7.280137666633855107e-05 2.818621557910110250e-04
1.179000000000000000e+05 3.140023014775215155e-05 8.728971121073537563e-05 2.841776137046884000e-04
1.180000000000000000e+05 3.170477984941450335e-05 1.016148604330592000e-04 2.905005975499552772e-04
1.181000000000000000e+05 4.632774285659918339e-05 1.248451852216096985e-04 2.911738140063057051e-04
1.182000000000000000e+05 4.501837457596293392e-05 9.899731011201362476e-05 2.881162153122725591e-04
1.183000000000000000e+05 5.220374494990871381e-05 9.032066338352388369e-05 2.881474560766844389e-04
1.184000000000000000e+05 2.682852279146415294e-05 6.987279435885420525e-05 2.868229451972725548e-04
1.185000000000000000e+05 3.251522404606121356e-05 7.376377718232030858e-05 2.853819821117463363e-04
1.186000000000000000e+05 5.619312371975905595e-05 9.406582214377189966e-05 2.843063708973184579e-04
1.187000000000000000e+05 6.747510042382783664e-05 9.720986104529394075e-05 2.885209713830534845e-04
1.188000000000000000e+05 6.106259963223022776e-05 8.801141897013759017e-05 3.010219230566958605e-04
1.189000000000000000e+05 4.607672429929522044e-05 7.528095240546791092e-05 3.103638104442267803e-04
1.190000000000000000e+05 4.063380287362830046e-05 8.023071912456716847e-05 3.133830230717388329e-04
1.191000000000000000e+05 1.962683815925577759e-05 4.670283482458123699e-05 3.178591400753573264e-04
1.192000000000000000e+05 4.026572124082020880e-05 6.522650141221132724e-05 3.231423160231550228e-04
1.193000000000000000e+05 4.601430530454860696e-05 9.439998468250843924e-05 3.096510407812718942e-04
1.194000000000000000e+05 4.461676260506515046e-05 1.060847864560969381e-04 2.843589387127837373e-04
1.195000000000000000e+05 5.256606689043588285e-05 1.024847673812140912e-04 2.600420650671055002e-04
1.196000000000000000e+05 5.142128184877617814e-05 8.503658706516311477e-05 2.367977593542285747e-04
1.197000000000000000e+05 2.525984676314036890e-05 6.749591416185915689e-05 2.553711337716634022e-04
1.198000000000000000e+05 7.829012146519034746e-05 1.292350260549320886e-04 2.840620877351449601e-04
1.199000000000000000e+05 5.561125752419286803e-05 9.551281210553948958e-05 2.927298270430533271e-04
