9.000000000000000000e+04 3.408238692063163787e-04 6.256619456556772579e-04 1.714123509739507454e-03
9.010000000000000000e+04 2.692497010477589575e-04 8.332591350996595807e-04 2.245244589819129274e-03
9.020000000000000000e+04 5.070090088280512428e-04 8.855930092546830147e-04 2.111420297971807955e-03
9.030000000000000000e+04 2.160234778552623872e-04 4.267759654406663283e-04 1.671791231795621271e-03
9.040000000000000000e+04 3.449610110330104083e-04 5.577234412895044902e-04 2.109909764168731421e-03
9.050000000000000000e+04 3.852324220995398917e-04 7.493870174917036282e-04 2.531410253430209974e-03
9.060000000000000000e+04 3.931341326983430438e-04 6.428250684988507692e-04 2.079680857416337132e-03
9.070000000000000000e+04 2.359938106025992466e-04 5.459753324971140191e-04 1.441252319728942828e-03
9.080000000000000000e+04 2.081805624390556993e-04 3.417176934846389170e-04 1.246928995803724648e-03
9.090000000000000000e+04 1.600404139545021521e-04 2.794338372725845357e-04 1.304711226167115483e-03
9.100000000000000000e+04 2.023364970967476712e-04 4.097817073615553016e-04 1.373414711333169119e-03
9.110000000000000000e+04 2.142406000068272989e-04 3.794840665897957713e-04 1.434759746871166336e-03
9.120000000000000000e+04 2.856927766232825443e-04 4.816217106208314953e-04 1.501557621552526830e-03
9.130000000000000000e+04 2.178482365468470839e-04 4.289592963714228702e-04 1.574798202400007644e-03
9.140000000000000000e+04 2.475458195914947718e-04 5.374433074617811570e-04 1.702741361573555405e-03
9.150000000000000000e+04 3.287416004083829665e-04 5.273677801587418022e-04 1.698329584743940275e-03
9.160000000000000000e+04 3.438147901822839834e-04 5.683280907763624441e-04 1.792248392552398548e-03
9.170000000000000000e+04 3.092683237704329027e-04 5.316685053128327072e-04 1.854007919020286485e-03
9.180000000000000000e+04 3.608875742925248334e-04 5.947568446028907684e-04 1.902460573456680494e-03
9.190000000000000000e+04 4.557177245566770406e-04 7.661868806189857991e-04 2.330593549543071800e-03
9.200000000000000000e+04 6.027978414109369867e-04 9.238635064529919852e-04 2.861401762568987952e-03
9.210000000000000000e+04 6.590208218198055287e-04 1.135027318777911878e-03 3.566292423934999938e-03
9.220000000000000000e+04 8.180320800617070509e-04 1.488842748984280616e-03 3.910093231287054515e-03
9.230000000000000000e+04 7.391684796858879157e-04 1.451259361312691020e-03 3.978034037909514153e-03
9.240000000000000000e+04 6.582242087182954733e-04 1.188834686910001260e-03 3.986341030248926644e-03
9.250000000000000000e+04 1.087900507850425927e-03 1.919782844367235938e-03 4.071635753878036917e-03
9.260000000000000000e+04 8.787949976273704868e-04 1.627480084397510841e-03 4.041817038392979400e-03
9.270000000000000000e+04 8.594659578698652519e-04 1.450133507799944172e-03 3.856218230129220600e-03
9.280000000000000000e+04 8.813141189022676014e-04 1.487779352005484061e-03 3.866434311010401217e-03
9.290000000000000000e+04 8.615143845088451928e-04 1.393450340985165955e-03 3.883073636338069817e-03
9.300000000000000000e+04 8.539069780166253475e-04 1.379928385028170688e-03 3.879973191548245683e-03
9.310000000000000000e+04 6.945605735413306302e-04 1.277694713760443336e-03 3.770393209848149196e-03
9.320000000000000000e+04 8.014448367148034602e-04 1.426824297255608297e-03 3.683488196881457705e-03
9.330000000000000000e+04 8.062715652899709803e-04 1.250020617281699838e-03 3.575337172090280874e-03
9.340000000000000000e+04 5.854862403872757026e-04 1.092257209086862097e-03 3.541841755075460490e-03
9.350000000000000000e+04 7.380601236329524181e-04 1.101055908728513534e-03 3.513443258210643180e-03
9.360000000000000000e+04 7.866843832200621882e-04 1.194858287349761204e-03 3.571912108686790908e-03
9.370000000000000000e+04 7.508742708866975209e-04 1.361966128267338635e-03 3.696139226603846559e-03
9.380000000000000000e+04 7.598255603268417799e-04 1.230348283703607080e-03 3.758907675979641320e-03
9.390000000000000000e+04 8.516131081349191841e-04 1.510683156741061614e-03 3.648157533952815518e-03
9.400000000000000000e+04 7.760900632587507814e-04 1.143010135527026527e-03 3.651903956963129579e-03
9.410000000000000000e+04 8.573852634845982937e-04 1.441564815489546330e-03 3.707980474341799389e-03
9.420000000000000000e+04 8.093103692233265430e-04 1.351881209119811834e-03 3.785436521318972462e-03
9.430000000000000000e+04 8.466588585170470825e-04 1.325864419680238861e-03 3.734659768874953271e-03
9.440000000000000000e+04 6.949908290065894348e-04 1.356881179773468567e-03 3.650298530801694002e-03
9.450000000000000000e+04 8.101803946992426619e-04 1.481002824486509373e-03 3.463847434308029143e-03
9.460000000000000000e+04 6.965836689894516938e-04 1.310945480644191107e-03 3.366090188064746035e-03
9.470000000000000000e+04 7.870175782757051972e-04 1.492181651166496568e-03 3.383992833218949729e-03
9.480000000000000000e+04 6.462487053881574815e-04 1.025296185442388201e-03 3.328754925853532904e-03
9.490000000000000000e+04 6.446893395280726968e-04 1.172242894056118624e-03 3.330415022474894540e-03
9.500000000000000000e+04 7.002214253362670782e-04 1.333977953138847875e-03 3.389770150618165358e-03
9.510000000000000000e+04 6.844270179658168071e-04 1.196485918200669313e-03 3.349996809726476458e-03
9.520000000000000000e+04 8.197562290576530970e-04 1.351595308057498054e-03 3.350073509498529157e-03
9.530000000000000000e+04 7.606348190638580198e-04 1.163281347799176128e-03 3.471578284613526660e-03
9.540000000000000000e+04 7.051579971182769281e-04 1.268053813947420637e-03 3.860070545590765009e-03
9.550000000000000000e+04 7.666094228727981033e-04 1.485922849071490831e-03 3.994434832744455689e-03
9.560000000000000000e+04 8.807509596560677417e-04 1.417785228581571171e-03 3.846297478287040873e-03
9.570000000000000000e+04 8.155914897167628602e-04 1.472276703174419093e-03 3.807961320259013651e-03
9.580000000000000000e+04 8.848897557412827367e-04 1.627279377554570212e-03 3.817520089279246350e-03
9.590000000000000000e+04 8.255383321415904994e-04 1.297601786523130268e-03 3.779597452221958222e-03
9.600000000000000000e+04 8.281853527616861270e-04 1.398409442053444827e-03 3.845893827486307742e-03
9.610000000000000000e+04 8.633276147781590408e-04 1.536437668194438888e-03 3.854583156510852423e-03
9.620000000000000000e+04 8.758430451086996089e-04 1.387544378333146599e-03 3.669440893996546438e-03
9.630000000000000000e+04 8.181427945244379961e-04 1.321269224813706629e-03 3.655922566295658187e-03
9.640000000000000000e+04 8.967727021156764698e-04 1.564298953722208837e-03 3.865517607762821578e-03
9.650000000000000000e+04 9.437573826693436245e-04 1.603107760423740352e-03 4.082143081873761126e-03
9.660000000000000000e+04 1.070717157856259424e-03 1.743419219990833668e-03 4.238050567589566643e-03
9.670000000000000000e+04 8.542914631185258116e-04 1.582658358888753159e-03 4.127312528708410554e-03
9.680000000000000000e+04 8.855082606384176609e-04 1.459087015712813400e-03 3.895593135853647488e-03
9.690000000000000000e+04 7.668029452161770516e-04 1.207979760217132385e-03 3.710058782119333293e-03
9.700000000000000000e+04 7.883026952521269767e-04 1.273790938527318700e-03 3.598365254815390213e-03
9.710000000000000000e+04 8.255795751077872439e-04 1.378388361554871034e-03 3.660707036870892647e-03
9.720000000000000000e+04 7.891943328287636880e-04 1.330508432585537481e-03 3.742353554324806455e-03
9.730000000000000000e+04 7.238073272728532716e-04 1.242386936908838110e-03 3.711200541275308865e-03
9.740000000000000000e+04 1.013950363996110170e-03 1.746453445842952642e-03 3.798641811132203241e-03
9.750000000000000000e+04 8.081133451679134092e-04 1.479017737035521161e-03 3.818121595234411081e-03
9.760000000000000000e+04 9.270539282247129698e-04 1.695333436924129078e-03 4.012662809894527484e-03
9.770000000000000000e+04 9.742066963776847138e-04 2.093791876503300724e-03 4.094735254156093261e-03
9.780000000000000000e+04 7.558507194797927688e-04 1.422078742822168156e-03 4.084725685661970765e-03
9.790000000000000000e+04 9.942603777127233602e-04 1.751086652038253907e-03 4.000753584062030632e-03
9.800000000000000000e+04 9.397204407244254959e-04 1.581838040036238555e-03 4.088442634623631715e-03
9.810000000000000000e+04 9.547739413708674489e-04 1.478117920056148601e-03 4.027723082014386148e-03
9.820000000000000000e+04 8.229402239161090482e-04 1.347641171669135621e-03 4.199215920931816982e-03
9.830000000000000000e+04 7.603225582386284077e-04 1.247908421323330654e-03 3.959773567541122370e-03
9.840000000000000000e+04 7.111971462152272098e-04 1.125412244809498741e-03 3.916139335404484473e-03
9.850000000000000000e+04 8.385962166654451801e-04 1.423665224001196671e-03 4.029923154577284491e-03
9.860000000000000000e+04 9.412009441634029520e-04 1.511963486916389435e-03 4.134738633215988973e-03
9.870000000000000000e+04 9.549283414718948843e-04 1.430178751564981955e-03 4.262497168865529706e-03
9.880000000000000000e+04 8.290316982210214035e-04 1.366319806565660568e-03 4.320659227376911701e-03
9.890000000000000000e+04 9.089253412729323203e-04 1.352532873953839025e-03 4.355007536098832142e-03
9.900000000000000000e+04 8.144104766915918024e-04 1.218966114230121602e-03 4.580137537801822790e-03
9.910000000000000000e+04 1.008719267598423824e-03 1.557615660698269140e-03 4.679925490585303861e-03
9.920000000000000000e+04 7.725931509421505097e-04 1.250589028895146559e-03 4.595422995263952030e-03
9.930000000000000000e+04 9.737236462893823774e-04 1.542790821422210246e-03 4.818777979409548905e-03
9.940000000000000000e+04 1.131469076953948820e-03 1.887750812240516704e-03 4.868681952955341945e-03
9.950000000000000000e+04 1.011466917119939381e-03 1.657812182998191514e-03 4.842676252905030870e-03
9.960000000000000000e+04 1.109743425351876825e-03 1.816120327520797870e-03 4.873094107214781014e-03
9.970000000000000000e+04 9.896679745802325519e-04 1.625961196923948488e-03 4.891547813453176775e-03
9.980000000000000000e+04 8.723981069779437880e-04 1.241728228236800222e-03 4.840840225209543622e-03
9.990000000000000000e+04 1.073648560742013983e-03 1.639016478289344412e-03 4.831995386083099905e-03
1.000000000000000000e+05 1.088781518156341221e-03 1.565884087345962954e-03 4.600113058819159904e-03
1.001000000000000000e+05 9.537306393212698248e-04 1.436862898519166310e-03 4.644273700842721508e-03
1.002000000000000000e+05 8.641511114664372772e-04 1.434117710452486281e-03 4.726718736330732043e-03
1.003000000000000000e+05 1.048394729685492820e-03 1.674793345431526206e-03 4.774546424590938969e-03
1.004000000000000000e+05 1.027383027891468417e-03 1.505793050499911606e-03 4.822322487331015366e-03
1.005000000000000000e+05 1.084019380154748260e-03 1.697534215956694043e-03 4.792335891287637442e-03
1.006000000000000000e+05 8.526320010688748924e-04 1.346930909587546431e-03 4.758373632971469279e-03
1.007000000000000000e+05 9.535029348108222357e-04 1.361447527173929081e-03 4.780242387898623463e-03
1.008000000000000000e+05 9.451399012806033229e-04 1.604176885813746699e-03 4.910290837602255230e-03
1.009000000000000000e+05 8.810789353176137068e-04 1.591388433011628294e-03 4.989305767884750012e-03
1.010000000000000000e+05 1.038001318407955585e-03 1.690682768155957021e-03 4.894745998022653928e-03
1.011000000000000000e+05 1.018069244208076856e-03 1.626472084011379351e-03 4.837058290031206499e-03
1.012000000000000000e+05 1.050274455505164749e-03 1.648892337945413299e-03 4.951855619670154397e-03
1.013000000000000000e+05 1.197602352106295377e-03 1.710051844928136763e-03 5.132988856287609182e-03
1.014000000000000000e+05 1.178322225306196753e-03 1.900986628813720620e-03 5.033714514141978021e-03
1.015000000000000000e+05 1.144154041730514534e-03 2.019978510247811415e-03 5.004345777815802539e-03
1.016000000000000000e+05 1.014414265367164381e-03 1.527140753428602674e-03 4.583373443415690411e-03
1.017000000000000000e+05 9.456347534368240992e-04 1.552576494814535656e-03 4.668716205676310890e-03
1.018000000000000000e+05 1.026055298964216340e-03 1.579769293253927617e-03 4.878578591443077407e-03
1.019000000000000000e+05 1.163443920804162202e-03 1.849382424682121176e-03 4.993552263472346431e-03
1.020000000000000000e+05 1.129460507126042214e-03 1.653661114291177063e-03 5.053586730237099624e-03
1.021000000000000000e+05 1.000874143367627353e-03 1.609926718391897424e-03 5.062294950507709168e-03
1.022000000000000000e+05 1.113270499677405326e-03 1.663337912965412013e-03 4.979537892979001533e-03
1.023000000000000000e+05 1.092476808958732677e-03 1.785619506105610987e-03 5.040513514297818680e-03
1.024000000000000000e+05 9.911616842476584852e-04 1.664058860191136580e-03 5.058648531746139966e-03
1.025000000000000000e+05 1.120386824952160527e-03 1.694431613413788229e-03 5.073550029271020091e-03
1.026000000000000000e+05 9.101622797216823990e-04 1.332839459284222358e-03 5.032641193591224672e-03
1.027000000000000000e+05 1.081928088369408809e-03 1.645560027294303441e-03 4.986694522861228988e-03
1.028000000000000000e+05 9.275946040525678490e-04 1.605730806023407398e-03 5.124765307151260031e-03
1.029000000000000000e+05 1.130592859552258071e-03 1.711046835322269609e-03 5.175746103008201961e-03
1.030000000000000000e+05 1.130098224248178573e-03 1.821824563506995939e-03 5.044957675104530526e-03
1.031000000000000000e+05 8.587991785865209393e-04 1.357067131442733429e-03 4.987769339143265090e-03
1.032000000000000000e+05 9.609881134477497519e-04 1.676824004926949843e-03 5.128082870293516025e-03
1.033000000000000000e+05 1.088260867220035115e-03 1.620656965806271596e-03 5.191737228855011418e-03
1.034000000000000000e+05 1.084750164566059341e-03 1.771342522763932371e-03 5.061920500074072564e-03
1.035000000000000000e+05 1.119815535134465953e-03 1.736337376516895042e-03 5.070061964375159429e-03
1.036000000000000000e+05 8.538336820364611848e-04 1.404390806639821063e-03 5.023786340499960396e-03
1.037000000000000000e+05 9.798321421433039968e-04 1.453785705059286969e-03 4.890237461143468432e-03
1.038000000000000000e+05 8.049471488247375572e-04 1.302095409425053398e-03 4.903017221388621810e-03
1.039000000000000000e+05 9.561018375041927322e-04 1.515496515241222808e-03 5.002243131110980547e-03
1.040000000000000000e+05 9.121721530487240243e-04 1.767564337814765858e-03 4.907346337100332821e-03
1.041000000000000000e+05 9.868588256720777635e-04 1.562290995451659503e-03 4.904589035144010095e-03
1.042000000000000000e+05 9.611144091764512939e-04 1.445886264201777169e-03 5.054654628506780913e-03
1.043000000000000000e+05 9.147715883012635940e-04 1.728252328432552422e-03 5.020169293788535707e-03
1.044000000000000000e+05 9.634221626258418492e-04 1.786916591029295322e-03 5.145398351176344760e-03
1.045000000000000000e+05 9.605841895544229431e-04 1.776875112016735106e-03 5.324696740137105540e-03
1.046000000000000000e+05 1.099709937227981785e-03 2.559119801161878482e-03 5.226393396896997223e-03
1.047000000000000000e+05 1.249756001724829785e-03 3.221856842343199905e-03 5.347826708588575804e-03
1.048000000000000000e+05 1.394142110424725044e-03 3.291173518207729867e-03 5.455030965359990332e-03
1.049000000000000000e+05 1.460415915005652474e-03 3.672965704895682013e-03 5.649039728185888121e-03
1.050000000000000000e+05 1.485031661173113159e-03 4.257823013434880802e-03 5.725005176626734964e-03
1.051000000000000000e+05 1.314052716121717063e-03 3.638763213814517027e-03 5.602925705911959882e-03
1.052000000000000000e+05 1.484190099913310079e-03 3.689199778477778545e-03 5.564291269135992861e-03
1.053000000000000000e+05 1.220080711006484714e-03 2.827761151870870730e-03 5.593711195702515300e-03
1.054000000000000000e+05 1.155333589047452016e-03 2.816262730180709231e-03 5.391895553609805415e-03
1.055000000000000000e+05 1.126541185144825687e-03 2.740224868549551163e-03 5.452816103343198668e-03
1.056000000000000000e+05 1.000926155188947703e-03 2.606833110929915667e-03 5.433662477147645740e-03
1.057000000000000000e+05 1.157145430885524358e-03 2.530629669425322852e-03 5.412299643987680646e-03
1.058000000000000000e+05 1.096168860273095610e-03 2.292548654898337972e-03 5.473500157131656711e-03
1.059000000000000000e+05 1.006501574557202953e-03 1.796127079411614230e-03 5.380762148620391906e-03
1.060000000000000000e+05 1.163342271658981270e-03 2.414969051538148198e-03 5.400616993182276449e-03
1.061000000000000000e+05 9.365630590188406615e-04 1.683688827091621779e-03 5.255732634729191888e-03
1.062000000000000000e+05 1.004576358144500248e-03 1.801923372081906498e-03 5.325315282323626019e-03
1.063000000000000000e+05 9.569750077656645135e-04 1.716178696930640429e-03 5.225979046169062885e-03
1.064000000000000000e+05 9.473189561223262223e-04 1.481752220660242925e-03 5.246956948239908138e-03
1.065000000000000000e+05 1.125836080878225842e-03 1.858474802371917756e-03 5.275476300286937974e-03
1.066000000000000000e+05 1.011994272805647431e-03 1.628560097148906358e-03 5.372150761890290456e-03
1.067000000000000000e+05 1.157940411518536793e-03 1.897865319730457703e-03 5.370463107882181286e-03
1.068000000000000000e+05 1.027120775961892253e-03 1.856440744828724738e-03 5.571906258864157274e-03
1.069000000000000000e+05 1.003004136249529069e-03 1.524317136533272395e-03 5.544800560683215036e-03
1.070000000000000000e+05 1.173413808621421445e-03 1.819966197964985669e-03 5.514597321055136024e-03
1.071000000000000000e+05 9.024915382709903372e-04 1.640763911620771870e-03 5.565065721988366777e-03
1.072000000000000000e+05 1.211562542428511191e-03 2.212625246851538524e-03 5.601261764991809222e-03
1.073000000000000000e+05 9.956191186556353351e-04 1.637114901541642832e-03 5.635739307823794952e-03
1.074000000000000000e+05 9.085731200630326257e-04 1.632440647376666790e-03 5.672136361330337544e-03
1.075000000000000000e+05 1.058467322560868208e-03 1.752920578923045612e-03 5.639979344440336322e-03
1.076000000000000000e+05 9.462650826429766168e-04 1.585154496759305642e-03 5.563733988467910348e-03
1.077000000000000000e+05 8.915086689188682703e-04 1.500749496180993001e-03 5.627447448529701059e-03
1.078000000000000000e+05 6.428880224909261018e-04 1.259624712059118253e-03 5.693512264102547522e-03
1.079000000000000000e+05 8.295306099749856499e-04 1.648382435535552387e-03 5.703755780275860006e-03
1.080000000000000000e+05 1.023681299114878075e-03 1.939808359873323312e-03 5.550902418502850350e-03
1.081000000000000000e+05 1.129306157178341583e-03 2.176556626566393017e-03 5.394437934926890436e-03
1.082000000000000000e+05 1.145162204644341319e-03 2.065768195806774385e-03 5.426769016698540678e-03
1.083000000000000000e+05 9.023494386040283033e-04 1.554723747338173159e-03 5.508608535539720984e-03
1.084000000000000000e+05 9.093455234606461282e-04 1.641159714206504375e-03 5.435563163828305115e-03
1.085000000000000000e+05 1.006408508099677218e-03 1.807216539298808246e-03 5.557600413394534096e-03
1.086000000000000000e+05 9.941872460457797794e-04 1.884247784102205392e-03 5.706141585979599556e-03
1.087000000000000000e+05 1.055819274614917119e-03 1.881716324160686432e-03 5.678203159566655618e-03
1.088000000000000000e+05 1.000302519799803683e-03 1.798649686926333778e-03 5.724291423606992640e-03
1.089000000000000000e+05 1.095498391272565000e-03 1.745835474222318801e-03 5.738545577533987058e-03
1.090000000000000000e+05 1.089240986590976450e-03 1.872095592818414853e-03 5.796884107837088629e-03
1.091000000000000000e+05 1.094733304657350206e-03 2.029999527543161278e-03 5.970776286749009641e-03
1.092000000000000000e+05 1.052787823600823298e-03 1.796843962249427065e-03 5.843359138308554072e-03
1.093000000000000000e+05 1.097136219777508116e-03 2.090345414474094332e-03 5.801284977270469712e-03
1.094000000000000000e+05 1.020497998912787974e-03 2.004962554310789000e-03 5.777787198133999165e-03
1.095000000000000000e+05 7.463101537150242451e-04 1.656501486950508022e-03 5.809178428158433098e-03
1.096000000000000000e+05 9.103867335927369117e-04 1.810933510091679646e-03 5.715524635869141667e-03
1.097000000000000000e+05 9.801790436496354147e-04 1.760993352103606448e-03 5.690336624106356704e-03
1.098000000000000000e+05 9.113072375045994100e-04 1.784551647909618857e-03 5.633337357733116113e-03
1.099000000000000000e+05 9.781035550142916021e-04 1.632424674820982455e-03 5.595793668291063928e-03
1.100000000000000000e+05 9.402019725827824234e-04 1.633959538797618433e-03 5.569314561385439559e-03
1.101000000000000000e+05 9.622162022622652092e-04 1.643638521588737696e-03 5.677691299380497290e-03
1.102000000000000000e+05 9.131701259456814421e-04 1.687386822896401982e-03 5.586241720789132843e-03
1.103000000000000000e+05 1.029612615014327721e-03 1.822450551664682450e-03 5.645691031647910411e-03
1.104000000000000000e+05 1.021437917852954270e-03 2.050502628952238435e-03 5.501678177245294260e-03
1.105000000000000000e+05 9.042094498207383854e-04 1.656364015840989558e-03 5.357738541163135915e-03
1.106000000000000000e+05 8.964076493834655102e-04 1.724590509040779818e-03 5.443355643204528249e-03
1.107000000000000000e+05 8.780592069190752344e-04 1.633428423432993666e-03 5.392322450518606536e-03
1.108000000000000000e+05 6.986047306033844537e-04 1.483394513314805450e-03 5.428755807545552516e-03
1.109000000000000000e+05 9.693367202364628135e-04 1.780076725321273756e-03 5.291652560263620207e-03
1.110000000000000000e+05 8.948596672700157365e-04 1.898477385067699925e-03 5.489650560034265055e-03
1.111000000000000000e+05 8.535961668866085678e-04 1.766353364235615647e-03 5.387861169097255161e-03
1.112000000000000000e+05 9.109547818874743144e-04 1.765004327761376772e-03 5.540284206906912097e-03
1.113000000000000000e+05 9.721979886263328735e-04 1.756854495946777971e-03 5.592086654670176162e-03
1.114000000000000000e+05 9.055648826718637467e-04 1.788928453559017993e-03 5.449632445614012964e-03
1.115000000000000000e+05 8.902925350996173867e-04 1.754197344583528252e-03 5.607971477785787286e-03
1.116000000000000000e+05 1.118526521189275660e-03 1.756415766897059631e-03 5.710736941448762809e-03
1.117000000000000000e+05 9.625606968040184563e-04 1.692267218405331917e-03 5.768173412960212604e-03
1.118000000000000000e+05 7.677017876653148901e-04 1.454196877883518098e-03 5.595785312725050538e-03
1.119000000000000000e+05 9.462709817261438783e-04 1.735463342296493690e-03 5.403193337981795907e-03
1.120000000000000000e+05 1.001673362618187013e-03 1.753551846449612553e-03 5.412520210970119504e-03
1.121000000000000000e+05 7.461903663151091964e-04 1.384783866871983592e-03 5.485164418770938771e-03
1.122000000000000000e+05 1.067213297858532993e-03 1.889812801259043752e-03 5.758421644747780017e-03
1.123000000000000000e+05 8.817520243358722629e-04 1.646615980995734009e-03 5.766764875169863407e-03
1.124000000000000000e+05 8.719855928817988114e-04 1.663679858665253856e-03 5.695344152356705998e-03
1.125000000000000000e+05 9.763893494476550902e-04 1.937276409099576192e-03 5.729517843201605704e-03
1.126000000000000000e+05 8.882764549314496258e-04 1.691581235928485243e-03 5.494137982626163229e-03
1.127000000000000000e+05 1.001402880561528402e-03 1.841763075710527858e-03 5.679417864642052373e-03
1.128000000000000000e+05 9.633784042772089093e-04 1.767521322427893608e-03 5.712241818228508232e-03
1.129000000000000000e+05 1.043493785257549461e-03 1.934328734004557571e-03 5.861704758226042415e-03
1.130000000000000000e+05 8.689600207464290987e-04 1.737515227242609518e-03 5.840722657742289901e-03
1.131000000000000000e+05 1.043324851520714171e-03 1.980941743587602034e-03 5.909132176241464231e-03
1.132000000000000000e+05 1.056120315880537675e-03 2.045081978944393239e-03 5.632198666170882932e-03
1.133000000000000000e+05 9.106583069325002028e-04 1.837498056832133526e-03 5.541984561665881139e-03
1.134000000000000000e+05 8.009472317152934243e-04 1.361043543196881721e-03 5.573505168673907606e-03
1.135000000000000000e+05 8.747616341742798715e-04 1.846854870628923326e-03 5.597368549682926048e-03
1.136000000000000000e+05 9.197786873529397583e-04 1.624730060533166598e-03 5.482966460598232006e-03
1.137000000000000000e+05 8.193957007637938869e-04 1.560187015478373129e-03 5.612982488962481482e-03
1.138000000000000000e+05 8.704273611408195124e-04 1.725014672745388451e-03 5.585777847240877385e-03
1.139000000000000000e+05 8.513767204854968268e-04 1.490746840702341335e-03 5.609180942873120794e-03
1.140000000000000000e+05 9.900254344325891409e-04 1.672502230157292720e-03 5.796633081188585189e-03
1.141000000000000000e+05 8.756474939695209000e-04 1.821236626056169094e-03 5.540281052111714448e-03
1.142000000000000000e+05 1.025936338815471201e-03 1.839879540226837216e-03 5.618453879566603394e-03
1.143000000000000000e+05 7.713224027767594942e-04 1.343664025714203826e-03 5.612210053344283273e-03
1.144000000000000000e+05 8.293561648864255370e-04 1.619572017258742724e-03 5.767904759657732465e-03
1.145000000000000000e+05 9.532318766540944996e-04 1.662434128262573266e-03 5.638484586519475379e-03
1.146000000000000000e+05 1.028727661307495857e-03 1.861246144997044313e-03 5.748763438342185950e-03
1.147000000000000000e+05 9.913304936826359062e-04 1.818092944726596751e-03 5.513129087062051438e-03
1.148000000000000000e+05 9.580178030301512992e-04 1.727094344157267120e-03 5.679214396016402100e-03
1.149000000000000000e+05 8.710550214823123763e-04 1.649344120350741162e-03 5.774193393251148172e-03
1.150000000000000000e+05 8.187672858724149086e-04 1.607047470903226472e-03 5.847392901542343251e-03
1.151000000000000000e+05 9.294914275862591058e-04 1.735308358783604031e-03 5.868846018223069366e-03
1.152000000000000000e+05 7.564833483649979415e-04 1.292961201800327774e-03 5.609283205739133693e-03
1.153000000000000000e+05 8.983230503888540303e-04 1.511525177480095398e-03 5.550617692834110273e-03
1.154000000000000000e+05 8.801694509860610860e-04 1.427682892941282977e-03 5.662914086667026649e-03
1.155000000000000000e+05 1.052976629054696092e-03 1.908541023628402764e-03 5.844202061010067388e-03
1.156000000000000000e+05 7.227202899393663990e-04 1.417964861565079553e-03 5.927104133959490949e-03
1.157000000000000000e+05 1.083842654837345598e-03 1.832525469574316709e-03 6.030735245279477026e-03
1.158000000000000000e+05 1.251199487829640980e-03 2.015129562477410187e-03 5.923038768004518749e-03
1.159000000000000000e+05 1.329329226173136397e-03 2.286880593747857120e-03 5.828676986373391468e-03
1.160000000000000000e+05 8.497109696162996259e-04 1.872853125553617694e-03 5.895863774758366288e-03
1.161000000000000000e+05 7.450461017912968220e-04 1.384074373125761953e-03 6.088351282784366762e-03
1.162000000000000000e+05 7.788253022569212314e-04 1.393707552476020767e-03 6.111099540593678374e-03
1.163000000000000000e+05 9.221086947673222747e-04 1.410593371748842563e-03 6.048783076113002470e-03
1.164000000000000000e+05 1.029844406335802924e-03 1.890661048115457876e-03 5.989242732593241803e-03
1.165000000000000000e+05 1.030693294828923488e-03 1.819669824797323643e-03 5.976613180119217696e-03
1.166000000000000000e+05 9.284992450056504809e-04 1.942519602439197676e-03 5.746382683746792223e-03
1.167000000000000000e+05 8.438474172801063017e-04 1.467268465883030809e-03 5.564910034740949869e-03
1.168000000000000000e+05 7.817079539463407320e-04 1.449151570013615387e-03 5.746334708991658428e-03
1.169000000000000000e+05 6.787864469785876223e-04 1.434103090198309699e-03 5.576323205978317953e-03
1.170000000000000000e+05 8.361714942699540951e-04 1.477452468845196799e-03 5.025945216354732285e-03
1.171000000000000000e+05 8.108538493331127889e-04 1.375783793845559815e-03 4.590101246232660206e-03
1.172000000000000000e+05 6.338702079273449662e-04 1.134086749466020356e-03 4.281470981971650588e-03
1.173000000000000000e+05 5.416403809436159782e-04 9.956208829156238706e-04 4.144638848303869826e-03
1.174000000000000000e+05 8.716303345537661749e-04 1.357812541135568988e-03 4.202437958288196031e-03
1.175000000000000000e+05 3.004979718804019415e-03 8.511288197690017668e-03 6.198206795500108002e-03
1.176000000000000000e+05 1.032917844576193220e-03 2.352253970731234441e-03 3.112643918459338105e-03
1.177000000000000000e+05 7.010617937576386124e-04 1.403766536309010741e-03 2.118957053303244936e-03
1.178000000000000000e+05 7.544106287220287126e-04 1.759347345046975231e-03 2.585728553839951576e-03
1.179000000000000000e+05 5.126958027936224550e-04 1.200239468849887596e-03 1.837091772651408246e-03
1.180000000000000000e+05 2.678716999194282258e-04 6.510264564552816369e-04 1.596048296044788378e-03
1.181000000000000000e+05 3.393171891436827080e-04 6.449367330484247294e-04 1.543234303143560483e-03
1.182000000000000000e+05 2.980880416121167026e-04 6.996691350694998410e-04 1.413701507976787217e-03
1.183000000000000000e+05 1.608739723475407710e-04 2.953763125435684717e-04 1.184553082310697185e-03
1.184000000000000000e+05 1.718250466560065481e-04 2.982520189846733609e-04 1.180520839668134292e-03
1.185000000000000000e+05 2.276289288746875718e-04 5.363166697921711683e-04 1.223237404208545390e-03
1.186000000000000000e+05 2.592705113512122714e-04 6.889378981785542443e-04 1.299269991623328187e-03
1.187000000000000000e+05 1.053073108258321001e-04 2.254497259111891937e-04 1.151040091854148946e-03
1.188000000000000000e+05 1.590254193125535676e-04 3.408464120146750993e-04 1.160650469897042333e-03
1.189000000000000000e+05 2.226281203380410696e-04 5.640992951116946107e-04 1.214457084119101825e-03
1.190000000000000000e+05 1.448035072575298062e-04 3.547585439015979621e-04 1.141782384769862062e-03
1.191000000000000000e+05 1.168350371117332035e-04 2.366970734334874951e-04 1.184303516079758404e-03
1.192000000000000000e+05 1.027901704917010082e-04 2.055219192080204229e-04 1.224286169936668464e-03
1.193000000000000000e+05 2.354572814305190857e-04 5.472912766940812640e-04 1.208873199403936788e-03
1.194000000000000000e+05 2.454409050430060146e-04 5.319555104096982019e-04 1.050586684706118464e-03
1.195000000000000000e+05 6.690207253451656462e-05 1.667844849716468335e-04 9.048017258377545917e-04
1.196000000000000000e+05 4.853854532312139140e-05 1.012904611560784670e-04 8.735169154340063392e-04
1.197000000000000000e+05 1.023752940217519678e-04 1.635419451212387701e-04 8.411420636322808862e-04
1.198000000000000000e+05 1.856851585113328523e-04 4.046349997351030405e-04 8.374720238399729856e-04
1.199000000000000000e+05 1.747015773416988422e-04 3.749859366525390468e-04 1.075329574513542510e-03
