9.000000000000000000e+04 8.234426792183059153e-04 1.420236034976735551e-03 4.262591433479514906e-03
9.010000000000000000e+04 8.903734783978576456e-04 1.592026001375119494e-03 4.919112053709642426e-03
9.020000000000000000e+04 3.394985297589562471e-03 5.843149619700763533e-03 6.286106054938629673e-03
9.030000000000000000e+04 2.437852617630777586e-03 3.649455519313807902e-03 6.085060798908348105e-03
9.040000000000000000e+04 2.670537392581810547e-03 5.838768100165593958e-03 7.025058969116514292e-03
9.050000000000000000e+04 2.545632717081278834e-03 4.292968570131269757e-03 7.475497624242797429e-03
9.060000000000000000e+04 8.170724450581390644e-04 1.555931622888932254e-03 5.195292186295190004e-03
9.070000000000000000e+04 1.077370976116388476e-03 2.010807722401446694e-03 5.151406516793999822e-03
9.080000000000000000e+04 4.867587113187364471e-04 1.460502307685340988e-03 4.016993887947020551e-03
9.090000000000000000e+04 2.006665869429945931e-04 4.838018426897767489e-04 3.890627748058270944e-03
9.100000000000000000e+04 2.333202457283538658e-04 4.042583324869253661e-04 4.120713217257254528e-03
9.110000000000000000e+04 5.788844413392771858e-04 1.347038391524283101e-03 4.162302666455757437e-03
9.120000000000000000e+04 6.131835216427049436e-04 1.127226842363153892e-03 4.293611611706541452e-03
9.130000000000000000e+04 4.044681285216679759e-04 7.855420556797856196e-04 4.526881326524827102e-03
9.140000000000000000e+04 4.665482249365205877e-04 8.883076962415241418e-04 4.484921976203687551e-03
9.150000000000000000e+04 6.409705903913289621e-04 1.360785973503940427e-03 4.737990995958302892e-03
9.160000000000000000e+04 2.053239913120692012e-04 7.913520433553760877e-04 4.921252609069943877e-03
9.170000000000000000e+04 7.505380744532892667e-04 1.434159893575502609e-03 5.006487352178295644e-03
9.180000000000000000e+04 3.067165740721624831e-04 1.080432311931709723e-03 5.160041282281526039e-03
9.190000000000000000e+04 5.925900834711219853e-04 1.091388961368034219e-03 5.256333759163731197e-03
9.200000000000000000e+04 1.265319613358925274e-03 4.176291319326282808e-03 6.124081107596726636e-03
9.210000000000000000e+04 6.813617818635870141e-04 2.423720011082213140e-03 5.766689459975233439e-03
9.220000000000000000e+04 2.433223676120395765e-04 5.418785215136612265e-04 5.993728004782629404e-03
9.230000000000000000e+04 3.353610350056955569e-04 9.493300186616494482e-04 5.952374125970826511e-03
9.240000000000000000e+04 7.017711144502031262e-04 1.165126621901546589e-03 5.789357835294777106e-03
9.250000000000000000e+04 4.558163760126250630e-04 1.115592219972297641e-03 5.809302260480948138e-03
9.260000000000000000e+04 3.596708713386629827e-04 7.947944688931974158e-04 5.884181358063323396e-03
9.270000000000000000e+04 9.784666284247314078e-05 2.558955509943932477e-04 5.824364680007060487e-03
9.280000000000000000e+04 4.581617573554191622e-04 8.789611850001004603e-04 5.935318229567949043e-03
9.290000000000000000e+04 3.230535342116985439e-04 6.989605360865876540e-04 5.897202921918520517e-03
9.300000000000000000e+04 3.153354696567925441e-04 5.214156231485482865e-04 5.994770098035162413e-03
9.310000000000000000e+04 4.317694485770455504e-04 7.955352674415784239e-04 6.011756684652935084e-03
9.320000000000000000e+04 8.610335404565542736e-04 2.437542594054456675e-03 6.089858503683542867e-03
9.330000000000000000e+04 8.915388160708427254e-04 3.316024916437093628e-03 6.291702456867008346e-03
9.340000000000000000e+04 5.937479570771756962e-04 2.455910665330050119e-03 6.108176870560776996e-03
9.350000000000000000e+04 6.600329427492576326e-04 2.063820701227027030e-03 6.205275492843750733e-03
9.360000000000000000e+04 4.680467193959626793e-04 1.622957364149516489e-03 6.320758425708568329e-03
9.370000000000000000e+04 1.195459962543906837e-03 5.084807249209780632e-03 7.017196308785688709e-03
9.380000000000000000e+04 7.008824218035468456e-04 3.265819810088264365e-03 6.887126335232696996e-03
9.390000000000000000e+04 3.056146849824961306e-04 7.396897184539924508e-04 6.324477390011355900e-03
9.400000000000000000e+04 5.979875760073602095e-04 1.338761351532498367e-03 6.134125947341501940e-03
9.410000000000000000e+04 1.161539646025775037e-03 2.611643483540229856e-03 6.436497410710107642e-03
9.420000000000000000e+04 8.553681388103074462e-04 2.515097348610875402e-03 6.556812522258318593e-03
9.430000000000000000e+04 5.787324239449843574e-04 2.004755038444779036e-03 6.194822272323187440e-03
9.440000000000000000e+04 4.710430431425034412e-04 8.842096611681709434e-04 5.911448127377615970e-03
9.450000000000000000e+04 4.745080065844779760e-04 1.125795327834389591e-03 5.924920982942567804e-03
9.460000000000000000e+04 3.439507537459631989e-04 7.823688814540983791e-04 5.759570605020483680e-03
9.470000000000000000e+04 2.531611684756882724e-04 4.684491659271922473e-04 5.833072684071945700e-03
9.480000000000000000e+04 5.929806384873358149e-04 1.023347203657242084e-03 5.896365241799304303e-03
9.490000000000000000e+04 2.477298514019414880e-04 8.659357696970994278e-04 6.072754063311404382e-03
9.500000000000000000e+04 2.952131541847560076e-04 7.023937282376454747e-04 6.145577261333551311e-03
9.510000000000000000e+04 2.484995140405732439e-04 6.300292103651062431e-04 5.879027191936845968e-03
9.520000000000000000e+04 2.758026117518734555e-04 5.289743277482961484e-04 6.020089630624733158e-03
9.530000000000000000e+04 4.685770990936720393e-04 7.692288650659497018e-04 6.294131939588533398e-03
9.540000000000000000e+04 4.164480687831179084e-04 6.668438949593326337e-04 6.289979589781631748e-03
9.550000000000000000e+04 5.770249299414855620e-04 8.742698917177616977e-04 6.206490210291484150e-03
9.560000000000000000e+04 3.571561683895583400e-04 6.571915061626531357e-04 6.032783021346806163e-03
9.570000000000000000e+04 2.831504815763710367e-04 5.618109702307761896e-04 5.977918377905553672e-03
9.580000000000000000e+04 6.745440421680936813e-04 1.544911514793796507e-03 6.349261763176500435e-03
9.590000000000000000e+04 5.733450094407141137e-04 1.482575365022521623e-03 6.553602565298122067e-03
9.600000000000000000e+04 7.310712157813110262e-04 2.343235815124264897e-03 6.932553008001037485e-03
9.610000000000000000e+04 5.193347372728527797e-04 1.779613424216543172e-03 6.779993764712530062e-03
9.620000000000000000e+04 6.987513179988035644e-04 1.769743666628066821e-03 7.101072534552635603e-03
9.630000000000000000e+04 7.579727017203346032e-04 1.843306178848464968e-03 7.047163377003101865e-03
9.640000000000000000e+04 2.450312637614490349e-04 5.886294974595850452e-04 6.840474636255057354e-03
9.650000000000000000e+04 5.649843573040146463e-04 2.043710980882960590e-03 7.268086389075425514e-03
9.660000000000000000e+04 5.765410142598431653e-04 1.714874465634923760e-03 7.425802991605450105e-03
9.670000000000000000e+04 6.266657798984854102e-04 9.952071323449974971e-04 6.746607752194693636e-03
9.680000000000000000e+04 3.979531699966629490e-04 7.756109638447829940e-04 6.446159066671127737e-03
9.690000000000000000e+04 1.093285845643219775e-03 2.625202125544237423e-03 6.765882847242571212e-03
9.700000000000000000e+04 3.094664009344189060e-04 1.274942394354618667e-03 6.498066036394747717e-03
9.710000000000000000e+04 6.750953428080299148e-04 9.023169121716171151e-04 6.211375153706504872e-03
9.720000000000000000e+04 5.744030064926634177e-04 9.941817971359087278e-04 6.587413976179526398e-03
9.730000000000000000e+04 3.445915393076592892e-04 6.161600418463997544e-04 6.343306267676406159e-03
9.740000000000000000e+04 5.738856074107802005e-04 9.492579371018121728e-04 6.240719912391403355e-03
9.750000000000000000e+04 4.721913875529431398e-04 8.267921613370572340e-04 6.520323090748017351e-03
9.760000000000000000e+04 3.831540744940412774e-04 8.975662204405510450e-04 6.353502619137173409e-03
9.770000000000000000e+04 9.250311464134904765e-04 1.573509536500315373e-03 6.365382386718618224e-03
9.780000000000000000e+04 3.491572280578131987e-04 8.419581385845798654e-04 6.733581082197816030e-03
9.790000000000000000e+04 2.966769863233624516e-04 1.297111459914610833e-03 6.545487909210725812e-03
9.800000000000000000e+04 4.267908478512898521e-04 9.390377336678254819e-04 6.590953087334879869e-03
9.810000000000000000e+04 3.865724193414009704e-04 1.591550524583120602e-03 6.870570825059517557e-03
9.820000000000000000e+04 2.873973098492200659e-04 9.136428053175436534e-04 6.672701894633360949e-03
9.830000000000000000e+04 3.405544363445324116e-04 5.953213432946576761e-04 6.577390844522037171e-03
9.840000000000000000e+04 2.847977188819355784e-04 6.832992205122066440e-04 6.636065755064182205e-03
9.850000000000000000e+04 6.012892058828182493e-04 2.030219397648446930e-03 7.099014461794519136e-03
9.860000000000000000e+04 1.737192466283194597e-04 5.108700800936305866e-04 6.879797109057402861e-03
9.870000000000000000e+04 5.999365703654360032e-04 9.745906062136400552e-04 7.162870911387221769e-03
9.880000000000000000e+04 2.709825806912020615e-04 6.585511765174788604e-04 6.744256366180398192e-03
9.890000000000000000e+04 2.759708717549064910e-04 7.601659165359445081e-04 6.895709034195464902e-03
9.900000000000000000e+04 3.549543317109375706e-04 6.629845591521466019e-04 6.806439232335200623e-03
9.910000000000000000e+04 2.418608883686355904e-04 6.558942379365478165e-04 6.815650068565532078e-03
9.920000000000000000e+04 2.677744670214685097e-04 8.790225488403092743e-04 7.069799656137302352e-03
9.930000000000000000e+04 4.975357640111437510e-04 1.020622576271133786e-03 7.330624336610232737e-03
9.940000000000000000e+04 6.155948306686984464e-04 1.681611412842318014e-03 7.728581382595221122e-03
9.950000000000000000e+04 6.221893411387036457e-04 1.124514795603268232e-03 8.271772060064040699e-03
9.960000000000000000e+04 5.732217170851556381e-04 1.944402268444384366e-03 7.663893119365897122e-03
9.970000000000000000e+04 4.061095160779936916e-04 1.501742920354726812e-03 7.144104371334680965e-03
9.980000000000000000e+04 6.667317931522013033e-04 1.332072685961675600e-03 7.615594759442009115e-03
9.990000000000000000e+04 9.531900731521488618e-04 1.574462625047801274e-03 6.936427732678795456e-03
1.000000000000000000e+05 3.034750346491889988e-04 1.047272949799742461e-03 6.688554849354501862e-03
1.001000000000000000e+05 4.936986198296553635e-04 1.002234664486009903e-03 6.685344934219460654e-03
1.002000000000000000e+05 5.638348602625175079e-04 1.449968621127917592e-03 6.623538560171120422e-03
1.003000000000000000e+05 5.226681604623330951e-04 9.118679898588739202e-04 6.588702704199177369e-03
1.004000000000000000e+05 2.522625824315965007e-04 5.557163907650951307e-04 6.844624098614038483e-03
1.005000000000000000e+05 7.478716885692708247e-04 1.126075479431718970e-03 6.686842721910482047e-03
1.006000000000000000e+05 4.740642871436514735e-04 1.119014996338916525e-03 6.731334383595580922e-03
1.007000000000000000e+05 2.272910530531921727e-04 4.545707174680195181e-04 6.855014358263807929e-03
1.008000000000000000e+05 3.515664378019997191e-04 1.073455743024451930e-03 6.988694811358838778e-03
1.009000000000000000e+05 6.139435958659308565e-04 1.158956880004567529e-03 7.243298770124657199e-03
1.010000000000000000e+05 6.875363896025575572e-05 1.398629524312459960e-04 6.810972899761409682e-03
1.011000000000000000e+05 3.985926232726701504e-04 1.136800409134068948e-03 6.981522929412994904e-03
1.012000000000000000e+05 3.183566432376780733e-04 1.118700415308749446e-03 7.238479258837071488e-03
1.013000000000000000e+05 1.129616825054437917e-03 1.922761929997528901e-03 8.944329765536966279e-03
1.014000000000000000e+05 4.582364382535539932e-04 9.115029756431615449e-04 8.353497263695245853e-03
1.015000000000000000e+05 1.881118454962029188e-04 4.384078132659615518e-04 7.220118341747109973e-03
1.016000000000000000e+05 5.335835249528483523e-04 9.746861718830102106e-04 7.102257735255249754e-03
1.017000000000000000e+05 4.402432158993494979e-04 9.174835914920352262e-04 6.841573492373533537e-03
1.018000000000000000e+05 3.647126873255971541e-04 7.180817000724095192e-04 7.204474817699390611e-03
1.019000000000000000e+05 5.095199450515794717e-04 1.098355193350364009e-03 7.102413021564440467e-03
1.020000000000000000e+05 3.104978892412872324e-04 6.710484798487272029e-04 7.423686955847867523e-03
1.021000000000000000e+05 4.661581832869883882e-04 9.540059821021261433e-04 7.236280305079482826e-03
1.022000000000000000e+05 5.770490731094746889e-04 1.153974643996193497e-03 7.371503048584832074e-03
1.023000000000000000e+05 5.497164375185010360e-04 1.536436182675219968e-03 7.645723014009681538e-03
1.024000000000000000e+05 3.131210157963654900e-04 1.006379387644983775e-03 8.412080674412882042e-03
1.025000000000000000e+05 5.240282859383035841e-04 1.415999870666165283e-03 8.430006002012392294e-03
1.026000000000000000e+05 5.053827808762069787e-04 1.031598962375672099e-03 7.581076185902262295e-03
1.027000000000000000e+05 5.488699496689628324e-04 1.391173726993847823e-03 7.648439751908302046e-03
1.028000000000000000e+05 4.550510419612206758e-04 1.326362024701543095e-03 7.653354103991102421e-03
1.029000000000000000e+05 6.144814370134515230e-04 1.022885957188753893e-03 7.464020468920111971e-03
1.030000000000000000e+05 3.308604196392795835e-04 9.506458852963448752e-04 7.321373477527536554e-03
1.031000000000000000e+05 6.850068150994698471e-04 1.428922027474321434e-03 7.387084159596147420e-03
1.032000000000000000e+05 4.987471797392797890e-04 1.071206928411426625e-03 7.684691063476081600e-03
1.033000000000000000e+05 5.845936627373550173e-04 1.097250615863051663e-03 7.267090940931579535e-03
1.034000000000000000e+05 5.242989824807402915e-04 1.131911408074007946e-03 7.191830407881281452e-03
1.035000000000000000e+05 4.395941947856240109e-04 7.727707902327055414e-04 7.415552670033044406e-03
1.036000000000000000e+05 3.609721132165144911e-04 8.439204934032962582e-04 6.869633600319428705e-03
1.037000000000000000e+05 3.304409045838899855e-04 5.775638352927114222e-04 6.773426412955728566e-03
1.038000000000000000e+05 1.696401958062492346e-04 4.512348334670523292e-04 7.052575903698908404e-03
1.039000000000000000e+05 5.180779510328952647e-04 9.129200668804944227e-04 6.962313486143661273e-03
1.040000000000000000e+05 4.055637921081987549e-04 9.806855973781523905e-04 7.416420304278521607e-03
1.041000000000000000e+05 9.119198618388127398e-04 1.744465800055500747e-03 7.019528793586104522e-03
1.042000000000000000e+05 4.224143408872197900e-04 9.693949376832905473e-04 7.024184637387779866e-03
1.043000000000000000e+05 8.086277527617922664e-04 1.170175326688062747e-03 6.831213340169738774e-03
1.044000000000000000e+05 8.310054135863094091e-04 1.750213575911286137e-03 6.784523180075653810e-03
1.045000000000000000e+05 3.965486288531241271e-04 6.195454990237164380e-04 7.011015639962574902e-03
1.046000000000000000e+05 1.748779733973908346e-04 4.081403426060741316e-04 6.656244966207020171e-03
1.047000000000000000e+05 3.785972334692001839e-04 8.187203641378528948e-04 6.634766035193276519e-03
1.048000000000000000e+05 8.552212572905887669e-04 1.503234529289340649e-03 6.825878698050108669e-03
1.049000000000000000e+05 5.693907964052068865e-04 1.073325501775406789e-03 6.693557812449613814e-03
1.050000000000000000e+05 2.540783285540802391e-04 4.970121290554371449e-04 6.722155282589845245e-03
1.051000000000000000e+05 2.984166681974679755e-04 7.782417190663254089e-04 6.699490727228515040e-03
1.052000000000000000e+05 3.675181357618009445e-04 7.013673772726181435e-04 6.792423386216426585e-03
1.053000000000000000e+05 2.275586484630758716e-04 3.851780274581485114e-04 7.018289006154912989e-03
1.054000000000000000e+05 1.304698889368332421e-04 2.043834575380844981e-04 6.778788490881797017e-03
1.055000000000000000e+05 2.376798109533142384e-04 7.145901885867618486e-04 6.933095868286495017e-03
1.056000000000000000e+05 6.224337841058327075e-04 1.164702648369697439e-03 6.680190211509325592e-03
1.057000000000000000e+05 5.126407456766245846e-04 1.792878833731056769e-03 6.947237199138491491e-03
1.058000000000000000e+05 2.856759406843914842e-04 4.644236377797520202e-04 6.814474654231594299e-03
1.059000000000000000e+05 5.944468090315320821e-04 1.103635541318657813e-03 7.106837098080089586e-03
1.060000000000000000e+05 2.108099961373637379e-04 5.147371957577419679e-04 7.256061891424939354e-03
1.061000000000000000e+05 3.512624030118025042e-04 8.231988895446027202e-04 7.098177267041649863e-03
1.062000000000000000e+05 3.401302208038648953e-04 5.665817329082618869e-04 7.044548914520081494e-03
1.063000000000000000e+05 4.267388955565736344e-04 8.330497765417152478e-04 6.862772355605863822e-03
1.064000000000000000e+05 2.614612425963554893e-04 6.658552638741533497e-04 7.002753038880447922e-03
1.065000000000000000e+05 5.002286012696331718e-04 9.567601378993768890e-04 7.174085290451076569e-03
1.066000000000000000e+05 3.382657229014113948e-04 1.246000645047550676e-03 7.099863126770075000e-03
1.067000000000000000e+05 7.087222310318917057e-04 1.337814489882038251e-03 7.558749620602931048e-03
1.068000000000000000e+05 1.849848738103504822e-04 6.317250349167028572e-04 7.611146166349920007e-03
1.069000000000000000e+05 5.945835425716829853e-04 1.024456065890293199e-03 7.316953408110514305e-03
1.070000000000000000e+05 1.024861424631711912e-04 2.606142199089627257e-04 7.256813945985722027e-03
1.071000000000000000e+05 6.542195168168516220e-04 1.331981962295187422e-03 7.186042995619879199e-03
1.072000000000000000e+05 3.891732411811336945e-04 7.325435969968265362e-04 7.364088065464111099e-03
1.073000000000000000e+05 3.508913328259177442e-04 8.201901861609574643e-04 7.919026546589285134e-03
1.074000000000000000e+05 3.698990006850665091e-04 9.992248561830185255e-04 8.413292154327253400e-03
1.075000000000000000e+05 6.520450279335178803e-04 1.145644891577072069e-03 7.514514682632626556e-03
1.076000000000000000e+05 4.630586847534229333e-04 8.413905733504435311e-04 7.489109306087452129e-03
1.077000000000000000e+05 3.292603374726007018e-04 8.055311072682497936e-04 7.266429396757134555e-03
1.078000000000000000e+05 5.363633088699562915e-04 1.208171454787268680e-03 7.456065377770208780e-03
1.079000000000000000e+05 7.810682275097369578e-04 1.400014592804274191e-03 7.625645510585349514e-03
1.080000000000000000e+05 5.084180591359071730e-04 1.247393763358674301e-03 7.190595848402955674e-03
1.081000000000000000e+05 2.921590301423670696e-04 4.831448508380090101e-04 7.034892837754103991e-03
1.082000000000000000e+05 5.464753342757349558e-04 9.421898804683687470e-04 6.953279329267126295e-03
1.083000000000000000e+05 4.296850012201480773e-04 1.150808780239004174e-03 7.272776314600433271e-03
1.084000000000000000e+05 6.125863655904242866e-04 2.959343572751091042e-03 7.396825814659082482e-03
1.085000000000000000e+05 4.389247267556619855e-04 1.223228066015186188e-03 7.273762612080773675e-03
1.086000000000000000e+05 5.650693787299116561e-04 9.750290563633077709e-04 7.340029221815140559e-03
1.087000000000000000e+05 5.877008471342438575e-04 1.622180817887992552e-03 7.301528605871496040e-03
1.088000000000000000e+05 5.248489246184647600e-04 1.303821981908348179e-03 7.632509109140057230e-03
1.089000000000000000e+05 7.298439845004672452e-04 2.577885021431168718e-03 8.004685224588440826e-03
1.090000000000000000e+05 5.259365180503763199e-04 1.370821346306613092e-03 8.391814206064289808e-03
1.091000000000000000e+05 4.349960283676224809e-04 9.045820999912940197e-04 8.735592888565289413e-03
1.092000000000000000e+05 5.031429878973722389e-04 1.263406290062137408e-03 7.684789417442897987e-03
1.093000000000000000e+05 1.376820889884191462e-04 3.519468230461864425e-04 7.489195446833795365e-03
1.094000000000000000e+05 2.316987871367678919e-04 6.621096880190776093e-04 7.519523773524842448e-03
1.095000000000000000e+05 3.893232765702437162e-04 6.005569467539030593e-04 7.545127462456687091e-03
1.096000000000000000e+05 4.403622932471927195e-04 8.179451549105449387e-04 7.259214910553654122e-03
1.097000000000000000e+05 3.752404195155063099e-04 9.945774422903327916e-04 7.281447293843848478e-03
1.098000000000000000e+05 5.621195265492658077e-04 1.285101908785400530e-03 7.172979463566690576e-03
1.099000000000000000e+05 3.196899919659821829e-04 5.546863286953872957e-04 6.796042977235967029e-03
1.100000000000000000e+05 4.870327747782685415e-04 9.712742669322031730e-04 7.026435874601341149e-03
1.101000000000000000e+05 4.848904116456307506e-04 1.095830840043003802e-03 6.945768020127700455e-03
1.102000000000000000e+05 1.961194468208032546e-04 4.324548126999668701e-04 6.817055271925685778e-03
1.103000000000000000e+05 3.726244450286981397e-04 9.146733045423231789e-04 6.682478173019613769e-03
1.104000000000000000e+05 3.514118002105959607e-04 7.267217170956385627e-04 6.659679836211275517e-03
1.105000000000000000e+05 2.272014376931410715e-04 4.557252216625794911e-04 6.570792540533362640e-03
1.106000000000000000e+05 2.169801909617805405e-04 4.730311648751478817e-04 6.461122765727168003e-03
1.107000000000000000e+05 4.224294554167166982e-04 1.004871285293060072e-03 6.755543997186357064e-03
1.108000000000000000e+05 4.503653430920273246e-04 6.859804463986403714e-04 6.853555521952262551e-03
1.109000000000000000e+05 4.940919493588184427e-04 8.305151688582611269e-04 6.629318828243213092e-03
1.110000000000000000e+05 5.062695012388101698e-04 7.902921420089642143e-04 6.692852628491514043e-03
1.111000000000000000e+05 3.373361910060865276e-04 7.169737290194664117e-04 6.522815637379443011e-03
1.112000000000000000e+05 7.068959685230177814e-04 1.256475067727940396e-03 6.667936560567242106e-03
1.113000000000000000e+05 6.695116572055801255e-04 1.384096542876770905e-03 6.616133284526329317e-03
1.114000000000000000e+05 7.317885444236924691e-04 1.064257436368720548e-03 6.573231565723786085e-03
1.115000000000000000e+05 4.715402560919847511e-04 8.158833745443025767e-04 7.097968940326476912e-03
1.116000000000000000e+05 2.544370396838626855e-04 5.700784825772324191e-04 7.303940596591555756e-03
1.117000000000000000e+05 3.784747494247680741e-04 1.166901585494869303e-03 7.735234675815078932e-03
1.118000000000000000e+05 2.457935055946930750e-04 6.244496192026683171e-04 6.770404817106861171e-03
1.119000000000000000e+05 4.540666782810879112e-04 8.273026370947383218e-04 7.233092248101047513e-03
1.120000000000000000e+05 4.395703952419028129e-04 1.019466202594012869e-03 7.208703835208982169e-03
1.121000000000000000e+05 2.609319367243003937e-04 1.158069245029868209e-03 7.105454305789789954e-03
1.122000000000000000e+05 6.439042293498236855e-04 9.770210383305182392e-04 7.817325252604685401e-03
1.123000000000000000e+05 8.982667584942188171e-04 1.622824873873435561e-03 8.611400579665072844e-03
1.124000000000000000e+05 2.133995622394593839e-04 6.150869284904242340e-04 7.933177229894693150e-03
1.125000000000000000e+05 2.106380855879169331e-04 6.240155665830984799e-04 7.580801545993384911e-03
1.126000000000000000e+05 9.051808038835736439e-04 1.459460876012739008e-03 7.466242686528509927e-03
1.127000000000000000e+05 4.395280220404257018e-04 1.262220314086717234e-03 7.927934735985920842e-03
1.128000000000000000e+05 5.827047347597086660e-04 1.378122734664429840e-03 7.559786120643875729e-03
1.129000000000000000e+05 7.020921823603322107e-04 2.087572151731263183e-03 7.689295740116990768e-03
1.130000000000000000e+05 6.291606525750349441e-04 1.219332776362780542e-03 7.865998347996958420e-03
1.131000000000000000e+05 2.384988676313341480e-04 4.430785158816728450e-04 7.335226130804201918e-03
1.132000000000000000e+05 2.679659755483992239e-04 5.554836221107108812e-04 7.221143496279916647e-03
1.133000000000000000e+05 5.017183292833462052e-04 1.003398642694892928e-03 7.351552961655140848e-03
1.134000000000000000e+05 3.636054816089119568e-04 7.419847488216585463e-04 8.454850459079385483e-03
1.135000000000000000e+05 4.308446720680042183e-04 6.554052524918004344e-04 6.789912078600373983e-03
1.136000000000000000e+05 2.479404502170575245e-04 5.674355896404413221e-04 7.238169569540837262e-03
1.137000000000000000e+05 3.658285254893641619e-04 1.050210563839109289e-03 7.322462882106865918e-03
1.138000000000000000e+05 4.176421211287790689e-04 7.124723218020750232e-04 7.028342654228417023e-03
1.139000000000000000e+05 7.830059689134865816e-04 1.603027657821000720e-03 7.682274099759159487e-03
1.140000000000000000e+05 6.966885476098385460e-04 1.672268159333460680e-03 8.199243473237164889e-03
1.141000000000000000e+05 4.118264733184075904e-04 7.900238745275614191e-04 7.169238152544599001e-03
1.142000000000000000e+05 4.839495795435459768e-04 8.501169847030011495e-04 7.113422713116302441e-03
1.143000000000000000e+05 3.907770708549947528e-04 8.473472098572496641e-04 7.567198231498228379e-03
1.144000000000000000e+05 3.509549848495618213e-04 8.785325349389009122e-04 7.800626211221124533e-03
1.145000000000000000e+05 2.838907631628265205e-04 5.365594776423386961e-04 7.560357282574640091e-03
1.146000000000000000e+05 3.613863800601708337e-04 7.066858262524721226e-04 6.996611151589805615e-03
1.147000000000000000e+05 2.049142256899307707e-04 4.658555082933269614e-04 6.882618824689947477e-03
1.148000000000000000e+05 4.003503968744420022e-04 1.065625886690298174e-03 7.010012388733089482e-03
1.149000000000000000e+05 5.658042657294198516e-04 8.982613159834356223e-04 7.173641514544908983e-03
1.150000000000000000e+05 3.408186501453382838e-04 8.025649116544745360e-04 7.072734376450527660e-03
1.151000000000000000e+05 4.914716360265736911e-04 9.123691857846850592e-04 7.095015875013275901e-03
1.152000000000000000e+05 3.947588413357877579e-04 8.000374416696895072e-04 6.821217323667120962e-03
1.153000000000000000e+05 1.806227425854827623e-04 4.170242117864418965e-04 7.062292440439873337e-03
1.154000000000000000e+05 6.717489307426728271e-04 1.218248261300066554e-03 7.429380213168255802e-03
1.155000000000000000e+05 3.310608437936740298e-04 7.259747282373245000e-04 8.094909043046777039e-03
1.156000000000000000e+05 2.107625505018834167e-04 6.040527562196388797e-04 7.784999389137028068e-03
1.157000000000000000e+05 4.614972589130211800e-04 1.171431301092820502e-03 7.439380116293805960e-03
1.158000000000000000e+05 3.276422670130422696e-04 6.177631887792408433e-04 7.114514905876201910e-03
1.159000000000000000e+05 2.552348718127929808e-04 5.125380110782310969e-04 7.530428197783821907e-03
1.160000000000000000e+05 5.518642697901867192e-04 1.126762606305563817e-03 7.892721987786455173e-03
1.161000000000000000e+05 8.017769548595314252e-04 1.684133887475171461e-03 8.569562250715607316e-03
1.162000000000000000e+05 4.954632079207654805e-04 9.127031409957948524e-04 7.640283600632818105e-03
1.163000000000000000e+05 3.350564888189386942e-04 5.108562137205816672e-04 7.156688226882263436e-03
1.164000000000000000e+05 5.965075983624338468e-04 1.084850534399580194e-03 7.309423365516262878e-03
1.165000000000000000e+05 6.190232777641439463e-04 1.045271510079782626e-03 7.543960800862782069e-03
1.166000000000000000e+05 5.363525785403678789e-04 1.962495616527073182e-03 7.961348942192299910e-03
1.167000000000000000e+05 3.975719947791021835e-04 1.229344041468488635e-03 7.854465313778291255e-03
1.168000000000000000e+05 4.834469613503120794e-04 9.907722735872691658e-04 7.634245847536426897e-03
1.169000000000000000e+05 5.385498123988080935e-04 1.373302454458453364e-03 7.609021336166951581e-03
1.170000000000000000e+05 6.779076219469012607e-04 2.213178540465116778e-03 7.602647328667268452e-03
1.171000000000000000e+05 9.276511299008364381e-04 2.512260912437164553e-03 6.958451601399101571e-03
1.172000000000000000e+05 1.615047310672012085e-03 4.589887282969225268e-03 7.297629041385676057e-03
1.173000000000000000e+05 4.465149706202753248e-03 9.151562965987045800e-03 1.096981725934967344e-02
1.174000000000000000e+05 4.298758223759462094e-03 6.147605343475928685e-03 1.518001510735401960e-02
1.175000000000000000e+05 2.011663257499633067e-03 3.748798662890705236e-03 9.690388259337866586e-03
1.176000000000000000e+05 1.438980721011056708e-03 3.063803469607804392e-03 7.372912648144593246e-03
1.177000000000000000e+05 6.794044498307583516e-04 1.850824764539309511e-03 3.609508602704553787e-03
1.178000000000000000e+05 9.223862043825355010e-04 1.578621913585906249e-03 3.778756834341282563e-03
1.179000000000000000e+05 2.636333615977098574e-03 4.667819233093404088e-03 9.112275148193120511e-03
1.180000000000000000e+05 2.829236468174655891e-03 5.125960901474213571e-03 1.383952965808494216e-02
1.181000000000000000e+05 1.947308189159360076e-03 3.675633236128753034e-03 6.889846970555488226e-03
1.182000000000000000e+05 6.787683731909934653e-04 1.734703513986091301e-03 6.582538907702676668e-03
1.183000000000000000e+05 6.294095910449252866e-04 1.407866860504133899e-03 3.623294907945235049e-03
1.184000000000000000e+05 6.973398721659401084e-04 1.478038351131778262e-03 4.766053368644380776e-03
1.185000000000000000e+05 7.016655126068703334e-04 1.650054853045863305e-03 4.185548251820330953e-03
1.186000000000000000e+05 8.849744660287474536e-04 1.570815771902077992e-03 4.305137208765497624e-03
1.187000000000000000e+05 3.067288906694427483e-04 7.093670962639558181e-04 4.300807603320922975e-03
1.188000000000000000e+05 6.343655196123670383e-04 1.530139174086376196e-03 3.893861129936674031e-03
1.189000000000000000e+05 4.966329417161437568e-04 1.557098339593172842e-03 5.410281660619701595e-03
1.190000000000000000e+05 1.643148400870984502e-04 3.982386585662427494e-04 3.702894446495977321e-03
1.191000000000000000e+05 7.992435244887998759e-04 1.731208533057606008e-03 4.512361126011834103e-03
1.192000000000000000e+05 8.915719739197693408e-04 1.972677788976975703e-03 5.196178453847832661e-03
1.193000000000000000e+05 7.096732739840763866e-04 1.187246862979990294e-03 3.740481981537832276e-03
1.194000000000000000e+05 2.852786804100958078e-04 6.225286389812578931e-04 3.931426721409727112e-03
1.195000000000000000e+05 2.523844538494554417e-04 5.435788259282895926e-04 2.602706178755807235e-03
1.196000000000000000e+05 4.470166483256472409e-04 9.358153281444196205e-04 2.564232255404010497e-03
1.197000000000000000e+05 1.864563870534680437e-04 4.979390255722146788e-04 2.798329346978136335e-03
1.198000000000000000e+05 5.168544593737913612e-04 1.365990158258422078e-03 3.088069237704096567e-03
1.199000000000000000e+05 9.863286751542635171e-04 2.040642558347803386e-03 3.890809665707143771e-03
