9.000000000000000000e+04 5.225380118202902066e-05 1.085466514585577537e-04 1.989139686084402789e-04
9.010000000000000000e+04 4.177291345032168170e-05 8.188958464196087581e-05 2.057207175844326863e-04
9.020000000000000000e+04 3.701950256853486255e-05 8.358297890972881728e-05 2.125274665604248768e-04
9.030000000000000000e+04 4.475815735304191300e-05 1.010594033998113536e-04 2.193342155364171487e-04
9.040000000000000000e+04 3.419399912498041153e-05 7.339844104192584455e-05 2.258222912930141311e-04
9.050000000000000000e+04 3.774891772315164132e-05 8.173154102691782669e-05 2.322660891183946183e-04
9.060000000000000000e+04 5.025860817017553488e-05 1.024207316070488807e-04 2.387098869437752683e-04
9.070000000000000000e+04 3.952488832735816162e-05 8.750598677114112666e-05 2.366069765551676680e-04
9.080000000000000000e+04 4.588309851050257878e-05 9.049123512168725462e-05 2.335606433967841533e-04
9.090000000000000000e+04 5.224130869364707725e-05 1.269626395928767301e-04 2.305143102384007471e-04
9.100000000000000000e+04 5.431215550812202252e-05 1.188988888224457778e-04 2.292954508411224296e-04
9.110000000000000000e+04 5.653282503215753497e-05 1.060964209768755061e-04 2.281610846548837428e-04
9.120000000000000000e+04 5.875349455619302032e-05 1.250261621956642671e-04 2.270267184686450019e-04
9.130000000000000000e+04 4.773696901180676756e-05 2.241409805622908479e-04 2.356661821092283758e-04
9.140000000000000000e+04 4.634117065503815143e-05 3.801865900826319222e-04 2.480199281115689201e-04
9.150000000000000000e+04 5.226373650144146938e-05 5.435505638061448493e-04 2.603736741139095999e-04
9.160000000000000000e+04 4.753237936418430428e-05 5.432852332212354148e-04 2.812803646544229401e-04
9.170000000000000000e+04 5.483494906180806172e-05 4.281276129491923678e-04 3.041323168055072102e-04
9.180000000000000000e+04 7.376208477608448433e-05 3.245945586938018775e-04 3.269842689565916429e-04
9.190000000000000000e+04 6.570549345296229724e-05 2.593380487815089594e-04 3.440653584261363254e-04
9.200000000000000000e+04 5.255480451043517080e-05 2.650904458596203264e-04 3.597510728147824749e-04
9.210000000000000000e+04 7.164862924013390465e-05 3.030873566099573911e-04 3.754367872034287869e-04
9.220000000000000000e+04 7.214195881696431429e-05 3.028080918677225272e-04 3.887856541978426520e-04
9.230000000000000000e+04 5.168600602265042933e-05 2.454642867529700356e-04 3.974618601572222991e-04
9.240000000000000000e+04 7.298460377503046504e-05 2.298750321849116272e-04 4.061380661166018920e-04
9.250000000000000000e+04 8.170947957604306200e-05 2.037309218685797395e-04 4.053225632221261706e-04
9.260000000000000000e+04 6.626445203204375540e-05 1.371770245362718770e-04 3.992251571644223323e-04
9.270000000000000000e+04 6.803685124704463840e-05 1.534997561980084289e-04 3.931277511067185482e-04
9.280000000000000000e+04 7.105317535455483655e-05 1.560375635523990659e-04 3.886781500217560258e-04
9.290000000000000000e+04 5.911611023690885617e-05 1.349264915363556738e-04 3.872541070194004649e-04
9.300000000000000000e+04 6.666641584593342761e-05 2.461816376249200333e-04 3.857318100089939038e-04
9.310000000000000000e+04 7.682293986480473458e-05 3.446360925473533512e-04 3.867929162272372066e-04
9.320000000000000000e+04 8.836840984704851616e-05 2.782168944326290569e-04 3.892429684088529840e-04
9.330000000000000000e+04 1.001676972581382356e-04 2.117976963179046541e-04 3.919468380193146992e-04
9.340000000000000000e+04 7.338150437082290598e-05 1.772766566387311022e-04 3.935612198212253584e-04
9.350000000000000000e+04 5.730379621266131710e-05 1.475631961248651783e-04 3.934840010184095750e-04
9.360000000000000000e+04 7.097930582905298590e-05 1.567194759908809216e-04 3.931111230803282348e-04
9.370000000000000000e+04 7.648280874763586793e-05 1.570296195474031706e-04 3.934123747539316563e-04
9.380000000000000000e+04 5.585636806095694478e-05 1.236250755798095377e-04 3.948045807051309640e-04
9.390000000000000000e+04 7.525909620001615266e-05 1.445707162578403716e-04 3.962423821556166053e-04
9.400000000000000000e+04 9.775232314095279318e-05 1.825126155910592103e-04 3.990267553989901837e-04
9.410000000000000000e+04 8.382882672020329278e-05 2.305950942130309826e-04 4.041900787205362925e-04
9.420000000000000000e+04 6.645047057815317484e-05 3.095759069823819697e-04 4.097051363894754598e-04
9.430000000000000000e+04 7.486615778008661468e-05 4.172021739918333459e-04 4.123687831622979043e-04
9.440000000000000000e+04 5.669607757483063372e-05 3.555353427438932476e-04 4.108458012896452189e-04
9.450000000000000000e+04 7.154012276428179566e-05 2.647119473094258833e-04 4.088475556839057338e-04
9.460000000000000000e+04 6.633953555307205326e-05 1.529219361726584189e-04 4.091289754410557043e-04
9.470000000000000000e+04 6.841293104491440484e-05 1.299451125135139850e-04 4.146196225532999499e-04
9.480000000000000000e+04 8.512571010800627346e-05 1.755766288096977665e-04 4.214592594506613721e-04
9.490000000000000000e+04 6.508168374715712825e-05 1.840243323719701414e-04 4.275762774997707619e-04
9.500000000000000000e+04 8.584894028890833551e-05 2.150297984978355513e-04 4.281985855600832459e-04
9.510000000000000000e+04 6.545677524091961415e-05 1.761404260630346024e-04 4.266619197116488529e-04
9.520000000000000000e+04 6.157923410585755758e-05 1.712827850688494790e-04 4.243787390955776491e-04
9.530000000000000000e+04 6.810805016547793805e-05 1.791278675261297713e-04 4.211990618830541047e-04
9.540000000000000000e+04 8.801768955920663117e-05 1.753311297471655183e-04 4.182318557795674640e-04
9.550000000000000000e+04 8.342442756901211672e-05 1.797736202336341882e-04 4.144073195552476518e-04
9.560000000000000000e+04 8.673609428785201232e-05 1.720561885353157983e-04 4.139021763342298874e-04
9.570000000000000000e+04 1.114802358392488020e-04 1.959863325046579661e-04 4.138537827925851975e-04
9.580000000000000000e+04 1.194656637185770288e-04 2.195381754901105866e-04 4.157906992185232253e-04
9.590000000000000000e+04 1.010013755516458024e-04 2.067287597246461389e-04 4.167162173948738848e-04
9.600000000000000000e+04 8.956115889978622435e-05 1.919473300827952275e-04 4.184185700662411650e-04
9.610000000000000000e+04 1.032519295057481999e-04 2.026570407996169075e-04 4.197607696367574074e-04
9.620000000000000000e+04 9.186881315179041760e-05 1.822927414921776852e-04 4.219915039636067729e-04
9.630000000000000000e+04 1.001929340366772996e-04 1.668383357805360706e-04 4.240913072551323365e-04
9.640000000000000000e+04 9.734791612761220904e-05 1.567135356179245268e-04 4.267014927121618481e-04
9.650000000000000000e+04 1.004448809390355753e-04 1.963747035631628894e-04 4.278787460240119603e-04
9.660000000000000000e+04 6.606256417967279297e-05 1.603701609346070691e-04 4.278574899729348582e-04
9.670000000000000000e+04 8.159193959199258781e-05 1.468880219997506205e-04 4.275652131501453510e-04
9.680000000000000000e+04 9.718328885523268247e-05 1.672318679571617624e-04 4.300557630652436839e-04
9.690000000000000000e+04 6.938925192341810315e-05 1.487403933044729358e-04 4.353570634908535651e-04
9.700000000000000000e+04 8.206756782968644076e-05 1.561751443616032258e-04 4.391145279638600739e-04
9.710000000000000000e+04 7.049793308538422620e-05 1.426505261975396675e-04 4.400567260017027417e-04
9.720000000000000000e+04 7.510103600548060461e-05 1.863238257001256348e-04 4.377688698830688977e-04
9.730000000000000000e+04 7.184545528633230370e-05 1.825121614320272139e-04 4.364644359925696441e-04
9.740000000000000000e+04 7.908361372909578470e-05 1.894110830150781623e-04 4.349431554128329117e-04
9.750000000000000000e+04 6.146424210102873842e-05 1.701952548120773010e-04 4.346790945483173531e-04
9.760000000000000000e+04 5.907662711493065141e-05 1.404380154635999096e-04 4.333047326783111665e-04
9.770000000000000000e+04 6.712152912074446226e-05 1.491203070061791411e-04 4.320377259857638257e-04
9.780000000000000000e+04 8.283996922508194468e-05 1.587463753854380399e-04 4.306132059018231441e-04
9.790000000000000000e+04 7.407419531474526220e-05 1.486109112699141575e-04 4.303696904002631083e-04
9.800000000000000000e+04 7.458202417355899987e-05 1.664083632775345697e-04 4.315433654742069944e-04
9.810000000000000000e+04 8.783985506112258453e-05 1.633086118329810099e-04 4.328343378090983447e-04
9.820000000000000000e+04 1.018754647551040537e-04 1.853728445473191229e-04 4.347242202142290071e-04
9.830000000000000000e+04 8.322278537655072384e-05 1.918009427257634470e-04 4.374610468422558142e-04
9.840000000000000000e+04 8.149428828493025930e-05 1.837226055336161289e-04 4.437004900089484534e-04
9.850000000000000000e+04 7.898786539228184978e-05 2.114839032879784809e-04 4.539313711420626951e-04
9.860000000000000000e+04 6.736005007500613182e-05 3.191657042064066727e-04 4.687399527001060058e-04
9.870000000000000000e+04 7.045889746113646185e-05 4.393766599897870541e-04 4.857460420966031749e-04
9.880000000000000000e+04 8.551004145896404186e-05 3.240229119398433375e-04 5.030013380809848561e-04
9.890000000000000000e+04 8.784901688473165538e-05 1.976294637029715837e-04 5.185841656802346079e-04
9.900000000000000000e+04 9.297063071450563290e-05 1.847190351397466537e-04 5.310673594136752296e-04
9.910000000000000000e+04 9.518934814951304302e-05 2.237858238238894771e-04 5.402142442445505982e-04
9.920000000000000000e+04 9.047612833924399602e-05 1.980454597125202131e-04 5.445899379787021415e-04
9.930000000000000000e+04 1.105742082640659343e-04 2.136477038029575056e-04 5.463905652043483897e-04
9.940000000000000000e+04 9.619302008646141676e-05 1.966657372572288469e-04 5.462961349637342418e-04
9.950000000000000000e+04 1.163503142203829851e-04 2.399659531459465795e-04 5.476817811756662033e-04
9.960000000000000000e+04 7.966488999670698953e-05 2.438836607933458998e-04 5.498663208549540255e-04
9.970000000000000000e+04 9.116897005999536263e-05 2.035788875433595479e-04 5.551381631043709889e-04
9.980000000000000000e+04 1.369216217942314183e-04 2.280250138413668815e-04 5.625336092664672905e-04
9.990000000000000000e+04 1.122583262772897539e-04 2.172257925261377419e-04 5.715972491348982271e-04
1.000000000000000000e+05 8.795973826521206844e-05 2.020643249910942119e-04 5.769574965614895305e-04
1.001000000000000000e+05 8.991807074669639927e-05 1.981614987363176277e-04 5.784825441441543859e-04
1.002000000000000000e+05 9.852576200020579569e-05 2.805685845616467293e-04 5.803234111046134524e-04
1.003000000000000000e+05 1.249923468128705077e-04 2.363431630116747664e-04 5.820843002388531671e-04
1.004000000000000000e+05 9.162170520813229645e-05 5.348401111361065791e-04 5.888734820016808215e-04
1.005000000000000000e+05 1.057930437164835260e-04 9.049523879026618060e-04 5.947582758436870034e-04
1.006000000000000000e+05 8.311726068085934210e-05 1.230495334560269315e-03 6.083652782506654899e-04
1.007000000000000000e+05 1.101264893833521974e-04 1.163076583597244182e-03 6.172303144750762669e-04
1.008000000000000000e+05 8.719414466962433548e-05 1.017944065240045798e-03 6.250037591586357546e-04
1.009000000000000000e+05 1.184052811053357612e-04 9.373103267751553384e-04 6.224219050993269305e-04
1.010000000000000000e+05 1.084728369771354676e-04 6.944367558634724968e-04 6.173782494754688445e-04
1.011000000000000000e+05 9.577946307889970839e-05 4.349584011619765135e-04 6.138226425266414630e-04
1.012000000000000000e+05 1.005875962520934525e-04 2.214274452270130868e-04 6.152029424439840960e-04
1.013000000000000000e+05 8.813318709466983966e-05 1.963562369282745952e-04 6.219103342348783134e-04
1.014000000000000000e+05 8.534918863510956594e-05 1.821941042869476730e-04 6.309857601058487366e-04
1.015000000000000000e+05 1.132306644712212894e-04 2.032299598614752166e-04 6.415739720165834249e-04
1.016000000000000000e+05 1.067424261206758023e-04 2.399810559296100152e-04 6.458306793935636664e-04
1.017000000000000000e+05 1.283450708349264443e-04 3.028717740802078316e-04 6.383191806264898243e-04
1.018000000000000000e+05 1.420988816421104532e-04 2.656643540496483056e-04 6.220611345299198978e-04
1.019000000000000000e+05 1.289336584855458961e-04 2.353747793678613175e-04 6.119457753218786626e-04
1.020000000000000000e+05 1.519188730811719392e-04 3.180921943917788949e-04 6.113149794329800950e-04
1.021000000000000000e+05 1.495099393970533990e-04 3.224155770205418031e-04 6.136257359249761446e-04
1.022000000000000000e+05 1.110862001087999052e-04 2.351591363991751334e-04 6.082790702885761559e-04
1.023000000000000000e+05 1.157304445663686135e-04 2.252034740537921980e-04 5.996839069198358317e-04
1.024000000000000000e+05 1.100331470815408435e-04 2.204599323894440252e-04 5.917369381505782058e-04
1.025000000000000000e+05 1.016608472498489995e-04 2.235139559511370964e-04 5.900720156096258672e-04
1.026000000000000000e+05 8.038946525219521459e-05 1.936927541413647818e-04 5.903774977824118638e-04
1.027000000000000000e+05 9.396824662338625588e-05 2.115362152708987788e-04 5.930269662595197408e-04
1.028000000000000000e+05 8.684128234041270464e-05 1.788372041997830005e-04 5.949870914076424693e-04
1.029000000000000000e+05 9.329537681218515351e-05 1.668713615796867328e-04 5.948451580246383926e-04
1.030000000000000000e+05 1.077002586811645580e-04 2.187472762486535483e-04 5.915926425637793628e-04
1.031000000000000000e+05 7.489639597544576078e-05 1.660037698893035299e-04 5.860863939871962603e-04
1.032000000000000000e+05 9.371803422837915020e-05 3.033418636086680255e-04 5.804989386122151162e-04
1.033000000000000000e+05 1.177271289790217780e-04 4.436311961291216190e-04 5.760047752257544361e-04
1.034000000000000000e+05 1.172584762335315812e-04 4.490832187212051249e-04 5.721493062934474060e-04
1.035000000000000000e+05 1.512232058697082424e-04 4.879957824589707368e-04 5.692666785971251279e-04
1.036000000000000000e+05 1.059554557814152385e-04 4.464367834129546585e-04 5.676231339601148750e-04
1.037000000000000000e+05 1.054812727824434317e-04 3.272272245884798422e-04 5.628774119401864281e-04
1.038000000000000000e+05 1.410616979500689929e-04 2.322152050302057295e-04 5.587036977644242773e-04
1.039000000000000000e+05 1.050634669468121290e-04 2.012239829716616895e-04 5.572938509323404786e-04
1.040000000000000000e+05 7.864867988226296579e-05 1.910920995510361625e-04 5.632676531432773094e-04
1.041000000000000000e+05 9.104447004745395370e-05 2.252042982824480110e-04 5.713544073648769029e-04
1.042000000000000000e+05 1.171818545999194243e-04 2.290545413834611929e-04 5.800200355753909335e-04
1.043000000000000000e+05 1.007152005093955730e-04 2.007406974511777905e-04 5.876775293887406262e-04
1.044000000000000000e+05 8.921225729986161871e-05 2.022686142200526629e-04 5.947091894701194044e-04
1.045000000000000000e+05 1.071479817391830401e-04 2.064549613815867650e-04 5.974583041889071746e-04
1.046000000000000000e+05 9.874355516657751762e-05 1.948111705302586717e-04 5.960420519798123509e-04
1.047000000000000000e+05 1.045878068375514754e-04 2.163383890801611571e-04 5.917632529555436971e-04
1.048000000000000000e+05 1.048948418285186937e-04 2.079189348044900793e-04 5.908069063009603128e-04
1.049000000000000000e+05 9.782740897147298997e-05 2.104215608871049057e-04 5.953275929079556838e-04
1.050000000000000000e+05 1.276738784803384632e-04 2.518495439885925689e-04 6.047386327354654315e-04
1.051000000000000000e+05 1.025516261894263625e-04 2.441786217927050581e-04 6.138530983507402370e-04
1.052000000000000000e+05 1.097689450635181080e-04 2.527200460212930110e-04 6.189259916043786738e-04
1.053000000000000000e+05 1.049468005224387778e-04 2.579916069250336175e-04 6.193466851920387435e-04
1.054000000000000000e+05 9.918523648227690979e-05 2.165950013130388523e-04 6.187348396953711938e-04
1.055000000000000000e+05 1.037937618550934709e-04 2.201961359920281622e-04 6.190286160981718112e-04
1.056000000000000000e+05 9.921253103166026606e-05 2.364212224697796912e-04 6.212503224307511012e-04
1.057000000000000000e+05 9.887916938087842281e-05 2.319686436833975299e-04 6.216151644772352752e-04
1.058000000000000000e+05 1.036368223022984597e-04 2.233575881680044091e-04 6.235446863259752918e-04
1.059000000000000000e+05 1.294177133388059366e-04 2.751250652144340923e-04 6.286711398600999812e-04
1.060000000000000000e+05 1.508344993556906132e-04 2.903382585248624986e-04 6.294334883746018159e-04
1.061000000000000000e+05 1.342718707544170728e-04 3.167454558370197187e-04 6.282315116546214858e-04
1.062000000000000000e+05 1.319412344277328709e-04 3.170192580082456090e-04 6.252801329059969482e-04
1.063000000000000000e+05 1.302743612710086530e-04 3.082196207827056066e-04 6.320659567240982874e-04
1.064000000000000000e+05 1.208498003867581943e-04 2.905355728622874148e-04 6.420927208344926048e-04
1.065000000000000000e+05 1.240144440499236578e-04 2.473355810219224175e-04 6.469073294076755666e-04
1.066000000000000000e+05 1.077877765563759827e-04 2.101853795432943569e-04 6.494798470819266364e-04
1.067000000000000000e+05 1.066117964683598518e-04 2.119400268118759416e-04 6.500731319153314498e-04
1.068000000000000000e+05 9.534404173943994854e-05 2.179084658297852830e-04 6.530040519234612964e-04
1.069000000000000000e+05 1.135050291549160760e-04 2.375373321115613551e-04 6.552883358661464909e-04
1.070000000000000000e+05 1.343426955741678936e-04 3.175940292059176683e-04 6.584617822975252039e-04
1.071000000000000000e+05 9.542868659278462909e-05 3.736126638079052906e-04 6.721585236654894005e-04
1.072000000000000000e+05 9.773635481787501956e-05 4.655377290868283708e-04 6.911705115629916858e-04
1.073000000000000000e+05 1.350425052753092625e-04 5.449998970584187625e-04 7.119574928121385777e-04
1.074000000000000000e+05 1.404222931465488834e-04 4.850733403523617817e-04 7.183764729847010554e-04
1.075000000000000000e+05 1.358788833042978445e-04 4.276493651599531627e-04 7.123696739301245114e-04
1.076000000000000000e+05 1.371826856690429352e-04 3.730969078663924762e-04 6.973627288292530077e-04
1.077000000000000000e+05 1.049767358587787563e-04 2.501368083545418104e-04 6.798291726640411179e-04
1.078000000000000000e+05 1.095697997642271822e-04 2.381672058466702876e-04 6.624278416778306682e-04
1.079000000000000000e+05 1.160660156851544113e-04 2.395298466960478446e-04 6.486165080650667684e-04
1.080000000000000000e+05 1.362411899922963627e-04 2.470253327002049516e-04 6.437789886611409258e-04
1.081000000000000000e+05 1.193846420049843792e-04 2.290665099823745729e-04 6.467937137570144287e-04
1.082000000000000000e+05 8.837110522709229650e-05 2.176631434894704068e-04 6.525407193485341460e-04
1.083000000000000000e+05 9.488472682593531576e-05 1.880858880604669055e-04 6.536595493720951354e-04
1.084000000000000000e+05 1.052876466343165372e-04 2.114626950111524054e-04 6.515098355269588037e-04
1.085000000000000000e+05 1.141352006253047984e-04 2.272484866486681847e-04 6.495179383943578333e-04
1.086000000000000000e+05 1.034206515726994501e-04 2.087430412052512915e-04 6.533006673032305724e-04
1.087000000000000000e+05 9.015511051789178772e-05 1.788975109804068772e-04 6.658724889913286270e-04
1.088000000000000000e+05 8.481400475641206593e-05 1.742710717177297763e-04 6.830611127210333517e-04
1.089000000000000000e+05 1.070342332718451916e-04 2.070342012707038085e-04 7.095921130836443285e-04
1.090000000000000000e+05 1.220585169929060349e-04 2.310995108278125765e-04 7.334107942403966362e-04
1.091000000000000000e+05 1.240851300069018524e-04 2.941368810389346968e-04 7.496295801752036981e-04
1.092000000000000000e+05 1.266628151256238332e-04 3.315272741754686503e-04 7.451369304291500422e-04
1.093000000000000000e+05 1.212072519185775988e-04 2.648720597147196949e-04 7.257976243532686606e-04
1.094000000000000000e+05 1.387980471628765585e-04 2.536479425385902188e-04 7.049865984118591300e-04
1.095000000000000000e+05 1.153846735064357944e-04 2.584227097598217841e-04 6.869294935282884091e-04
1.096000000000000000e+05 1.151203686209306774e-04 2.456865479460524151e-04 6.731480879763026073e-04
1.097000000000000000e+05 1.559813989675770977e-04 2.824750046924502265e-04 6.580949006355775281e-04
1.098000000000000000e+05 1.378010741578131410e-04 2.930081033019452151e-04 6.437440311957981368e-04
1.099000000000000000e+05 1.066908231037444477e-04 2.041793334280740755e-04 6.297787785822695113e-04
1.100000000000000000e+05 1.187154242690147002e-04 2.238769235200892011e-04 6.198456317856869706e-04
1.101000000000000000e+05 1.413751599425032597e-04 2.738659741542409784e-04 6.105938732597987690e-04
1.102000000000000000e+05 1.206134561801636769e-04 2.853900301479297291e-04 6.019783942758775465e-04
1.103000000000000000e+05 1.253149615486703981e-04 2.458800760545843669e-04 5.905665657432824589e-04
1.104000000000000000e+05 1.109608060043928480e-04 2.732884812371509891e-04 5.802929837683813664e-04
1.105000000000000000e+05 9.594481252892049072e-05 3.801928903442349785e-04 5.735123551690859620e-04
1.106000000000000000e+05 9.859878944032000663e-05 5.140235853195239228e-04 5.692849351211168047e-04
1.107000000000000000e+05 9.917418231526948548e-05 6.446477814059277389e-04 5.661854299255826301e-04
1.108000000000000000e+05 8.325553147272142475e-05 5.347174045314487950e-04 5.641182623280939891e-04
1.109000000000000000e+05 9.172905082917629221e-05 3.870656958201942367e-04 5.625383859169987835e-04
1.110000000000000000e+05 1.033733485567349896e-04 2.394139871089394074e-04 5.641292878770074078e-04
1.111000000000000000e+05 1.233520005540094419e-04 2.188922372143511257e-04 5.677284493966545291e-04
1.112000000000000000e+05 9.914248869625152342e-05 1.921043345960527036e-04 5.721064909126651879e-04
1.113000000000000000e+05 1.016218530373739549e-04 2.027154151890549704e-04 5.749635055287446832e-04
1.114000000000000000e+05 1.013269504735089788e-04 1.834649577372407417e-04 5.801048784233688894e-04
1.115000000000000000e+05 1.072635251684100812e-04 2.016219956379419103e-04 5.851076129477405987e-04
1.116000000000000000e+05 9.731935192092242438e-05 2.147584759813403943e-04 5.908061357286241216e-04
1.117000000000000000e+05 1.085358547240341609e-04 2.354442420942877770e-04 5.982948145337819773e-04
1.118000000000000000e+05 1.134814926783923525e-04 2.293813827361727972e-04 6.164828158383686609e-04
1.119000000000000000e+05 1.003225326916565383e-04 2.299969286582773369e-04 6.392699634580657504e-04
1.120000000000000000e+05 9.829547195493832604e-05 2.410357246136445985e-04 6.573872976568200356e-04
1.121000000000000000e+05 1.568666904646366092e-04 2.794958621927884574e-04 6.661433779781854346e-04
1.122000000000000000e+05 1.463866101619998956e-04 2.499004068499165523e-04 6.781683345162022166e-04
1.123000000000000000e+05 1.476747704543545942e-04 2.752934448921009374e-04 6.895702686931622560e-04
1.124000000000000000e+05 1.491636884540589606e-04 2.896668068043510309e-04 6.891893392906614209e-04
1.125000000000000000e+05 1.316132305773686558e-04 2.451460926233364236e-04 6.697690340117658063e-04
1.126000000000000000e+05 1.099511473106837842e-04 2.178000483177706644e-04 6.469775382000775722e-04
1.127000000000000000e+05 1.164867774060654752e-04 2.211533741689720393e-04 6.355026730767830310e-04
1.128000000000000000e+05 1.441030756344907756e-04 2.495900147157651197e-04 6.386900730096978143e-04
1.129000000000000000e+05 1.172485054755387310e-04 2.483501064319769934e-04 6.458322948888766020e-04
1.130000000000000000e+05 8.248446408410552762e-05 2.562608685506678188e-04 6.504766067971471267e-04
1.131000000000000000e+05 1.062311144246170591e-04 2.457684382384438477e-04 6.453365249769579988e-04
1.132000000000000000e+05 8.323427535524550482e-05 1.800126183273633882e-04 6.357544979207044354e-04
1.133000000000000000e+05 8.072925536757894968e-05 1.965147821806000842e-04 6.229629545586042689e-04
1.134000000000000000e+05 1.142982369078855438e-04 2.074398590229641071e-04 6.146131422300741458e-04
1.135000000000000000e+05 9.973434470902486481e-05 1.800750922140038207e-04 6.092181183976448991e-04
1.136000000000000000e+05 8.927001505366070119e-05 1.806804721457024292e-04 6.085884096705768348e-04
1.137000000000000000e+05 9.695368587171965345e-05 1.956606465946182953e-04 6.078339747223394148e-04
1.138000000000000000e+05 1.193748492022313201e-04 2.461274576129222295e-04 6.090327261733780679e-04
1.139000000000000000e+05 1.187544502280378977e-04 2.244398881240936873e-04 6.104406751927298142e-04
1.140000000000000000e+05 9.483902559181977849e-05 2.055307933669735633e-04 6.137260388277787594e-04
1.141000000000000000e+05 1.018308201398093835e-04 2.089556064295372637e-04 6.145412738608826714e-04
1.142000000000000000e+05 9.800695914765830685e-05 2.192844674518686999e-04 6.175644681201213591e-04
1.143000000000000000e+05 1.251729451254954446e-04 2.602907658914443848e-04 6.209000719321040125e-04
1.144000000000000000e+05 8.968019209376577525e-05 2.132680861600233079e-04 6.245168489023490048e-04
1.145000000000000000e+05 1.111425872899702910e-04 2.298936090070611464e-04 6.211191992786278338e-04
1.146000000000000000e+05 1.071201455230958973e-04 2.299471627136815983e-04 6.113428238655090876e-04
1.147000000000000000e+05 1.003643441420403078e-04 1.854821737335181830e-04 5.978136748795829809e-04
1.148000000000000000e+05 1.251697341579035856e-04 2.186132916470557783e-04 5.877341215427168844e-04
1.149000000000000000e+05 8.231684240300578010e-05 1.650531053722224155e-04 5.823823828767320503e-04
1.150000000000000000e+05 1.195316139327757968e-04 2.115962307006323019e-04 5.855585728084428425e-04
1.151000000000000000e+05 9.446248653429203945e-05 2.137433950268671909e-04 5.928986205192171869e-04
1.152000000000000000e+05 9.307083013517262679e-05 2.097816828530228543e-04 6.090171673783403546e-04
1.153000000000000000e+05 9.781233658167861646e-05 1.926541976113240080e-04 6.206860549887269641e-04
1.154000000000000000e+05 1.313149370002738084e-04 2.264246678988168998e-04 6.306784033284987137e-04
1.155000000000000000e+05 1.351963642011727714e-04 2.333791759132256395e-04 6.348180218414965943e-04
1.156000000000000000e+05 1.115232008704986023e-04 2.271919434041501156e-04 6.399251818920297140e-04
1.157000000000000000e+05 1.080341851997793567e-04 2.417857640768195050e-04 6.447567808888956652e-04
1.158000000000000000e+05 9.058451223781054367e-05 2.189031334898729111e-04 6.584749866643112726e-04
1.159000000000000000e+05 1.068432040456750165e-04 2.525689616168656695e-04 6.830468094334813745e-04
1.160000000000000000e+05 1.014491109426907817e-04 2.427690946212270788e-04 7.107656716044268323e-04
1.161000000000000000e+05 1.114622220271369079e-04 2.409437176852804270e-04 7.348171825763811192e-04
1.162000000000000000e+05 1.230604208125290599e-04 3.134154375162612237e-04 7.402775090456360611e-04
1.163000000000000000e+05 1.307077245359415316e-04 3.653593315138931562e-04 7.399955858805990459e-04
1.164000000000000000e+05 1.060290754938431621e-04 2.806366584267156166e-04 7.055915889491656823e-04
1.165000000000000000e+05 7.757081046871666576e-05 2.287584057368302224e-04 6.650723975295222716e-04
1.166000000000000000e+05 8.792912749899122783e-05 2.645094111770842542e-04 6.250953203387269981e-04
1.167000000000000000e+05 1.058712106978772802e-04 2.560798390593788739e-04 5.926369757921943430e-04
1.168000000000000000e+05 6.432060762650443093e-05 1.671843518079602769e-04 5.596994426146708083e-04
1.169000000000000000e+05 7.092775642208515915e-05 1.576630252156771463e-04 5.267848961855609588e-04
1.170000000000000000e+05 8.759587697338365973e-05 1.777252893397939827e-04 4.924821091786069430e-04
1.171000000000000000e+05 8.356667154902573105e-05 1.850794101462552776e-04 4.593558686988482025e-04
1.172000000000000000e+05 8.840537472811600076e-05 2.065722847043088752e-04 4.268152835054477272e-04
1.173000000000000000e+05 1.006175926505631759e-04 2.829105779347446440e-04 4.166298823227963257e-04
1.174000000000000000e+05 9.348925635510059841e-05 4.369649619453308174e-04 4.270550449685984757e-04
1.175000000000000000e+05 9.513418798397238344e-05 5.997926138802514616e-04 4.374802076144006257e-04
1.176000000000000000e+05 1.131513539020041932e-04 4.768075235560118486e-04 4.282521387652675113e-04
1.177000000000000000e+05 9.710187826969979589e-05 3.451498724405221139e-04 3.936299891570482030e-04
1.178000000000000000e+05 8.105240263739523594e-05 2.748274431681386369e-04 3.590078395488287863e-04
1.179000000000000000e+05 7.294977556210135257e-05 2.138899914993279373e-04 3.156574466363302458e-04
1.180000000000000000e+05 5.618186670903809886e-05 1.570003979811578434e-04 2.675870340646493333e-04
1.181000000000000000e+05 4.783085477100929798e-05 1.095335719408494814e-04 2.195166214929684207e-04
1.182000000000000000e+05 3.877440430264810119e-05 8.091094602369973518e-05 1.865335145502960458e-04
1.183000000000000000e+05 2.843848061434304316e-05 6.666958795344845494e-05 1.770355931944057339e-04
1.184000000000000000e+05 2.823444544860042433e-05 6.314468083992917061e-05 1.675376718385154491e-04
1.185000000000000000e+05 2.979768339576738408e-05 6.071587005640575064e-05 1.600992456103040131e-04
1.186000000000000000e+05 2.011362618012542663e-05 4.636487452167888752e-05 1.564825638852881506e-04
1.187000000000000000e+05 2.628991502703345107e-05 5.320119313493193751e-05 1.528658821602724778e-04
1.188000000000000000e+05 3.103526509100442202e-05 6.110603082045257511e-05 1.501218538200275597e-04
1.189000000000000000e+05 2.189578604621828808e-05 5.002494941818810457e-05 1.506609149445596477e-04
1.190000000000000000e+05 2.202251563502460093e-05 4.969870661098566337e-05 1.511999760690918712e-04
1.191000000000000000e+05 3.213548636357024357e-05 6.298054710294749645e-05 1.507895734898880610e-04
1.192000000000000000e+05 2.542228691891053403e-05 5.355316560254771388e-05 1.467516493011382513e-04
1.193000000000000000e+05 3.040718358243879691e-05 5.582388021033598505e-05 1.427137251123883875e-04
1.194000000000000000e+05 3.406237469845549079e-05 6.967068349989961147e-05 1.395477870352267689e-04
1.195000000000000000e+05 2.786506234276161413e-05 5.153085771010914359e-05 1.423081357098992714e-04
1.196000000000000000e+05 2.641788042126660019e-05 5.457737429773885636e-05 1.450684843845714757e-04
1.197000000000000000e+05 3.189421247588325882e-05 6.784677502382143344e-05 1.477432548327450054e-04
1.198000000000000000e+05 2.290719053437464394e-05 4.909267794618108328e-05 1.501083114092127680e-04
1.199000000000000000e+05 2.075174250896553150e-05 4.469856879249563156e-05 1.524733679856804492e-04
