9.000000000000000000e+04 8.022953320846546582e-05 1.455664084868476681e-04 2.733259647693404154e-04
9.010000000000000000e+04 2.515814367934582439e-05 6.967779576490967276e-05 2.706001746481559271e-04
9.020000000000000000e+04 4.571244185032710423e-05 8.719709015932093936e-05 2.675520092510558158e-04
9.030000000000000000e+04 5.023978850845621947e-05 8.577449569368851123e-05 2.864897844951320646e-04
9.040000000000000000e+04 6.279114255443169466e-05 1.281378427325887196e-04 2.942541526094037165e-04
9.050000000000000000e+04 6.471734456005431369e-05 1.041343028027422743e-04 3.193108756139757527e-04
9.060000000000000000e+04 6.699063689749300428e-05 1.018526773948496449e-04 3.110097823146366317e-04
9.070000000000000000e+04 4.879925310411807279e-05 8.644155959351958814e-05 2.759496040041998968e-04
9.080000000000000000e+04 7.115019779244181647e-05 1.149745482118109355e-04 2.628444846391074161e-04
9.090000000000000000e+04 5.620532839117922089e-05 8.435419382304918941e-05 2.489703272745015495e-04
9.100000000000000000e+04 5.990386693421580677e-05 8.418741956514087538e-05 2.400979064338757546e-04
9.110000000000000000e+04 7.449085204668017273e-05 1.098684620971233147e-04 2.309565257385274900e-04
9.120000000000000000e+04 2.915003887159732391e-05 5.608023838598742814e-05 2.305098570967943335e-04
9.130000000000000000e+04 1.363341505810231817e-05 4.223197291608853641e-05 2.378141374052718227e-04
9.140000000000000000e+04 3.086510867261816932e-05 7.254968955863503135e-05 2.395463228613254974e-04
9.150000000000000000e+04 3.497576991167141379e-05 7.831420072285555541e-05 2.404445319030794738e-04
9.160000000000000000e+04 3.837593027475447085e-05 7.639850473604151886e-05 2.375368777471360392e-04
9.170000000000000000e+04 5.082066740003454773e-05 8.201849689474437167e-05 2.436784477224359150e-04
9.180000000000000000e+04 6.038335763776538469e-05 1.038293088981778679e-04 2.541167215890209347e-04
9.190000000000000000e+04 3.705913352729668089e-05 6.926735251995254578e-05 2.532478006489196774e-04
9.200000000000000000e+04 2.955276830103544016e-05 4.095993655269739974e-05 2.566473099391885560e-04
9.210000000000000000e+04 3.225323094750104998e-05 7.320419810644712591e-05 2.667130482477716286e-04
9.220000000000000000e+04 2.109246728545328617e-05 5.370125930394183686e-05 2.658325251093299050e-04
9.230000000000000000e+04 2.375793053646990997e-05 3.714296189320280225e-05 2.485651308878507586e-04
9.240000000000000000e+04 1.596577268330975127e-05 4.813408721897804911e-05 2.590917346792661301e-04
9.250000000000000000e+04 3.552185968814939102e-05 5.538637529569939884e-05 2.683397894574654713e-04
9.260000000000000000e+04 3.518642349430240921e-05 5.489648967686329146e-05 2.587235581774438640e-04
9.270000000000000000e+04 1.821543509339444656e-05 4.819831885646776084e-05 2.313159907185131448e-04
9.280000000000000000e+04 3.427196271189988843e-05 5.637957890555723647e-05 2.145201228586423128e-04
9.290000000000000000e+04 2.935783946818895608e-05 5.307063690205340032e-05 2.139770005249990044e-04
9.300000000000000000e+04 2.891783713744404925e-05 4.746832137921561199e-05 2.210000815675220831e-04
9.310000000000000000e+04 2.551928327410946194e-05 5.218718133494936904e-05 2.177494445366898396e-04
9.320000000000000000e+04 1.568563891575291492e-05 4.093576431230471716e-05 2.151762325653467289e-04
9.330000000000000000e+04 1.076031480170427479e-05 2.015017944658744698e-05 2.254551388674521262e-04
9.340000000000000000e+04 1.161918822021717470e-05 2.928113714167039508e-05 2.273992029911596708e-04
9.350000000000000000e+04 1.423288074896953315e-05 3.373989483919400518e-05 2.197961889987693472e-04
9.360000000000000000e+04 3.064337890345688003e-05 7.622828645773106000e-05 2.254006524952996025e-04
9.370000000000000000e+04 2.243540593365632918e-05 4.639342207724721830e-05 2.236290154859118520e-04
9.380000000000000000e+04 2.277264819969628852e-05 4.235179831918182611e-05 2.338894803675497299e-04
9.390000000000000000e+04 2.014295106773385637e-05 3.503298739378495237e-05 2.441389029788649384e-04
9.400000000000000000e+04 3.776149374643255350e-06 5.729954034868492635e-06 2.408412660988119511e-04
9.410000000000000000e+04 2.265344323322014751e-05 3.260826793395033246e-05 2.372621120438425397e-04
9.420000000000000000e+04 2.313685263074748946e-05 3.904271734322511391e-05 2.367521207746439065e-04
9.430000000000000000e+04 1.526233807746019589e-05 3.030279763794574660e-05 2.544093738720175834e-04
9.440000000000000000e+04 1.724661795385557059e-05 3.129044232098176928e-05 2.689685396791429177e-04
9.450000000000000000e+04 3.315895019296324865e-05 6.641103126884731868e-05 2.753819467797259603e-04
9.460000000000000000e+04 2.406158770533592048e-05 6.141098318743806305e-05 2.778433458077663766e-04
9.470000000000000000e+04 2.252153606681144785e-05 6.631052297622014400e-05 2.714528665711218695e-04
9.480000000000000000e+04 3.398756892952439377e-05 8.566834713620466273e-05 2.659579475133197458e-04
9.490000000000000000e+04 2.570392599392199730e-05 5.180417919522869075e-05 2.480179236173062334e-04
9.500000000000000000e+04 2.272121696848819418e-05 5.111041934653681468e-05 2.387374360401844974e-04
9.510000000000000000e+04 2.198916340965522830e-05 4.740489076185636108e-05 2.589964173392579313e-04
9.520000000000000000e+04 4.319077388045507778e-05 7.719737053140957733e-05 2.816512574469219122e-04
9.530000000000000000e+04 2.977611271260657616e-05 4.771631696307628446e-05 2.928884729941468252e-04
9.540000000000000000e+04 1.905708173615539144e-05 3.040145904027833235e-05 3.052381121607338735e-04
9.550000000000000000e+04 1.513521341387993489e-05 2.208894622314147571e-05 3.081568215184995172e-04
9.560000000000000000e+04 1.832724665779456074e-05 3.461230359672702248e-05 2.948702683245833919e-04
9.570000000000000000e+04 3.186596813409817890e-05 6.093437299880757755e-05 2.808456719020132469e-04
9.580000000000000000e+04 3.480130808431494390e-05 6.016433069906381098e-05 2.671882898642418932e-04
9.590000000000000000e+04 4.206797323280135809e-05 7.128909038957691462e-05 2.688903323688783325e-04
9.600000000000000000e+04 5.796031691760773763e-05 9.756970720071800373e-05 2.687056137611395102e-04
9.610000000000000000e+04 4.117854981619569594e-05 8.923781101425262165e-05 2.813221109963919562e-04
9.620000000000000000e+04 3.659537649648231727e-05 7.188479107869932393e-05 2.684819676702940934e-04
9.630000000000000000e+04 1.411224225244904745e-05 2.056207551623872665e-05 2.643654835228511192e-04
9.640000000000000000e+04 3.257096417663105396e-05 7.647251582900197169e-05 2.547429708809691748e-04
9.650000000000000000e+04 3.048856925525497783e-05 6.671961770658089552e-05 2.481966643060019785e-04
9.660000000000000000e+04 1.990370505632253176e-05 4.240845932998403285e-05 2.541165214078862995e-04
9.670000000000000000e+04 2.932251673090592245e-05 4.964661053499704870e-05 2.618959894135028410e-04
9.680000000000000000e+04 2.348015122906102459e-05 4.552122036437740763e-05 2.658948925696595937e-04
9.690000000000000000e+04 1.551457748350226198e-05 5.166690533567856606e-05 2.785604473602961220e-04
9.700000000000000000e+04 1.628510360719888101e-05 4.372465762759298290e-05 2.820771714514336065e-04
9.710000000000000000e+04 1.033220197181513580e-05 2.324891302003844395e-05 2.769061084989824168e-04
9.720000000000000000e+04 1.105476715756130565e-05 2.081726288390557634e-05 2.596807899473377204e-04
9.730000000000000000e+04 1.529616401663885013e-05 3.266267511165958952e-05 2.595977647469112793e-04
9.740000000000000000e+04 3.718359640696977642e-05 7.505203825725984012e-05 2.580732004433536949e-04
9.750000000000000000e+04 5.668571606982412644e-05 1.220628437243344419e-04 2.589333068212223282e-04
9.760000000000000000e+04 4.098646673321020310e-05 8.327236672333205181e-05 2.592809516114632650e-04
9.770000000000000000e+04 2.524202680217107813e-05 3.917874098538395551e-05 2.570975597391129920e-04
9.780000000000000000e+04 3.575222774185692737e-05 5.979984453504178150e-05 2.492719845747874414e-04
9.790000000000000000e+04 3.826685863398906649e-05 6.531704929591371700e-05 2.610710955275453819e-04
9.800000000000000000e+04 1.339513633071166962e-05 2.958387745708124196e-05 2.626080142063299096e-04
9.810000000000000000e+04 1.404503508413239548e-05 2.663386096407854148e-05 2.727510444581400821e-04
9.820000000000000000e+04 3.194628689058033860e-05 6.240395770011836554e-05 2.951508934069887883e-04
9.830000000000000000e+04 3.184659410919703920e-05 6.421957648814461848e-05 2.978881637765397523e-04
9.840000000000000000e+04 3.626616465772015182e-05 7.801918044883439547e-05 2.840502865494548925e-04
9.850000000000000000e+04 1.867911277557258738e-05 5.753534879050618573e-05 2.785025608756564906e-04
9.860000000000000000e+04 1.425032832582046396e-05 2.253449100864893945e-05 2.994783939596682137e-04
9.870000000000000000e+04 1.812625788569194969e-05 3.872083143542165906e-05 3.171060956904674273e-04
9.880000000000000000e+04 2.555131425857018902e-05 6.068427049943749593e-05 3.490556547603666099e-04
9.890000000000000000e+04 3.388996397030982549e-05 7.224209716654941436e-05 3.922821887280305815e-04
9.900000000000000000e+04 2.631466004583818191e-05 5.549164347898593056e-05 3.981775856172680502e-04
9.910000000000000000e+04 2.717920300608704350e-05 4.910111611564174942e-05 3.778901810064523147e-04
9.920000000000000000e+04 5.008055132135703826e-05 8.656161029217435436e-05 3.632442907708739385e-04
9.930000000000000000e+04 4.720818477717692984e-05 7.755812512776896414e-05 3.434130989328273032e-04
9.940000000000000000e+04 7.736718506425109380e-05 1.486720418750388391e-04 3.555836292163810117e-04
9.950000000000000000e+04 6.470602172445381970e-05 1.379397014609838167e-04 3.537930191553492146e-04
9.960000000000000000e+04 4.417664485564868878e-05 1.106870501410368770e-04 3.647678306812100692e-04
9.970000000000000000e+04 2.753338947730695494e-05 5.304210374473692030e-05 3.616641907042327723e-04
9.980000000000000000e+04 2.528306992906164102e-05 5.561209522600559733e-05 3.598403138182529023e-04
9.990000000000000000e+04 2.966276474528219782e-05 6.754779367385623260e-05 3.728341707934319706e-04
1.000000000000000000e+05 2.315861498146674956e-05 6.343847991321309009e-05 4.071671407321503797e-04
1.001000000000000000e+05 3.059544989313513035e-05 4.523795476756996455e-05 3.850197903666287605e-04
1.002000000000000000e+05 2.772985201431770515e-05 4.532769433700505491e-05 3.656037488830853077e-04
1.003000000000000000e+05 2.750572842286731420e-05 5.225085083516306256e-05 3.758092420469076426e-04
1.004000000000000000e+05 3.393307897612066193e-05 6.127083996612311956e-05 3.964987501584071915e-04
1.005000000000000000e+05 1.736905818386320693e-05 4.914324995395176953e-05 3.910421872009720370e-04
1.006000000000000000e+05 2.218405500717228213e-05 4.069743962407083729e-05 3.897499162580394909e-04
1.007000000000000000e+05 2.630926059088564348e-05 9.976807678004539961e-05 4.050263690833389861e-04
1.008000000000000000e+05 1.973459659761688748e-05 4.562683934850020849e-05 3.881914751203770393e-04
1.009000000000000000e+05 3.732298145707252032e-05 8.008986532789189993e-05 3.968524635560591535e-04
1.010000000000000000e+05 5.444794728373339053e-05 1.290007993862604652e-04 4.377263552080260141e-04
1.011000000000000000e+05 6.555826000526076853e-05 2.101400633872509507e-04 4.510464910365864235e-04
1.012000000000000000e+05 1.101018370192909362e-04 2.804912708057410130e-04 5.122598738822661812e-04
1.013000000000000000e+05 9.070203529112946155e-05 2.253275165082348837e-04 5.774530600990040227e-04
1.014000000000000000e+05 1.438347398331556409e-04 4.367908810388911457e-04 5.924676223710315060e-04
1.015000000000000000e+05 1.252588879454963181e-04 3.535746611947274414e-04 5.458416148859352801e-04
1.016000000000000000e+05 8.309005488923635035e-05 1.848463314134175545e-04 5.231723878526197292e-04
1.017000000000000000e+05 7.869551518758128054e-05 2.050523808317968716e-04 4.792583707155576283e-04
1.018000000000000000e+05 8.980708629452601160e-05 2.954836703907913584e-04 4.750597838263614079e-04
1.019000000000000000e+05 1.203891628420136251e-04 4.350145572234613892e-04 5.113046425076212941e-04
1.020000000000000000e+05 1.338771747780120695e-04 4.343273158974788337e-04 5.309339475563231532e-04
1.021000000000000000e+05 9.412767172964890293e-05 3.229446524647501733e-04 4.949018646599878798e-04
1.022000000000000000e+05 1.353871037597170150e-04 4.759963578917065195e-04 5.130031870653101221e-04
1.023000000000000000e+05 1.408264834426867988e-04 4.816433787827022217e-04 5.042253059171810910e-04
1.024000000000000000e+05 1.391223106414464722e-04 3.999516848672691853e-04 4.697928719342197223e-04
1.025000000000000000e+05 1.245153963624523637e-04 3.702173958819989993e-04 4.542072377670800963e-04
1.026000000000000000e+05 1.635886235900711207e-04 4.829266540112565052e-04 4.892855124738355052e-04
1.027000000000000000e+05 1.148739450884247656e-04 3.501146395476052524e-04 4.827421789993781797e-04
1.028000000000000000e+05 1.124963533184612547e-04 3.326571941807841739e-04 4.755219051451945443e-04
1.029000000000000000e+05 9.252312167200987814e-05 3.006623106703785716e-04 4.719933972258843254e-04
1.030000000000000000e+05 7.054554844135486761e-05 2.110787025277808637e-04 4.551117631294818210e-04
1.031000000000000000e+05 1.057317617888208481e-04 2.844658472778051751e-04 4.852768933928495879e-04
1.032000000000000000e+05 1.048074105593952386e-04 3.379934296773677701e-04 5.169198100887048997e-04
1.033000000000000000e+05 1.335580525803992742e-04 4.156013792921423792e-04 5.026735897558996368e-04
1.034000000000000000e+05 8.276979012051535398e-05 3.044353735629438517e-04 4.461984510811528712e-04
1.035000000000000000e+05 1.835881898072002217e-04 5.218433037379121252e-04 4.353111186659210227e-04
1.036000000000000000e+05 1.664738210644568111e-04 6.079084904298587191e-04 4.934764831819646704e-04
1.037000000000000000e+05 1.544791713225223133e-04 5.718680564692595059e-04 5.262734596260787955e-04
1.038000000000000000e+05 1.512883130424711960e-04 5.125751302732330962e-04 5.008278511480502822e-04
1.039000000000000000e+05 1.182225628042981951e-04 3.773159412618913751e-04 4.622355123194319087e-04
1.040000000000000000e+05 1.379630277227680986e-04 3.599925559544615633e-04 4.735399777470682939e-04
1.041000000000000000e+05 1.372658730475850939e-04 4.252664280590889791e-04 4.725425089534135968e-04
1.042000000000000000e+05 1.213812580665977092e-04 4.194775891954224544e-04 4.573907140308904138e-04
1.043000000000000000e+05 1.744790940515098606e-04 5.940059029273109248e-04 4.746302134764272102e-04
1.044000000000000000e+05 1.582169586449537067e-04 6.085522298021849279e-04 5.019455074323158445e-04
1.045000000000000000e+05 1.164814140283769429e-04 4.302014473563086912e-04 4.656118478992857202e-04
1.046000000000000000e+05 1.248691548049215942e-04 4.043947485283191663e-04 4.548114618980999072e-04
1.047000000000000000e+05 1.555192885372232614e-04 6.151568573533002827e-04 4.801796190975967673e-04
1.048000000000000000e+05 1.532715855980975911e-04 5.751500636358021067e-04 4.931752192781139977e-04
1.049000000000000000e+05 1.554243567063404987e-04 5.607225927036024954e-04 5.099283563638706916e-04
1.050000000000000000e+05 1.718500117085002476e-04 6.636505266330272297e-04 5.234461168941381432e-04
1.051000000000000000e+05 1.572692093261518183e-04 5.315989140878368780e-04 4.941341932066671593e-04
1.052000000000000000e+05 1.277284502452726185e-04 4.278981083110600060e-04 4.625102307379504087e-04
1.053000000000000000e+05 1.094273561583920524e-04 4.169808241595745254e-04 4.524510337397054014e-04
1.054000000000000000e+05 1.472010812550592291e-04 4.776922777090925314e-04 4.647453019238086775e-04
1.055000000000000000e+05 1.807069824680525923e-04 6.589423427412026413e-04 5.076940750190295573e-04
1.056000000000000000e+05 2.194447653529734972e-04 8.056211059146200278e-04 5.468840885534610903e-04
1.057000000000000000e+05 1.947062224403581818e-04 6.769548620619634909e-04 5.244528953901991721e-04
1.058000000000000000e+05 1.497657207809191082e-04 4.959973862030933513e-04 4.943166769235522208e-04
1.059000000000000000e+05 1.113966370957846451e-04 3.793069531537957353e-04 4.726257385939605237e-04
1.060000000000000000e+05 8.732333140265709746e-05 3.244974638085467789e-04 4.549541071122599608e-04
1.061000000000000000e+05 1.123089182356689069e-04 3.797413395913217058e-04 4.740783671260491352e-04
1.062000000000000000e+05 1.469838623443401942e-04 5.368340203288780432e-04 5.085765936057322269e-04
1.063000000000000000e+05 1.864705328427000795e-04 6.995897902234299044e-04 5.489480310282134762e-04
1.064000000000000000e+05 1.966061785166523012e-04 7.338923487316706970e-04 5.608695637566779232e-04
1.065000000000000000e+05 2.160847895905780472e-04 7.543820431503082524e-04 5.658894170935878333e-04
1.066000000000000000e+05 2.172282339292273086e-04 6.889494442514186448e-04 5.492156112717270621e-04
1.067000000000000000e+05 1.816487037019525776e-04 5.323752364632420783e-04 4.998226424247428782e-04
1.068000000000000000e+05 1.267076554337484996e-04 4.010720293035621112e-04 4.820507260763113059e-04
1.069000000000000000e+05 7.166104933970857864e-05 2.706268145256282001e-04 4.608690472762362925e-04
1.070000000000000000e+05 7.101687258764024504e-05 2.220727784258918580e-04 4.744653805618209664e-04
1.071000000000000000e+05 1.098380994873689328e-04 3.353675310925530628e-04 5.293823765714193458e-04
1.072000000000000000e+05 1.345402106229635106e-04 4.350886313839909670e-04 5.714879160358650803e-04
1.073000000000000000e+05 1.038759159881676034e-04 3.172409394203903193e-04 5.370538677158937218e-04
1.074000000000000000e+05 7.763266494405858704e-05 2.416589920100657360e-04 5.155285590857566552e-04
1.075000000000000000e+05 9.059068889798790186e-05 2.874535686631004552e-04 5.309465489886446054e-04
1.076000000000000000e+05 1.610548268416152969e-04 4.703035052709674132e-04 5.984595212851189904e-04
1.077000000000000000e+05 2.077067624846385178e-04 5.720682011621190926e-04 6.139185356935633739e-04
1.078000000000000000e+05 1.483598384194812826e-04 3.800710165892640341e-04 5.707761774440816161e-04
1.079000000000000000e+05 1.142608721646762890e-04 2.258601943680680637e-04 5.597405463562345369e-04
1.080000000000000000e+05 1.629028453663307905e-04 4.305135447891187545e-04 6.116730077933425465e-04
1.081000000000000000e+05 2.494743906733402124e-04 5.613452916009443322e-04 6.439300781803595618e-04
1.082000000000000000e+05 2.727598753501439001e-04 6.408345441197577791e-04 7.069740592898772318e-04
1.083000000000000000e+05 2.839437634291925184e-04 7.486843734012605441e-04 7.581467107234461482e-04
1.084000000000000000e+05 3.203390501114327955e-04 8.929257380274895246e-04 8.169973475827081374e-04
1.085000000000000000e+05 2.227840968642182118e-04 6.216141496876690948e-04 7.287954787114708181e-04
1.086000000000000000e+05 1.622358135005786350e-04 4.427603905074266300e-04 6.458440301947539425e-04
1.087000000000000000e+05 1.806108104482052846e-04 4.898315052524155689e-04 6.273160058610343639e-04
1.088000000000000000e+05 1.804356090623311713e-04 4.443076721753072360e-04 6.083602322588771254e-04
1.089000000000000000e+05 2.200141137353135235e-04 5.664670567437858541e-04 6.542321365674694982e-04
1.090000000000000000e+05 2.020519307491549068e-04 5.305517456133388484e-04 6.540855913106069204e-04
1.091000000000000000e+05 1.038816204994794383e-04 2.813347042865084534e-04 5.819070738088169114e-04
1.092000000000000000e+05 1.301220757548446024e-04 3.728126096210837375e-04 5.670830257690220259e-04
1.093000000000000000e+05 1.858500807936336015e-04 5.760003731714850471e-04 6.089130088361689817e-04
1.094000000000000000e+05 1.748473957292034225e-04 5.008334147741925384e-04 6.120897209486947464e-04
1.095000000000000000e+05 1.552057519560315151e-04 4.433022904192270431e-04 6.290921964864739421e-04
1.096000000000000000e+05 1.637109735990380493e-04 5.448922716873433585e-04 6.752099368293020334e-04
1.097000000000000000e+05 1.853797463720475557e-04 6.700209883011388557e-04 7.106022227988960426e-04
1.098000000000000000e+05 2.264703260142397929e-04 7.319852027497281317e-04 7.092890074166704594e-04
1.099000000000000000e+05 2.599131898793018603e-04 8.029153320130717319e-04 7.098989289101984750e-04
1.100000000000000000e+05 2.520254955013864089e-04 7.763543636552534127e-04 6.997001397188151164e-04
1.101000000000000000e+05 2.026128271592230238e-04 6.614588615754884385e-04 6.792694901881478082e-04
1.102000000000000000e+05 1.653614235967590601e-04 6.034015165026167639e-04 6.456179830059982378e-04
1.103000000000000000e+05 1.666678217700912198e-04 6.022220879420000584e-04 6.353009609040684378e-04
1.104000000000000000e+05 1.635541376610266748e-04 5.482131439460132894e-04 6.086344579761840358e-04
1.105000000000000000e+05 1.532491041102575203e-04 4.136788482629575486e-04 5.462161510233549304e-04
1.106000000000000000e+05 1.404977608847956063e-04 3.686786097275253555e-04 5.166203171005119424e-04
1.107000000000000000e+05 1.549400451284125126e-04 4.350252520918658451e-04 5.275003358035784944e-04
1.108000000000000000e+05 1.525549163366749991e-04 4.701542905910401342e-04 5.283995813787252527e-04
1.109000000000000000e+05 1.480825493627666587e-04 4.669607514908063117e-04 5.315582479686509383e-04
1.110000000000000000e+05 1.516369615360466084e-04 5.086161326392376301e-04 5.506463471231797142e-04
1.111000000000000000e+05 1.669346103162032131e-04 5.383006156632825275e-04 5.609030296948296773e-04
1.112000000000000000e+05 1.732097325534489056e-04 5.280455495922940822e-04 5.305562930343924941e-04
1.113000000000000000e+05 1.541221707128911152e-04 4.438505114419753327e-04 4.976985738646677853e-04
1.114000000000000000e+05 1.618729659193440459e-04 4.498863774349607086e-04 5.088305853511126790e-04
1.115000000000000000e+05 1.322140427109735027e-04 3.660795793304850087e-04 5.015020050542940300e-04
1.116000000000000000e+05 1.001839724107863867e-04 2.971314402781820882e-04 5.051916557429583007e-04
1.117000000000000000e+05 6.986821226928759902e-05 2.294865757791452734e-04 5.047604239956154579e-04
1.118000000000000000e+05 6.010423938307109725e-05 1.637004429073992545e-04 4.775250991756414061e-04
1.119000000000000000e+05 1.774583787440408168e-05 5.585200633525974319e-05 4.587937181173225884e-04
1.120000000000000000e+05 1.523038026195872290e-05 2.226179774487670399e-05 4.665080552886652202e-04
1.121000000000000000e+05 2.188068134872375248e-05 5.424462470284176089e-05 5.030661643693060733e-04
1.122000000000000000e+05 5.025940730472454234e-05 1.451950807595410713e-04 5.652404166397003360e-04
1.123000000000000000e+05 5.670023363290373642e-05 1.862218941455167200e-04 5.814673651732666336e-04
1.124000000000000000e+05 5.174410670791165616e-05 1.619054109703741079e-04 5.492965522283919282e-04
1.125000000000000000e+05 2.546320091961155191e-05 6.489251152933699692e-05 4.647193788468151864e-04
1.126000000000000000e+05 3.322317145390346008e-05 9.576426416276644961e-05 4.740601542402553313e-04
1.127000000000000000e+05 3.276929306161700415e-05 8.868959613441031306e-05 4.786716247781820557e-04
1.128000000000000000e+05 1.446324876168089170e-05 2.692328492544254640e-05 4.715278196205330242e-04
1.129000000000000000e+05 5.641519421621719963e-05 1.202304538661116105e-04 4.826943767325319809e-04
1.130000000000000000e+05 5.156401696727863897e-05 1.239972650933099732e-04 4.890061767259289757e-04
1.131000000000000000e+05 4.456299529973656044e-05 1.454993963301826998e-04 4.879374553796698185e-04
1.132000000000000000e+05 4.908114139865127823e-05 1.131693598312204707e-04 4.511076266051369343e-04
1.133000000000000000e+05 3.168564081798699123e-05 8.796619608156583782e-05 4.784310128747386835e-04
1.134000000000000000e+05 2.486271599752456866e-05 8.488316591591724266e-05 4.730869011788448758e-04
1.135000000000000000e+05 4.516361074395408223e-06 8.740720393173202762e-06 4.481694986919979593e-04
1.136000000000000000e+05 1.457207303602690157e-05 4.436040502425357213e-05 4.395648182458034513e-04
1.137000000000000000e+05 4.909414946004401949e-05 1.280764431003871906e-04 4.409275003729267155e-04
1.138000000000000000e+05 1.435707169866577444e-05 2.798136765715857153e-05 4.299257375866693686e-04
1.139000000000000000e+05 3.400108061868249449e-05 6.270337062369416882e-05 4.633088758759687075e-04
1.140000000000000000e+05 6.541326693739434039e-05 1.330158098162975157e-04 4.840208395571149002e-04
1.141000000000000000e+05 4.794114869380761319e-05 8.616761980708684309e-05 4.246615187796079819e-04
1.142000000000000000e+05 7.184042036488330011e-05 1.420917842389916776e-04 4.393522524928566509e-04
1.143000000000000000e+05 5.053917936176832888e-05 8.372462805001545027e-05 4.754962227780739855e-04
1.144000000000000000e+05 2.695779010827636457e-05 4.882512441668421114e-05 4.929984618466849450e-04
1.145000000000000000e+05 3.765922603002309433e-05 6.094529750112336617e-05 4.828604014036184553e-04
1.146000000000000000e+05 3.208227666702203771e-05 5.792393053442244618e-05 4.326236829158688554e-04
1.147000000000000000e+05 3.431793524258180093e-05 7.164194684186804031e-05 3.883088337874587501e-04
1.148000000000000000e+05 3.140645301871221448e-05 5.424155725845282699e-05 3.727430515546007904e-04
1.149000000000000000e+05 6.348937162765238597e-06 1.738703963596508438e-05 3.680820657969701305e-04
1.150000000000000000e+05 2.199062177423821403e-05 3.713951444778092236e-05 3.675988001860773513e-04
1.151000000000000000e+05 2.102132502559549577e-05 4.772905638910008479e-05 3.832943205340920054e-04
1.152000000000000000e+05 4.205256527021496420e-05 7.661143427953141924e-05 3.867634438356970733e-04
1.153000000000000000e+05 2.399066918597637238e-05 4.664447529044901588e-05 4.063505257740819164e-04
1.154000000000000000e+05 3.178057106816072020e-05 6.096687495407959170e-05 4.302732568398855736e-04
1.155000000000000000e+05 3.295191309137847097e-05 7.583045032664395991e-05 4.332482588309245850e-04
1.156000000000000000e+05 6.067738786077537302e-05 9.422773148593882814e-05 4.424281952639118375e-04
1.157000000000000000e+05 2.357084322574144871e-05 4.603790117142585962e-05 4.452710072249906927e-04
1.158000000000000000e+05 3.555100855349849816e-05 7.379209259208670876e-05 4.415128150160682217e-04
1.159000000000000000e+05 3.674573898885781986e-05 7.721945067082049358e-05 4.585247489883344371e-04
1.160000000000000000e+05 3.153341105900458151e-05 5.948939441119556991e-05 5.091760608659321591e-04
1.161000000000000000e+05 3.082229649388511846e-05 7.639481469952304118e-05 5.106412991514501856e-04
1.162000000000000000e+05 6.924534603744322532e-05 1.188246207007124123e-04 4.690694462831369285e-04
1.163000000000000000e+05 5.319252396937670458e-05 8.873986409564367604e-05 4.494085052091232246e-04
1.164000000000000000e+05 5.283082460912774669e-05 9.316240297586821009e-05 4.241164120188293629e-04
1.165000000000000000e+05 2.798425308810667360e-05 6.343277941260947036e-05 4.263471384538480391e-04
1.166000000000000000e+05 2.500192788493059296e-05 4.344133933991339369e-05 4.597264883038035699e-04
1.167000000000000000e+05 1.814994002099519889e-05 3.475676134552714049e-05 4.360909195480743841e-04
1.168000000000000000e+05 5.378887320891493230e-05 8.927191332436126923e-05 3.970687448172774479e-04
1.169000000000000000e+05 3.485938695581768890e-05 7.074118848708941349e-05 3.917206603497090200e-04
1.170000000000000000e+05 3.396267315117700936e-05 6.415910206895321767e-05 3.654465224534079668e-04
1.171000000000000000e+05 4.033458129669084680e-05 7.954830208001327074e-05 3.491316396890626543e-04
1.172000000000000000e+05 3.511825241143447110e-05 5.907069136134245838e-05 3.600225253894949744e-04
1.173000000000000000e+05 3.213061460542325542e-05 6.740564344076484422e-05 3.844229840981045875e-04
1.174000000000000000e+05 2.732727634336757283e-05 5.681183091324509176e-05 4.192795854451993130e-04
1.175000000000000000e+05 1.170950657085009262e-05 3.924880895260615590e-05 5.034491996988721277e-04
1.176000000000000000e+05 1.053314374003410563e-04 1.639772339180854688e-04 4.870785675445167551e-04
1.177000000000000000e+05 1.496679989279376842e-04 2.258304480926729904e-04 4.128607999098899816e-04
1.178000000000000000e+05 1.297101883523867235e-04 1.981670033618541861e-04 3.383628409444408027e-04
1.179000000000000000e+05 6.138381651616525974e-05 1.008784119929133014e-04 2.998829878412494600e-04
1.180000000000000000e+05 3.515022866979556964e-05 5.959336645140918525e-05 2.839068182775690780e-04
1.181000000000000000e+05 5.671960468493065068e-05 8.909163454324506076e-05 2.651329697048435585e-04
1.182000000000000000e+05 6.665452149918075554e-05 1.030177589426801651e-04 2.427049333697558326e-04
1.183000000000000000e+05 5.136043858529744334e-05 7.846697184646725127e-05 2.227397478664089477e-04
1.184000000000000000e+05 3.316987161859882350e-05 5.726757348195024751e-05 2.132059938417382380e-04
1.185000000000000000e+05 3.884097535308535330e-05 6.556315555314676138e-05 2.107458993634587900e-04
1.186000000000000000e+05 3.327362364658186401e-05 5.083632271063348346e-05 2.252961325982628742e-04
1.187000000000000000e+05 4.746985552499829964e-05 7.709367347412049497e-05 2.097768725319183855e-04
1.188000000000000000e+05 4.627751227672074921e-05 7.006727007125273382e-05 2.012950946385304004e-04
1.189000000000000000e+05 4.147842982214097166e-05 6.166891400116559867e-05 2.010160284728683378e-04
1.190000000000000000e+05 3.909444098307483339e-05 6.710111780101587001e-05 1.991098882687405112e-04
1.191000000000000000e+05 3.612205774540131961e-05 6.190719368830401785e-05 2.002904012054437268e-04
1.192000000000000000e+05 4.197734816172702288e-05 6.421870407225451914e-05 2.001744453687577269e-04
1.193000000000000000e+05 3.473272323721259664e-05 5.665884896304798548e-05 2.052527876105274490e-04
1.194000000000000000e+05 5.593305886185986594e-05 9.713786634151389682e-05 2.049174626626742209e-04
1.195000000000000000e+05 6.361218302636313551e-05 9.985989285766090065e-05 2.036526470511468691e-04
1.196000000000000000e+05 5.374338193415257540e-05 7.618262703233954027e-05 1.986684648544076687e-04
1.197000000000000000e+05 4.186471621657602768e-05 6.403346096456888565e-05 1.909391318619633202e-04
1.198000000000000000e+05 5.597280678377522935e-05 8.703729279982270442e-05 1.973267390233546660e-04
1.199000000000000000e+05 5.050535050763239084e-05 7.729558515294054476e-05 2.167625070556605978e-04
