9.000000000000000000e+04 1.028076387010044617e-03 1.636880507479097002e-03 1.028076387010044617e-03
9.010000000000000000e+04 3.073929851362455778e-02 1.224170398570638835e-01 3.230809714931256321e-02
9.020000000000000000e+04 9.376278351339445427e-02 3.742678024458599428e-01 9.533174107189563984e-02
9.030000000000000000e+04 9.518880905900323208e-02 3.792952747304227934e-01 9.622351666891644506e-02
9.040000000000000000e+04 9.421496708283337573e-02 3.764329569104468698e-01 9.582673304734554143e-02
9.050000000000000000e+04 9.454355734714309234e-02 3.774290178420755537e-01 9.624214973153971675e-02
9.060000000000000000e+04 9.441912484556391760e-02 3.768095515372344995e-01 9.585013002524943315e-02
9.070000000000000000e+04 9.633705767772271500e-02 3.844247563992184147e-01 9.733555078148109496e-02
9.080000000000000000e+04 9.541218063025351526e-02 3.809224062489591778e-01 9.637767560797351474e-02
9.090000000000000000e+04 9.469835549492763849e-02 3.781292206145095980e-01 9.572459488045656495e-02
9.100000000000000000e+04 9.566738338743595305e-02 3.820282450319367196e-01 9.678092024191814469e-02
9.110000000000000000e+04 9.570678148550136599e-02 3.821183123220427413e-01 9.690236522344822245e-02
9.120000000000000000e+04 9.572074999240128002e-02 3.824021617534524853e-01 9.694337437748413999e-02
9.130000000000000000e+04 9.538939857120529164e-02 3.811087533492863999e-01 9.673675097073188012e-02
9.140000000000000000e+04 9.646798829612869552e-02 3.851770514869148898e-01 9.774796301268719179e-02
9.150000000000000000e+04 9.583985799103041103e-02 3.826846745823136997e-01 9.717981836603001300e-02
9.160000000000000000e+04 9.594590120653526122e-02 3.831309934479231738e-01 9.734167509196126056e-02
9.170000000000000000e+04 9.565113154289550668e-02 3.821380241756390239e-01 9.712623463859090811e-02
9.180000000000000000e+04 9.539511002952702490e-02 3.806967460734053676e-01 9.682268601289199805e-02
9.190000000000000000e+04 9.494299710685551175e-02 3.789262633808684888e-01 9.650785563401610700e-02
9.200000000000000000e+04 9.588333008784001577e-02 3.826807339709604183e-01 9.788418850185383324e-02
9.210000000000000000e+04 9.598382530261279078e-02 3.828770591763054898e-01 9.835112520233045552e-02
9.220000000000000000e+04 9.472738212195580543e-02 3.778787122223365436e-01 9.723615651638967128e-02
9.230000000000000000e+04 9.528693670019058870e-02 3.797469396408518216e-01 9.778901034418072125e-02
9.240000000000000000e+04 9.499488693325816580e-02 3.787654496794674031e-01 9.753559675009809693e-02
9.250000000000000000e+04 9.656452434787657357e-02 3.850597104843375695e-01 9.903780304760069486e-02
9.260000000000000000e+04 9.623514547669076435e-02 3.837940790812499059e-01 9.873452970504627280e-02
9.270000000000000000e+04 9.491759537425274729e-02 3.784359172101340318e-01 9.741487411271912422e-02
9.280000000000000000e+04 9.686275121093018692e-02 3.864435431698974854e-01 9.939676864067784057e-02
9.290000000000000000e+04 9.575262391118846694e-02 3.815374879923766893e-01 9.813856626228074920e-02
9.300000000000000000e+04 9.630689731983121948e-02 3.837489003843637669e-01 9.883500499210817747e-02
9.310000000000000000e+04 9.683541402719308966e-02 3.859547079778941625e-01 9.918717239031764332e-02
9.320000000000000000e+04 9.568812447234903429e-02 3.815291459905206795e-01 9.800133826309358198e-02
9.330000000000000000e+04 9.659113887911409402e-02 3.852860758671057262e-01 9.892672920501703604e-02
9.340000000000000000e+04 9.679846486738599709e-02 3.862539770752314583e-01 9.927463487575553802e-02
9.350000000000000000e+04 9.638890213806020069e-02 3.842686169360791104e-01 9.869476464282933570e-02
9.360000000000000000e+04 9.697946664227942437e-02 3.866651057194456786e-01 9.936441308881883983e-02
9.370000000000000000e+04 9.778351187201389516e-02 3.893931861929031957e-01 1.001919377582544679e-01
9.380000000000000000e+04 9.495058680829121522e-02 3.785806133836410181e-01 9.745403766987398297e-02
9.390000000000000000e+04 9.724439303229447107e-02 3.873845996928380608e-01 9.965600714513195291e-02
9.400000000000000000e+04 9.649393772207590092e-02 3.849490225823264944e-01 9.883855988589383690e-02
9.410000000000000000e+04 9.695299090440161194e-02 3.866895366089163066e-01 9.944588897356314294e-02
9.420000000000000000e+04 9.763948831937817319e-02 3.895045302024133793e-01 1.002406721996823152e-01
9.430000000000000000e+04 9.745305120374618546e-02 3.885009694921082724e-01 9.996389410053482805e-02
9.440000000000000000e+04 9.780735896892654713e-02 3.900732724363980553e-01 1.002414298247643332e-01
9.450000000000000000e+04 9.708988085567826776e-02 3.870076232775481739e-01 9.935868013834489587e-02
9.460000000000000000e+04 9.959710622761770715e-02 3.968785018861008540e-01 1.018538830035619208e-01
9.470000000000000000e+04 9.722379723301427523e-02 3.883090922340782236e-01 9.963035829922120556e-02
9.480000000000000000e+04 9.871738507335270363e-02 3.936500989231154213e-01 1.010529991553032053e-01
9.490000000000000000e+04 9.680685932123711535e-02 3.862319571010088270e-01 9.911043884720315000e-02
9.500000000000000000e+04 9.813371586277791492e-02 3.916072000235240602e-01 1.004985401608099599e-01
9.510000000000000000e+04 9.751737764218741666e-02 3.892198467206624546e-01 9.982784679753188561e-02
9.520000000000000000e+04 9.917602095606729840e-02 3.955108034607849321e-01 1.014570565385817524e-01
9.530000000000000000e+04 8.847485977437705845e-04 1.482489297605937319e-03 2.506775390246694917e-03
9.540000000000000000e+04 1.123588634833650075e-03 1.807327052260925253e-03 2.694503571571484155e-03
9.550000000000000000e+04 4.499019489472197951e-04 8.512729636889608022e-04 3.064599974483939171e-03
9.560000000000000000e+04 1.373790407874843009e-03 2.198710386303952356e-03 2.492153329751805712e-03
9.570000000000000000e+04 2.728084951635432326e-04 5.508327048664930954e-04 2.877771312519648936e-03
9.580000000000000000e+04 1.101824274801187177e-03 1.839985875317416133e-03 2.500185036233630066e-03
9.590000000000000000e+04 7.400635608486132166e-04 1.579754944734185033e-03 2.740729179752947678e-03
9.600000000000000000e+04 3.779376510625485561e-04 8.761012170762205037e-04 2.747172599427171510e-03
9.610000000000000000e+04 5.920683177846148768e-04 1.117304899039794387e-03 2.773981463634865759e-03
9.620000000000000000e+04 5.492136728092052687e-04 1.057597530785824979e-03 2.765455744870577975e-03
9.630000000000000000e+04 4.939409657058711767e-04 8.017351625624548513e-04 2.780369100539492513e-03
9.640000000000000000e+04 2.788480049744569873e-04 6.253555919269889428e-04 2.897617240290027794e-03
9.650000000000000000e+04 6.432342846346282735e-04 1.262931040471551580e-03 2.877042170318684297e-03
9.660000000000000000e+04 7.325906164188868315e-04 1.437310777192654220e-03 3.088084201149105673e-03
9.670000000000000000e+04 4.131829122772942911e-04 7.982181027224527839e-04 3.142229615310597468e-03
9.680000000000000000e+04 3.413371697844340587e-04 8.146164797024494156e-04 2.960418549987542738e-03
9.690000000000000000e+04 5.037979152278022378e-04 9.072068443785122338e-04 2.807307044269398248e-03
9.700000000000000000e+04 3.681934624158111034e-04 5.821840637206163703e-04 2.885274918780176678e-03
9.710000000000000000e+04 4.762960480163922622e-04 6.818566650436913394e-04 3.071549322448158693e-03
9.720000000000000000e+04 2.977998343601565533e-04 8.221524630512254406e-04 2.924373054464121224e-03
9.730000000000000000e+04 3.793412788000356285e-04 8.236702090710615494e-04 2.918165048681523564e-03
9.740000000000000000e+04 4.149564914270160131e-04 7.671684300390954094e-04 2.890145955442108457e-03
9.750000000000000000e+04 3.761632758085753023e-04 9.751537901410930499e-04 2.983326748576643501e-03
9.760000000000000000e+04 3.908704961157285530e-04 7.565462620572824259e-04 2.949407722851070043e-03
9.770000000000000000e+04 2.973240885389954319e-04 8.223939264119534825e-04 3.013501882436488057e-03
9.780000000000000000e+04 3.533586253081613844e-04 6.344608368035885466e-04 3.055671405641563997e-03
9.790000000000000000e+04 4.467529369630686767e-04 7.306591660691417675e-04 3.197756504008210550e-03
9.800000000000000000e+04 4.325992033922462787e-04 9.132425798027087559e-04 2.950788354103442510e-03
9.810000000000000000e+04 3.816645667215350264e-04 8.353900056196086020e-04 3.080454842706865926e-03
9.820000000000000000e+04 3.177577321354508981e-04 6.722480582061146973e-04 3.285351781585626671e-03
9.830000000000000000e+04 5.205411440562584743e-04 8.456022177314248892e-04 3.057654318353010547e-03
9.840000000000000000e+04 3.924450522144714085e-04 9.941819502768192707e-04 3.054238083890290032e-03
9.850000000000000000e+04 5.121035762522428356e-04 9.875795931553635158e-04 2.982194498996571137e-03
9.860000000000000000e+04 4.319858462051183109e-04 9.483090166498213229e-04 3.048642684035525550e-03
9.870000000000000000e+04 3.685729195458255052e-04 7.916194190585815887e-04 3.322895033510017433e-03
9.880000000000000000e+04 4.348694345094280579e-04 6.994570616489182921e-04 3.431539883248263968e-03
9.890000000000000000e+04 4.785848505379037762e-04 1.084349667700571559e-03 3.272728792890517054e-03
9.900000000000000000e+04 3.298803886937168132e-04 7.485454965732341211e-04 3.572357361215530540e-03
9.910000000000000000e+04 7.900151444366699041e-04 1.633202117709758004e-03 3.449745729566512827e-03
9.920000000000000000e+04 3.948999533524601147e-04 9.569221960472229678e-04 3.480386573972383320e-03
9.930000000000000000e+04 3.132226802518662742e-04 9.902518749962639644e-04 3.694482699048626945e-03
9.940000000000000000e+04 4.400052562518646029e-04 9.470183851767459589e-04 3.706628359270170477e-03
9.950000000000000000e+04 2.802954776304931658e-04 8.567740413189038444e-04 3.784138026864648351e-03
9.960000000000000000e+04 5.456549936616031035e-04 1.328302433233648563e-03 3.742636426364295138e-03
9.970000000000000000e+04 5.005008973043060215e-04 1.193979144467826551e-03 3.651722674444955220e-03
9.980000000000000000e+04 2.522646177213691554e-04 8.133495799140821360e-04 3.768086501453965943e-03
9.990000000000000000e+04 6.868838527592235899e-04 1.346317501974874948e-03 3.608829036479049412e-03
1.000000000000000000e+05 2.370274493137744520e-04 8.414631095126591173e-04 3.513911239842925673e-03
1.001000000000000000e+05 3.877986429529169977e-04 1.146380688133736420e-03 3.738850355344101959e-03
1.002000000000000000e+05 3.303207935977225257e-04 1.003516074223620175e-03 3.604262019338638334e-03
1.003000000000000000e+05 6.892679827830328239e-04 1.562973662402806271e-03 3.461488237438678506e-03
1.004000000000000000e+05 2.826478862398692712e-04 9.717299514479431702e-04 3.694721489542668325e-03
1.005000000000000000e+05 2.557573816793440660e-04 7.875026254391911430e-04 3.716198938732119799e-03
1.006000000000000000e+05 3.581495360857095585e-04 1.123814771488394326e-03 3.656023197020460275e-03
1.007000000000000000e+05 2.703395700733492862e-04 9.805607285908912903e-04 3.769290447926777494e-03
1.008000000000000000e+05 3.221249400888106379e-04 9.942616433605529561e-04 3.940469701750490446e-03
1.009000000000000000e+05 7.656681535202023575e-04 1.497280529811983920e-03 3.749845364853826319e-03
1.010000000000000000e+05 6.214320760068170468e-04 1.360535915529391838e-03 3.716089566456230123e-03
1.011000000000000000e+05 3.438154419477127202e-04 8.650762507430740864e-04 3.744972251809782285e-03
1.012000000000000000e+05 4.961352599042148821e-04 1.342347825834279678e-03 3.753125722857532896e-03
1.013000000000000000e+05 4.904669190148548338e-04 1.359800019268095350e-03 4.061020809464403747e-03
1.014000000000000000e+05 2.716051873616186912e-04 8.614843224310168163e-04 3.923341222922017979e-03
1.015000000000000000e+05 3.727637975097937949e-04 9.701200283989061535e-04 3.834596225892466636e-03
1.016000000000000000e+05 4.162263715316249189e-04 7.659272910792171672e-04 3.602943732028394443e-03
1.017000000000000000e+05 3.657980354076495466e-04 7.714918161465687471e-04 3.636708536917557938e-03
1.018000000000000000e+05 4.962099170120939234e-04 1.265430547889488666e-03 3.747025014325185317e-03
1.019000000000000000e+05 5.731695259338417253e-04 1.129337990354844796e-03 3.726312662673420765e-03
1.020000000000000000e+05 6.851386357713323480e-04 1.509881180160983598e-03 3.891297329763114543e-03
1.021000000000000000e+05 7.284494631125937834e-04 1.438109491611623287e-03 4.070748240405165294e-03
1.022000000000000000e+05 3.892571757679271806e-04 1.094117402931765130e-03 3.991469067617128136e-03
1.023000000000000000e+05 4.002256583907782411e-04 1.054704359003111151e-03 3.944868056274819686e-03
1.024000000000000000e+05 8.226360339420248254e-04 1.402011127848001599e-03 4.054454102875423328e-03
1.025000000000000000e+05 6.169564775086395017e-04 1.156842940196046825e-03 3.985201997554612546e-03
1.026000000000000000e+05 9.226892422467825039e-04 1.731577899386657800e-03 4.052898994328934384e-03
1.027000000000000000e+05 5.391242040617967406e-04 1.268682692198015195e-03 3.796536962156379837e-03
1.028000000000000000e+05 4.364978384505005353e-04 1.044300945416176945e-03 3.866488149867689829e-03
1.029000000000000000e+05 6.162555509295584988e-04 1.327024740350509630e-03 4.083041967755720106e-03
1.030000000000000000e+05 4.775075464623652205e-04 1.177136235474202704e-03 3.733306509604759470e-03
1.031000000000000000e+05 4.272157456811083269e-04 1.196710608687837248e-03 3.894021236600186172e-03
1.032000000000000000e+05 3.662610865015326032e-04 1.050127794301208232e-03 4.046612041531979891e-03
1.033000000000000000e+05 1.977919433282558995e-04 7.595498136216249224e-04 4.142247309276919122e-03
1.034000000000000000e+05 3.010326556555889717e-04 7.556343485669568018e-04 3.873841439684977059e-03
1.035000000000000000e+05 7.722285208678174306e-04 1.396283157332241752e-03 3.813472807893737195e-03
1.036000000000000000e+05 7.498353772861371391e-04 1.433186923297552918e-03 3.778454722328696957e-03
1.037000000000000000e+05 3.647382096258321854e-04 8.422892946538052331e-04 3.682746850998928206e-03
1.038000000000000000e+05 2.393997413119687903e-04 7.564384854090522650e-04 3.864564548335004159e-03
1.039000000000000000e+05 6.000000020341513321e-04 1.408445617698544147e-03 3.714783759652897591e-03
1.040000000000000000e+05 2.321979955125655706e-04 6.320435239709955993e-04 3.598378894254600224e-03
1.041000000000000000e+05 5.640831047050735500e-04 1.256756881154609713e-03 3.700885506929697116e-03
1.042000000000000000e+05 6.082520312761848652e-04 1.295873181720130600e-03 3.686075372032769637e-03
1.043000000000000000e+05 5.083368653280642691e-04 1.042066200934178496e-03 3.776517473107703256e-03
1.044000000000000000e+05 7.722054434671598959e-04 1.515362815627246864e-03 3.759682925725287526e-03
1.045000000000000000e+05 7.457005508993484570e-04 1.617337643355559306e-03 3.899474209521740231e-03
1.046000000000000000e+05 5.606052047195234957e-04 1.172047267213498136e-03 3.856079425764264226e-03
1.047000000000000000e+05 3.015318498352050937e-04 9.136659114200415717e-04 3.807530572761211665e-03
1.048000000000000000e+05 4.034380125073839043e-04 1.057106745911941953e-03 3.973650194989148537e-03
1.049000000000000000e+05 4.875916631702395358e-04 1.352190799350481715e-03 4.051517660415512347e-03
1.050000000000000000e+05 5.238677612659906925e-04 1.286008269215303205e-03 3.960461235139413338e-03
1.051000000000000000e+05 9.551610717697081761e-04 1.613713152001235943e-03 4.312723968949301948e-03
1.052000000000000000e+05 9.094423867303047873e-04 1.581908700726630292e-03 4.150323794040578114e-03
1.053000000000000000e+05 7.947192390035319638e-04 1.545239681320213689e-03 4.060716901893164990e-03
1.054000000000000000e+05 6.243670573461029306e-04 1.517638003247903222e-03 4.054832073265900692e-03
1.055000000000000000e+05 4.747323673052589697e-04 1.100157711865837589e-03 4.000184393060136900e-03
1.056000000000000000e+05 5.647889624823031543e-04 1.172516644499826954e-03 3.937929847979429465e-03
1.057000000000000000e+05 7.476036739949092590e-04 1.539042474956218900e-03 4.003496571392588244e-03
1.058000000000000000e+05 6.724700577367911415e-04 1.515279400886491556e-03 4.165284060470120231e-03
1.059000000000000000e+05 3.900145345549104782e-04 1.083975308650093807e-03 4.216235783311121296e-03
1.060000000000000000e+05 5.085939255640437029e-04 1.107798750048558101e-03 4.148868165626960064e-03
1.061000000000000000e+05 5.657731690038646059e-04 1.200859954969671784e-03 4.137522769295846892e-03
1.062000000000000000e+05 6.582249300364157243e-04 1.347309796255820487e-03 3.976021325960811884e-03
1.063000000000000000e+05 6.971931015331465052e-04 1.463307464646339696e-03 3.935085084721312923e-03
1.064000000000000000e+05 5.495132578708251253e-04 1.095269378723345496e-03 3.884519437419607819e-03
1.065000000000000000e+05 7.711840179763819469e-04 1.285474841128776864e-03 3.953198847203521528e-03
1.066000000000000000e+05 7.948173606364982748e-04 1.609710956840765348e-03 4.156006998618986398e-03
1.067000000000000000e+05 4.314513117991045608e-04 9.937463827738826812e-04 4.150545370034626480e-03
1.068000000000000000e+05 6.855008675461325002e-04 1.530637352725784835e-03 4.238946261187888538e-03
1.069000000000000000e+05 1.050838132838426142e-03 2.909790335736016885e-03 4.640249552980318590e-03
1.070000000000000000e+05 1.003576697373202101e-03 2.252475354198764813e-03 4.315357151049060980e-03
1.071000000000000000e+05 4.077179650195817545e-04 1.289039956122585255e-03 4.411419325995179393e-03
1.072000000000000000e+05 5.157229882567140183e-04 1.410481142385472224e-03 4.473073989844725436e-03
1.073000000000000000e+05 5.839318645007507066e-04 1.370550611448295535e-03 4.394247086383645459e-03
1.074000000000000000e+05 5.801203249301209453e-04 1.463648899627818106e-03 4.485060825042159506e-03
1.075000000000000000e+05 5.703530862971473853e-04 1.402948640898351966e-03 4.474592367089929960e-03
1.076000000000000000e+05 8.089946180122624050e-04 2.396243431541556987e-03 4.572460673385694840e-03
1.077000000000000000e+05 6.332161591312700406e-04 1.357577498545232009e-03 4.285517419453909078e-03
1.078000000000000000e+05 8.054822613646197768e-04 2.031806874534324014e-03 4.444626307270009916e-03
1.079000000000000000e+05 7.967150104076568644e-04 1.976501478519355082e-03 4.487656226977457252e-03
1.080000000000000000e+05 6.849405872873539323e-04 1.356485072945131428e-03 4.287414321736732550e-03
1.081000000000000000e+05 6.692878640562577135e-04 1.790957462195448286e-03 4.327752682518628234e-03
1.082000000000000000e+05 5.525789522754197269e-04 1.130136634082692937e-03 4.164678423809030187e-03
1.083000000000000000e+05 6.517262649487604552e-04 1.707268159656834695e-03 4.215651638519109928e-03
1.084000000000000000e+05 4.800752933262646995e-04 1.120147608293751030e-03 4.193707054838600318e-03
1.085000000000000000e+05 4.536795923328193134e-04 7.957363614255882553e-04 4.190334597520955009e-03
1.086000000000000000e+05 9.352190776018374369e-04 1.689177565099943441e-03 4.213975558160644452e-03
1.087000000000000000e+05 8.689050620603131631e-04 1.619901278291164398e-03 4.191204516635009536e-03
1.088000000000000000e+05 7.235283678975802137e-04 1.403303689412350400e-03 4.367136956854637819e-03
1.089000000000000000e+05 6.825321721839242538e-04 1.579868705807426724e-03 4.365861338527726211e-03
1.090000000000000000e+05 5.863980628965249214e-04 1.445636098027097867e-03 4.597856331392605189e-03
1.091000000000000000e+05 5.372376515613693990e-04 1.270737385058671662e-03 4.550300808821907197e-03
1.092000000000000000e+05 5.615294306996138421e-04 1.301553701857356520e-03 4.605690546486018722e-03
1.093000000000000000e+05 5.710788838137279694e-04 1.241725555038510759e-03 4.555403787189305463e-03
1.094000000000000000e+05 2.556725198889983619e-04 4.745958731849925921e-04 4.314201918608207877e-03
1.095000000000000000e+05 9.279113487281670167e-04 1.802681537139412364e-03 4.492055287314659917e-03
1.096000000000000000e+05 6.337606352674997681e-04 1.544670129910511759e-03 4.413276476184413780e-03
1.097000000000000000e+05 5.158295911251585715e-04 1.118639151130354590e-03 4.282123129701559047e-03
1.098000000000000000e+05 5.965937247196686881e-04 1.350639517368116497e-03 4.194184158273443069e-03
1.099000000000000000e+05 4.147700862021197303e-04 1.163040580375581962e-03 4.235119166734155859e-03
1.100000000000000000e+05 4.705648091788568708e-04 1.100750199477550529e-03 4.352866827550547560e-03
1.101000000000000000e+05 4.285201120867668939e-04 9.665859811168716134e-04 4.262039580182206550e-03
1.102000000000000000e+05 5.032832326821510931e-04 1.099736281675325455e-03 4.275442271654694357e-03
1.103000000000000000e+05 7.233200656708311388e-04 1.416727551275696537e-03 4.233194106584074919e-03
1.104000000000000000e+05 1.030829225306944576e-03 2.032973292960699521e-03 4.090994903872766271e-03
1.105000000000000000e+05 6.357951882928550291e-04 1.201506852502512782e-03 3.941581910107540103e-03
1.106000000000000000e+05 5.068406131858941427e-04 1.041406785388882331e-03 4.001070980857453219e-03
1.107000000000000000e+05 7.927889127544943820e-04 1.451564820477078445e-03 4.181082684285452114e-03
1.108000000000000000e+05 4.992711050629834030e-04 1.091769151672823852e-03 4.063113510125185290e-03
1.109000000000000000e+05 2.567841929376197922e-04 7.821668739250672332e-04 4.111481021245567968e-03
1.110000000000000000e+05 4.738154513797814688e-04 1.092443245064141089e-03 4.262229720965531390e-03
1.111000000000000000e+05 5.751259600581637259e-04 1.118917519337388287e-03 4.176074396987685886e-03
1.112000000000000000e+05 6.050661636559117630e-04 1.384907540510582364e-03 4.316496233219663595e-03
1.113000000000000000e+05 8.260358952221907858e-04 1.532848886010955425e-03 4.305372093340553187e-03
1.114000000000000000e+05 6.997333799853944040e-04 1.441941621284312160e-03 4.216528393320967578e-03
1.115000000000000000e+05 6.777057670235438723e-04 1.273743250842398426e-03 4.319757231719632655e-03
1.116000000000000000e+05 5.910928295557900392e-04 1.140053787014251759e-03 4.426769705492216399e-03
1.117000000000000000e+05 4.114607397032303028e-04 9.792777877460274484e-04 4.311488251932256779e-03
1.118000000000000000e+05 4.974530324314899166e-04 1.037564638407044611e-03 4.236389583582221736e-03
1.119000000000000000e+05 5.229150250356043306e-04 1.309192001959376926e-03 4.131235073931890586e-03
1.120000000000000000e+05 7.123280447632624607e-04 1.350904626252862062e-03 4.013371284278113155e-03
1.121000000000000000e+05 6.092908311066107946e-04 1.399203923678733232e-03 4.168776731103517909e-03
1.122000000000000000e+05 6.920053424795697544e-04 1.357578159654804911e-03 4.361866605965597846e-03
1.123000000000000000e+05 7.233977829341703761e-04 1.264629821698552703e-03 4.570759940379373089e-03
1.124000000000000000e+05 6.793886255201829136e-04 1.345141713348892328e-03 4.482156378436999780e-03
1.125000000000000000e+05 6.036476692252521620e-04 1.511374643237442701e-03 4.381632962231918164e-03
1.126000000000000000e+05 4.096422375006467456e-04 9.377041841661095875e-04 4.291003732050852927e-03
1.127000000000000000e+05 6.020243042538270424e-04 1.411358904921285618e-03 4.441913806626110114e-03
1.128000000000000000e+05 3.964314491492967885e-04 7.611842766649936851e-04 4.307468646784265096e-03
1.129000000000000000e+05 5.756644150422653497e-04 1.241385961928457259e-03 4.409724290290809035e-03
1.130000000000000000e+05 4.262145551579762937e-04 9.876386210090522255e-04 4.427149456193955890e-03
1.131000000000000000e+05 7.897683799587846415e-04 1.538316499193346891e-03 4.421024262415512024e-03
1.132000000000000000e+05 2.726777235835791541e-04 8.026762744182264209e-04 4.306234032715551552e-03
1.133000000000000000e+05 3.521228143265149255e-04 9.035527228520136636e-04 4.100773630185336471e-03
1.134000000000000000e+05 8.025053932760165855e-04 1.310679448846862379e-03 4.371321485353809287e-03
1.135000000000000000e+05 5.967512555489283381e-04 1.397118782404020623e-03 4.344431108777265134e-03
1.136000000000000000e+05 5.784398142349026287e-04 1.152241042406947774e-03 4.108177623463328022e-03
1.137000000000000000e+05 5.170577511552148717e-04 1.154152074209512970e-03 4.259356007815205680e-03
1.138000000000000000e+05 6.646648743713927041e-04 1.339735321411692284e-03 4.476980631630152890e-03
1.139000000000000000e+05 8.549578604216453298e-04 1.553209042378873687e-03 4.498370398691003622e-03
1.140000000000000000e+05 7.949354392550751075e-04 1.570978923084909509e-03 4.610555661581670212e-03
1.141000000000000000e+05 5.749498319605420710e-04 1.533834502758087311e-03 4.549313499094636420e-03
1.142000000000000000e+05 4.284184517616422723e-04 1.029240331273076955e-03 4.195870767973756618e-03
1.143000000000000000e+05 6.987073359165634628e-04 1.602225742317998393e-03 4.317884972667883868e-03
1.144000000000000000e+05 4.708779177303064334e-04 1.162169351271617919e-03 4.379253199223354445e-03
1.145000000000000000e+05 5.854333710791173075e-04 1.297624718534516868e-03 4.473762754294370071e-03
1.146000000000000000e+05 5.268830613208643106e-04 1.095700839638306164e-03 4.251247343994526105e-03
1.147000000000000000e+05 7.034934397298579084e-04 1.491098601818244274e-03 4.231123136272929401e-03
1.148000000000000000e+05 4.170319485056524916e-04 9.133178057283393783e-04 4.397900154657922479e-03
1.149000000000000000e+05 5.277594005760658478e-04 8.299038171768065818e-04 4.288671930413866587e-03
1.150000000000000000e+05 4.919491580595222735e-04 1.300071247496334056e-03 4.488529435064973414e-03
1.151000000000000000e+05 6.049072734484782846e-04 1.327544061340641714e-03 4.455294572948438094e-03
1.152000000000000000e+05 5.333510240255823556e-04 1.192829352815189675e-03 4.306094196332754635e-03
1.153000000000000000e+05 3.051811448553628028e-04 5.939785142160701123e-04 4.127975738364455388e-03
1.154000000000000000e+05 8.338335666104230472e-04 1.409342481291760412e-03 4.521119549998658255e-03
1.155000000000000000e+05 5.397646773786781912e-04 1.056052987414790589e-03 4.436742181642156641e-03
1.156000000000000000e+05 8.834810529423585933e-04 2.176492079635004243e-03 4.783403419332323513e-03
1.157000000000000000e+05 6.895310001701340438e-04 1.443736277870757805e-03 4.641318322767288770e-03
1.158000000000000000e+05 5.524282160235425773e-04 1.218697481449352096e-03 4.542016555222116829e-03
1.159000000000000000e+05 7.480115494516554296e-04 1.526218307049700528e-03 4.574405368889770430e-03
1.160000000000000000e+05 6.851445160599729106e-04 1.019422084271667632e-03 4.588187532765816354e-03
1.161000000000000000e+05 7.481402177002046544e-04 1.351041720011739340e-03 4.907362133815991456e-03
1.162000000000000000e+05 9.359095105903429690e-04 2.180207828423752318e-03 4.903543705461805083e-03
1.163000000000000000e+05 7.081585661052845759e-04 1.560105628331878713e-03 4.759630737415858348e-03
1.164000000000000000e+05 6.542561012439860463e-04 1.266462423169344501e-03 4.600169413693059282e-03
1.165000000000000000e+05 8.337941327376859751e-04 1.885276956600686650e-03 4.698587278211054617e-03
1.166000000000000000e+05 4.075762799050260121e-04 9.825376029378996012e-04 4.507596825551631395e-03
1.167000000000000000e+05 8.051870331963239050e-04 1.884859504958103123e-03 4.607848282497547382e-03
1.168000000000000000e+05 6.184174830264912125e-04 1.186514613431898218e-03 4.487848989218307973e-03
1.169000000000000000e+05 8.517260833678383727e-04 1.724435249674737339e-03 4.372766733457164948e-03
1.170000000000000000e+05 4.932615939779450009e-04 1.106715721819942662e-03 3.914334041594972474e-03
1.171000000000000000e+05 3.869114447887832611e-04 7.903745415121857243e-04 3.645829560517823732e-03
1.172000000000000000e+05 4.720797138657367373e-04 8.677841018976408492e-04 3.262389740243948257e-03
1.173000000000000000e+05 3.282348592464744835e-04 7.835248291587662388e-04 3.102884368723363671e-03
1.174000000000000000e+05 3.241571788663096150e-04 7.229288703826169601e-04 3.194268634814886963e-03
1.175000000000000000e+05 2.851615910397136203e-04 5.287439313021069683e-04 2.971838512278490111e-03
1.176000000000000000e+05 6.609456665213615627e-04 1.440789135215900588e-03 2.052107459787267784e-03
1.177000000000000000e+05 8.700822361319647796e-04 1.861131719467986516e-03 1.511250152760607989e-03
1.178000000000000000e+05 5.819978203824337573e-04 1.875571470719438177e-03 1.752018758158123673e-03
1.179000000000000000e+05 7.458246337092790286e-05 2.061129538413746399e-04 1.224199979962207335e-03
1.180000000000000000e+05 7.465358532981721321e-05 1.993890809551628323e-04 1.394393879746216695e-03
1.181000000000000000e+05 1.348759392802039749e-04 2.851572194929954691e-04 1.310436106199165673e-03
1.182000000000000000e+05 4.016100605515782358e-05 8.603082250873122366e-05 1.233928372567441980e-03
1.183000000000000000e+05 6.958982725343513392e-05 1.611746895119584196e-04 1.077417161832633884e-03
1.184000000000000000e+05 1.578388315526433553e-04 3.375213353395162697e-04 1.161152216955203516e-03
1.185000000000000000e+05 8.484571118948886978e-05 1.599843409292294599e-04 1.079130925359622021e-03
1.186000000000000000e+05 8.081060223246502167e-05 1.710823810932775128e-04 1.096227834630975843e-03
1.187000000000000000e+05 8.913540055797541245e-06 2.098213579935798850e-05 1.043493423308935802e-03
1.188000000000000000e+05 5.587618628187453369e-05 1.710822970880558971e-04 1.041042758579104315e-03
1.189000000000000000e+05 6.898777835780719840e-05 1.420342099756712658e-04 1.010356266267088904e-03
1.190000000000000000e+05 5.309876602735625131e-05 1.223033209144740695e-04 1.038717479609884342e-03
1.191000000000000000e+05 8.034013588101166295e-05 1.929634185864968331e-04 1.107586197224882073e-03
1.192000000000000000e+05 5.172643642525637936e-05 7.879378025144588051e-05 1.094307262332230683e-03
1.193000000000000000e+05 7.060488935000872046e-05 2.712593948222216146e-04 1.056627152961864182e-03
1.194000000000000000e+05 2.762280452822240412e-05 4.886770762911087085e-05 8.723706742688661347e-04
1.195000000000000000e+05 8.458015502065658296e-05 1.627688378237703059e-04 7.664961501694467303e-04
1.196000000000000000e+05 9.058384514804712368e-05 1.832961995165356727e-04 7.557487099847097923e-04
1.197000000000000000e+05 8.075219060381410609e-05 1.613043684652131198e-04 7.689668482991053816e-04
1.198000000000000000e+05 1.325541068936217804e-04 3.462281302195873572e-04 7.803563067418951837e-04
1.199000000000000000e+05 3.211785037065452040e-04 6.729847251438244964e-04 8.704510549556136864e-04
