9.000000000000000000e+04 6.340171911471383310e-05 9.729136400448253541e-05 3.056228114034519375e-04
9.010000000000000000e+04 1.197278018670838284e-05 2.328341855768246461e-05 4.161189037678210954e-04
9.020000000000000000e+04 1.381462280173036757e-04 2.160114077120173074e-04 4.559953643720891965e-04
9.030000000000000000e+04 1.214725553720392287e-05 2.420853229685536586e-05 2.989703745101973415e-04
9.040000000000000000e+04 1.002081904196149313e-05 2.725298723593906495e-05 4.204413768144604617e-04
9.050000000000000000e+04 7.205204539840879456e-05 1.141975218267694760e-04 4.766667727905927413e-04
9.060000000000000000e+04 3.730563587878128013e-05 7.019539586346413467e-05 4.292868686794049614e-04
9.070000000000000000e+04 2.174946452302063292e-05 4.250076247953545917e-05 3.178834807889385880e-04
9.080000000000000000e+04 2.580158463146307911e-05 4.892952301261083246e-05 3.166131435812851390e-04
9.090000000000000000e+04 2.262083476853863273e-05 4.012212748787612453e-05 3.235029429682568440e-04
9.100000000000000000e+04 2.441403120436770342e-05 4.659300998957751705e-05 3.408051124458003523e-04
9.110000000000000000e+04 4.082847083040702044e-05 6.405492812032692433e-05 3.672031473645650233e-04
9.120000000000000000e+04 3.529144573857231166e-05 6.373933434828098904e-05 3.594485853199277307e-04
9.130000000000000000e+04 3.581116819677672381e-05 5.595061543582624791e-05 3.935941639962260361e-04
9.140000000000000000e+04 4.506538819987567683e-05 7.351767125290188968e-05 3.900622506071478742e-04
9.150000000000000000e+04 3.677584635082320518e-05 7.155422745989405923e-05 4.083322200255738439e-04
9.160000000000000000e+04 3.288747247047317133e-05 5.949619980234499865e-05 4.150019400566614942e-04
9.170000000000000000e+04 3.655245210139795647e-05 7.481100645264108714e-05 4.371552223391494767e-04
9.180000000000000000e+04 4.367395514890987530e-05 6.725406240268408430e-05 4.247773826660274890e-04
9.190000000000000000e+04 3.169180634253688155e-05 6.238264889696712445e-05 4.547641892794649569e-04
9.200000000000000000e+04 5.579192200589569873e-05 1.004924146947897782e-04 5.513569994483493017e-04
9.210000000000000000e+04 7.065272154104440192e-05 1.156708097333076493e-04 6.747029747856438109e-04
9.220000000000000000e+04 1.029910141437036545e-04 1.664700924466901112e-04 7.527729339822703978e-04
9.230000000000000000e+04 9.565851272302363598e-05 1.541730548021354478e-04 7.704648736682502682e-04
9.240000000000000000e+04 1.136494527779754408e-04 1.878296202978048000e-04 7.729983137704652318e-04
9.250000000000000000e+04 8.467085703923440867e-05 1.270733102179368501e-04 7.611867441175370784e-04
9.260000000000000000e+04 9.544551198185674979e-05 1.454084141514087793e-04 7.479882169726430807e-04
9.270000000000000000e+04 9.262442730440174129e-05 1.450701869279226496e-04 7.304598842297172585e-04
9.280000000000000000e+04 9.019037989716589213e-05 1.406338935697310465e-04 7.093628301535013364e-04
9.290000000000000000e+04 9.038676386935277918e-05 1.448648438780028233e-04 7.565900384069434428e-04
9.300000000000000000e+04 6.474413604759109587e-05 1.061935408878335232e-04 7.496540348317749314e-04
9.310000000000000000e+04 7.714483057354995163e-05 1.205613923669227386e-04 7.292885386990718153e-04
9.320000000000000000e+04 8.827280300856298924e-05 1.398010580393717556e-04 6.981395356181590564e-04
9.330000000000000000e+04 8.315640653243523955e-05 1.287426830201073187e-04 6.930624199680692583e-04
9.340000000000000000e+04 7.878586778799873905e-05 1.213109275161691368e-04 7.029147548777260959e-04
9.350000000000000000e+04 8.164651310951320882e-05 1.324665921181428490e-04 7.021532264540023167e-04
9.360000000000000000e+04 1.086889611263845484e-04 1.796924326469414527e-04 7.207950256228535428e-04
9.370000000000000000e+04 1.120015321009773480e-04 1.774453799680986849e-04 7.211913212348885572e-04
9.380000000000000000e+04 8.871923841276307173e-05 1.361776088381575368e-04 7.377298330109682660e-04
9.390000000000000000e+04 9.582907771630698891e-05 1.471987099737053373e-04 7.224946812474582506e-04
9.400000000000000000e+04 7.814777947575952781e-05 1.187753558893879470e-04 7.095269875851363192e-04
9.410000000000000000e+04 5.299426080737136037e-05 1.068515387671931148e-04 7.584365463246377920e-04
9.420000000000000000e+04 7.883472667962441744e-05 1.423686439519881173e-04 7.646626059691921879e-04
9.430000000000000000e+04 9.036439354018004858e-05 1.513296085029101293e-04 7.418452644105829295e-04
9.440000000000000000e+04 8.825247219212321945e-05 1.691012586162975997e-04 7.189298702347477485e-04
9.450000000000000000e+04 5.751238741834080372e-05 1.071745411686496341e-04 6.890890791202416510e-04
9.460000000000000000e+04 5.914538092808630573e-05 9.769920228845478671e-05 6.922655400476474029e-04
9.470000000000000000e+04 6.650142074435337180e-05 1.004294676513131515e-04 6.949192482822337535e-04
9.480000000000000000e+04 6.526701852900562446e-05 1.014141578717193612e-04 6.874434956694346803e-04
9.490000000000000000e+04 1.045026854370140288e-04 1.644916773904567774e-04 6.843513634733761064e-04
9.500000000000000000e+04 9.661820974797585317e-05 1.463988690822310432e-04 6.778765682066480733e-04
9.510000000000000000e+04 7.862059429832144071e-05 1.361513818957152920e-04 7.088532942042680010e-04
9.520000000000000000e+04 1.071734854462667473e-04 1.764240350737663774e-04 6.948220117720099037e-04
9.530000000000000000e+04 1.063726513038731154e-04 1.805104329411432677e-04 7.008847198536636907e-04
9.540000000000000000e+04 8.437164026109400267e-05 1.419971463188419601e-04 7.400129887436083251e-04
9.550000000000000000e+04 7.788063187825578024e-05 1.212064126560254574e-04 7.607366712226701399e-04
9.560000000000000000e+04 8.246287503666763392e-05 1.528510732795074255e-04 7.441837685806014383e-04
9.570000000000000000e+04 7.701405986323310929e-05 1.383431090106893371e-04 7.374211131119769646e-04
9.580000000000000000e+04 7.044907543935592306e-05 1.129397207385595975e-04 7.352962998475663474e-04
9.590000000000000000e+04 1.637748989929651341e-05 2.860774365120771680e-05 7.728905479548914574e-04
9.600000000000000000e+04 1.476862956267686790e-04 3.220216002668506829e-04 7.783058859682258357e-04
9.610000000000000000e+04 6.485594106816052005e-05 9.933500153443955080e-05 7.389709173778088438e-04
9.620000000000000000e+04 8.277350567538770045e-05 1.370152310127483071e-04 6.951929232848728935e-04
9.630000000000000000e+04 8.468422532704740317e-05 1.354112378595086685e-04 6.509508312369915312e-04
9.640000000000000000e+04 5.842958126902079649e-05 8.768912004199441810e-05 7.205661625995077096e-04
9.650000000000000000e+04 7.694782843385640676e-05 1.255929713712194626e-04 7.778794385941501313e-04
9.660000000000000000e+04 9.579883308339991969e-05 1.499847195230433932e-04 8.525317689762381681e-04
9.670000000000000000e+04 8.800524643456095805e-05 1.364239234463396778e-04 8.219870123823564681e-04
9.680000000000000000e+04 9.137484821601388890e-05 1.440944516205606030e-04 7.491605647241368279e-04
9.690000000000000000e+04 6.867479652235177878e-05 1.063933774942376741e-04 7.408136926203193846e-04
9.700000000000000000e+04 6.331268780089777202e-05 1.089543627980251025e-04 7.122018612271374368e-04
9.710000000000000000e+04 8.688631977793871523e-05 1.359363299796403132e-04 7.163874473472787649e-04
9.720000000000000000e+04 7.331666713339705585e-05 1.210251531090910260e-04 7.176144553850621150e-04
9.730000000000000000e+04 2.637177825426883192e-05 4.067825522783945214e-05 7.434064629066474252e-04
9.740000000000000000e+04 8.321238054481206771e-05 1.411196702293843501e-04 6.954092925213845250e-04
9.750000000000000000e+04 7.326452421830816162e-05 1.252684282141090224e-04 7.539249864577526146e-04
9.760000000000000000e+04 6.584693808228247319e-05 1.133835428710893312e-04 7.551948639098058280e-04
9.770000000000000000e+04 7.800482248529114464e-05 1.328450425875611152e-04 7.504452548532203164e-04
9.780000000000000000e+04 7.479665452877158876e-05 1.136668315997610640e-04 7.521091710985303548e-04
9.790000000000000000e+04 7.879340348804664707e-05 1.236210549185299840e-04 7.358781783124716987e-04
9.800000000000000000e+04 7.849257464214397500e-05 1.196773889446410338e-04 7.242061516963410606e-04
9.810000000000000000e+04 1.139024763970310173e-04 2.182862392840262313e-04 7.845638043272633788e-04
9.820000000000000000e+04 6.921909454109947957e-05 1.132815880288960990e-04 8.241747536193066081e-04
9.830000000000000000e+04 7.944282788405307612e-05 1.235906965086643571e-04 7.382321110048852041e-04
9.840000000000000000e+04 6.581537789258299492e-05 1.027632335555822823e-04 7.691005088735821532e-04
9.850000000000000000e+04 6.779514330532143696e-05 1.112228056089158536e-04 7.679132420160870260e-04
9.860000000000000000e+04 7.111598131397014588e-05 1.167191657668746651e-04 7.751335737624782908e-04
9.870000000000000000e+04 3.951999697984645652e-05 6.785746039778505195e-05 8.306136168525551575e-04
9.880000000000000000e+04 8.144577647001543120e-05 1.512633435999982852e-04 8.393041321947780457e-04
9.890000000000000000e+04 3.647759461766829185e-05 6.131662930440812467e-05 8.547986980196239102e-04
9.900000000000000000e+04 5.738703341542602306e-05 1.092391298773628949e-04 9.309119239820652083e-04
9.910000000000000000e+04 5.539662178445029905e-05 9.152083439438820928e-05 9.800413980945732201e-04
9.920000000000000000e+04 7.931982946379821479e-05 1.373435768574080354e-04 9.348298778474499818e-04
9.930000000000000000e+04 5.341922263837851556e-05 8.799611218750723850e-05 1.107954476155618810e-03
9.940000000000000000e+04 1.232770637453130431e-04 1.881222724918140375e-04 1.017837852793709299e-03
9.950000000000000000e+04 1.292447712140721346e-04 2.485743262922112361e-04 1.070674049223519983e-03
9.960000000000000000e+04 7.400749888409512492e-05 1.443237539816807132e-04 1.115274620970463934e-03
9.970000000000000000e+04 1.153075166009662547e-04 1.850584848615453252e-04 9.863345744983542229e-04
9.980000000000000000e+04 1.014998044461228998e-04 1.693705175393397933e-04 1.096929958625683351e-03
9.990000000000000000e+04 5.038606838776694095e-05 1.114628257602595391e-04 1.084134525930433154e-03
1.000000000000000000e+05 1.088592254077724126e-04 1.853094044785676478e-04 9.474157165898434074e-04
1.001000000000000000e+05 8.986037680661497322e-05 1.375569204882503421e-04 1.005074719194798231e-03
1.002000000000000000e+05 7.426485416972398480e-05 1.253749010216660600e-04 1.001572832235188802e-03
1.003000000000000000e+05 6.309603937693531329e-05 1.146216176308453112e-04 1.013220201710466478e-03
1.004000000000000000e+05 8.679453570326523155e-05 1.501197496267634313e-04 9.943940447484508286e-04
1.005000000000000000e+05 9.721067103832909621e-05 1.535147905190368351e-04 9.845311057277230955e-04
1.006000000000000000e+05 3.290844528264994916e-05 6.682516606138779684e-05 9.793371878177141183e-04
1.007000000000000000e+05 6.275161462200302791e-05 1.145699767506355802e-04 1.002896844040610707e-03
1.008000000000000000e+05 7.339018253188175391e-05 1.213166742312689079e-04 1.050192185917758758e-03
1.009000000000000000e+05 9.262354189972605775e-05 1.695267096206262876e-04 1.092390475348305363e-03
1.010000000000000000e+05 5.371998877485651205e-05 8.517251042731554395e-05 1.108705045215653247e-03
1.011000000000000000e+05 2.323283206763417791e-05 5.537331971516563749e-05 9.898381223782325936e-04
1.012000000000000000e+05 7.202774872378837900e-05 1.158692137898389117e-04 1.052680214253264935e-03
1.013000000000000000e+05 1.120159633879263227e-04 1.868581544482194375e-04 1.192842794908078978e-03
1.014000000000000000e+05 1.083691703101837944e-04 1.925731787066594161e-04 1.114436372438165927e-03
1.015000000000000000e+05 4.991309492684368326e-05 7.629841395874101782e-05 1.058445699438532355e-03
1.016000000000000000e+05 1.097735793303560069e-04 2.607227769636848115e-04 8.979168845043359985e-04
1.017000000000000000e+05 6.570929713527282490e-05 1.218671605811311870e-04 9.301534321953234445e-04
1.018000000000000000e+05 7.927674409184367384e-05 1.353719208421773736e-04 1.041620187319001285e-03
1.019000000000000000e+05 5.086032663672364774e-05 1.002351147432529359e-04 1.017503127464495236e-03
1.020000000000000000e+05 6.346626398205700362e-05 1.372385698748274790e-04 1.095728026417448981e-03
1.021000000000000000e+05 8.395233891152187843e-05 1.292391345929595672e-04 1.125914200151606438e-03
1.022000000000000000e+05 2.334051620332482611e-05 6.804481579772707518e-05 1.069479244357966720e-03
1.023000000000000000e+05 1.557540953257894982e-05 3.221185706707690305e-05 1.053308748210569868e-03
1.024000000000000000e+05 4.716439456017330889e-05 1.031440548858065121e-04 1.133738158072694277e-03
1.025000000000000000e+05 1.119350885624335011e-04 2.020348173331022647e-04 1.107115875792846760e-03
1.026000000000000000e+05 1.795021496301925715e-05 4.907938907083961473e-05 1.164853973788414036e-03
1.027000000000000000e+05 4.363670035422697810e-05 7.413199708169180072e-05 1.043240964241134820e-03
1.028000000000000000e+05 5.647143663791483886e-05 1.417544366696932550e-04 1.085304900760148154e-03
1.029000000000000000e+05 3.157685016990296675e-05 7.722752918894052257e-05 1.178201825378638080e-03
1.030000000000000000e+05 2.772910931979843084e-05 5.913931030694630740e-05 1.038714806998767550e-03
1.031000000000000000e+05 6.848506151157617971e-05 1.625705427560140796e-04 9.705168520142444652e-04
1.032000000000000000e+05 2.762605630543773887e-05 6.297750838239811293e-05 1.057077401619101924e-03
1.033000000000000000e+05 1.085437889894382436e-04 2.170756508714395943e-04 1.167253140042014701e-03
1.034000000000000000e+05 7.683027839131375322e-05 1.810126878399117992e-04 1.025085429634276955e-03
1.035000000000000000e+05 5.549518418241326800e-05 9.366597020397590678e-05 1.045511578335166052e-03
1.036000000000000000e+05 3.205008138278488995e-05 6.245467840328621997e-05 1.006759728111310259e-03
1.037000000000000000e+05 5.215671057099986047e-05 1.163015405338372775e-04 8.904922464712108432e-04
1.038000000000000000e+05 7.075813586151580639e-05 1.344865677883521011e-04 9.728742487735555578e-04
1.039000000000000000e+05 4.690739857573329383e-05 9.662299597372903809e-05 1.001328737872522528e-03
1.040000000000000000e+05 3.433542737190211150e-05 8.699830075839401575e-05 8.734132234452114110e-04
1.041000000000000000e+05 5.054745717075639997e-05 1.219268635635284773e-04 9.254250700564964219e-04
1.042000000000000000e+05 1.549232686337488792e-05 4.122578266953138421e-05 1.024193179750384998e-03
1.043000000000000000e+05 3.843814677927353662e-05 6.960908376377520322e-05 9.657775826052806623e-04
1.044000000000000000e+05 3.226706541362058672e-05 8.125700454334947292e-05 9.375506044837080910e-04
1.045000000000000000e+05 3.458629238852167602e-05 8.909204231603916162e-05 1.031021508362778543e-03
1.046000000000000000e+05 4.232193141024656775e-05 1.075797602578124415e-04 1.021398862926131993e-03
1.047000000000000000e+05 4.147574904647698991e-05 1.118441785724654577e-04 9.857682334758019905e-04
1.048000000000000000e+05 3.795439170510453257e-05 1.045711279448623045e-04 1.012561958336195703e-03
1.049000000000000000e+05 1.485902496454897040e-05 3.182398213523516921e-05 1.012129419124108099e-03
1.050000000000000000e+05 4.872257385176510976e-05 1.376275279633004407e-04 1.033944213495808888e-03
1.051000000000000000e+05 3.769742734966471769e-05 8.303740169580920913e-05 1.075478979001218789e-03
1.052000000000000000e+05 6.038884870824938206e-05 1.337165033196168655e-04 1.031163215329245625e-03
1.053000000000000000e+05 7.615468920730531117e-05 1.783774524736340440e-04 1.051288903850564754e-03
1.054000000000000000e+05 3.406661528352217944e-05 1.011980429282703566e-04 1.091595441041796075e-03
1.055000000000000000e+05 2.963490267164831972e-05 8.650806171634937633e-05 9.725088892112267527e-04
1.056000000000000000e+05 5.894083019118408293e-05 1.239455366244529696e-04 1.000628872441635146e-03
1.057000000000000000e+05 6.249126008594824318e-05 1.214054991421330016e-04 1.039613312248103020e-03
1.058000000000000000e+05 7.190764914163168438e-05 2.012810718355314329e-04 1.050519876976330940e-03
1.059000000000000000e+05 5.090770743090508067e-05 1.249134012233329202e-04 1.055711916051378174e-03
1.060000000000000000e+05 5.236698203095989379e-05 1.236978800404490205e-04 1.078859626701477109e-03
1.061000000000000000e+05 4.313305895866032316e-05 1.231104397253985142e-04 1.049725914059699726e-03
1.062000000000000000e+05 4.895970187445341723e-05 1.144506297392135653e-04 1.018256413152352977e-03
1.063000000000000000e+05 4.172128618822458328e-05 1.154856701685046984e-04 9.895546290657570784e-04
1.064000000000000000e+05 7.759246543260762789e-05 1.722534991423790461e-04 9.692831964944727480e-04
1.065000000000000000e+05 7.506395021035343080e-05 1.893024726153470566e-04 9.584699338037088248e-04
1.066000000000000000e+05 7.444911871634792792e-05 1.716612773511380771e-04 1.039322582659666684e-03
1.067000000000000000e+05 9.445772312183611276e-05 2.290586665878336248e-04 1.095504056958310213e-03
1.068000000000000000e+05 1.215712230381966411e-04 3.086154592069931084e-04 1.132986029901500652e-03
1.069000000000000000e+05 8.444226614744533913e-05 2.491543239238180191e-04 1.133804081834561021e-03
1.070000000000000000e+05 6.726304008854047493e-05 1.893389316370206171e-04 1.078969433802715689e-03
1.071000000000000000e+05 8.654508284917038739e-05 1.770685111965170349e-04 1.078933146524423473e-03
1.072000000000000000e+05 9.935964962809549356e-05 2.433278199321961370e-04 1.119419180476959519e-03
1.073000000000000000e+05 1.165358676536441037e-04 2.440362818405682373e-04 1.207359308712357623e-03
1.074000000000000000e+05 1.035556865269385632e-04 2.367239292468872186e-04 1.276921960268281213e-03
1.075000000000000000e+05 1.278916085936197128e-04 2.544601750044421171e-04 1.200831964683314644e-03
1.076000000000000000e+05 1.066913377517677555e-04 2.359875116409658165e-04 1.066404003741710897e-03
1.077000000000000000e+05 7.850282608260188838e-05 2.196829869590512848e-04 1.098940437352133965e-03
1.078000000000000000e+05 1.007405902147273397e-04 2.713668851053627987e-04 1.134871025017443599e-03
1.079000000000000000e+05 1.146348759871937666e-04 2.559033734980111982e-04 1.142272838650031964e-03
1.080000000000000000e+05 7.630484357369409984e-05 2.050138221108281818e-04 1.110720640431400773e-03
1.081000000000000000e+05 1.059426907827760696e-04 2.905186610004188144e-04 9.840240409915948939e-04
1.082000000000000000e+05 1.090076437431852178e-04 2.545039758483226121e-04 9.948718000943059490e-04
1.083000000000000000e+05 8.958015069484702875e-05 2.256651095172056360e-04 1.008519211609832560e-03
1.084000000000000000e+05 1.166897812993889080e-04 2.894457563308807822e-04 1.024101673749500986e-03
1.085000000000000000e+05 9.997989981299195208e-05 2.583282564312739445e-04 1.068129932178896050e-03
1.086000000000000000e+05 1.164516625872204962e-04 2.517699744047650944e-04 1.089660174304243022e-03
1.087000000000000000e+05 1.307568467874221842e-04 3.505393443946124097e-04 1.083399146062935048e-03
1.088000000000000000e+05 1.188265516274941615e-04 2.965056286209940932e-04 1.145862550511801388e-03
1.089000000000000000e+05 1.059648362669079937e-04 2.540964628970855590e-04 1.102902182974734328e-03
1.090000000000000000e+05 1.163040749757255146e-04 2.563962208951915591e-04 1.164974848087118806e-03
1.091000000000000000e+05 1.676276353284168828e-04 3.066153147051160158e-04 1.326132154771364827e-03
1.092000000000000000e+05 1.790307772733363504e-04 3.735758539584145208e-04 1.253532849203172752e-03
1.093000000000000000e+05 9.540382000112969559e-05 2.483257180699079830e-04 1.157719968043881579e-03
1.094000000000000000e+05 1.455518636279001538e-04 3.105946649461801233e-04 1.182207863617704266e-03
1.095000000000000000e+05 1.563914567836830090e-04 3.339998009047396351e-04 1.176255711121222203e-03
1.096000000000000000e+05 9.774991704817855356e-05 2.394999771497430697e-04 1.131026295581314669e-03
1.097000000000000000e+05 1.295256802728466435e-04 3.136149726986729464e-04 1.097162465173185395e-03
1.098000000000000000e+05 7.294915151356091629e-05 1.345302183457383009e-04 1.161890525735323823e-03
1.099000000000000000e+05 1.277583048254221252e-04 3.092129162725860232e-04 1.069481281081561186e-03
1.100000000000000000e+05 1.551403876465042063e-04 3.547397674612066390e-04 1.042139201145591372e-03
1.101000000000000000e+05 1.236561472970294827e-04 2.841897840578773383e-04 1.059532735569353006e-03
1.102000000000000000e+05 9.361883440810463315e-05 2.076307650515994262e-04 1.071427410238404675e-03
1.103000000000000000e+05 8.760635584703364408e-05 2.379822316275955483e-04 1.014301113380038869e-03
1.104000000000000000e+05 6.333793637481135476e-05 1.861544479662493885e-04 9.799743701364310462e-04
1.105000000000000000e+05 9.496648729312602826e-05 2.385613331025562616e-04 9.222468280186382934e-04
1.106000000000000000e+05 1.170685314607144241e-04 2.649040776656086957e-04 9.441510584784883892e-04
1.107000000000000000e+05 1.431313449597478417e-04 3.502238385995167435e-04 9.741122831901363396e-04
1.108000000000000000e+05 8.096520745767051691e-05 2.292891341938329457e-04 9.607182284783725599e-04
1.109000000000000000e+05 7.985128937122764128e-05 2.196125039055671184e-04 9.501143248494409166e-04
1.110000000000000000e+05 1.209976471558053650e-04 2.921119845283583162e-04 9.602928465090339446e-04
1.111000000000000000e+05 1.135708216970371387e-04 3.005475256568268441e-04 9.861856662277429953e-04
1.112000000000000000e+05 1.120866826912513600e-04 2.579607481809375637e-04 1.015551804238010560e-03
1.113000000000000000e+05 1.152625914093791332e-04 2.888266241356729968e-04 9.960980693437223362e-04
1.114000000000000000e+05 1.070581019173324740e-04 2.984614906098074193e-04 9.540398031796345135e-04
1.115000000000000000e+05 8.014981458552062656e-05 2.305232085247348617e-04 9.848763810686585966e-04
1.116000000000000000e+05 1.224914055792196942e-04 3.361284986490545475e-04 1.020652097978257166e-03
1.117000000000000000e+05 1.568260580385190785e-04 3.217695401709085067e-04 1.066671787737454849e-03
1.118000000000000000e+05 8.826449761047583560e-05 2.379300913176869399e-04 9.692030983951665504e-04
1.119000000000000000e+05 5.901479768702616157e-05 1.763161820535598737e-04 8.823611340487213595e-04
1.120000000000000000e+05 8.354083362395860277e-05 2.367845175579837494e-04 8.646922536856101920e-04
1.121000000000000000e+05 9.183992236588801265e-05 2.639910301863247809e-04 9.442752044737960301e-04
1.122000000000000000e+05 9.421224469147409901e-05 2.526024440357745038e-04 1.028188412029996468e-03
1.123000000000000000e+05 9.085564508588264351e-05 2.711920162905641276e-04 1.128273736259258371e-03
1.124000000000000000e+05 1.096832772413309804e-04 3.225774730729405199e-04 1.151164885623468968e-03
1.125000000000000000e+05 7.552166216039687789e-05 2.219945631248363554e-04 9.950162059358237752e-04
1.126000000000000000e+05 1.327320702697346814e-04 2.820857578473288984e-04 9.646123171201010120e-04
1.127000000000000000e+05 1.122996364917691788e-04 3.284225344345147440e-04 1.105023032344423914e-03
1.128000000000000000e+05 8.129689229225138709e-05 2.022208048732504308e-04 1.000746557094030252e-03
1.129000000000000000e+05 9.915225778822981100e-05 2.407790848661120692e-04 1.008478864602167140e-03
1.130000000000000000e+05 1.523403504134642449e-04 4.050706765741909823e-04 1.121564066409992981e-03
1.131000000000000000e+05 8.914957468460628191e-05 2.495407438934801533e-04 1.098060103151348235e-03
1.132000000000000000e+05 8.220454693673743748e-05 2.314770695936873733e-04 9.397490012394291636e-04
1.133000000000000000e+05 1.202785358377355404e-04 2.839556637289116902e-04 9.223353188520070104e-04
1.134000000000000000e+05 1.415982609256723939e-04 3.013729257384591435e-04 1.076088217071517880e-03
1.135000000000000000e+05 1.020292700195542506e-04 2.638330014673141103e-04 1.013317551456741940e-03
1.136000000000000000e+05 9.578382016259333158e-05 2.526621952163587721e-04 8.833411538193844739e-04
1.137000000000000000e+05 6.751462356281018318e-05 1.990924525318679868e-04 1.012755617154828059e-03
1.138000000000000000e+05 9.451531695234131111e-05 2.727994211046223111e-04 9.569493948323569291e-04
1.139000000000000000e+05 1.032470674816356182e-04 2.813885319619421985e-04 1.008251446066717356e-03
1.140000000000000000e+05 1.244760418276297850e-04 3.000399914450217753e-04 1.130103242333176236e-03
1.141000000000000000e+05 6.454886310018072802e-05 1.784389043871739298e-04 9.491927453024422276e-04
1.142000000000000000e+05 7.055059348448947890e-05 1.477588405854906488e-04 8.812831948921030648e-04
1.143000000000000000e+05 1.179918756548073606e-04 2.120765054412887107e-04 1.090256578840730073e-03
1.144000000000000000e+05 9.006512421746439793e-05 2.165756435182386889e-04 1.016779097965093493e-03
1.145000000000000000e+05 9.718977571602908407e-05 2.451331835361140674e-04 9.790631065615597751e-04
1.146000000000000000e+05 7.443141231731919584e-05 2.015468047601045145e-04 9.399098037226018753e-04
1.147000000000000000e+05 1.083872947504078282e-04 2.952262132383692318e-04 9.113894350671575099e-04
1.148000000000000000e+05 1.187775449461268840e-04 2.774965154628297693e-04 9.630854758989742257e-04
1.149000000000000000e+05 1.190729004189963226e-04 3.095918262965428099e-04 9.502176887377592612e-04
1.150000000000000000e+05 9.088464183653320073e-05 2.696239567407234059e-04 9.916663950335509979e-04
1.151000000000000000e+05 8.063211372754937410e-05 2.133642960995855639e-04 9.671995170174762157e-04
1.152000000000000000e+05 5.538724929498597092e-05 1.455053269701376889e-04 9.024165360280806064e-04
1.153000000000000000e+05 1.485103095634049929e-04 3.551765947919316522e-04 1.001077739264613674e-03
1.154000000000000000e+05 1.121854814344807119e-04 3.032741910912232185e-04 1.027001793212111705e-03
1.155000000000000000e+05 1.560900899175178807e-04 4.441374384593092719e-04 1.197805802382109893e-03
1.156000000000000000e+05 1.274789816581749832e-04 3.475765367822888051e-04 1.139188243914250956e-03
1.157000000000000000e+05 1.010445189458465849e-04 2.735383154239920834e-04 1.098517372067802375e-03
1.158000000000000000e+05 6.295063666325075025e-05 1.710658894634529536e-04 1.009323480962438617e-03
1.159000000000000000e+05 1.699876088379166303e-04 4.977008000486755381e-04 1.047799505293504170e-03
1.160000000000000000e+05 4.015424945167855517e-04 1.052750316226935346e-03 1.440752778030073749e-03
1.161000000000000000e+05 1.641699451116946686e-04 4.764536527265173134e-04 1.440965316067905786e-03
1.162000000000000000e+05 4.757276453357453527e-05 8.288447722810260432e-05 1.270760562216676761e-03
1.163000000000000000e+05 9.069776826449481646e-05 2.446972548034811491e-04 1.125664459192476973e-03
1.164000000000000000e+05 1.427877409712988719e-04 3.826806935624641219e-04 1.035700614928130626e-03
1.165000000000000000e+05 1.610816776079391447e-04 2.901153736131240231e-04 1.004776160980069962e-03
1.166000000000000000e+05 7.601858257960409510e-05 2.178136649815452753e-04 9.389947191263539128e-04
1.167000000000000000e+05 6.856686724670494476e-05 1.974979537776625719e-04 1.054803256734676694e-03
1.168000000000000000e+05 7.616289672957650587e-05 2.161206430034309746e-04 9.195048830170246502e-04
1.169000000000000000e+05 5.934653442025733961e-05 1.723785594269138053e-04 8.687694597833986671e-04
1.170000000000000000e+05 4.829599450283182226e-05 1.418590001577642486e-04 8.187543097877206374e-04
1.171000000000000000e+05 6.754850665770630643e-05 1.894639853932230311e-04 7.151179455963414941e-04
1.172000000000000000e+05 5.333275264864621723e-05 1.389887323084062348e-04 6.035864266084641893e-04
1.173000000000000000e+05 4.712636689624698141e-05 1.329038556954529422e-04 5.759219363091598338e-04
1.174000000000000000e+05 1.827190042303500350e-05 4.766401311398569662e-05 5.500842811510877088e-04
1.175000000000000000e+05 9.595373370486462612e-05 2.756310217468205216e-04 6.695842633681784806e-04
1.176000000000000000e+05 7.481369093330131250e-05 2.107781341163949716e-04 3.772544280769324528e-04
1.177000000000000000e+05 3.169539347287248952e-05 7.096947309427587653e-05 3.027778701082757453e-04
1.178000000000000000e+05 1.870571146692944268e-04 4.878533190885854759e-04 4.911636539160443328e-04
1.179000000000000000e+05 1.323182907903469640e-05 2.740763756277494415e-05 2.728282916019150023e-04
1.180000000000000000e+05 6.218024202326612442e-06 1.698913721929253820e-05 3.247983446140182058e-04
1.181000000000000000e+05 1.526318119849881137e-05 3.577778061596663525e-05 3.062376619185043850e-04
1.182000000000000000e+05 1.742429985109663097e-05 3.174740928525205839e-05 2.781736391333205897e-04
1.183000000000000000e+05 2.049977038333258795e-05 5.622554194482888221e-05 2.849230305046635968e-04
1.184000000000000000e+05 5.999559108853962965e-06 1.275620019250363118e-05 2.765219592252812406e-04
1.185000000000000000e+05 1.144436072263399452e-05 1.937451803774318995e-05 2.624839258730626672e-04
1.186000000000000000e+05 2.646460437873601854e-05 4.035286286026070900e-05 2.500991408187126395e-04
1.187000000000000000e+05 8.232131215044362262e-06 1.923145919617065026e-05 2.741022225699253525e-04
1.188000000000000000e+05 2.177173903202057653e-05 3.443861342105721999e-05 2.556747367660199975e-04
1.189000000000000000e+05 5.919841452502086054e-06 1.205673507756086730e-05 2.601706602217144278e-04
1.190000000000000000e+05 1.677656689016157956e-05 2.842262463516515882e-05 2.727674182536910527e-04
1.191000000000000000e+05 1.636078308321788468e-05 4.264973119143407841e-05 2.717533600885756683e-04
1.192000000000000000e+05 8.825098972432257518e-06 2.178300038315487052e-05 2.785986050400845668e-04
1.193000000000000000e+05 2.184248653492803995e-05 3.566376243888068061e-05 2.606387862502312566e-04
1.194000000000000000e+05 1.210860941524912631e-05 2.176700071214655212e-05 2.281439392990094366e-04
1.195000000000000000e+05 7.458281639064211254e-06 1.447377194597917983e-05 2.225966431553180194e-04
1.196000000000000000e+05 1.818286477702889953e-05 3.253515691238208067e-05 2.124361679376439178e-04
1.197000000000000000e+05 1.283728153038084848e-05 2.425608420110093194e-05 2.237474125804365824e-04
1.198000000000000000e+05 8.178850101043312918e-06 1.980704257662215472e-05 2.061137080583046524e-04
1.199000000000000000e+05 1.457428502280770991e-05 2.353746335778989667e-05 1.885017889059006381e-04
