9.000000000000000000e+04 1.899587711887243706e-05 1.645722572072134092e-04 1.031582247398324744e-04
9.010000000000000000e+04 1.816654462972734597e-05 1.164023169431942115e-04 1.101763301936456836e-04
9.020000000000000000e+04 2.841545538219015913e-05 8.206045935505327312e-05 1.156351009648839685e-04
9.030000000000000000e+04 1.685877444663665548e-05 7.189365968609039246e-05 1.132393705397366208e-04
9.040000000000000000e+04 1.846710980251127878e-05 7.700738931100646340e-05 1.147800132392241384e-04
9.050000000000000000e+04 1.844333568251683042e-05 4.838897872069571331e-05 1.231291589696255286e-04
9.060000000000000000e+04 2.024090363265483702e-05 4.705124646040324083e-05 1.203712224423507702e-04
9.070000000000000000e+04 2.141420701099243601e-05 5.908517552687579742e-05 1.105270971139886112e-04
9.080000000000000000e+04 1.622261062417144700e-05 3.397250821217651757e-05 1.068663245407448943e-04
9.090000000000000000e+04 2.043028662930422752e-05 4.437954239610032692e-05 1.053407647369442387e-04
9.100000000000000000e+04 1.709900924153759578e-05 3.400273202373918231e-05 1.076699050705553145e-04
9.110000000000000000e+04 1.762525066948546183e-05 3.854076319963147023e-05 1.109960801921990107e-04
9.120000000000000000e+04 1.967206176911374699e-05 3.591642364713879953e-05 1.135204241807530063e-04
9.130000000000000000e+04 1.812525178191464674e-05 5.315701955891155767e-05 1.155724909946194304e-04
9.140000000000000000e+04 2.450660562147583270e-05 4.986342293755197141e-05 1.179243419027154268e-04
9.150000000000000000e+04 2.149998672723157098e-05 3.906754628365589508e-05 1.202233737687540970e-04
9.160000000000000000e+04 1.890553878718244059e-05 4.975720057616451477e-05 1.227309466340129160e-04
9.170000000000000000e+04 1.715154783527117846e-05 3.639940158840337513e-05 1.246570215625445247e-04
9.180000000000000000e+04 2.128056232907735872e-05 4.884478262649294498e-05 1.250009777854541146e-04
9.190000000000000000e+04 1.746379473336079097e-05 1.292086072266320006e-04 1.245075134413922864e-04
9.200000000000000000e+04 2.496380146298317673e-05 2.509673431008673764e-04 1.236301344778845644e-04
9.210000000000000000e+04 2.384692021198788273e-05 2.276846781151455491e-04 1.218194918166730064e-04
9.220000000000000000e+04 2.370856518231121389e-05 1.857798936360276557e-04 1.185192338250019715e-04
9.230000000000000000e+04 2.156538469584085753e-05 1.385252429023989523e-04 1.159737645270336905e-04
9.240000000000000000e+04 1.975657108995174181e-05 1.110029794973926240e-04 1.140325154957124365e-04
9.250000000000000000e+04 2.266491720473971534e-05 5.183435709747242007e-05 1.115427394681191536e-04
9.260000000000000000e+04 2.051154968393844300e-05 7.630346576697933801e-05 1.109140379161726724e-04
9.270000000000000000e+04 1.820487748713359080e-05 8.534936487642522899e-05 1.108876045940068955e-04
9.280000000000000000e+04 2.461317679298326440e-05 1.378588665293056196e-04 1.101122710640453336e-04
9.290000000000000000e+04 1.747393622116512790e-05 1.136924606447369494e-04 1.093102184431476125e-04
9.300000000000000000e+04 2.318589156138804654e-05 1.145925170243293451e-04 1.090834152985818727e-04
9.310000000000000000e+04 2.282343278670416053e-05 1.300217407126341533e-04 1.099969076387657632e-04
9.320000000000000000e+04 1.780240571733936661e-05 9.521947306777566464e-05 1.108467632810098238e-04
9.330000000000000000e+04 2.059613963347495269e-05 1.724723517821983535e-04 1.117048893731275119e-04
9.340000000000000000e+04 1.965827302193849278e-05 2.444040585722658931e-04 1.135862577081287557e-04
9.350000000000000000e+04 1.864268076601495959e-05 2.700698236805749238e-04 1.145991326154712083e-04
9.360000000000000000e+04 2.053902800654075890e-05 1.791171988677479660e-04 1.134379073857531692e-04
9.370000000000000000e+04 1.916812314332708188e-05 1.288128611542262831e-04 1.122168603832963306e-04
9.380000000000000000e+04 2.018173057756741180e-05 9.048925126492644790e-05 1.121658371370137428e-04
9.390000000000000000e+04 1.916965197296673594e-05 6.246070522403019602e-05 1.114032802814695733e-04
9.400000000000000000e+04 1.788035931685205433e-05 3.721580877780270719e-05 1.116848164735929688e-04
9.410000000000000000e+04 1.326749678269940273e-05 3.398815394800683591e-05 1.128049001500995048e-04
9.420000000000000000e+04 1.720408660562717683e-05 4.600961736661355976e-05 1.137279939177689468e-04
9.430000000000000000e+04 2.010640440965242681e-05 6.774135935420981481e-05 1.146015824496866354e-04
9.440000000000000000e+04 1.575945084052763972e-05 5.566375468881603716e-05 1.152965716537685811e-04
9.450000000000000000e+04 1.767810747347315736e-05 4.681536404085382265e-05 1.165425235746766119e-04
9.460000000000000000e+04 2.006872418284071373e-05 3.407877252279948200e-05 1.181723565569052639e-04
9.470000000000000000e+04 1.642274524954478749e-05 3.798752075528259232e-05 1.184975260852733542e-04
9.480000000000000000e+04 1.625118884392590677e-05 5.871808256403010539e-05 1.184779333921723071e-04
9.490000000000000000e+04 2.160798569043487097e-05 1.102285803736720158e-04 1.209410686617082699e-04
9.500000000000000000e+04 2.046748821037323017e-05 2.001144190227537121e-04 1.222341194606966065e-04
9.510000000000000000e+04 1.824303299926786361e-05 1.052109920794418895e-04 1.202980625420216028e-04
9.520000000000000000e+04 1.580462922436832844e-05 8.782198013914074603e-05 1.201271866366894172e-04
9.530000000000000000e+04 1.790310521429058928e-05 1.981373576035458731e-04 1.214759167739821262e-04
9.540000000000000000e+04 1.940303979309503817e-05 2.691427578273665531e-04 1.211400658611577503e-04
9.550000000000000000e+04 2.162168273402959137e-05 3.282861726462702259e-04 1.195989664469550729e-04
9.560000000000000000e+04 2.131716733841523218e-05 2.037062203394151205e-04 1.167313869590919166e-04
9.570000000000000000e+04 1.921114200514833874e-05 1.017700892515999492e-04 1.141856479394542115e-04
9.580000000000000000e+04 2.111168677415490148e-05 1.012068395012678926e-04 1.125112640164826745e-04
9.590000000000000000e+04 1.854133331489537584e-05 8.255330604594960373e-05 1.112366426362201887e-04
9.600000000000000000e+04 1.463010002626892513e-05 7.443162398158902028e-05 1.105190986267281665e-04
9.610000000000000000e+04 1.778413072646397371e-05 5.651066424355683188e-05 1.104493440834967066e-04
9.620000000000000000e+04 1.765050975785670306e-05 6.541900922159991558e-05 1.112218274074217906e-04
9.630000000000000000e+04 2.041490825027022474e-05 7.454378594835512500e-05 1.120425535032234886e-04
9.640000000000000000e+04 1.760549541194817780e-05 4.672571575290015641e-05 1.120344535442058454e-04
9.650000000000000000e+04 1.522026997379206730e-05 4.726941013279740446e-05 1.116327345996376752e-04
9.660000000000000000e+04 1.703046956638720223e-05 7.671813478927591145e-05 1.113108552838011558e-04
9.670000000000000000e+04 2.168708634401758596e-05 1.301529182412720779e-04 1.129370902538634984e-04
9.680000000000000000e+04 1.686353415701820921e-05 1.145473909490397424e-04 1.165335361648571992e-04
9.690000000000000000e+04 2.161640606939510035e-05 1.969877478869747653e-04 1.220817094344616013e-04
9.700000000000000000e+04 2.216847429489431575e-05 2.424595885792380726e-04 1.270956866704234863e-04
9.710000000000000000e+04 2.249961356587069363e-05 1.796589415382867012e-04 1.253501466831779306e-04
9.720000000000000000e+04 2.114102674483722699e-05 1.239130658208169680e-04 1.200647808775334057e-04
9.730000000000000000e+04 2.353783240052849857e-05 1.058172407309581644e-04 1.166752500552505029e-04
9.740000000000000000e+04 2.072308108177940429e-05 7.370512192591578823e-05 1.151466514942390754e-04
9.750000000000000000e+04 1.547917296734075950e-05 5.651930118622079874e-05 1.144388189222432680e-04
9.760000000000000000e+04 1.705755589949873826e-05 6.821401277850914796e-05 1.136884441972357699e-04
9.770000000000000000e+04 1.553450056557574219e-05 7.011640059303425316e-05 1.128608381385742777e-04
9.780000000000000000e+04 1.721793782558336708e-05 5.521672212040872475e-05 1.123527237745638123e-04
9.790000000000000000e+04 1.596594945842964343e-05 6.903603019974048909e-05 1.121997288071862193e-04
9.800000000000000000e+04 1.943971811847255233e-05 1.175045722955046518e-04 1.126778097183299079e-04
9.810000000000000000e+04 1.544956438071693231e-05 7.504610081678298123e-05 1.134137399820930636e-04
9.820000000000000000e+04 2.143528523815837019e-05 9.123603167950414521e-05 1.153575106037916159e-04
9.830000000000000000e+04 1.696424066778026935e-05 6.923134477449590122e-05 1.166725234536049484e-04
9.840000000000000000e+04 1.449642926097903506e-05 6.591200607835830463e-05 1.158353557824073513e-04
9.850000000000000000e+04 1.790910587919720878e-05 6.969876364581849152e-05 1.143644013953743952e-04
9.860000000000000000e+04 2.154194797981376407e-05 5.466076645559356782e-05 1.132950957964152800e-04
9.870000000000000000e+04 1.983751148003412817e-05 6.091808888908954516e-05 1.127221386662930164e-04
9.880000000000000000e+04 2.212751170971835374e-05 1.322774776065973722e-04 1.133242649923602773e-04
9.890000000000000000e+04 2.096234590328331833e-05 1.584861879632310801e-04 1.151555676455263321e-04
9.900000000000000000e+04 1.993539892995661910e-05 1.701632992998180875e-04 1.192055078448811192e-04
9.910000000000000000e+04 1.546921495980718069e-05 1.284272111500526516e-04 1.225372747816412435e-04
9.920000000000000000e+04 2.164475967525739065e-05 1.362218102111076865e-04 1.241109435921235475e-04
9.930000000000000000e+04 2.402119455467626266e-05 2.587348211766598129e-04 1.278423869586883723e-04
9.940000000000000000e+04 2.215305590727336120e-05 2.389407311340904848e-04 1.311592324245442875e-04
9.950000000000000000e+04 2.016393784611706719e-05 8.453963470860541469e-05 1.340784384387446869e-04
9.960000000000000000e+04 2.168244461547289752e-05 1.033170044495619757e-04 1.370133965745399011e-04
9.970000000000000000e+04 2.088875519742092266e-05 1.812550667505188884e-04 1.366521953443483822e-04
9.980000000000000000e+04 2.212985275245914543e-05 1.904995412209509837e-04 1.341273438807924923e-04
9.990000000000000000e+04 1.976148857922161155e-05 1.809808974739316703e-04 1.312013157940180848e-04
1.000000000000000000e+05 1.890609803656599186e-05 1.349428020691641878e-04 1.308261376596817874e-04
1.001000000000000000e+05 3.244954087674486846e-05 9.965222068605916284e-05 1.397270330629724435e-04
1.002000000000000000e+05 3.822806093755075525e-05 1.141196068649588213e-04 1.507755465132374891e-04
1.003000000000000000e+05 3.374179891717110787e-05 1.453913752357116477e-04 1.539186395452506466e-04
1.004000000000000000e+05 3.012915811620857126e-05 1.515935802487567818e-04 1.480137464448714698e-04
1.005000000000000000e+05 2.421258545715479287e-05 1.909080728312762703e-04 1.446527497502487526e-04
1.006000000000000000e+05 3.043838155358731838e-05 2.040412808848801542e-04 1.496891267903838522e-04
1.007000000000000000e+05 3.682877493550319845e-05 1.929148567016783240e-04 1.641069381614480404e-04
1.008000000000000000e+05 4.441739975543038273e-05 1.650265132671672411e-04 1.802228434599064484e-04
1.009000000000000000e+05 4.215676645599191635e-05 1.437353153947760294e-04 1.798174935619926030e-04
1.010000000000000000e+05 3.897037238005904053e-05 1.288530598460609761e-04 1.611790874982442826e-04
1.011000000000000000e+05 2.662001576210165188e-05 1.193133282494871221e-04 1.462699440880491162e-04
1.012000000000000000e+05 3.692510615445690481e-05 1.234895193592482174e-04 1.586351457339922719e-04
1.013000000000000000e+05 5.243067761201067583e-05 1.180014732919958565e-04 1.933426629453439320e-04
1.014000000000000000e+05 5.706770527817879579e-05 1.451426144219515905e-04 2.016235899949585459e-04
1.015000000000000000e+05 4.158136841785455354e-05 1.103159865619384426e-04 1.680270759812369365e-04
1.016000000000000000e+05 2.881967544002567042e-05 1.178172066919042066e-04 1.388527462825329408e-04
1.017000000000000000e+05 1.834527319100601921e-05 1.018390974172760945e-04 1.344802815444640120e-04
1.018000000000000000e+05 3.734210640860441714e-05 1.249378052841783836e-04 1.452990831801710225e-04
1.019000000000000000e+05 4.436874560195355646e-05 1.568227868915576210e-04 1.654528495413349720e-04
1.020000000000000000e+05 5.513906710581829981e-05 1.641432596812617678e-04 1.857028718952330058e-04
1.021000000000000000e+05 4.391764280678596942e-05 1.231901623228142523e-04 1.858267355075579272e-04
1.022000000000000000e+05 3.582868094406590088e-05 1.750409453317681107e-04 1.669426817139431645e-04
1.023000000000000000e+05 3.459380639510651809e-05 2.554029375024836901e-04 1.527609322534633580e-04
1.024000000000000000e+05 3.179317334768384860e-05 1.379206269483639730e-04 1.541072314060472446e-04
1.025000000000000000e+05 3.102995177882848419e-05 7.674327189338201577e-05 1.622387356884759737e-04
1.026000000000000000e+05 3.306146906391989500e-05 7.900398766358889642e-05 1.592756638908723800e-04
1.027000000000000000e+05 2.170488661326023389e-05 6.680838635179443038e-05 1.475366652453770735e-04
1.028000000000000000e+05 3.417972273792702726e-05 8.251760327984119917e-05 1.502190696247145422e-04
1.029000000000000000e+05 3.776810112421369325e-05 1.116180269637415568e-04 1.629696979514580534e-04
1.030000000000000000e+05 4.098313210795140641e-05 1.048330272480783772e-04 1.589664528090900238e-04
1.031000000000000000e+05 3.107563449698192890e-05 9.626489269325456152e-05 1.477983975581396308e-04
1.032000000000000000e+05 3.150950961696715553e-05 1.266949163968732650e-04 1.532698971431507157e-04
1.033000000000000000e+05 3.997824875084701724e-05 1.405685474021536754e-04 1.662265175606583430e-04
1.034000000000000000e+05 4.455259876674435996e-05 1.448241181428653853e-04 1.706197651696951295e-04
1.035000000000000000e+05 4.699679362412330949e-05 1.724732327476170509e-04 1.700844149242031840e-04
1.036000000000000000e+05 4.555003346804023827e-05 2.126557788998116626e-04 1.690480842808781325e-04
1.037000000000000000e+05 5.296861422063072194e-05 2.655477150439851061e-04 1.694994323894993794e-04
1.038000000000000000e+05 6.697537097507435112e-05 2.683188021491302424e-04 1.808485267790220421e-04
1.039000000000000000e+05 7.281842805959091308e-05 2.664783603203208949e-04 1.893741280391580181e-04
1.040000000000000000e+05 6.303159328124363148e-05 2.714566374032352254e-04 1.835115914391521278e-04
1.041000000000000000e+05 8.076992858994626800e-05 3.007004128725303174e-04 1.922547148170141123e-04
1.042000000000000000e+05 1.040451826914306929e-04 3.628341598691705032e-04 2.200283600051391314e-04
1.043000000000000000e+05 1.181244433145845141e-04 3.925888649820889688e-04 2.361899215338575354e-04
1.044000000000000000e+05 1.275094128247833522e-04 4.404086771238115996e-04 2.452411017685449720e-04
1.045000000000000000e+05 1.402697924596213561e-04 4.957249535444152068e-04 2.633585963598876283e-04
1.046000000000000000e+05 1.417907493913271328e-04 5.121119682448597131e-04 2.736512107873077197e-04
1.047000000000000000e+05 1.370581388677412956e-04 5.214792839851167122e-04 2.712564110099830394e-04
1.048000000000000000e+05 1.422817975534118107e-04 5.455745500392928174e-04 2.766732648587636768e-04
1.049000000000000000e+05 1.487928687278870115e-04 5.777909480864937622e-04 2.917840097829559227e-04
1.050000000000000000e+05 1.539182777811882010e-04 6.115920966650827259e-04 3.067100180983465749e-04
1.051000000000000000e+05 1.687959025844155590e-04 6.488681864634729532e-04 3.236682378219514684e-04
1.052000000000000000e+05 1.787234230262176417e-04 6.799342173952157469e-04 3.369146821507420955e-04
1.053000000000000000e+05 1.707304897446284913e-04 6.878687313060316902e-04 3.409089755224188221e-04
1.054000000000000000e+05 1.489555051310108443e-04 6.646270644258521227e-04 3.303714339706111678e-04
1.055000000000000000e+05 1.534971762645681245e-04 6.442662170969896919e-04 3.127949444314179184e-04
1.056000000000000000e+05 1.583861926982808594e-04 6.792198093027802851e-04 3.108360430416656534e-04
1.057000000000000000e+05 1.751235502596323575e-04 7.283474817295973588e-04 3.279005636270157205e-04
1.058000000000000000e+05 1.759193321035328733e-04 7.555683563487325047e-04 3.492445681112085949e-04
1.059000000000000000e+05 1.701063211764023688e-04 7.686866060151492826e-04 3.643387008397815205e-04
1.060000000000000000e+05 1.609983260746195683e-04 7.563232138068067207e-04 3.661149227637458515e-04
1.061000000000000000e+05 1.651363174893397492e-04 7.382165195613792519e-04 3.554987953235503890e-04
1.062000000000000000e+05 1.773282626513094274e-04 7.074536512639353902e-04 3.383044148845787240e-04
1.063000000000000000e+05 1.642944615103153656e-04 6.375452508026610782e-04 3.211431798268935814e-04
1.064000000000000000e+05 1.682063022904891985e-04 6.218345525083801215e-04 3.074646310309561356e-04
1.065000000000000000e+05 1.620781117716510867e-04 6.280092563034338909e-04 3.036163450002072640e-04
1.066000000000000000e+05 1.537778186799270883e-04 6.100971149963401244e-04 3.117503062534076859e-04
1.067000000000000000e+05 1.565785530750945836e-04 6.298621876323506506e-04 3.278912672341880883e-04
1.068000000000000000e+05 1.669147099866294870e-04 6.172887799254002123e-04 3.405108144618076526e-04
1.069000000000000000e+05 1.557970546068976163e-04 5.864909648402829223e-04 3.381082759353928576e-04
1.070000000000000000e+05 1.433040526074847159e-04 5.506322491741530000e-04 3.275366276873091010e-04
1.071000000000000000e+05 1.467408065343332377e-04 5.289628364994205210e-04 3.213288212770344546e-04
1.072000000000000000e+05 1.505073741811477914e-04 5.680434128079709212e-04 3.258078571528244191e-04
1.073000000000000000e+05 1.678454419016356348e-04 5.976951509351847904e-04 3.411380221715393972e-04
1.074000000000000000e+05 1.786118728059085897e-04 5.954116776898349221e-04 3.566655428715721191e-04
1.075000000000000000e+05 1.719243551143644305e-04 5.806333193346287225e-04 3.521625601090509305e-04
1.076000000000000000e+05 1.636375405230763630e-04 5.846661449650232371e-04 3.341518135323505684e-04
1.077000000000000000e+05 1.629501847793915254e-04 5.858776448453700825e-04 3.234248112173950689e-04
1.078000000000000000e+05 1.690173527064795401e-04 5.863311817066924926e-04 3.193470943779263085e-04
1.079000000000000000e+05 1.596967979510114971e-04 5.735964943501248563e-04 3.106009728710853015e-04
1.080000000000000000e+05 1.438722120234804994e-04 5.268096249718614166e-04 2.907043230012396604e-04
1.081000000000000000e+05 1.204205646339304744e-04 4.460693902957850042e-04 2.695212665194549398e-04
1.082000000000000000e+05 1.176764177892127743e-04 4.495974345249443313e-04 2.640710424570098043e-04
1.083000000000000000e+05 1.264844493672949519e-04 4.764450620767970274e-04 2.696627739353641405e-04
1.084000000000000000e+05 1.409906692808147056e-04 5.096455649014078543e-04 2.779488594747608681e-04
1.085000000000000000e+05 1.419351688528193564e-04 5.242941512899220152e-04 2.838388717693536068e-04
1.086000000000000000e+05 1.425958462163504634e-04 4.824144130534808702e-04 2.850502434934782726e-04
1.087000000000000000e+05 1.432337191570542088e-04 4.529537668566348046e-04 2.859730778207500825e-04
1.088000000000000000e+05 1.455138847753167334e-04 4.633297462171766549e-04 2.897994640234730556e-04
1.089000000000000000e+05 1.416657677119443834e-04 4.605609463877430700e-04 2.942311363218475233e-04
1.090000000000000000e+05 1.427707236386825489e-04 4.568023569297502634e-04 3.008064354387786550e-04
1.091000000000000000e+05 1.371264223678335533e-04 4.569101597470861522e-04 3.083034851233483996e-04
1.092000000000000000e+05 1.421206750445276287e-04 4.682081653273810311e-04 3.087776731494884497e-04
1.093000000000000000e+05 1.436825237228555132e-04 4.361260100360609088e-04 2.999323186419380720e-04
1.094000000000000000e+05 1.429060165065142987e-04 4.247922954038161085e-04 2.931536249663793106e-04
1.095000000000000000e+05 1.506777173899011670e-04 4.543786994152412373e-04 2.900017153688674051e-04
1.096000000000000000e+05 1.431766559113880418e-04 4.461176952781242973e-04 2.862638152497167269e-04
1.097000000000000000e+05 1.409766221868928679e-04 4.339708192753137083e-04 2.793053310137002653e-04
1.098000000000000000e+05 1.324579006904424451e-04 4.094973389733825523e-04 2.704491449563092972e-04
1.099000000000000000e+05 1.274234134749405818e-04 3.878626586577158192e-04 2.613532735754295388e-04
1.100000000000000000e+05 1.237183561034743825e-04 3.677561029477737398e-04 2.516766601737931218e-04
1.101000000000000000e+05 1.158062132279528273e-04 3.418389734341702006e-04 2.406315877871671315e-04
1.102000000000000000e+05 1.010651085488986384e-04 3.179275456604502758e-04 2.268715050739148376e-04
1.103000000000000000e+05 8.401285643068313424e-05 2.670061025076221530e-04 2.077395281674184358e-04
1.104000000000000000e+05 6.960223157094662448e-05 2.372733467106450875e-04 1.899784680370492378e-04
1.105000000000000000e+05 5.207853716251149129e-05 2.003645011476215239e-04 1.744783650392088949e-04
1.106000000000000000e+05 4.539317017894591748e-05 1.591889089964652242e-04 1.608566056329561046e-04
1.107000000000000000e+05 4.337680633973846843e-05 1.424574398421308652e-04 1.504221305898493632e-04
1.108000000000000000e+05 3.773431594387645003e-05 1.407704403562220498e-04 1.460861926695922999e-04
1.109000000000000000e+05 3.671362267944496514e-05 1.401846384805872057e-04 1.467584666196041008e-04
1.110000000000000000e+05 3.350860024761764735e-05 1.297630484196815375e-04 1.470372301604068281e-04
1.111000000000000000e+05 3.692138156126704637e-05 1.299728013929883554e-04 1.451993196384084505e-04
1.112000000000000000e+05 4.240741178778945715e-05 1.351053387447526816e-04 1.452540367156641889e-04
1.113000000000000000e+05 3.528015453049525318e-05 1.302867841269960195e-04 1.465570501400156607e-04
1.114000000000000000e+05 3.317517200530409034e-05 1.345984937079116716e-04 1.476625659591891649e-04
1.115000000000000000e+05 3.360941225123845937e-05 1.222942743661872725e-04 1.446918216296378757e-04
1.116000000000000000e+05 3.039833200326818262e-05 1.121869657038277493e-04 1.375392266489830820e-04
1.117000000000000000e+05 2.592332250943834703e-05 9.596428842720317357e-05 1.330419477246223337e-04
1.118000000000000000e+05 2.745054591101371707e-05 8.838786640533523146e-05 1.367443954172010208e-04
1.119000000000000000e+05 2.950861287591115679e-05 7.240118284009987217e-05 1.513541274140011448e-04
1.120000000000000000e+05 3.112013931608453420e-05 7.875210161043010634e-05 1.644663517494206000e-04
1.121000000000000000e+05 2.386955007974931329e-05 8.795881218025386450e-05 1.592557114127353271e-04
1.122000000000000000e+05 3.278010704387684937e-05 1.413664035626264602e-04 1.449877734250941917e-04
1.123000000000000000e+05 3.389895163541216134e-05 1.846479466602317810e-04 1.431995438840634330e-04
1.124000000000000000e+05 3.580948847616143862e-05 1.326375954745789994e-04 1.472777624857344019e-04
1.125000000000000000e+05 4.043324929754329945e-05 1.416364824866100155e-04 1.538049221465926807e-04
1.126000000000000000e+05 3.087668359725204061e-05 1.134666954946631911e-04 1.619241912194667508e-04
1.127000000000000000e+05 2.753228174941894121e-05 1.075737789350540664e-04 1.559162964401461689e-04
1.128000000000000000e+05 2.104657764555713457e-05 1.129949513909517744e-04 1.448639322094769143e-04
1.129000000000000000e+05 2.269335318975179911e-05 1.191050965425020529e-04 1.393822146116532792e-04
1.130000000000000000e+05 1.952991430447483163e-05 1.144379748658307225e-04 1.362556045105728136e-04
1.131000000000000000e+05 2.536739409295420947e-05 1.343414777575309719e-04 1.397321867313291532e-04
1.132000000000000000e+05 3.014439800281332519e-05 1.163311250604274219e-04 1.512354723174074865e-04
1.133000000000000000e+05 3.024625844064550645e-05 1.275826832397437523e-04 1.523817647643150707e-04
1.134000000000000000e+05 2.927568419129240071e-05 1.819975241182321987e-04 1.393899364392102902e-04
1.135000000000000000e+05 2.518237852059762799e-05 2.569457471554113933e-04 1.365202691315088818e-04
1.136000000000000000e+05 2.038261245663715911e-05 2.049558317462664436e-04 1.461817833105952898e-04
1.137000000000000000e+05 1.957690114688258234e-05 1.715798061595191499e-04 1.515301474438357401e-04
1.138000000000000000e+05 2.063442687673985431e-05 1.938748714345807941e-04 1.451352308892784931e-04
1.139000000000000000e+05 2.049642701591735132e-05 2.246776708974584686e-04 1.332724698233457355e-04
1.140000000000000000e+05 1.908326908942289718e-05 2.439032843084682194e-04 1.267080503791727646e-04
1.141000000000000000e+05 2.335135436937318802e-05 2.795678300041971962e-04 1.371570742813886588e-04
1.142000000000000000e+05 1.931957660108662924e-05 3.734739774527525607e-04 1.519696523391334301e-04
1.143000000000000000e+05 2.904036345700545206e-05 4.476550704115353084e-04 1.500764671681428656e-04
1.144000000000000000e+05 2.588636590061506662e-05 4.664511739453582224e-04 1.374123650162944847e-04
1.145000000000000000e+05 1.913701857327239928e-05 3.709694004517111437e-04 1.335064404466296674e-04
1.146000000000000000e+05 1.945668234569235733e-05 2.252046819615341803e-04 1.408649399466151825e-04
1.147000000000000000e+05 2.120468051834518909e-05 1.371597967432779401e-04 1.483491451654145321e-04
1.148000000000000000e+05 1.933225479706427688e-05 7.776190036420799743e-05 1.444689162949128018e-04
1.149000000000000000e+05 1.744812483357633694e-05 9.119314165279561902e-05 1.329054811838439659e-04
1.150000000000000000e+05 2.313059067137443242e-05 8.835409633213487030e-05 1.280981969080596198e-04
1.151000000000000000e+05 2.769149415275040584e-05 9.234948251278574159e-05 1.382013330876978455e-04
1.152000000000000000e+05 4.066432125458086877e-05 1.035751445964094278e-04 1.596039994242691158e-04
1.153000000000000000e+05 3.363709431253419902e-05 7.064412021997784944e-05 1.755377564545284892e-04
1.154000000000000000e+05 3.049883312816005282e-05 7.817201122845208365e-05 1.616678821606766969e-04
1.155000000000000000e+05 2.932846686385362142e-05 7.065969603929412896e-05 1.392140060027923919e-04
1.156000000000000000e+05 1.848791710683441857e-05 6.046145623308964016e-05 1.359378782687840708e-04
1.157000000000000000e+05 2.880333237899676416e-05 9.655205802479457054e-05 1.481481492534871924e-04
1.158000000000000000e+05 3.105941691220292350e-05 1.151638101752984532e-04 1.817500058412325537e-04
1.159000000000000000e+05 3.617188052661862198e-05 1.305807922586407039e-04 2.042201793380676639e-04
1.160000000000000000e+05 4.174267252541672530e-05 1.638003116215052356e-04 1.820325843148649881e-04
1.161000000000000000e+05 3.431385288716395096e-05 1.790163748006606630e-04 1.542184868778304443e-04
1.162000000000000000e+05 2.109958697486208974e-05 1.464999884286833514e-04 1.497986793849433000e-04
1.163000000000000000e+05 2.905177882470632265e-05 1.012613373719083284e-04 1.559082348547012370e-04
1.164000000000000000e+05 3.856327215471096149e-05 9.038074333444603742e-05 1.789319621536899574e-04
1.165000000000000000e+05 4.559166035670591285e-05 1.259413530499185567e-04 2.061862603911141282e-04
1.166000000000000000e+05 4.223953321754817252e-05 8.980002633229562485e-05 1.996931316726615442e-04
1.167000000000000000e+05 4.651053277072949752e-05 9.334369720579627401e-05 1.685697262231549136e-04
1.168000000000000000e+05 2.658867846828097045e-05 9.370968433882756953e-05 1.413741986984311000e-04
1.169000000000000000e+05 2.715493132871567674e-05 1.077949153895436707e-04 1.340356186754330817e-04
1.170000000000000000e+05 3.275374835668790085e-05 1.105303119789446183e-04 1.417895481083596642e-04
1.171000000000000000e+05 3.876771042807828022e-05 9.934951468377570152e-05 1.479504963910203746e-04
1.172000000000000000e+05 4.247274352872956163e-05 1.005816698041813757e-04 1.449375803754889176e-04
1.173000000000000000e+05 4.801414075416130152e-05 1.282027770086087166e-04 1.436802610472906971e-04
1.174000000000000000e+05 5.764405543761525180e-05 1.732097417629853051e-04 1.509834184871525794e-04
1.175000000000000000e+05 8.089258992936890203e-05 2.199286946001188900e-04 1.781266761807122204e-04
1.176000000000000000e+05 9.523806742244853637e-05 2.297751723960234972e-04 2.107930203461813633e-04
1.177000000000000000e+05 1.059794157548746968e-04 1.933141416738656316e-04 2.454063379219509886e-04
1.178000000000000000e+05 9.016996755999373775e-05 2.400093200273183515e-04 2.415553760249996716e-04
1.179000000000000000e+05 8.067213295305087457e-05 1.872733857542636634e-04 1.607664454357898549e-04
1.180000000000000000e+05 3.286891558479879810e-05 1.004902977962182219e-04 1.050046927350490651e-04
1.181000000000000000e+05 2.179341933443269624e-05 7.711876313605497523e-05 9.961477458546003463e-05
1.182000000000000000e+05 2.323812088569930168e-05 6.600548117782958489e-05 9.990079542315127067e-05
1.183000000000000000e+05 2.228908674194525388e-05 5.522301474196334293e-05 9.839361156685324844e-05
1.184000000000000000e+05 2.233515739342867572e-05 5.316083107103031181e-05 9.878880167430906635e-05
1.185000000000000000e+05 2.148977354238706993e-05 4.722554119711785091e-05 1.093503894631101740e-04
1.186000000000000000e+05 2.039341878019463737e-05 3.854599382033392066e-05 1.185903082908911079e-04
1.187000000000000000e+05 1.761030921935952511e-05 3.170546996818838462e-05 1.176255251129223420e-04
1.188000000000000000e+05 2.241862098236383882e-05 4.222164740533984216e-05 1.205748127616329399e-04
1.189000000000000000e+05 3.466083194871003351e-05 6.108129720154188030e-05 1.316320540499035666e-04
1.190000000000000000e+05 2.154379947052284408e-05 3.618317306059190108e-05 1.278473887724954495e-04
1.191000000000000000e+05 1.529759610054346451e-05 3.168559153293201800e-05 1.158458554742595597e-04
1.192000000000000000e+05 1.735888202051156506e-05 4.214341624878951184e-05 1.115360300023872771e-04
1.193000000000000000e+05 1.359902390308951247e-05 4.672654268373028271e-05 1.125907932261770758e-04
1.194000000000000000e+05 1.596843164931829233e-05 4.338582223959806924e-05 1.226936664154249044e-04
1.195000000000000000e+05 2.224476039975599136e-05 4.724802339794394776e-05 1.231234698068149180e-04
1.196000000000000000e+05 2.643380847158658894e-05 5.228797494950012921e-05 1.095358175325025519e-04
1.197000000000000000e+05 1.975266481716366493e-05 4.661151052473547413e-05 1.271395453232971424e-04
1.198000000000000000e+05 3.750193436121882721e-05 7.780511849106883592e-05 1.648945131240596104e-04
1.199000000000000000e+05 1.736231006002367737e-05 4.660746465416285272e-05 1.861369375152093668e-04
