9.000000000000000000e+04 4.214402634986334997e-06 1.225043988567820256e-05 5.239171769314714390e-06
9.010000000000000000e+04 5.206685161350234903e-06 1.276564791419293311e-05 6.289086458964116047e-06
9.020000000000000000e+04 7.767577009334205213e-06 1.558366190343447703e-05 8.831213887483273288e-06
9.030000000000000000e+04 9.085435328630379401e-06 2.376718430569618081e-05 1.016822739738693616e-05
9.040000000000000000e+04 7.254438709324383202e-06 1.515871455745621067e-05 8.266404863150666538e-06
9.050000000000000000e+04 7.328370666463905655e-06 1.329221650452496828e-05 7.425675104331825381e-06
9.060000000000000000e+04 3.979300092498174884e-06 7.995874133633296089e-06 7.806155393742638868e-06
9.070000000000000000e+04 4.095133183282666503e-06 7.203872440182402348e-06 7.980657448971370928e-06
9.080000000000000000e+04 3.399500824596072165e-06 7.814192509211730612e-06 7.517199272720999215e-06
9.090000000000000000e+04 3.214545416657418577e-06 5.732530088726669191e-06 6.454824873311482318e-06
9.100000000000000000e+04 4.546776244862144056e-06 8.202047148738520323e-06 6.705584056854881963e-06
9.110000000000000000e+04 4.116697348098360032e-06 9.751543623514393892e-06 6.297936800583357479e-06
9.120000000000000000e+04 3.777419741039060467e-06 8.078033128596074334e-06 4.896547315200125348e-06
9.130000000000000000e+04 4.283093200610496053e-06 8.300726615441413094e-06 5.371230812424011024e-06
9.140000000000000000e+04 4.723867575144227269e-06 8.959679964741789645e-06 5.742787691713902896e-06
9.150000000000000000e+04 4.566836278696797825e-06 7.592022156976395859e-06 5.977844451179882863e-06
9.160000000000000000e+04 2.819176665863418371e-06 6.239206572746788327e-06 6.433320989859362040e-06
9.170000000000000000e+04 2.675128631371167518e-06 5.860570453504401049e-06 7.201023326378114110e-06
9.180000000000000000e+04 4.088281438061648858e-06 8.020115638197674473e-06 8.186690751631507868e-06
9.190000000000000000e+04 4.585592282504358504e-06 9.480981578105123809e-06 7.503443749506504747e-06
9.200000000000000000e+04 2.656657516713820032e-06 5.943854772908516325e-06 6.320401746231698938e-06
9.210000000000000000e+04 1.844966108698189353e-06 6.673750155836931319e-06 4.762866708575549254e-06
9.220000000000000000e+04 2.832756982333408500e-06 8.461530994523008744e-06 4.561639175753111388e-06
9.230000000000000000e+04 2.828400215334100639e-06 8.345462699726361540e-06 4.702050926679291113e-06
9.240000000000000000e+04 2.382951505326715477e-06 8.041362385571972576e-06 5.447530123120322770e-06
9.250000000000000000e+04 1.998845965795608739e-06 7.339576012159237761e-06 5.891633465718033435e-06
9.260000000000000000e+04 4.599845473763929362e-06 1.177211262084544302e-05 7.636226832206774901e-06
9.270000000000000000e+04 5.644128263865691835e-06 1.506243824398541517e-05 7.641038586757085865e-06
9.280000000000000000e+04 5.314950100173974402e-06 1.362152881941659831e-05 7.332921515078607976e-06
9.290000000000000000e+04 4.090486457384709184e-06 1.042833239510768208e-05 7.677548495111081618e-06
9.300000000000000000e+04 4.615074596761397746e-06 1.001594629133230415e-05 7.700255339129513540e-06
9.310000000000000000e+04 5.503979123381224037e-06 1.100527381294248232e-05 7.858752033975044190e-06
9.320000000000000000e+04 5.020278047004412739e-06 1.003367585293580987e-05 8.210365325560317894e-06
9.330000000000000000e+04 5.917547094629743201e-06 1.065838425037442385e-05 7.298767560257708462e-06
9.340000000000000000e+04 5.797776933104284861e-06 1.046534805263175679e-05 6.796886146657707981e-06
9.350000000000000000e+04 5.199326237591238863e-06 1.014355244099584310e-05 6.175786614430776559e-06
9.360000000000000000e+04 5.115399860452574040e-06 9.860132517744113310e-06 6.125733419987199810e-06
9.370000000000000000e+04 5.340091321241948274e-06 9.393445442585760571e-06 6.493850950191779208e-06
9.380000000000000000e+04 5.079972150759686536e-06 9.334688169408836896e-06 6.448413388336129598e-06
9.390000000000000000e+04 4.320910071865047859e-06 7.604214776677393632e-06 6.387728286171477758e-06
9.400000000000000000e+04 3.283740518763705467e-06 5.587817770292841288e-06 7.391051252659715886e-06
9.410000000000000000e+04 5.156545143122095198e-06 8.454121981643831531e-06 8.571650908473753820e-06
9.420000000000000000e+04 4.704200171634262170e-06 8.767496632704120679e-06 7.797770729978043667e-06
9.430000000000000000e+04 3.462971371903663177e-06 7.833120921957012120e-06 8.310429510898146077e-06
9.440000000000000000e+04 6.837414013417094135e-06 1.162745968888728262e-05 1.029395784055005599e-05
9.450000000000000000e+04 5.997188303149696525e-06 9.107869960515370370e-06 8.852398955924370297e-06
9.460000000000000000e+04 4.866423609326467772e-06 7.839257877016745035e-06 7.839303011871403431e-06
9.470000000000000000e+04 4.864699415776508435e-06 9.463657572996704047e-06 8.445724255650957402e-06
9.480000000000000000e+04 3.964372552776537004e-06 7.606590164151598193e-06 7.338473014362075948e-06
9.490000000000000000e+04 5.382982305056876186e-06 1.189067495597375948e-05 6.785855799868019007e-06
9.500000000000000000e+04 4.788154261826958428e-06 1.151352810757543306e-05 5.163333006692345942e-06
9.510000000000000000e+04 3.941160267349162681e-06 1.050603694372659052e-05 6.079679113081717015e-06
9.520000000000000000e+04 6.535425570181316231e-06 1.456872148125143268e-05 8.622120215881050805e-06
9.530000000000000000e+04 5.364669254825440517e-06 1.105187776964809048e-05 6.344347685815055385e-06
9.540000000000000000e+04 5.783029453064248671e-06 1.015650568220687186e-05 5.783029453064248671e-06
9.550000000000000000e+04 5.954726516706638057e-06 1.100537091973043016e-05 6.033547774909903754e-06
9.560000000000000000e+04 5.073012050508146765e-06 1.182370046675614014e-05 5.892753135822044283e-06
9.570000000000000000e+04 5.145649659116503615e-06 1.322968239375007448e-05 6.110966993839028947e-06
9.580000000000000000e+04 3.990584777018615780e-06 8.323292529028679585e-06 5.002551595085487681e-06
9.590000000000000000e+04 4.259311305004238405e-06 9.676908598350152942e-06 5.313312074587301288e-06
9.600000000000000000e+04 4.377553437642526789e-06 9.877582136740359825e-06 5.412519059719277566e-06
9.610000000000000000e+04 5.212624741967471436e-06 1.181160558008712669e-05 6.144322249870619754e-06
9.620000000000000000e+04 6.271998472896166585e-06 1.594800865267205804e-05 7.168037680501483438e-06
9.630000000000000000e+04 6.144207953940365732e-06 1.419818980377004891e-05 7.175350379240555284e-06
9.640000000000000000e+04 5.605932795769015747e-06 9.804519120414530097e-06 6.826325557664380071e-06
9.650000000000000000e+04 5.069347660863855435e-06 8.958170969831224864e-06 6.022865732218571943e-06
9.660000000000000000e+04 4.776358378704748480e-06 8.911224837261106914e-06 5.896221380186584870e-06
9.670000000000000000e+04 5.510456549988081555e-06 1.068819953963111379e-05 6.590493079868000223e-06
9.680000000000000000e+04 6.486044117554761769e-06 1.273398485119620901e-05 7.429635624239797181e-06
9.690000000000000000e+04 6.712607444761781846e-06 1.429123782681886599e-05 7.646966873932846930e-06
9.700000000000000000e+04 6.506298255574360326e-06 1.408048494460039022e-05 7.449499521259609516e-06
9.710000000000000000e+04 5.843383779718976344e-06 1.214569913373016671e-05 6.869320345793776630e-06
9.720000000000000000e+04 5.750591732317794607e-06 1.155847356146954729e-05 6.752550043511724462e-06
9.730000000000000000e+04 5.455244696457624180e-06 1.086967570327281824e-05 6.349740815350161612e-06
9.740000000000000000e+04 5.189072788626644264e-06 1.063129774471285238e-05 6.100216036337046050e-06
9.750000000000000000e+04 5.115726231784524420e-06 1.156354215487125696e-05 5.999763522495478014e-06
9.760000000000000000e+04 5.516800474565508927e-06 1.267403150707359462e-05 6.389942215291070952e-06
9.770000000000000000e+04 5.756375107049860672e-06 1.359038791795421696e-05 6.627287107367263303e-06
9.780000000000000000e+04 5.966149029162849088e-06 1.342288110164751752e-05 6.837818640165338135e-06
9.790000000000000000e+04 5.897081413342402970e-06 1.063680914175501677e-05 6.788354690736540730e-06
9.800000000000000000e+04 7.708672035862600437e-06 2.403460929235878840e-05 8.594172168675316993e-06
9.810000000000000000e+04 9.403504057185991120e-06 3.047078785129348654e-05 1.044558274850743635e-05
9.820000000000000000e+04 1.015267275421176190e-05 3.147312314619312790e-05 1.137978351912967388e-05
9.830000000000000000e+04 1.213608527041526116e-05 3.992840421821424032e-05 1.332772628103512247e-05
9.840000000000000000e+04 7.548428853862107557e-06 2.049197791386743827e-05 8.872703680822806524e-06
9.850000000000000000e+04 6.956822322336520591e-06 1.309167746533095213e-05 8.304976778730570512e-06
9.860000000000000000e+04 9.066658040368445981e-06 2.531390266861058703e-05 1.183698584269453696e-05
9.870000000000000000e+04 8.247433031816914234e-06 2.974342799984209320e-05 1.338275755979080934e-05
9.880000000000000000e+04 1.141384159555163794e-05 3.377165157552421338e-05 1.594919384705238891e-05
9.890000000000000000e+04 9.844849478049816840e-06 3.515954017368864981e-05 1.436270814333397592e-05
9.900000000000000000e+04 8.141354943459234395e-06 3.410512152252503394e-05 1.369189395386967638e-05
9.910000000000000000e+04 6.237606572887639621e-06 2.105161058210215368e-05 1.160935013379027456e-05
9.920000000000000000e+04 6.584182537911691279e-06 1.829480412539978619e-05 9.642738723485186388e-06
9.930000000000000000e+04 7.519645992791259154e-06 1.824681729663784588e-05 9.425340859462644609e-06
9.940000000000000000e+04 7.201414518181700141e-06 1.485106932170974329e-05 9.181921425061602404e-06
9.950000000000000000e+04 7.588933921792907545e-06 1.700780425259614581e-05 8.321739146865001695e-06
9.960000000000000000e+04 7.092045985184800859e-06 1.727054960824585261e-05 8.512278131054919271e-06
9.970000000000000000e+04 8.421278155683889965e-06 1.790288853464252559e-05 9.697158751623089363e-06
9.980000000000000000e+04 1.332869131483545020e-05 2.191839185828889242e-05 1.435429060820963786e-05
9.990000000000000000e+04 1.442072192046551803e-05 2.426290684246316807e-05 1.539837452321504032e-05
1.000000000000000000e+05 9.741475119938860515e-06 2.609587213579823509e-05 1.076209017593287581e-05
1.001000000000000000e+05 1.050706822510707512e-05 2.988967776293829980e-05 1.159095472856786842e-05
1.002000000000000000e+05 1.192299032262841064e-05 3.240782876485617721e-05 1.315462306611800338e-05
1.003000000000000000e+05 9.805885908785531282e-06 2.517905919069931254e-05 1.173892323075188674e-05
1.004000000000000000e+05 8.375949512354001922e-06 1.803138607240786599e-05 1.003574131242065037e-05
1.005000000000000000e+05 7.845462920830495324e-06 1.631893030350390844e-05 9.627390936960288537e-06
1.006000000000000000e+05 8.893533703066181678e-06 1.795105609835775511e-05 1.089288198976729933e-05
1.007000000000000000e+05 1.061899385219044819e-05 1.807686215057740861e-05 1.281505920357429411e-05
1.008000000000000000e+05 1.206029625861964965e-05 1.926651728760790181e-05 1.389462139241492122e-05
1.009000000000000000e+05 1.155942223941272074e-05 2.247370265945759270e-05 1.315422567856629696e-05
1.010000000000000000e+05 1.033375064957833639e-05 1.750160495420681944e-05 1.186531345899813519e-05
1.011000000000000000e+05 1.066504488526692765e-05 1.740104444008411480e-05 1.165491950815648260e-05
1.012000000000000000e+05 9.750951120752769232e-06 1.960509080904768259e-05 1.068341829169778366e-05
1.013000000000000000e+05 7.062490048207896655e-06 1.423188463878353896e-05 8.200130662805886741e-06
1.014000000000000000e+05 8.702716290929877143e-06 2.068816563643847322e-05 9.938744215588357774e-06
1.015000000000000000e+05 1.066830846333445169e-05 2.988336370159053060e-05 1.166549203553788748e-05
1.016000000000000000e+05 1.250110055662631178e-05 3.859943106416137686e-05 1.347534266640249814e-05
1.017000000000000000e+05 1.367944494223123621e-05 4.713584736311803594e-05 1.461842975943005698e-05
1.018000000000000000e+05 1.340210286016506361e-05 3.987542669914088511e-05 1.432054073350545060e-05
1.019000000000000000e+05 1.290582600952726104e-05 3.578622999549728304e-05 1.381691284849087489e-05
1.020000000000000000e+05 1.599599091958709253e-05 4.762868747246995472e-05 1.689782790631964951e-05
1.021000000000000000e+05 1.467530140629848185e-05 3.802593154806806344e-05 1.559338939363196750e-05
1.022000000000000000e+05 1.645583296696528764e-05 4.196936545456495687e-05 1.737014697622589276e-05
1.023000000000000000e+05 1.491616779208451321e-05 4.948023445702384412e-05 1.581497036661320830e-05
1.024000000000000000e+05 1.399534322011665692e-05 4.585222218679875901e-05 1.488807718163373813e-05
1.025000000000000000e+05 1.445878788019076752e-05 4.499618979298882100e-05 1.541611781212097950e-05
1.026000000000000000e+05 1.270451886833937595e-05 3.802647542220978386e-05 1.362594794397578642e-05
1.027000000000000000e+05 1.091244486270427424e-05 2.967648410444099786e-05 1.180545172447305487e-05
1.028000000000000000e+05 1.357087270922861075e-05 3.948172837891246575e-05 1.447179158057102010e-05
1.029000000000000000e+05 1.618699548356002940e-05 4.009954329777930693e-05 1.714142124485741703e-05
1.030000000000000000e+05 1.969157405760188454e-05 5.009695199476405598e-05 2.067866046750715649e-05
1.031000000000000000e+05 2.336971492282222904e-05 7.214077433973837715e-05 2.441821711767986548e-05
1.032000000000000000e+05 2.454566233843890946e-05 7.823811366452382992e-05 2.567055547325583536e-05
1.033000000000000000e+05 2.479402983295273156e-05 8.115656999798986828e-05 2.596433871539591135e-05
1.034000000000000000e+05 2.496910773557703541e-05 8.116988137622758461e-05 2.606086622433177020e-05
1.035000000000000000e+05 2.323212506279083268e-05 7.781420148887115791e-05 2.441984943752315639e-05
1.036000000000000000e+05 2.228032750517875538e-05 7.603528738035710043e-05 2.335215147892201587e-05
1.037000000000000000e+05 2.133392395200032490e-05 7.433427068962755637e-05 2.226944840133610469e-05
1.038000000000000000e+05 2.201792742524263046e-05 7.311461477937389807e-05 2.294119464502482209e-05
1.039000000000000000e+05 2.160311934847008485e-05 7.340541072659233733e-05 2.253046923354869375e-05
1.040000000000000000e+05 2.034151220167335528e-05 6.903910123611111554e-05 2.128879387551849185e-05
1.041000000000000000e+05 2.073879501250267899e-05 6.734553039286638614e-05 2.168619350878843240e-05
1.042000000000000000e+05 2.018989475941007381e-05 6.851816138526552690e-05 2.122143006774658132e-05
1.043000000000000000e+05 2.038059464736441127e-05 7.104703638223682210e-05 2.172708605557135064e-05
1.044000000000000000e+05 2.025264932240246162e-05 7.040608321951575437e-05 2.160736061829974641e-05
1.045000000000000000e+05 1.926821474596086066e-05 7.134600663891057636e-05 2.047606012945521586e-05
1.046000000000000000e+05 1.938621769888111546e-05 7.462890346004042710e-05 2.044330254641566207e-05
1.047000000000000000e+05 1.965928023316431989e-05 7.485431724695686617e-05 2.063354765146545398e-05
1.048000000000000000e+05 1.926017159567575043e-05 7.454718830143972433e-05 2.020205930696799821e-05
1.049000000000000000e+05 1.839292461535657519e-05 7.192302763441380941e-05 1.956376589247615802e-05
1.050000000000000000e+05 1.750827983531514661e-05 6.618628304301008372e-05 1.873956773041219307e-05
1.051000000000000000e+05 1.740341994079850051e-05 6.374841213167537185e-05 1.856171105898670929e-05
1.052000000000000000e+05 1.893399289007266669e-05 6.706115504819059562e-05 1.997834156473630394e-05
1.053000000000000000e+05 2.040337206959224583e-05 7.136815062989011055e-05 2.135232911949829843e-05
1.054000000000000000e+05 1.893006872300423302e-05 6.957452640166126906e-05 1.988461652673664018e-05
1.055000000000000000e+05 1.789486125602966440e-05 6.673813063731218989e-05 1.887250370676799190e-05
1.056000000000000000e+05 1.757659805746008419e-05 6.660372908236643244e-05 1.757659805746008419e-05
1.057000000000000000e+05 1.775856723558368061e-05 6.673716156199816321e-05 1.775856723558368061e-05
1.058000000000000000e+05 1.844455879765648432e-05 6.571104869072737524e-05 1.844455879765648432e-05
1.059000000000000000e+05 1.264002985450096475e+304 1.580003731812620533e+304 -3.160007463625241187e+303
1.060000000000000000e+05 9.362985077407514668e+303 1.170373134675939394e+304 -2.340746269351878667e+303
1.061000000000000000e+05 2.649553050427726984e-05 7.005392008846368559e-05 2.743081407520247850e-05
1.062000000000000000e+05 2.635491334035731278e-05 6.781793608082818518e-05 2.735684298068079428e-05
1.063000000000000000e+05 2.572658946902465555e-05 6.666138223697646345e-05 2.701396707243681661e-05
1.064000000000000000e+05 nan nan nan
1.065000000000000000e+05 nan nan nan
1.066000000000000000e+05 nan nan nan
1.067000000000000000e+05 2.399245450182697209e-05 6.280830867604681237e-05 2.576043136245066635e-05
1.068000000000000000e+05 2.515229573052901962e-05 6.525076490576315941e-05 2.672631293758313904e-05
1.069000000000000000e+05 2.512041047384290393e-05 6.919166942029638518e-05 2.631623681754162734e-05
1.070000000000000000e+05 2.238663383404132908e-05 6.470733009252143428e-05 2.326784971368753372e-05
1.071000000000000000e+05 2.116069582189734468e-05 6.400427119501968037e-05 2.205429484525477793e-05
1.072000000000000000e+05 2.265756899124991239e-05 6.627814877490877912e-05 2.359018027489932380e-05
1.073000000000000000e+05 2.293736276401337550e-05 6.342631838380907554e-05 2.400908801805218376e-05
1.074000000000000000e+05 2.165953015583007801e-05 6.358661358868513455e-05 2.276483415675264124e-05
1.075000000000000000e+05 2.446706282825810721e-05 6.362527164078670230e-05 2.537875925045081317e-05
1.076000000000000000e+05 2.566514670012582137e-05 6.251496369984760218e-05 2.658963681060495923e-05
1.077000000000000000e+05 2.560477349395843931e-05 6.388704923936763564e-05 2.657080595260163499e-05
1.078000000000000000e+05 2.559196122726648334e-05 6.518467200285553399e-05 2.655208476480824272e-05
1.079000000000000000e+05 2.436858184754967847e-05 6.488665254457688767e-05 2.530201107487106105e-05
1.080000000000000000e+05 2.402247337324027259e-05 6.178155803335397885e-05 2.498754111646201890e-05
1.081000000000000000e+05 2.688422078879320533e-05 6.344895457706503693e-05 2.801373516577204380e-05
1.082000000000000000e+05 2.574188051657470171e-05 6.314823607780067221e-05 2.693717832982084337e-05
1.083000000000000000e+05 2.527753636281992048e-05 6.158021653290501299e-05 2.637152224996843519e-05
1.084000000000000000e+05 2.512643093094898169e-05 5.945184887705064653e-05 2.600377228139110782e-05
1.085000000000000000e+05 2.553456742265061707e-05 6.583018278729995624e-05 2.641386535133219261e-05
1.086000000000000000e+05 2.532279134336500479e-05 6.684521444025007697e-05 2.619381194146636348e-05
1.087000000000000000e+05 2.538602008635431974e-05 6.422830365708813091e-05 2.626621938229756816e-05
1.088000000000000000e+05 2.599816657593548346e-05 6.876762887576118636e-05 2.688886886161743342e-05
1.089000000000000000e+05 2.467997234721175886e-05 6.633396872884418833e-05 2.556072810696655015e-05
1.090000000000000000e+05 2.600013598486037412e-05 6.525317460972401189e-05 2.686276394082030627e-05
1.091000000000000000e+05 2.703747311753167549e-05 6.750254804519690308e-05 2.791515973199715993e-05
1.092000000000000000e+05 2.599927792630921108e-05 6.859137269208838016e-05 2.690073547429008881e-05
1.093000000000000000e+05 2.879143887176811598e-05 8.943516199415403936e-05 2.979273489539521823e-05
1.094000000000000000e+05 3.220234935389734054e-05 1.066444023073800544e-04 3.355323834103756178e-05
1.095000000000000000e+05 3.577325100440159432e-05 1.055921764180557838e-04 3.679769390141304108e-05
1.096000000000000000e+05 3.907022946827896996e-05 1.064247042162041183e-04 4.022367345252438942e-05
1.097000000000000000e+05 3.983129709169722316e-05 1.080338092765592323e-04 4.114314407072722690e-05
1.098000000000000000e+05 3.995721608614237794e-05 1.098810083343065256e-04 4.113059555214708185e-05
1.099000000000000000e+05 3.975269834055128129e-05 1.103762885104039371e-04 4.075463307919718892e-05
1.100000000000000000e+05 3.901073950188802333e-05 1.094430940976558170e-04 4.038457850033935265e-05
1.101000000000000000e+05 4.041698060884832747e-05 1.105232441059823747e-04 4.166888681787123442e-05
1.102000000000000000e+05 4.255888565089185232e-05 1.123883183455109312e-04 4.343152513460307718e-05
1.103000000000000000e+05 4.233349749734218034e-05 1.101775424541874706e-04 4.324680197049600558e-05
1.104000000000000000e+05 4.068444061172428315e-05 1.119191259772870707e-04 4.155681052065600330e-05
1.105000000000000000e+05 4.336193029019269938e-05 1.117961465406062808e-04 4.454608431540141170e-05
1.106000000000000000e+05 4.224239002092524417e-05 1.093124772681599834e-04 4.363399510461838336e-05
1.107000000000000000e+05 4.176651627590837645e-05 1.109635051108747182e-04 4.304480401407912674e-05
1.108000000000000000e+05 4.204081154986226871e-05 1.119407828028339902e-04 4.293224422650140335e-05
1.109000000000000000e+05 4.325976744480342648e-05 1.133000057263475267e-04 4.432470229446691613e-05
1.110000000000000000e+05 4.387072506517570398e-05 1.171493039422596386e-04 4.488977377372281948e-05
1.111000000000000000e+05 4.463107660478558467e-05 1.091730454494571113e-04 4.558368309950397792e-05
1.112000000000000000e+05 4.723852038242342218e-05 1.103429013636128531e-04 4.833094896015064626e-05
1.113000000000000000e+05 4.662165969679504785e-05 1.152712067964328302e-04 4.754243072812708158e-05
1.114000000000000000e+05 4.762136226918475368e-05 1.150080497084882283e-04 4.850261424045444969e-05
1.115000000000000000e+05 4.492103225021789643e-05 1.128194583186044276e-04 4.581723678484444303e-05
1.116000000000000000e+05 4.208883233906012981e-05 1.117833883408027084e-04 4.300494468406617233e-05
1.117000000000000000e+05 4.563351421968466377e-05 1.123999168314894910e-04 4.652450296915302489e-05
1.118000000000000000e+05 4.526619538241164186e-05 1.149869016657996683e-04 4.635350749820132873e-05
1.119000000000000000e+05 4.507425798010730402e-05 1.153133629846966608e-04 4.610379999470489614e-05
1.120000000000000000e+05 4.530902783675555420e-05 1.157026922312787522e-04 4.636274421610158747e-05
1.121000000000000000e+05 4.499918771015145956e-05 1.163717432671445017e-04 4.627517201871652496e-05
1.122000000000000000e+05 4.768282883305820485e-05 1.137230673674313985e-04 4.883356753264954961e-05
1.123000000000000000e+05 4.471574756039368233e-05 1.133173070424424824e-04 4.554934500391733513e-05
1.124000000000000000e+05 4.191532460867196765e-05 1.140529480990339994e-04 4.191532460867196765e-05
1.125000000000000000e+05 4.286144449047691804e-05 1.137026639743117740e-04 4.286144449047691804e-05
1.126000000000000000e+05 4.230888004168066450e-05 1.089547964568525376e-04 4.336934901670422732e-05
1.127000000000000000e+05 4.743928051518111566e-05 1.115774246994520987e-04 4.842532638349561339e-05
1.128000000000000000e+05 5.136022555411447156e-05 1.140868573312361738e-04 5.256996531869415155e-05
1.129000000000000000e+05 5.021973396984908566e-05 1.071794112870915405e-04 5.206129774730357355e-05
1.130000000000000000e+05 4.850834375322974246e-05 1.075157415767755489e-04 5.140434831901746640e-05
1.131000000000000000e+05 4.860434472158582805e-05 1.084564619811031864e-04 5.289442665182035803e-05
1.132000000000000000e+05 5.080374848462754342e-05 1.111314075112073319e-04 5.424403824856084428e-05
1.133000000000000000e+05 5.257213999496438957e-05 1.113439367636917982e-04 5.466645137348957793e-05
1.134000000000000000e+05 5.280036065508605968e-05 1.125088535321629851e-04 5.381816359490889246e-05
1.135000000000000000e+05 5.161924264555892736e-05 1.116389548145834407e-04 5.239444850629183901e-05
1.136000000000000000e+05 5.049609526463389472e-05 1.082470970191694271e-04 5.198953342984459356e-05
1.137000000000000000e+05 5.154576915034655808e-05 1.074113387258799512e-04 5.325917925968414954e-05
1.138000000000000000e+05 5.309009026064258287e-05 1.095785139864335607e-04 5.437899991309304634e-05
1.139000000000000000e+05 5.322013352272944191e-05 1.094906118367542177e-04 5.386362231506354459e-05
1.140000000000000000e+05 5.076122119047393386e-05 1.029542701898457070e-04 5.132699231481637278e-05
1.141000000000000000e+05 5.158177834712984424e-05 1.066631649488920206e-04 5.292471233852151952e-05
1.142000000000000000e+05 5.449526678195873322e-05 1.032261623347101857e-04 5.549106311827745150e-05
1.143000000000000000e+05 5.259880032582345629e-05 9.927684797234287255e-05 5.316524545622280799e-05
1.144000000000000000e+05 5.265415685879693496e-05 1.059153322842151492e-04 5.322025762835278266e-05
1.145000000000000000e+05 5.233275063264532164e-05 1.005981138017201512e-04 5.289150240276419912e-05
1.146000000000000000e+05 5.368395788064715706e-05 9.831406324540821300e-05 5.437009902935226017e-05
1.147000000000000000e+05 5.373861744167726044e-05 9.883081099339918664e-05 5.443026597746943853e-05
1.148000000000000000e+05 5.071737670189048832e-05 9.465875880964375510e-05 5.179279203600056178e-05
1.149000000000000000e+05 4.908083905327257132e-05 9.667645271425680969e-05 5.127921720492023647e-05
1.150000000000000000e+05 5.048477671067436048e-05 9.677508697005150241e-05 5.146612412513630142e-05
1.151000000000000000e+05 4.850826307410274838e-05 9.237302880399145049e-05 4.942590062596114667e-05
1.152000000000000000e+05 5.026407835387807177e-05 9.807334440026395763e-05 5.112058854118671107e-05
1.153000000000000000e+05 4.999326334967389636e-05 9.619612318109876969e-05 5.058188983267981225e-05
1.154000000000000000e+05 5.032975612093830724e-05 9.490556864236759558e-05 5.094337285151926157e-05
1.155000000000000000e+05 5.272997122493502589e-05 1.017278920174147369e-04 5.332560455739947106e-05
1.156000000000000000e+05 5.223035631668739102e-05 9.812338491622173511e-05 5.284256269606168831e-05
1.157000000000000000e+05 5.164853345318032860e-05 9.545391951029803107e-05 5.227532035020619094e-05
1.158000000000000000e+05 5.120652315052339393e-05 9.413775697439567889e-05 5.181847674386279572e-05
1.159000000000000000e+05 5.103074669147183469e-05 9.493896962519825277e-05 5.161907338555859077e-05
1.160000000000000000e+05 4.801606899001245609e-05 9.618281154151128720e-05 4.860741983816578300e-05
1.161000000000000000e+05 4.479481810017853520e-05 9.623362854983232484e-05 4.539910932347220778e-05
1.162000000000000000e+05 4.217527247335313358e-05 9.482652459410684568e-05 4.292036244454408616e-05
1.163000000000000000e+05 4.431015991588161740e-05 9.175091194317769143e-05 4.549191336487525732e-05
1.164000000000000000e+05 4.838322319320251383e-05 9.525494162969753433e-05 5.016976732448051243e-05
1.165000000000000000e+05 5.050257031057941374e-05 9.645272182608457200e-05 5.170314105782283478e-05
1.166000000000000000e+05 4.634146511946157733e-05 9.143950843122431707e-05 4.818835410423751616e-05
1.167000000000000000e+05 4.430434158921368979e-05 9.549285863004427545e-05 4.790218031028200792e-05
1.168000000000000000e+05 4.685245434588304435e-05 9.825461436495337231e-05 4.899389949596443070e-05
1.169000000000000000e+05 5.307454489256598448e-05 9.749271679504529684e-05 5.546567268330066197e-05
1.170000000000000000e+05 5.377871928653076743e-05 9.645771586629933248e-05 5.646430107604170879e-05
1.171000000000000000e+05 4.017408958954961075e-05 9.489350555274029685e-05 4.242807222114041213e-05
1.172000000000000000e+05 5.077287199881187681e-05 9.768394193606540752e-05 5.158526560618087681e-05
1.173000000000000000e+05 4.724814015674326588e-05 9.786043294939401590e-05 4.831042503795652810e-05
1.174000000000000000e+05 4.070549269722194659e-05 9.054507696251384396e-05 4.195298906168604130e-05
1.175000000000000000e+05 4.375770049562923634e-05 9.590520856624321229e-05 4.511749089642914630e-05
1.176000000000000000e+05 2.735827380182484874e-05 9.881355199234886054e-05 2.735827380182484874e-05
1.177000000000000000e+05 2.551402002028257124e-05 9.645913937148540077e-05 2.551402002028257124e-05
1.178000000000000000e+05 2.524072994238705424e-05 9.598186745209358285e-05 2.524072994238705424e-05
1.179000000000000000e+05 2.757255728483985998e-05 9.750654885881859444e-05 2.757255728483985998e-05
1.180000000000000000e+05 2.902697724376203722e-05 1.046303580534784200e-04 2.902697724376203722e-05
1.181000000000000000e+05 3.099875721271558846e-05 1.166545984237795492e-04 3.099875721271558846e-05
1.182000000000000000e+05 3.096738185638074089e-05 1.158321592982570651e-04 3.096738185638074089e-05
1.183000000000000000e+05 5.383716419510023754e+303 6.729645524387529693e+303 -1.345929104877505939e+303
1.184000000000000000e+05 1.661929851239924260e+304 2.077412314049905264e+304 -4.154824628099810649e+303
1.185000000000000000e+05 3.511119404027580154e+303 4.388899255034474888e+303 -8.777798510068950385e+302
1.186000000000000000e+05 1.565176471369380301e-05 7.825882356846901842e-05 1.565176471369380301e-05
1.187000000000000000e+05 1.887764181150808303e-05 9.438820905754040835e-05 1.887764181150808303e-05
1.188000000000000000e+05 nan nan nan
1.189000000000000000e+05 nan nan nan
1.190000000000000000e+05 nan nan nan
1.191000000000000000e+05 2.826835297389543265e-07 1.413417648694771739e-06 2.826835297389543265e-07
1.192000000000000000e+05 3.249833051739038186e-07 1.624916525869519146e-06 3.249833051739038186e-07
1.193000000000000000e+05 5.202442912600012695e-07 2.601221456300006453e-06 5.202442912600012695e-07
1.194000000000000000e+05 nan nan nan
1.195000000000000000e+05 nan nan nan
1.196000000000000000e+05 2.379162603244309710e-06 1.189581301622154770e-05 2.379162603244309710e-06
1.197000000000000000e+05 2.168533826222883338e-06 1.084266913111441584e-05 2.168533826222883338e-06
1.198000000000000000e+05 2.778140790709594901e-05 1.289250214181294530e-04 2.778140790709594901e-05
1.199000000000000000e+05 nan nan nan
