9.000000000000000000e+04 2.477330195524332212e-05 4.982462128427388084e-05 2.507415555046433328e-04
9.010000000000000000e+04 2.567438953851686558e-05 4.589125795921998228e-05 2.637800217168284481e-04
9.020000000000000000e+04 5.009436446438370679e-05 7.541994234177475261e-05 2.901237500168487443e-04
9.030000000000000000e+04 4.656299149522949822e-05 7.221518559317975303e-05 3.051527775322310319e-04
9.040000000000000000e+04 8.699127730661259002e-06 2.145956689144485046e-05 2.993363310208789832e-04
9.050000000000000000e+04 1.665766957826750588e-05 3.151928336813400542e-05 3.712921479021945694e-04
9.060000000000000000e+04 2.506618235076000069e-05 4.957097045719233673e-05 3.256712663701797445e-04
9.070000000000000000e+04 1.170010000342943312e-05 4.481857789715045209e-05 2.879071174861677195e-04
9.080000000000000000e+04 3.294930295934771214e-05 7.484473011671113896e-05 2.812252648911967240e-04
9.090000000000000000e+04 5.256784153669547162e-06 9.822439428634039370e-06 2.611669112447233005e-04
9.100000000000000000e+04 7.846825382199537190e-06 1.882552690039786172e-05 2.668749810404224621e-04
9.110000000000000000e+04 1.811778309389040862e-05 4.239655186239968268e-05 2.788173697858417014e-04
9.120000000000000000e+04 2.595752561441116253e-05 5.004273218579249807e-05 2.822739927048276143e-04
9.130000000000000000e+04 1.600687051388395435e-05 2.499176484141647000e-05 2.748969186017558648e-04
9.140000000000000000e+04 2.316738199179904927e-05 5.748051002272790686e-05 2.664734035241751015e-04
9.150000000000000000e+04 1.777713512444740063e-05 3.652766663077750041e-05 2.767136376922372230e-04
9.160000000000000000e+04 5.769006788409114170e-06 9.774330361844859542e-06 2.773546075745199390e-04
9.170000000000000000e+04 1.520704197206844497e-05 2.855009516530994775e-05 2.807409529783844908e-04
9.180000000000000000e+04 2.535025266235869284e-05 7.209763830137396650e-05 2.842556486734131287e-04
9.190000000000000000e+04 2.619307878563110689e-05 4.936630031748638885e-05 2.848614646854246021e-04
9.200000000000000000e+04 1.654689081678756410e-05 4.808449289050542412e-05 2.758041445967171316e-04
9.210000000000000000e+04 1.269668291929216316e-05 2.353421628955356401e-05 2.789716226530430943e-04
9.220000000000000000e+04 2.055943932618954032e-05 3.898272679848436596e-05 3.036359579285210272e-04
9.230000000000000000e+04 4.799210249969076622e-05 1.048668381437537368e-04 3.093546408946441784e-04
9.240000000000000000e+04 1.830288421829633517e-05 3.786595608572230175e-05 2.833717454130111908e-04
9.250000000000000000e+04 1.372672267561182756e-05 2.856948435749691751e-05 2.714848284389671166e-04
9.260000000000000000e+04 3.053564011271659427e-05 5.496841668653027076e-05 2.583555208962833439e-04
9.270000000000000000e+04 2.527029197325729188e-05 4.458514465781771453e-05 2.525135393857304159e-04
9.280000000000000000e+04 1.276699243201874609e-05 2.022965982232080334e-05 2.439800860639498360e-04
9.290000000000000000e+04 1.099169338601702333e-05 2.339727626332664765e-05 2.492428747757751426e-04
9.300000000000000000e+04 1.258777998423203474e-05 2.996520407109331836e-05 2.548280052402635389e-04
9.310000000000000000e+04 2.016791319970874866e-05 4.288569726939293371e-05 2.684920710272059845e-04
9.320000000000000000e+04 1.736116139490094176e-05 3.027408743572451537e-05 2.759926026735481886e-04
9.330000000000000000e+04 5.765552591667079765e-05 1.281608194644054237e-04 2.933717509413249179e-04
9.340000000000000000e+04 9.501468118816301417e-05 2.520006938349754217e-04 3.263458741436207899e-04
9.350000000000000000e+04 8.304755872347551870e-05 2.422212747284775811e-04 3.185480562355377516e-04
9.360000000000000000e+04 3.825630770456600431e-05 1.334011122551104862e-04 2.817608577796448799e-04
9.370000000000000000e+04 2.916840529438636566e-05 1.006515113853878617e-04 2.712903977922324623e-04
9.380000000000000000e+04 2.342320032726964750e-05 6.374926631007039315e-05 2.809782416780576449e-04
9.390000000000000000e+04 1.548115310177140998e-05 2.554905054807232864e-05 2.787417808165137609e-04
9.400000000000000000e+04 3.864833678193392423e-05 5.324974287258406303e-05 2.644963261401231782e-04
9.410000000000000000e+04 3.231565914820473217e-05 6.292590722860452192e-05 2.738274845940772469e-04
9.420000000000000000e+04 7.168133611483256101e-06 2.060366145929131733e-05 2.852053037919079887e-04
9.430000000000000000e+04 3.448738512301652293e-05 5.165315787159570782e-05 2.885831977714274068e-04
9.440000000000000000e+04 3.343926409062617433e-05 5.599112662389845937e-05 2.898089275308047804e-04
9.450000000000000000e+04 2.032299518184098710e-05 4.678972865854961073e-05 2.949414103396996722e-04
9.460000000000000000e+04 9.007600946734977895e-06 2.472104384343702839e-05 3.083416702954101135e-04
9.470000000000000000e+04 1.713951880607134538e-05 2.664240646762952667e-05 2.971362106269498371e-04
9.480000000000000000e+04 1.787664079891707839e-05 3.391705056345393045e-05 2.911960692973504863e-04
9.490000000000000000e+04 1.930863435935085450e-05 4.076047194848439860e-05 2.922000239084161007e-04
9.500000000000000000e+04 2.036905243171609464e-05 3.563915398580003819e-05 2.977977670385317929e-04
9.510000000000000000e+04 1.219976888521364560e-05 2.886028174958971473e-05 3.167364534849929632e-04
9.520000000000000000e+04 1.683602804796737688e-05 2.746743503018297863e-05 3.129089728063111798e-04
9.530000000000000000e+04 1.345286349039540334e-05 2.870700015544243961e-05 3.177720967264191032e-04
9.540000000000000000e+04 3.192360615259166087e-05 6.823273555061796581e-05 3.320456895412817627e-04
9.550000000000000000e+04 4.216892340942301597e-05 7.147068149017073765e-05 3.238216508978462166e-04
9.560000000000000000e+04 1.923838926784244164e-05 3.122165491432004562e-05 2.828504326209266219e-04
9.570000000000000000e+04 3.677924047518351617e-06 8.689213619590587922e-06 2.842814032565622547e-04
9.580000000000000000e+04 4.611393520520437172e-06 1.184118487383548947e-05 3.032718846431671283e-04
9.590000000000000000e+04 2.625213654061474408e-05 5.188463345778674719e-05 3.270145260004942290e-04
9.600000000000000000e+04 4.583254689363496989e-05 7.954960957947586559e-05 3.341131823792641746e-04
9.610000000000000000e+04 3.289329247794240329e-05 8.396950186707386778e-05 3.112870399953077279e-04
9.620000000000000000e+04 9.250077479467104687e-06 3.285530112642450536e-05 2.916391834686232190e-04
9.630000000000000000e+04 2.043287317129137155e-05 5.116709671879699980e-05 2.797851789026454703e-04
9.640000000000000000e+04 2.393737939180093236e-05 5.472218016841251965e-05 2.792069336288635064e-04
9.650000000000000000e+04 3.356261980962680150e-05 5.585077901354884751e-05 2.986271906376846601e-04
9.660000000000000000e+04 3.403458824872274266e-05 4.910580759556032980e-05 3.115658061761751628e-04
9.670000000000000000e+04 1.111858610141892812e-05 2.632139482817448918e-05 3.083683609439500208e-04
9.680000000000000000e+04 1.720440839315771778e-05 3.580263357922725724e-05 2.984789725987624029e-04
9.690000000000000000e+04 1.893295653829289672e-05 2.889551072738651659e-05 2.855491795886448041e-04
9.700000000000000000e+04 1.914353084996929131e-05 3.699834426789072551e-05 2.851105984003856524e-04
9.710000000000000000e+04 1.502094388742430432e-05 2.875318851823201790e-05 2.826860737512955270e-04
9.720000000000000000e+04 1.473587436952718092e-05 2.846861583004974168e-05 2.845634084080094438e-04
9.730000000000000000e+04 2.564619620371038798e-05 3.987948539622607723e-05 2.968595236757243239e-04
9.740000000000000000e+04 2.152865080774085671e-05 4.035799136760284374e-05 2.984931745287146580e-04
9.750000000000000000e+04 2.970976484896264373e-05 5.864382260165572477e-05 2.998662650660116526e-04
9.760000000000000000e+04 2.225387109783689412e-05 4.510363695398229324e-05 3.080379789068797016e-04
9.770000000000000000e+04 1.022012065376119976e-05 2.478238214831201235e-05 3.082306975127492685e-04
9.780000000000000000e+04 9.301377798607798376e-06 1.569701490058202521e-05 3.090481272912379068e-04
9.790000000000000000e+04 1.349727483545973879e-05 2.444476390320331942e-05 3.012929457507131916e-04
9.800000000000000000e+04 1.689109125316105853e-05 2.922987705493814347e-05 3.041227742810559778e-04
9.810000000000000000e+04 1.019059647277794408e-05 1.968942537636638119e-05 3.052819034264628371e-04
9.820000000000000000e+04 1.197302758348576341e-05 4.464416185319625228e-05 2.977769562193131794e-04
9.830000000000000000e+04 1.982396431210139195e-05 7.645230584273033855e-05 2.936518580567829321e-04
9.840000000000000000e+04 2.481938027547488101e-05 6.260037473421252267e-05 2.939166368029711091e-04
9.850000000000000000e+04 3.891599988424353359e-05 1.060750425242034138e-04 3.151201743183725673e-04
9.860000000000000000e+04 6.213711551655680138e-05 1.211659389087523507e-04 3.251473890488362469e-04
9.870000000000000000e+04 4.043343032589247080e-05 7.969837819796324373e-05 3.434692543182167688e-04
9.880000000000000000e+04 3.625103309861098548e-05 7.039733157900241118e-05 3.852768472655902494e-04
9.890000000000000000e+04 4.182970881457285465e-05 9.313680124785176945e-05 4.430996736617443020e-04
9.900000000000000000e+04 5.366858478035178891e-05 8.810745725473247917e-05 4.255389382879182182e-04
9.910000000000000000e+04 3.463544515605793996e-05 5.296334746468706924e-05 4.035356361039278911e-04
9.920000000000000000e+04 9.188762452267264062e-06 2.316057549917645980e-05 3.877686240207419582e-04
9.930000000000000000e+04 3.033287334306360552e-05 5.179737272724741458e-05 3.820050491292458503e-04
9.940000000000000000e+04 4.869656461465129331e-05 8.390221356572414397e-05 4.031559337445806638e-04
9.950000000000000000e+04 5.104154932601966425e-05 8.910372294154055234e-05 3.950261570144226043e-04
9.960000000000000000e+04 3.448986791929200624e-05 5.704769755366669547e-05 3.709423146386472492e-04
9.970000000000000000e+04 1.736862900813987247e-05 6.534960811088209864e-05 3.544314653663953709e-04
9.980000000000000000e+04 6.006011169387487011e-06 1.226184631144595525e-05 3.641002785245607966e-04
9.990000000000000000e+04 2.447280308864635719e-05 7.225720894375498070e-05 3.897815490576566678e-04
1.000000000000000000e+05 2.645631917356090464e-05 8.743644738838120527e-05 4.004974734873530963e-04
1.001000000000000000e+05 3.304258445856254715e-05 7.522788662624744008e-05 3.858594629155054682e-04
1.002000000000000000e+05 2.560089572042721770e-05 6.330496455315802332e-05 3.901530997477511997e-04
1.003000000000000000e+05 2.109112133968324724e-05 4.068533192353503830e-05 3.661277694698154470e-04
1.004000000000000000e+05 1.734221264671273596e-05 3.833036328749334348e-05 3.570293144005149810e-04
1.005000000000000000e+05 1.235304506633255099e-05 3.747617442918343674e-05 3.665101141786471272e-04
1.006000000000000000e+05 3.056927412361539311e-05 5.384525304077177749e-05 3.746038820538622328e-04
1.007000000000000000e+05 6.894660107079043053e-06 1.877174824065194671e-05 3.664448141764601414e-04
1.008000000000000000e+05 2.154256590586279760e-05 3.407958952876912785e-05 4.056517736304957478e-04
1.009000000000000000e+05 1.804209303938285325e-05 3.476848772544181019e-05 4.496216424559680200e-04
1.010000000000000000e+05 3.632096583995624885e-05 5.541662490151012159e-05 4.444453674249801076e-04
1.011000000000000000e+05 6.692436015028204550e-05 1.274699233156213426e-04 4.730159916686108587e-04
1.012000000000000000e+05 3.205400750716334976e-05 6.317568250035262428e-05 4.514463061312277764e-04
1.013000000000000000e+05 4.743681494365269233e-05 8.170981840459090898e-05 4.572525622968299261e-04
1.014000000000000000e+05 4.215313484901142072e-05 9.590816784059170291e-05 4.769613040216298954e-04
1.015000000000000000e+05 4.105948312441327908e-05 5.928536825049288313e-05 4.376668048278782456e-04
1.016000000000000000e+05 5.352866368226447992e-05 7.797017424989252394e-05 5.069816856109478874e-04
1.017000000000000000e+05 5.914630822236586257e-05 1.018101569507799307e-04 4.848342197727629360e-04
1.018000000000000000e+05 4.000913544941554810e-05 9.794014168599759779e-05 4.241645946751362688e-04
1.019000000000000000e+05 5.933487805047756632e-05 1.125002432523693348e-04 4.278819794848453010e-04
1.020000000000000000e+05 3.542375833305821649e-05 6.291790237239138937e-05 4.377072692724253908e-04
1.021000000000000000e+05 1.865398063187917888e-05 3.778032342645457108e-05 4.443001180556930543e-04
1.022000000000000000e+05 1.897454586564229070e-05 4.181478683391902720e-05 4.440613724415440116e-04
1.023000000000000000e+05 6.791504237205778314e-05 1.471818759060931794e-04 4.758213739954030301e-04
1.024000000000000000e+05 8.765294433744067653e-05 1.451973553205139641e-04 4.535886378252870473e-04
1.025000000000000000e+05 9.751429876552587068e-05 1.337397010353779834e-04 4.252645793101994878e-04
1.026000000000000000e+05 4.381855549413988301e-05 6.992991422814613667e-05 4.207568839535532528e-04
1.027000000000000000e+05 3.696542831632297025e-05 7.934763218966532031e-05 4.449630951730719941e-04
1.028000000000000000e+05 2.993217081170157241e-05 4.385531779073793129e-05 4.469223085052601171e-04
1.029000000000000000e+05 7.927302501193640846e-05 1.968793499714614347e-04 4.509064065894419606e-04
1.030000000000000000e+05 6.776774888640719552e-05 1.179680433853017322e-04 4.160276247690896192e-04
1.031000000000000000e+05 3.399470203860918520e-05 7.829877903153413445e-05 4.466968597958386996e-04
1.032000000000000000e+05 3.052298823572784569e-05 4.449573391624854794e-05 4.266391436808215595e-04
1.033000000000000000e+05 5.183433033472876041e-05 1.139429738836227404e-04 4.228169086442101787e-04
1.034000000000000000e+05 3.421413640767131297e-05 5.755451133095335287e-05 3.827842006292530110e-04
1.035000000000000000e+05 3.691729898359506941e-05 7.290511801941521172e-05 3.802886517536475269e-04
1.036000000000000000e+05 2.442147405126276474e-05 5.481113163453534476e-05 3.789451311704576317e-04
1.037000000000000000e+05 3.437092462586159147e-05 6.979893680379077548e-05 3.973116215071743570e-04
1.038000000000000000e+05 5.376296184714024267e-05 1.006003640095911385e-04 3.915592440378862357e-04
1.039000000000000000e+05 3.970352656393208793e-05 7.316214678725790118e-05 3.902086240551318045e-04
1.040000000000000000e+05 2.270514825860627233e-05 6.069322902729903458e-05 4.021000167312358247e-04
1.041000000000000000e+05 2.758877567591693772e-05 4.438367072160417752e-05 3.993058655153417153e-04
1.042000000000000000e+05 1.307186569206699248e-05 2.509948890000191510e-05 4.071407295670246402e-04
1.043000000000000000e+05 4.000081354496397680e-05 6.379708595132346392e-05 3.829822423475376814e-04
1.044000000000000000e+05 2.631932207190025358e-05 3.594813531961342686e-05 3.903664187862649531e-04
1.045000000000000000e+05 3.520966383364893372e-05 9.433835162945213536e-05 4.094718901973124132e-04
1.046000000000000000e+05 3.784664414432941824e-05 8.626824500462506240e-05 4.107140727557764587e-04
1.047000000000000000e+05 1.482251120156946643e-05 4.472588683922712515e-05 4.058839085391453415e-04
1.048000000000000000e+05 1.792252703503830098e-05 3.960360685470134439e-05 4.474920713892462576e-04
1.049000000000000000e+05 5.150822403605139757e-05 1.014926189330654541e-04 4.798333415444356763e-04
1.050000000000000000e+05 4.024965348429745049e-05 7.436426576188037924e-05 4.893530466445728498e-04
1.051000000000000000e+05 4.264359512938373968e-05 8.824909393744293602e-05 4.614326788051658409e-04
1.052000000000000000e+05 3.968531596600349386e-05 7.833092815109205225e-05 4.567033257766735764e-04
1.053000000000000000e+05 5.615718408748059500e-05 1.253868420981819388e-04 4.842114877353212226e-04
1.054000000000000000e+05 4.960833131468166644e-05 1.322857859323812394e-04 4.878408348716794032e-04
1.055000000000000000e+05 4.234754514643681482e-05 7.849946302293514663e-05 5.159219163324560084e-04
1.056000000000000000e+05 8.622324926083448429e-06 1.992495350809913180e-05 5.518731492738242379e-04
1.057000000000000000e+05 3.288709234029686592e-05 8.003518366926675506e-05 5.697662905024967117e-04
1.058000000000000000e+05 4.686107467307689626e-05 7.962230739184776585e-05 5.605519781795952191e-04
1.059000000000000000e+05 3.533144578742345929e-05 8.591620572513918985e-05 5.562553555347115545e-04
1.060000000000000000e+05 4.081667914353367087e-05 1.259797295844643705e-04 5.582773427872834027e-04
1.061000000000000000e+05 5.614928315378830623e-05 1.671274466733588780e-04 5.810774645078474899e-04
1.062000000000000000e+05 6.949723367266050136e-05 2.044686106245926322e-04 6.246530376935867206e-04
1.063000000000000000e+05 1.119820603906302673e-04 2.964193324196142103e-04 6.482255950418995376e-04
1.064000000000000000e+05 1.786371731001981742e-04 3.985866572315154488e-04 6.975562870132723074e-04
1.065000000000000000e+05 2.219001966108264962e-04 4.545013611220548441e-04 7.315046686807713527e-04
1.066000000000000000e+05 2.298554056704435813e-04 4.072953211124290826e-04 7.338030898815215992e-04
1.067000000000000000e+05 1.383068456447012233e-04 2.193762670548706981e-04 7.334685654755483631e-04
1.068000000000000000e+05 1.331982103637833125e-04 2.142004776051893407e-04 6.841680348544710612e-04
1.069000000000000000e+05 1.383036682637581258e-04 2.871006345929505476e-04 6.482313962529658588e-04
1.070000000000000000e+05 1.440126491541140379e-04 3.522913669416840882e-04 6.801279075518641606e-04
1.071000000000000000e+05 1.849785286985706307e-04 4.091869528904498905e-04 7.180435371971403101e-04
1.072000000000000000e+05 1.858424440836389758e-04 3.700107525158360380e-04 7.342620291462241284e-04
1.073000000000000000e+05 1.658590315736275817e-04 3.356058586937766706e-04 7.287852397244954858e-04
1.074000000000000000e+05 1.603411308685572445e-04 3.377395375838213032e-04 7.234256242895544930e-04
1.075000000000000000e+05 2.019257387672380739e-04 4.206905641170078118e-04 7.172466069577483269e-04
1.076000000000000000e+05 2.141280504438561848e-04 4.709104517146762460e-04 7.548232740109781392e-04
1.077000000000000000e+05 1.918604172070710514e-04 4.293037326788819944e-04 7.621794780997494419e-04
1.078000000000000000e+05 1.469304865357771387e-04 3.936497235771771637e-04 7.161580107691084204e-04
1.079000000000000000e+05 1.679883282492954663e-04 4.208645275984578297e-04 6.610110248306743860e-04
1.080000000000000000e+05 1.788093340063558190e-04 3.878739429945217204e-04 6.381691101415003665e-04
1.081000000000000000e+05 2.089357564536074808e-04 3.748512361050182875e-04 6.684993713543447603e-04
1.082000000000000000e+05 2.130964485653656995e-04 4.299466335447424447e-04 7.010095127280461602e-04
1.083000000000000000e+05 2.148327706789784040e-04 4.330973467512573907e-04 7.439090124048964008e-04
1.084000000000000000e+05 1.743100078558378367e-04 3.530999330589973092e-04 7.453935511520033870e-04
1.085000000000000000e+05 1.586137265278551780e-04 3.816802955872075067e-04 7.202328632785832876e-04
1.086000000000000000e+05 1.529558960831832156e-04 3.061511698552388727e-04 6.600707461168330448e-04
1.087000000000000000e+05 1.110092829795074690e-04 2.039771924356332264e-04 6.134556112098738922e-04
1.088000000000000000e+05 7.002433345090492822e-05 1.333587781861475530e-04 5.636562173566846785e-04
1.089000000000000000e+05 5.211752633427511666e-05 8.731583269671266230e-05 5.280237820468006594e-04
1.090000000000000000e+05 1.080554383983921003e-04 2.073617669003824274e-04 5.732160750465530464e-04
1.091000000000000000e+05 7.077936448322353150e-05 1.547618151198646222e-04 5.945331020074587488e-04
1.092000000000000000e+05 3.781239829456467093e-05 8.443832180545787162e-05 5.431306593595955270e-04
1.093000000000000000e+05 1.217994337106986661e-05 2.316479926176858275e-05 4.893024391947375972e-04
1.094000000000000000e+05 3.256443435318412535e-05 7.509416883271061204e-05 4.973852930702275191e-04
1.095000000000000000e+05 4.577864869597953607e-05 7.576462705040191981e-05 4.915924428562789975e-04
1.096000000000000000e+05 2.997138469863725938e-05 6.133419658917838675e-05 4.726801309560522166e-04
1.097000000000000000e+05 5.398417858317264024e-05 9.312121545460808492e-05 4.582724109809477525e-04
1.098000000000000000e+05 8.979531288659157139e-05 1.457100825603898525e-04 4.563904665383819686e-04
1.099000000000000000e+05 4.192926278475767000e-05 8.940657817882289747e-05 4.513232033941896220e-04
1.100000000000000000e+05 1.723942956648459894e-05 3.709072389135786635e-05 4.401081703930540857e-04
1.101000000000000000e+05 1.663588011388902757e-05 3.073346626072617381e-05 4.384647875815617167e-04
1.102000000000000000e+05 2.980807070753963266e-05 7.477857150822557215e-05 4.327134527849986652e-04
1.103000000000000000e+05 1.720830868527276590e-05 2.773833722578594903e-05 3.933635825483314946e-04
1.104000000000000000e+05 2.810958746348899903e-05 4.844252432895150779e-05 4.040338854280738903e-04
1.105000000000000000e+05 7.467301995825958126e-06 1.319974453538438810e-05 3.887484240629280685e-04
1.106000000000000000e+05 1.393056737748337185e-05 3.069026152241168329e-05 3.620124500848894864e-04
1.107000000000000000e+05 1.087573240210264972e-05 2.399756895331154119e-05 3.331477246202196223e-04
1.108000000000000000e+05 3.188918667112918947e-05 6.054136341853208611e-05 3.497113770073039017e-04
1.109000000000000000e+05 1.895847635636707532e-05 4.307958727608736469e-05 3.563734880944577528e-04
1.110000000000000000e+05 1.202938613845507595e-05 2.277634790015867347e-05 3.601817099127256096e-04
1.111000000000000000e+05 2.457406559799863019e-05 7.406993027417270231e-05 3.822158695122889784e-04
1.112000000000000000e+05 1.307889972417512628e-05 3.458945625633779537e-05 3.969301297818861752e-04
1.113000000000000000e+05 2.897366716299613551e-05 5.482872418810790264e-05 3.881648074428617370e-04
1.114000000000000000e+05 1.696738927062300777e-05 3.319697719388514830e-05 3.853466213053334684e-04
1.115000000000000000e+05 2.278286396913039571e-05 4.348360236098745488e-05 3.969868423009706134e-04
1.116000000000000000e+05 1.732369550832608572e-05 4.237392458926464303e-05 4.219674429693985010e-04
1.117000000000000000e+05 2.452767530580632826e-05 4.580135286637803489e-05 4.285489361872181382e-04
1.118000000000000000e+05 2.589107171916375663e-05 4.485409209276271106e-05 4.120218536516332590e-04
1.119000000000000000e+05 1.303349259214499345e-05 2.331607540760198853e-05 4.307278419310739555e-04
1.120000000000000000e+05 1.615835055271993941e-05 4.467290094513001871e-05 4.770432835482758620e-04
1.121000000000000000e+05 2.477516572835496839e-05 4.179881176128396030e-05 4.919045877029395216e-04
1.122000000000000000e+05 3.615208537419313658e-05 5.842000881174045377e-05 5.189440950492206885e-04
1.123000000000000000e+05 2.139224092815087113e-05 7.780437436343500251e-05 5.661053733591627207e-04
1.124000000000000000e+05 3.262725033887064335e-05 8.224473112117963725e-05 5.413024731208378789e-04
1.125000000000000000e+05 3.740095060487556508e-05 7.807259271671077548e-05 4.826980343426010749e-04
1.126000000000000000e+05 4.423143255191978266e-05 1.069287654669933427e-04 4.811300196975315524e-04
1.127000000000000000e+05 1.534766922823627752e-05 2.546245783919837830e-05 4.484729829241913650e-04
1.128000000000000000e+05 3.212905417522842096e-05 6.178649900444630567e-05 4.308361974813965578e-04
1.129000000000000000e+05 2.215539942096987104e-05 6.098252006437720335e-05 4.595813019840106362e-04
1.130000000000000000e+05 4.883005092779109640e-05 8.451082230007123108e-05 4.896275223479012268e-04
1.131000000000000000e+05 8.714043896681215482e-05 1.296834684748702365e-04 4.824920392886759379e-04
1.132000000000000000e+05 4.231873834509850473e-05 6.378591926436212763e-05 4.611424865612218115e-04
1.133000000000000000e+05 7.421652898222759129e-06 1.413729884305826769e-05 4.688831249884862660e-04
1.134000000000000000e+05 4.851907627647576412e-05 6.813637142707811272e-05 4.450747593340315263e-04
1.135000000000000000e+05 3.847017590928331759e-05 6.639815871850406189e-05 4.306721520020258200e-04
1.136000000000000000e+05 1.353089986848207129e-05 2.354720803776681965e-05 4.049117761338820844e-04
1.137000000000000000e+05 1.593402441165336306e-05 3.424536297890975502e-05 4.148745857208034279e-04
1.138000000000000000e+05 9.861438154543631946e-06 1.975366698140951401e-05 4.246360715454781378e-04
1.139000000000000000e+05 3.433395328953742177e-05 5.500011971807435701e-05 4.338493779434392803e-04
1.140000000000000000e+05 4.673515491288753650e-05 8.807408692372483425e-05 4.802943721687168307e-04
1.141000000000000000e+05 1.721621882615399389e-05 5.008842288907830063e-05 4.260673956340631338e-04
1.142000000000000000e+05 3.201526089409651235e-05 7.823403763783208379e-05 4.237001901647941210e-04
1.143000000000000000e+05 4.074740245583964495e-05 6.093657518366473597e-05 4.364960007472563452e-04
1.144000000000000000e+05 4.523432967187736992e-05 1.334074110650070033e-04 4.557869824850700963e-04
1.145000000000000000e+05 4.363736760918984943e-05 1.228691309053455425e-04 4.360844367632743046e-04
1.146000000000000000e+05 3.423494452756706491e-05 8.352450484802245853e-05 3.882262358208595095e-04
1.147000000000000000e+05 2.376969024322155661e-05 6.232935628972305873e-05 3.804224099642457084e-04
1.148000000000000000e+05 1.425372334341645569e-05 4.891763471281875431e-05 3.785929023213117136e-04
1.149000000000000000e+05 1.553524978240109497e-05 3.606041518394666103e-05 3.744883109813333189e-04
1.150000000000000000e+05 2.867660062046958674e-05 5.858006712664118494e-05 3.788960994594445719e-04
1.151000000000000000e+05 9.881465828404112101e-06 1.814227277944184666e-05 3.820923028540220258e-04
1.152000000000000000e+05 9.555784505821320485e-06 2.220127801518201544e-05 3.891288114569550478e-04
1.153000000000000000e+05 1.544455488630474757e-05 3.104188951925040225e-05 4.030786654630581041e-04
1.154000000000000000e+05 3.560749318929235657e-05 5.401806796749650946e-05 4.213146388515788955e-04
1.155000000000000000e+05 2.078747281079949393e-05 3.960981170902239112e-05 4.577001927473876158e-04
1.156000000000000000e+05 1.308581000762935789e-05 2.840480792445232308e-05 4.584335548587751977e-04
1.157000000000000000e+05 3.650931452089055916e-05 6.377858611475488654e-05 4.314190464570535877e-04
1.158000000000000000e+05 3.874399536639460458e-05 7.613800561245739331e-05 4.540378019439758150e-04
1.159000000000000000e+05 3.085666138149623181e-05 6.015549645704907755e-05 5.380030739786890656e-04
1.160000000000000000e+05 3.594338042865329215e-05 5.139279737313403110e-05 5.637288410064217239e-04
1.161000000000000000e+05 5.522621987760518037e-05 9.647890182890061280e-05 5.849691424385793396e-04
1.162000000000000000e+05 3.708456726423455408e-05 7.466336548671466400e-05 5.567550405334302684e-04
1.163000000000000000e+05 4.881580892943272873e-05 1.490522445926736384e-04 5.120994057015792284e-04
1.164000000000000000e+05 1.416128079875843358e-05 3.527025631708713589e-05 4.964110841855311467e-04
1.165000000000000000e+05 3.955718454135139861e-05 7.834724258916613568e-05 4.838362679969011133e-04
1.166000000000000000e+05 5.537179886699146111e-05 8.114739700943460546e-05 5.144712229208317110e-04
1.167000000000000000e+05 2.914008479619261890e-05 5.121187492036023605e-05 5.016678593521189987e-04
1.168000000000000000e+05 4.609485025525476235e-05 6.642387287894135212e-05 4.289633216187595439e-04
1.169000000000000000e+05 9.438272093864814079e-06 3.547412321515630530e-05 3.899508322821778738e-04
1.170000000000000000e+05 1.775932234862398007e-05 4.539534701765223857e-05 3.920381002054948243e-04
1.171000000000000000e+05 1.943584731706134204e-05 2.749514541527698112e-05 3.981646462074491010e-04
1.172000000000000000e+05 1.742271699057678378e-05 2.960345842530575332e-05 4.030756621379056204e-04
1.173000000000000000e+05 2.856380995281396955e-05 6.672425428674849798e-05 4.266207835584837809e-04
1.174000000000000000e+05 3.476710185284896410e-05 5.738798256676232602e-05 4.734717691753634241e-04
1.175000000000000000e+05 3.374196565949735306e-05 7.777210216117886286e-05 4.552527193428201847e-04
1.176000000000000000e+05 5.312100795886625423e-05 1.473200540437818659e-04 4.049951782479653322e-04
1.177000000000000000e+05 8.727044932964019616e-06 1.652378091631989459e-05 2.983739904355959486e-04
1.178000000000000000e+05 3.885234330723813349e-05 9.376427129114409597e-05 2.710483096502689922e-04
1.179000000000000000e+05 1.428810228174144919e-05 3.932279955365857935e-05 2.850691880810992426e-04
1.180000000000000000e+05 4.061170845927087074e-05 6.819820285107821992e-05 2.951278929691132126e-04
1.181000000000000000e+05 2.747533057703244012e-05 4.522739869007504640e-05 2.918419682662120956e-04
1.182000000000000000e+05 1.627938549167982137e-05 2.629067279066583766e-05 2.562039762333222486e-04
1.183000000000000000e+05 2.130707479686315214e-05 4.378822303516020031e-05 2.405377760278868391e-04
1.184000000000000000e+05 2.040508625393479963e-05 3.156506337311543067e-05 2.232113860182728356e-04
1.185000000000000000e+05 5.284187718346792942e-06 7.479108002040918586e-06 2.138531127669136324e-04
1.186000000000000000e+05 2.449105195924646873e-05 4.260387481203541885e-05 2.210072763117141572e-04
1.187000000000000000e+05 1.375236063299125656e-05 2.200719475812132711e-05 2.138196437098017371e-04
1.188000000000000000e+05 1.873263824048415453e-05 3.076400968174023776e-05 1.994375129312584024e-04
1.189000000000000000e+05 2.216492382477167262e-05 4.134885594491916126e-05 1.976892670925393264e-04
1.190000000000000000e+05 2.897659876219786526e-05 6.046846545635205456e-05 2.021195071586696956e-04
1.191000000000000000e+05 3.530783180914594190e-05 6.205202162074487560e-05 2.113258384423396456e-04
1.192000000000000000e+05 2.198229939395817322e-05 5.951940684996315386e-05 2.205578358163123160e-04
1.193000000000000000e+05 1.482973942302129615e-05 3.134524833754522206e-05 2.034563470552227746e-04
1.194000000000000000e+05 4.619615429741867618e-06 8.492599446403620213e-06 1.975453098588484118e-04
1.195000000000000000e+05 1.538821292871033093e-05 3.107248972134460233e-05 2.017537665950041551e-04
1.196000000000000000e+05 2.345228551389673703e-05 4.226815387491634460e-05 1.953486459477137482e-04
1.197000000000000000e+05 1.856774485550099531e-05 3.330426451569724693e-05 1.978282399825572813e-04
1.198000000000000000e+05 1.391834715386730970e-05 2.645142087084290474e-05 2.220588708803325506e-04
1.199000000000000000e+05 1.014195372371780833e-05 2.796551858052104831e-05 2.481822309128434829e-04
