9.000000000000000000e+04 1.525074269420410421e-04 2.911578443363037859e-04 1.614423731191354456e-03
9.010000000000000000e+04 4.702402371296102428e-04 9.662969039078205067e-04 2.010032839229511110e-03
9.020000000000000000e+04 4.136140153663499849e-04 6.695378589137255133e-04 1.877660102929241265e-03
9.030000000000000000e+04 2.874391424301028786e-04 5.595932437879947222e-04 1.636671821553657702e-03
9.040000000000000000e+04 3.172614405719021997e-04 5.866639345158269903e-04 1.841627165923547882e-03
9.050000000000000000e+04 2.542323639755424830e-04 4.528290177618632395e-04 2.070257882355365248e-03
9.060000000000000000e+04 1.381433983807789628e-04 2.753785169181926628e-04 1.805188087249167631e-03
9.070000000000000000e+04 1.236279548728032914e-04 2.911712332401296920e-04 1.573675569009076042e-03
9.080000000000000000e+04 2.676193341284338785e-04 5.005034726412488540e-04 1.400724021693447712e-03
9.090000000000000000e+04 1.923915814592200551e-04 4.188018329427843026e-04 1.344870094737427501e-03
9.100000000000000000e+04 1.663308652288556996e-04 3.569029449824370065e-04 1.305447986994974410e-03
9.110000000000000000e+04 1.855742489350609148e-04 3.800631859050896452e-04 1.262744779020865066e-03
9.120000000000000000e+04 2.690005511365635036e-04 4.645069308736993587e-04 1.240599708882967299e-03
9.130000000000000000e+04 2.214206404917693806e-04 4.670149073146641263e-04 1.217090464335408113e-03
9.140000000000000000e+04 3.575145487600089704e-04 8.126502100557343559e-04 1.191093108487765919e-03
9.150000000000000000e+04 3.341860850408327624e-04 7.351263121864276507e-04 1.224151869847097491e-03
9.160000000000000000e+04 3.396752480421364210e-04 8.018093878097552361e-04 1.210672893987233944e-03
9.170000000000000000e+04 3.371873594445887537e-04 5.604746624268037731e-04 1.211512623807789587e-03
9.180000000000000000e+04 3.201436550812094932e-04 5.476906650585958505e-04 1.259545241019605901e-03
9.190000000000000000e+04 3.312994451330083211e-04 5.301009199496430849e-04 1.352795999445836807e-03
9.200000000000000000e+04 1.908253804496467653e-04 2.880343382998670158e-04 1.493378597927130401e-03
9.210000000000000000e+04 1.836469489168613030e-04 2.790782957428506600e-04 1.662390860750491417e-03
9.220000000000000000e+04 1.964744356037944392e-04 3.648557546993040027e-04 1.498295171219929042e-03
9.230000000000000000e+04 1.886538982336159569e-04 3.997876923847827266e-04 1.332398011528120952e-03
9.240000000000000000e+04 1.891009286235096742e-04 3.533865521722584589e-04 1.282342150127767973e-03
9.250000000000000000e+04 2.390485140505189000e-04 4.391088657837716180e-04 1.345757335215734887e-03
9.260000000000000000e+04 2.467977791538048318e-04 4.871963543850417813e-04 1.287972425746948405e-03
9.270000000000000000e+04 2.008261617186947283e-04 3.435547219242875323e-04 1.294112258590914563e-03
9.280000000000000000e+04 2.558626528700520038e-04 4.235603455379644694e-04 1.248645334337957760e-03
9.290000000000000000e+04 1.404353737754200724e-04 2.764185702151056648e-04 1.272428844433221625e-03
9.300000000000000000e+04 1.215467699676499053e-04 2.903689320757254621e-04 1.278497820642360673e-03
9.310000000000000000e+04 4.795086234156390077e-04 1.303572085767068598e-03 1.381605280902478954e-03
9.320000000000000000e+04 6.961138078265545048e-04 1.964624943299106245e-03 1.438629368772731615e-03
9.330000000000000000e+04 5.324880444422613011e-04 1.426753852378145285e-03 1.306027394607441744e-03
9.340000000000000000e+04 3.265817543387445135e-04 7.455474473049702403e-04 1.224807789370569409e-03
9.350000000000000000e+04 2.047423765569126577e-04 3.474663499956424364e-04 1.077257807821913396e-03
9.360000000000000000e+04 1.010611639585102346e-04 2.240468469090784462e-04 1.038579346775970764e-03
9.370000000000000000e+04 7.568514364612692613e-05 1.142321646800967348e-04 1.140360978222404540e-03
9.380000000000000000e+04 4.148141274371258506e-05 1.404439279585581631e-04 1.185377380885106920e-03
9.390000000000000000e+04 6.157684279539015273e-05 1.277171200854004558e-04 1.193621462831989275e-03
9.400000000000000000e+04 6.489782256339907997e-05 1.142128116379305131e-04 1.130093261131930949e-03
9.410000000000000000e+04 1.672339522147162864e-04 4.440795019303349703e-04 1.157592371264438503e-03
9.420000000000000000e+04 8.039049872051178165e-05 2.378389009690348201e-04 1.093650892004185190e-03
9.430000000000000000e+04 5.388067893183703938e-05 1.058360781907722106e-04 1.061726220030445936e-03
9.440000000000000000e+04 6.532788729160814069e-05 1.256956651394073058e-04 9.981009641877940878e-04
9.450000000000000000e+04 1.079645558113425871e-04 1.609224833576362260e-04 9.806056674872272276e-04
9.460000000000000000e+04 1.317100114907072007e-04 1.970244722844154226e-04 9.837622371001728330e-04
9.470000000000000000e+04 1.194132462032128361e-04 1.687761786386892749e-04 9.749261634191208831e-04
9.480000000000000000e+04 9.418017665105199096e-05 1.525636663152570753e-04 9.720876539140206477e-04
9.490000000000000000e+04 1.372767189901160116e-04 2.333771678422653668e-04 9.538148613566099386e-04
9.500000000000000000e+04 1.722353880782542855e-04 2.607481573865551685e-04 9.424982849329602026e-04
9.510000000000000000e+04 2.141289276863107523e-04 3.035728594058948642e-04 9.459697672705540128e-04
9.520000000000000000e+04 2.357786951787793064e-04 3.439704984256570586e-04 9.838837014976343533e-04
9.530000000000000000e+04 2.382561212394936545e-04 3.465193689916682687e-04 1.021850575576640097e-03
9.540000000000000000e+04 2.697158192633854461e-04 4.154730637213259296e-04 1.066355813729978098e-03
9.550000000000000000e+04 2.979019478140741261e-04 5.069315653661332112e-04 1.097895955721996109e-03
9.560000000000000000e+04 2.687696664861676616e-04 4.516373079410037098e-04 1.122202486234706023e-03
9.570000000000000000e+04 2.491525992168586298e-04 3.660499006533400124e-04 1.150723392113004373e-03
9.580000000000000000e+04 2.156058814961924527e-04 3.225451277408019138e-04 1.190075006975081610e-03
9.590000000000000000e+04 1.912721725524882833e-04 3.165617209804020421e-04 1.183361205752648171e-03
9.600000000000000000e+04 1.357698725690968319e-04 3.150102354446187788e-04 1.206187159919558556e-03
9.610000000000000000e+04 1.450374861781916595e-04 4.099034698557880475e-04 1.284378912213558679e-03
9.620000000000000000e+04 2.538752568072677029e-04 5.173534515926720215e-04 1.417316989315125760e-03
9.630000000000000000e+04 2.076147717574334129e-04 3.740182831574673586e-04 1.475661832312966017e-03
9.640000000000000000e+04 1.003313314337059454e-04 1.661157158775259778e-04 1.551937046836924291e-03
9.650000000000000000e+04 1.031253227529302027e-04 2.475743043437166491e-04 1.594524329092364629e-03
9.660000000000000000e+04 1.441377187621723042e-04 3.322983738821140391e-04 1.573695015190750956e-03
9.670000000000000000e+04 1.448570142753334913e-04 2.925437245239197355e-04 1.549080732857694657e-03
9.680000000000000000e+04 1.683026281534445723e-04 3.211262175041014553e-04 1.432450585022628908e-03
9.690000000000000000e+04 1.066965965866829239e-04 2.096309923077786276e-04 1.388173326403429383e-03
9.700000000000000000e+04 9.045663467644208741e-05 1.535789414394495359e-04 1.350544340507714653e-03
9.710000000000000000e+04 1.064994399600082287e-04 2.195200009795005101e-04 1.268206171824690347e-03
9.720000000000000000e+04 1.526452560041613102e-04 2.684361750309130924e-04 1.220762996638783456e-03
9.730000000000000000e+04 1.219166049473332375e-04 2.229932087680665254e-04 1.204764649366052561e-03
9.740000000000000000e+04 6.693934396634695916e-05 1.029848065473039625e-04 1.156394046153187000e-03
9.750000000000000000e+04 7.362067631765415940e-05 1.567273076371804384e-04 1.114275159366222550e-03
9.760000000000000000e+04 7.110933090347386527e-05 1.205974590216788052e-04 1.103507709136084371e-03
9.770000000000000000e+04 4.129445472185054762e-05 8.084424144402932097e-05 1.081186850857708114e-03
9.780000000000000000e+04 9.857619235189457076e-05 2.491377364424935455e-04 1.093272022248508758e-03
9.790000000000000000e+04 1.466622777028889907e-04 3.363534814224942732e-04 1.122149049558025455e-03
9.800000000000000000e+04 1.203391947654048819e-04 4.014512590169204767e-04 1.189117770591485322e-03
9.810000000000000000e+04 1.018165542236912618e-04 2.139833734512580372e-04 1.191781791220909801e-03
9.820000000000000000e+04 1.070693741731082969e-04 2.492113195396554199e-04 1.238553093800774099e-03
9.830000000000000000e+04 1.496249667973890019e-04 2.812621280943086027e-04 1.247724514127245086e-03
9.840000000000000000e+04 2.139607508667314400e-04 3.533018317414256086e-04 1.253847598090901665e-03
9.850000000000000000e+04 1.682312343413464809e-04 3.909312742911893318e-04 1.311288442910705804e-03
9.860000000000000000e+04 1.493026590716930828e-04 4.445561885059027586e-04 1.390667082773769337e-03
9.870000000000000000e+04 2.185333029898399535e-04 5.702678417683411816e-04 1.490351704459371047e-03
9.880000000000000000e+04 2.313884309466949021e-04 4.655637930995174846e-04 1.639377350773016341e-03
9.890000000000000000e+04 2.063939744547723266e-04 3.422462058471852607e-04 1.726290983987651458e-03
9.900000000000000000e+04 2.021861873746015441e-04 4.426726155354883223e-04 1.726956449910900613e-03
9.910000000000000000e+04 1.590387787294659117e-04 2.619833833118385708e-04 1.683763385728966142e-03
9.920000000000000000e+04 1.909535456266475955e-04 4.832207975168088029e-04 1.725930046581186043e-03
9.930000000000000000e+04 2.169758139684309622e-04 5.539876249991335360e-04 1.710061709743965121e-03
9.940000000000000000e+04 1.779344381716251033e-04 4.754595063790948133e-04 1.657144538403222114e-03
9.950000000000000000e+04 2.465825067764595199e-04 6.691923654543155582e-04 1.666401356868996457e-03
9.960000000000000000e+04 2.622387419898490439e-04 4.126383090130645963e-04 1.591555785666049286e-03
9.970000000000000000e+04 3.130471192310038675e-04 4.907527404932401915e-04 1.621292537718531249e-03
9.980000000000000000e+04 3.159405046167837027e-04 8.160266637682975655e-04 1.729507474204605624e-03
9.990000000000000000e+04 2.285267635989453056e-04 4.556520811937888552e-04 1.658128638387861269e-03
1.000000000000000000e+05 2.109709735225962987e-04 3.972826200318243812e-04 1.704989289775585542e-03
1.001000000000000000e+05 2.353113895156230817e-04 5.610377729445754393e-04 1.721591016316387657e-03
1.002000000000000000e+05 1.196291141378465293e-04 2.602273271368512730e-04 1.641290556855197046e-03
1.003000000000000000e+05 4.761238120067523734e-05 1.499181685553263501e-04 1.634132630337026227e-03
1.004000000000000000e+05 1.051294990205581953e-04 1.672231713996347006e-04 1.627099264901509705e-03
1.005000000000000000e+05 7.893025895158414969e-04 2.910389082832256884e-03 2.228312145526848472e-03
1.006000000000000000e+05 6.236063079687644960e-04 2.164617572136332858e-03 2.077935828943012261e-03
1.007000000000000000e+05 4.865771898781073510e-04 1.774324026121972073e-03 2.096281569766001059e-03
1.008000000000000000e+05 6.383482105760929746e-05 1.238289401064619506e-04 1.732847566289547189e-03
1.009000000000000000e+05 8.501390704849197399e-05 1.802929919026007195e-04 1.694947724200021816e-03
1.010000000000000000e+05 5.906785478482418951e-05 2.056836953077576750e-04 1.700613185620751533e-03
1.011000000000000000e+05 1.178772322216658976e-04 2.533692985840683108e-04 1.744417420920775508e-03
1.012000000000000000e+05 1.760177655737804690e-04 3.029465176387193329e-04 1.782319444681034273e-03
1.013000000000000000e+05 1.998899522069384847e-04 4.282238316696857384e-04 1.837117942817192030e-03
1.014000000000000000e+05 6.900822918691745106e-05 1.546574582693175607e-04 1.837142509873884591e-03
1.015000000000000000e+05 8.055136517754932744e-05 1.207334994715355669e-04 1.929482024349723785e-03
1.016000000000000000e+05 3.287693284136691124e-05 1.094352474879361353e-04 1.926295852735806623e-03
1.017000000000000000e+05 7.325417383440544807e-05 2.004334378433627727e-04 1.845392182818775262e-03
1.018000000000000000e+05 8.837414981499374864e-05 2.341427734566076894e-04 1.888697474884515120e-03
1.019000000000000000e+05 2.080037276853783246e-04 4.138259458381396243e-04 1.874813242771644498e-03
1.020000000000000000e+05 2.190174770131106050e-04 4.759703896076467478e-04 1.796672447106713441e-03
1.021000000000000000e+05 1.461271581324997352e-04 2.465480974761945134e-04 1.752083468640045806e-03
1.022000000000000000e+05 8.831520230290364724e-05 2.099569695033789117e-04 1.797217226418421597e-03
1.023000000000000000e+05 9.827038739814125505e-05 2.018523629201969104e-04 1.804363616480714151e-03
1.024000000000000000e+05 2.153440780408874631e-04 5.395943878020734510e-04 1.813481280002697494e-03
1.025000000000000000e+05 1.200704096841723363e-04 2.871066271388081955e-04 1.720925494340057489e-03
1.026000000000000000e+05 1.032390551380980587e-04 2.863130518749542643e-04 1.731700667536650385e-03
1.027000000000000000e+05 1.621794246773678502e-04 3.722595173135453007e-04 1.790311888631569964e-03
1.028000000000000000e+05 1.906274658318798682e-04 5.257953164905257524e-04 1.764090435615523096e-03
1.029000000000000000e+05 1.843824095354993416e-04 6.182878767004066321e-04 1.792516696081218565e-03
1.030000000000000000e+05 1.346540147317014293e-04 3.037061215580467727e-04 1.798655409838604592e-03
1.031000000000000000e+05 8.497805245478952038e-05 1.728714567573691289e-04 1.714498143627417532e-03
1.032000000000000000e+05 1.387419966688498325e-04 3.441678467467953334e-04 1.698170313859185751e-03
1.033000000000000000e+05 8.862723671417796663e-05 3.149951095944558948e-04 1.689665686128951532e-03
1.034000000000000000e+05 1.151535270611024446e-04 3.756109144139876347e-04 1.749307305563480843e-03
1.035000000000000000e+05 1.665607315729090813e-04 4.950076706603892020e-04 1.804541119556967409e-03
1.036000000000000000e+05 1.166121946226136939e-04 3.000611265853215560e-04 1.731683451008452293e-03
1.037000000000000000e+05 2.273394974441234496e-04 4.155539851001003801e-04 1.658452768897046440e-03
1.038000000000000000e+05 2.959284491639497302e-04 8.319301899871530022e-04 1.759755940776646472e-03
1.039000000000000000e+05 2.929210866544364709e-04 7.343246129848978246e-04 1.775951195835119827e-03
1.040000000000000000e+05 2.911264973764525824e-04 4.935030850739068574e-04 1.792451691141086663e-03
1.041000000000000000e+05 3.312152427231381847e-04 7.446654236061517156e-04 1.941256460105657711e-03
1.042000000000000000e+05 4.692218373480211337e-04 1.215203920918118225e-03 2.017134632672687965e-03
1.043000000000000000e+05 3.905683385765786574e-04 8.773577536134303904e-04 1.898514197344353983e-03
1.044000000000000000e+05 4.802691429402381699e-04 1.118034527857971481e-03 2.016832880650966733e-03
1.045000000000000000e+05 5.446995073674631982e-04 1.263157908655363187e-03 2.106877842959171705e-03
1.046000000000000000e+05 4.712893888371831076e-04 1.083587925552610687e-03 2.019828178126474930e-03
1.047000000000000000e+05 4.823418523419136916e-04 9.886112445580358486e-04 2.004507432562108518e-03
1.048000000000000000e+05 5.637786235640684582e-04 1.196388339706842135e-03 2.172445063349855154e-03
1.049000000000000000e+05 6.097354956062805455e-04 1.174693433768087512e-03 2.240667110962310093e-03
1.050000000000000000e+05 7.525199274850003645e-04 1.468616660205452219e-03 2.419029336216854328e-03
1.051000000000000000e+05 9.350508986661759669e-04 1.817789138754207553e-03 2.609193137837542264e-03
1.052000000000000000e+05 1.015978797174812119e-03 2.096332681202602369e-03 2.614198438492804435e-03
1.053000000000000000e+05 9.547840374231515714e-04 2.096611707465435154e-03 2.520864300617659502e-03
1.054000000000000000e+05 7.092155107079499074e-04 1.580842051785864063e-03 2.355146070688899848e-03
1.055000000000000000e+05 5.579065320258803223e-04 1.102855581527424113e-03 2.223163649985642788e-03
1.056000000000000000e+05 7.205579474432251448e-04 1.373091176128169669e-03 2.306292147439239354e-03
1.057000000000000000e+05 9.932721400423706170e-04 1.920659837735753722e-03 2.514273267237712890e-03
1.058000000000000000e+05 1.107989813862521192e-03 2.083409006080173299e-03 2.671176420408697804e-03
1.059000000000000000e+05 1.038289166594527852e-03 1.910136116774300728e-03 2.711190999307238995e-03
1.060000000000000000e+05 8.867153403894021541e-04 1.750977745120911935e-03 2.580602330220811182e-03
1.061000000000000000e+05 6.177613963323596007e-04 1.366235530131581144e-03 2.381715800905703697e-03
1.062000000000000000e+05 5.119168680729050715e-04 1.215081068387693745e-03 2.215555541887629081e-03
1.063000000000000000e+05 3.493277297317478724e-04 7.875552308153268167e-04 2.100982142733359790e-03
1.064000000000000000e+05 3.383990603065020579e-04 6.469245866188013880e-04 2.139032966011248336e-03
1.065000000000000000e+05 5.181927689168295149e-04 9.803695825713139213e-04 2.303230858161153978e-03
1.066000000000000000e+05 5.950750786447933996e-04 1.190488459340719504e-03 2.425860335977473442e-03
1.067000000000000000e+05 5.738230316216441033e-04 1.161547453878561008e-03 2.461387279511329657e-03
1.068000000000000000e+05 4.397552138711209070e-04 8.381815091616905827e-04 2.403108377785176126e-03
1.069000000000000000e+05 4.445507519361558552e-04 7.894799893313625416e-04 2.312553592415395563e-03
1.070000000000000000e+05 4.570601551268397775e-04 7.776157099212799122e-04 2.311738786847601645e-03
1.071000000000000000e+05 3.980182151724553571e-04 7.423506308893482696e-04 2.518912603322536348e-03
1.072000000000000000e+05 3.841587694116315246e-04 8.842226318801376696e-04 2.784676116652168645e-03
1.073000000000000000e+05 4.099209149861166371e-04 1.045435962434841833e-03 2.915091417340634136e-03
1.074000000000000000e+05 4.367540592736850538e-04 1.096315175287520659e-03 2.879236855604988630e-03
1.075000000000000000e+05 5.372516761167470990e-04 1.142628107296078405e-03 2.722634324425183151e-03
1.076000000000000000e+05 5.978820710812412544e-04 1.108628823802612021e-03 2.621124735693929238e-03
1.077000000000000000e+05 7.958933989531992437e-04 1.644877817122500190e-03 2.804415938948309067e-03
1.078000000000000000e+05 4.601929535345983951e-04 9.080831895347534106e-04 2.596806761837340723e-03
1.079000000000000000e+05 4.911625303633663543e-04 1.294963221547533894e-03 2.406708010713083656e-03
1.080000000000000000e+05 3.462531367826493685e-04 1.023185117738184026e-03 2.106316556619489654e-03
1.081000000000000000e+05 1.352832136684422454e-04 3.632159407421543806e-04 1.852442094183754263e-03
1.082000000000000000e+05 6.508207476631200882e-05 1.024459727605165054e-04 1.734246462746673930e-03
1.083000000000000000e+05 2.434344417052004654e-05 6.460761589828110593e-05 1.702460409804078083e-03
1.084000000000000000e+05 4.182934423838861708e-05 8.095772122993795915e-05 1.759909844964805629e-03
1.085000000000000000e+05 4.319650243431606002e-05 8.704985454310041129e-05 1.767397676702882944e-03
1.086000000000000000e+05 7.445005912349363791e-05 1.438899727301858056e-04 1.734063496478781795e-03
1.087000000000000000e+05 1.008389468195990818e-04 1.658298753545337997e-04 1.771405797763262553e-03
1.088000000000000000e+05 1.003242667180603408e-04 1.787656355928676170e-04 1.851872938011909098e-03
1.089000000000000000e+05 1.275283827167630283e-04 2.311071859233783995e-04 1.926430536205781408e-03
1.090000000000000000e+05 1.384716712163718000e-04 2.835085477140854814e-04 2.012869968818116039e-03
1.091000000000000000e+05 1.407005378365993719e-04 3.891506917262125501e-04 2.017291662598233275e-03
1.092000000000000000e+05 2.224591720393076510e-04 4.746610007476045889e-04 1.989552159211279043e-03
1.093000000000000000e+05 2.699484904357797675e-04 4.744157211302917152e-04 1.909851353611663992e-03
1.094000000000000000e+05 2.075502613016818199e-04 3.255521545400838577e-04 1.803765818909278855e-03
1.095000000000000000e+05 1.963051954073618665e-04 2.903596253557919060e-04 1.742775739996355868e-03
1.096000000000000000e+05 2.134125329070026608e-04 3.468685748476815680e-04 1.748257399242688845e-03
1.097000000000000000e+05 2.298948871274715446e-04 4.174725314075465512e-04 1.714933268876575601e-03
1.098000000000000000e+05 2.413323374249730802e-04 5.174911693176906420e-04 1.698255322000238833e-03
1.099000000000000000e+05 2.101120464331857843e-04 4.668631334237634441e-04 1.636820509231686101e-03
1.100000000000000000e+05 2.578227568549743085e-04 4.908046444252272232e-04 1.598232361916673274e-03
1.101000000000000000e+05 2.600153117418998149e-04 4.942202061917551521e-04 1.608609330567218774e-03
1.102000000000000000e+05 2.021286228183264127e-04 4.560643213197183941e-04 1.607923673359210872e-03
1.103000000000000000e+05 1.709798067619913362e-04 3.693351785902256566e-04 1.598076591146816751e-03
1.104000000000000000e+05 1.842616278654102876e-04 3.382870125328339781e-04 1.622110136887212678e-03
1.105000000000000000e+05 1.925356803202983320e-04 3.927724493385392496e-04 1.607300742146413643e-03
1.106000000000000000e+05 1.698635363754628404e-04 3.731200678867381201e-04 1.569068860733658678e-03
1.107000000000000000e+05 7.792354771332188693e-05 1.695428364643627919e-04 1.635326979836509336e-03
1.108000000000000000e+05 1.254853026531224484e-04 2.897754763184112910e-04 1.661503313804219093e-03
1.109000000000000000e+05 2.084444779239247314e-04 5.016981176113460839e-04 1.707231006044341269e-03
1.110000000000000000e+05 1.885371217737973320e-04 4.652388362374178330e-04 1.693594333125613555e-03
1.111000000000000000e+05 8.380395717110444495e-05 2.298936367989457170e-04 1.646404166721698913e-03
1.112000000000000000e+05 4.724691930437364788e-05 1.208140165345355805e-04 1.635157435144792308e-03
1.113000000000000000e+05 8.030885180935532809e-05 1.661303044255171401e-04 1.610104784444310079e-03
1.114000000000000000e+05 1.450064514620849881e-04 3.538941987002823530e-04 1.641601158266414425e-03
1.115000000000000000e+05 2.074898245632945341e-04 4.303587740515704956e-04 1.698588557132030621e-03
1.116000000000000000e+05 6.927968059142241078e-05 1.752007458328014734e-04 1.679934188787529561e-03
1.117000000000000000e+05 6.902258865906156331e-05 1.381865455105837481e-04 1.683341431547404456e-03
1.118000000000000000e+05 1.527973222618321091e-04 2.524512049621348286e-04 1.754337364422210634e-03
1.119000000000000000e+05 1.733340904488090643e-04 2.798136049114805651e-04 1.765380823094108700e-03
1.120000000000000000e+05 1.599356955233124933e-04 3.020893625190184534e-04 1.890869622157780906e-03
1.121000000000000000e+05 1.727377181865400336e-04 4.139418753821143705e-04 2.043667566437303192e-03
1.122000000000000000e+05 2.225313610228749940e-04 3.999905772911795110e-04 2.046348002771642208e-03
1.123000000000000000e+05 1.249201641799172098e-04 3.186388677116065542e-04 1.982064207132296519e-03
1.124000000000000000e+05 7.493854635952238233e-05 1.420395700598322923e-04 1.896785786924685361e-03
1.125000000000000000e+05 7.443281295407139231e-05 1.587383694761862560e-04 1.823296370063337037e-03
1.126000000000000000e+05 1.086063901205632648e-04 1.750315588690202605e-04 1.760413781071365957e-03
1.127000000000000000e+05 2.173239801137980161e-04 4.095626075216608330e-04 1.761563630871259807e-03
1.128000000000000000e+05 2.302107222593751442e-04 4.133904985685655804e-04 1.778908188322438858e-03
1.129000000000000000e+05 1.117769015638594380e-04 2.402522669745553539e-04 1.751149717943904869e-03
1.130000000000000000e+05 7.597058682005009174e-05 1.207797267744215725e-04 1.799509063210188737e-03
1.131000000000000000e+05 9.330258573013363449e-05 2.256967691674398660e-04 1.858886914516688204e-03
1.132000000000000000e+05 1.363314720037006166e-04 2.328807281419536124e-04 1.859282870271672730e-03
1.133000000000000000e+05 1.233146320606458117e-04 2.811223709299429802e-04 1.879054325802736146e-03
1.134000000000000000e+05 8.236619574169992512e-05 1.679402985990819785e-04 1.765334717107410259e-03
1.135000000000000000e+05 1.637662676404944874e-04 3.075157345267744320e-04 1.652285972682369193e-03
1.136000000000000000e+05 9.923241752877315358e-05 2.841940905145927659e-04 1.568494114352245259e-03
1.137000000000000000e+05 2.889998964610398027e-05 9.401622542180008459e-05 1.576118797618018992e-03
1.138000000000000000e+05 4.627905094075745324e-05 1.281897568909931475e-04 1.620222546938083954e-03
1.139000000000000000e+05 9.890982265234804158e-05 2.124210587240776479e-04 1.666267093808167102e-03
1.140000000000000000e+05 1.309464131788321342e-04 2.647341328689796838e-04 1.660911395713590526e-03
1.141000000000000000e+05 7.334076509367274191e-05 1.290282238642708693e-04 1.574514323558417854e-03
1.142000000000000000e+05 1.028771289277087032e-04 1.575110399489809080e-04 1.685644309603874036e-03
1.143000000000000000e+05 1.736184470972057785e-04 2.717801351316100067e-04 1.656464537749316934e-03
1.144000000000000000e+05 7.542090425330318267e-05 1.214445770997337349e-04 1.712595376347855790e-03
1.145000000000000000e+05 1.247655326897252181e-04 3.686613400162204197e-04 1.771469481948025667e-03
1.146000000000000000e+05 1.415133764011691428e-04 2.738999906118505523e-04 1.682631397148063104e-03
1.147000000000000000e+05 9.490421897073979957e-05 1.649097971808107053e-04 1.631827908670127397e-03
1.148000000000000000e+05 8.354599588382373085e-05 2.004632627481222045e-04 1.662424708566088418e-03
1.149000000000000000e+05 6.128869997176506629e-05 1.217950047293818797e-04 1.681076864377862136e-03
1.150000000000000000e+05 6.132718651060721504e-05 1.321002417883458679e-04 1.755916794274159625e-03
1.151000000000000000e+05 1.028837554151069977e-04 2.787294364325798753e-04 1.799529672917347077e-03
1.152000000000000000e+05 6.130805740960846954e-05 2.382308489754772409e-04 1.932059734279231895e-03
1.153000000000000000e+05 3.396285369483705539e-04 6.291089527450236842e-04 2.026435194175081871e-03
1.154000000000000000e+05 3.748321887504034011e-04 5.806647828058410319e-04 2.006529458191005054e-03
1.155000000000000000e+05 9.412916648342197108e-05 1.615867285481114007e-04 1.952377635260161681e-03
1.156000000000000000e+05 1.030099239603318988e-04 2.014953634031275715e-04 1.924857213144200510e-03
1.157000000000000000e+05 7.206167202997897439e-05 1.814236472269118230e-04 1.952109544907485936e-03
1.158000000000000000e+05 1.692845101896017345e-04 2.854788479852426054e-04 2.058405716371020794e-03
1.159000000000000000e+05 1.351938596485103943e-04 2.278588869450695262e-04 2.186359212858544725e-03
1.160000000000000000e+05 2.618108123113192451e-04 3.824325089530570404e-04 2.198347246786963496e-03
1.161000000000000000e+05 1.235032648721425159e-04 2.254410449432689943e-04 2.157945485488852767e-03
1.162000000000000000e+05 6.110249449018572213e-05 1.599461990863270712e-04 2.057968277004823890e-03
1.163000000000000000e+05 5.383426674394767644e-05 1.329999970601570582e-04 2.045613164917524894e-03
1.164000000000000000e+05 1.767149717167267389e-04 3.806773787182323940e-04 2.063860762971098887e-03
1.165000000000000000e+05 1.378091008717762314e-04 3.644863629516741609e-04 2.072727773884401777e-03
1.166000000000000000e+05 1.039936230572361536e-04 2.457673594376732357e-04 2.137729802034624583e-03
1.167000000000000000e+05 8.939042773464973834e-05 2.030346592736178429e-04 2.166071752354821987e-03
1.168000000000000000e+05 8.929748645175594746e-05 1.917624014252708974e-04 2.185604260708639852e-03
1.169000000000000000e+05 1.151340460177974548e-04 1.791552504129797010e-04 2.125422492618868082e-03
1.170000000000000000e+05 4.557927308638251920e-05 1.373788842118431330e-04 2.055576208282366545e-03
1.171000000000000000e+05 5.135985467251196965e-05 1.881552065257402657e-04 2.078006315712139455e-03
1.172000000000000000e+05 3.054352488166571164e-04 7.069159737242971739e-04 2.186790526986816252e-03
1.173000000000000000e+05 3.398016838783539384e-04 6.417912190371660719e-04 2.255590261379362624e-03
1.174000000000000000e+05 1.679947235230187103e-04 3.302314057583868000e-04 2.292867310247941569e-03
1.175000000000000000e+05 4.757038393278026356e-04 9.913650575166564963e-04 2.651332620156273290e-03
1.176000000000000000e+05 3.913705388628660464e-04 8.541431878818974560e-04 2.623418178160304842e-03
1.177000000000000000e+05 3.306966848029278035e-04 8.958391903064954424e-04 2.257673366146297281e-03
1.178000000000000000e+05 4.616993605420459650e-04 1.346914181163549927e-03 2.235442974560843295e-03
1.179000000000000000e+05 2.451510942065638667e-04 3.890527195160461103e-04 2.019881637995676101e-03
1.180000000000000000e+05 2.892383666496798397e-04 7.421395204075928367e-04 1.825352858747336399e-03
1.181000000000000000e+05 2.187112138151970069e-04 4.539606667590641905e-04 1.658694368970079153e-03
1.182000000000000000e+05 7.173017661601293130e-05 2.061304694028715054e-04 1.490496359376220631e-03
1.183000000000000000e+05 1.157242566253286181e-04 2.119286523726109095e-04 1.374227366829187036e-03
1.184000000000000000e+05 1.135474542605316179e-04 2.441873796761343755e-04 1.359655914282826292e-03
1.185000000000000000e+05 8.194724203087100541e-05 1.495419459864929124e-04 1.350065547437425588e-03
1.186000000000000000e+05 4.411331917098882185e-05 8.309621459234471305e-05 1.311161227614145337e-03
1.187000000000000000e+05 1.225426798305776898e-04 2.012884687903424702e-04 1.302508808697114013e-03
1.188000000000000000e+05 1.099696140966300098e-04 2.276292253187452413e-04 1.319540728200780397e-03
1.189000000000000000e+05 1.525491320442935554e-04 2.583922643503108220e-04 1.383799273597882641e-03
1.190000000000000000e+05 1.535214984190068008e-04 2.527811890329356714e-04 1.424721072330767998e-03
1.191000000000000000e+05 6.638924857940925808e-05 1.194136131370509678e-04 1.407268346341630436e-03
1.192000000000000000e+05 1.020404555405790732e-04 2.456556827412112280e-04 1.401620934659006780e-03
1.193000000000000000e+05 6.923633332153538399e-05 1.584776867372098171e-04 1.320490998966046287e-03
1.194000000000000000e+05 3.733958839046932522e-05 9.122678417394065008e-05 1.218934251954916642e-03
1.195000000000000000e+05 2.830162479718458315e-05 5.380847532366543444e-05 1.197203981999502530e-03
1.196000000000000000e+05 1.125852227088946274e-04 2.813443191321610137e-04 1.290327228211578942e-03
1.197000000000000000e+05 3.269959892901891114e-04 6.667633945119622822e-04 1.553182644041720736e-03
1.198000000000000000e+05 2.123065902992081651e-04 4.274495398602922054e-04 1.598366947697780864e-03
1.199000000000000000e+05 1.244486975336030199e-04 3.027871751375285029e-04 1.728987465714156881e-03
