9.000000000000000000e+04 1.884335442954224301e-05 5.767492465423473456e-05 1.116725417097330305e-04
9.010000000000000000e+04 1.619173494569098358e-05 3.503665717964857154e-05 1.105569991182730766e-04
9.020000000000000000e+04 2.213572176182023636e-05 4.019100979935916814e-05 1.181827138767697108e-04
9.030000000000000000e+04 2.644955568869517622e-05 5.309741054350318825e-05 1.327199736715643829e-04
9.040000000000000000e+04 2.274408073737857244e-05 6.261830403137977287e-05 1.297164296827174016e-04
9.050000000000000000e+04 1.805304104327553358e-05 5.815804228352735477e-05 1.269007937072084318e-04
9.060000000000000000e+04 1.640115352584558162e-05 4.506237505893167595e-05 1.227034957039284467e-04
9.070000000000000000e+04 2.478049968348490007e-05 6.863914547463871477e-05 1.351146747993079377e-04
9.080000000000000000e+04 2.862293124164470826e-05 7.536134677359014795e-05 1.327444969706083713e-04
9.090000000000000000e+04 2.512647446777368045e-05 8.361329443589340525e-05 1.242479219327137291e-04
9.100000000000000000e+04 2.456043946674296664e-05 5.620066414853855754e-05 1.272005914710402246e-04
9.110000000000000000e+04 2.696865373303434339e-05 7.923518166749012926e-05 1.328432139999233882e-04
9.120000000000000000e+04 2.129611406500744690e-05 8.580747002190875037e-05 1.361378436513372813e-04
9.130000000000000000e+04 2.449084049278023691e-05 7.019986317488597510e-05 1.386510805775711703e-04
9.140000000000000000e+04 2.480450173119795826e-05 4.069410297573672981e-05 1.412635771966197972e-04
9.150000000000000000e+04 1.905253001999567268e-05 3.449955395819399601e-05 1.435709340553646934e-04
9.160000000000000000e+04 2.101615594813884599e-05 5.445122711344348707e-05 1.443825857896603780e-04
9.170000000000000000e+04 2.070161120289227034e-05 9.581854150896033570e-05 1.399154429618053698e-04
9.180000000000000000e+04 1.633560552744200230e-05 1.177424940930043971e-04 1.331454289195999107e-04
9.190000000000000000e+04 2.021890043558240764e-05 7.678405581106209990e-05 1.335999489069998841e-04
9.200000000000000000e+04 2.030510740702424978e-05 6.243772838792228247e-05 1.448884474489807797e-04
9.210000000000000000e+04 2.212324146242726042e-05 7.830594411903000172e-05 1.464729487189660477e-04
9.220000000000000000e+04 3.051480497938134271e-05 9.281717062546894297e-05 1.363289704993490836e-04
9.230000000000000000e+04 1.499895650967876179e-05 7.285411072212549626e-05 1.262634106232859640e-04
9.240000000000000000e+04 1.631615798925482787e-05 6.609642682407048449e-05 1.227298862747339646e-04
9.250000000000000000e+04 1.449289371520139558e-05 4.903745964716445824e-05 1.218388669386684311e-04
9.260000000000000000e+04 1.285183643717707845e-05 4.136819514834813854e-05 1.203393631404525103e-04
9.270000000000000000e+04 1.149524314524307282e-05 8.212549837842117765e-05 1.187251981394826984e-04
9.280000000000000000e+04 9.835559455950400928e-06 2.925795206552065351e-05 1.153188637693672124e-04
9.290000000000000000e+04 1.626339347334866030e-05 3.382516656527079463e-05 1.144599167544682334e-04
9.300000000000000000e+04 1.265237812609276095e-05 7.172998085147898046e-05 1.164849513479815715e-04
9.310000000000000000e+04 1.590636750628911982e-05 1.850894059166864288e-04 1.181425133022800158e-04
9.320000000000000000e+04 1.659339030759500921e-05 1.790128632211552954e-04 1.193519742188042641e-04
9.330000000000000000e+04 2.278903251720015637e-05 1.456153538601693913e-04 1.208856798589897079e-04
9.340000000000000000e+04 2.167477612094013560e-05 1.306765489451346086e-04 1.228217571805998852e-04
9.350000000000000000e+04 1.555184073318153289e-05 5.663000847351924098e-05 1.231597491316084895e-04
9.360000000000000000e+04 1.628498752999459531e-05 8.159018337010284403e-05 1.219419488808180796e-04
9.370000000000000000e+04 2.172396886110063629e-05 1.095669697779245777e-04 1.204477297585970238e-04
9.380000000000000000e+04 1.435114501838399153e-05 1.260963365461516988e-04 1.197387890410486424e-04
9.390000000000000000e+04 1.564005367743643031e-05 1.421417163369841758e-04 1.207952138607777312e-04
9.400000000000000000e+04 1.734896555397852477e-05 1.414162638848462687e-04 1.241958104661555447e-04
9.410000000000000000e+04 1.851034851678317922e-05 1.398439699456043668e-04 1.267068358967915118e-04
9.420000000000000000e+04 1.255493049716409045e-05 1.159877675127775484e-04 1.257227106227427383e-04
9.430000000000000000e+04 1.632881984054599344e-05 4.637175743842047689e-05 1.244026012412090742e-04
9.440000000000000000e+04 1.228691709349722370e-05 3.229121351336315129e-05 1.272745861830574176e-04
9.450000000000000000e+04 1.789539086756236023e-05 3.775484504618044248e-05 1.332708575561542918e-04
9.460000000000000000e+04 1.872165196955044900e-05 3.952485682762676305e-05 1.361673149970629108e-04
9.470000000000000000e+04 1.622647181191739249e-05 6.573954928902268869e-05 1.362648563960696009e-04
9.480000000000000000e+04 1.562873227784784954e-05 4.717137192802278961e-05 1.358645629889083668e-04
9.490000000000000000e+04 1.353629011179809701e-05 4.610509285165070479e-05 1.355251044349197517e-04
9.500000000000000000e+04 1.555345805534940641e-05 5.899293051063869556e-05 1.362807867296709282e-04
9.510000000000000000e+04 2.159974744191827572e-05 7.122288201816059255e-05 1.398049896277287960e-04
9.520000000000000000e+04 2.936928536755560462e-05 8.262690181897179879e-05 1.449675024461882485e-04
9.530000000000000000e+04 2.278886859035616065e-05 7.225038893582734587e-05 1.421313515956754646e-04
9.540000000000000000e+04 1.961521378402034728e-05 6.648777933097433604e-05 1.319110711287475770e-04
9.550000000000000000e+04 1.522737305883566279e-05 6.295028626899369748e-05 1.260457022004622771e-04
9.560000000000000000e+04 2.047244721135548884e-05 6.998955788671879278e-05 1.321609223205170069e-04
9.570000000000000000e+04 2.864876411514664554e-05 6.393019952331101946e-05 1.396234472267124111e-04
9.580000000000000000e+04 2.761562210990487680e-05 8.834491667203559363e-05 1.387233546184096084e-04
9.590000000000000000e+04 2.801048428236892446e-05 7.489008411964948823e-05 1.354165817793275591e-04
9.600000000000000000e+04 2.346357122023214157e-05 4.716387123461646938e-05 1.341118839709895235e-04
9.610000000000000000e+04 2.714331105850570228e-05 6.367550238390405214e-05 1.373974456082355992e-04
9.620000000000000000e+04 2.587762230411258827e-05 6.245233790171670274e-05 1.497292937691764136e-04
9.630000000000000000e+04 2.744395637911106593e-05 6.900999464419209904e-05 1.577627111829906566e-04
9.640000000000000000e+04 3.047636908585555802e-05 9.406142072442382537e-05 1.528278193529580050e-04
9.650000000000000000e+04 2.931800402082230985e-05 1.913843931330375808e-04 1.461509534006239397e-04
9.660000000000000000e+04 2.903116781370198110e-05 1.379006234243798461e-04 1.435655798487813070e-04
9.670000000000000000e+04 2.979667680275610228e-05 9.132121761828789386e-05 1.477998151352067550e-04
9.680000000000000000e+04 3.596503497172611591e-05 9.514791149168867453e-05 1.613123296532765897e-04
9.690000000000000000e+04 4.160459959208774833e-05 8.890221600830241480e-05 1.842526122722742054e-04
9.700000000000000000e+04 4.227980932788508433e-05 1.168961613711388503e-04 2.008479913400124496e-04
9.710000000000000000e+04 4.420252580272980114e-05 1.075167396962563055e-04 1.959462017913516513e-04
9.720000000000000000e+04 3.791505658660846486e-05 7.870052359853788797e-05 1.764674572129923771e-04
9.730000000000000000e+04 3.035131661000941747e-05 6.330720916567232669e-05 1.694938346785846838e-04
9.740000000000000000e+04 3.247943160123112566e-05 6.205150766511573495e-05 1.756522272589826740e-04
9.750000000000000000e+04 4.379764321599483121e-05 8.255553508821684332e-05 1.836985733558646190e-04
9.760000000000000000e+04 4.389004481998695683e-05 7.843743464936540357e-05 1.860433710282549343e-04
9.770000000000000000e+04 3.650878459131282777e-05 6.893488467372987667e-05 1.825268017341071837e-04
9.780000000000000000e+04 4.329431788247485526e-05 6.948889388348189196e-05 1.835530154728453722e-04
9.790000000000000000e+04 4.413590923297750651e-05 7.598631624199355728e-05 1.871482840378477577e-04
9.800000000000000000e+04 3.488325345250804311e-05 6.180066975038165777e-05 1.885170569158550020e-04
9.810000000000000000e+04 4.018497675078940121e-05 8.878084481898644207e-05 1.910490158420199904e-04
9.820000000000000000e+04 4.512598869341270238e-05 1.038686404022449213e-04 2.093705836432001310e-04
9.830000000000000000e+04 4.516775710829815690e-05 8.235379722743932655e-05 2.326245507221092064e-04
9.840000000000000000e+04 4.171126732365878164e-05 7.897784408964053627e-05 2.302769391002383982e-04
9.850000000000000000e+04 3.256928511795670268e-05 6.445001719165987402e-05 2.173391134662419773e-04
9.860000000000000000e+04 2.870409414274896378e-05 5.794385296209841039e-05 2.166597404151103133e-04
9.870000000000000000e+04 3.832783354170370528e-05 6.928693405476590655e-05 2.129577022884676424e-04
9.880000000000000000e+04 4.107065031202228864e-05 1.221417441405195576e-04 1.986612258864945009e-04
9.890000000000000000e+04 4.157859084339741540e-05 2.085730441077464099e-04 2.029809532176302469e-04
9.900000000000000000e+04 4.549097182919735667e-05 1.019825473977541326e-04 2.295941532952633216e-04
9.910000000000000000e+04 4.224867608537127362e-05 9.022583142947752303e-05 2.379982648764536501e-04
9.920000000000000000e+04 4.552141409655202447e-05 8.723696387194382427e-05 2.284083173283559876e-04
9.930000000000000000e+04 4.231641387627752124e-05 1.058969954093963656e-04 2.378439354127799554e-04
9.940000000000000000e+04 5.577688722677374132e-05 1.322240858602836857e-04 2.426464757483163734e-04
9.950000000000000000e+04 5.562284265714560294e-05 1.287196275571667536e-04 2.498790940130595417e-04
9.960000000000000000e+04 4.838709171988203801e-05 1.237681701340058807e-04 2.501915200725464742e-04
9.970000000000000000e+04 4.817635238609321337e-05 1.097507848513137256e-04 2.363090463166872513e-04
9.980000000000000000e+04 5.737290404309234562e-05 1.341441703812745138e-04 2.380759041175995806e-04
9.990000000000000000e+04 5.676732487275965543e-05 2.104084872856884524e-04 2.266864118571160431e-04
1.000000000000000000e+05 7.139464124025725117e-05 2.210358577160492950e-04 2.187149400475442624e-04
1.001000000000000000e+05 7.520667087147534066e-05 2.021701277428516400e-04 2.500904440561514002e-04
1.002000000000000000e+05 9.331246269495116399e-05 2.419243725576850296e-04 2.781494913160551105e-04
1.003000000000000000e+05 9.408332463339580832e-05 2.495866200697350245e-04 2.687203157717856341e-04
1.004000000000000000e+05 8.601691166509783568e-05 2.327093239193437377e-04 2.492767603727797580e-04
1.005000000000000000e+05 8.447002613870522344e-05 2.282458377893134495e-04 2.364552000012767690e-04
1.006000000000000000e+05 8.774871847065115159e-05 2.256192691953435702e-04 2.377435526347958933e-04
1.007000000000000000e+05 9.972997631630398639e-05 2.477106742131774189e-04 2.575710831844430079e-04
1.008000000000000000e+05 1.064915964864329538e-04 2.732310314231559340e-04 2.848820184826681692e-04
1.009000000000000000e+05 1.123206560622591610e-04 2.748877338411262385e-04 2.784171883630915507e-04
1.010000000000000000e+05 8.195283123339387461e-05 2.507096689432338149e-04 2.338245690889939631e-04
1.011000000000000000e+05 5.451740958886899953e-05 1.904847356658418984e-04 2.004455493130440492e-04
1.012000000000000000e+05 6.445797001362589692e-05 2.234813584512875700e-04 2.228361204655175990e-04
1.013000000000000000e+05 1.046187719786922682e-04 2.487136943858270655e-04 2.833155503718159593e-04
1.014000000000000000e+05 9.968893644736240137e-05 2.550058373024236729e-04 2.900326615632330867e-04
1.015000000000000000e+05 6.631161849880959120e-05 1.652873929918509670e-04 2.260483096183521848e-04
1.016000000000000000e+05 3.024631871913121411e-05 9.799467194560474576e-05 1.754978629415170619e-04
1.017000000000000000e+05 2.962978034960289881e-05 7.831285341112234708e-05 1.754721955150763543e-04
1.018000000000000000e+05 5.680796884582558787e-05 1.565603548319931661e-04 2.048406968247753958e-04
1.019000000000000000e+05 8.630176552897115931e-05 2.189689080557922021e-04 2.338046574476397045e-04
1.020000000000000000e+05 1.012307843993258795e-04 2.348463210647162977e-04 2.494614179997559317e-04
1.021000000000000000e+05 9.192374205166969794e-05 2.035193225969071282e-04 2.417568148996529183e-04
1.022000000000000000e+05 5.829105156067917602e-05 1.584508371497610820e-04 2.095627043276360331e-04
1.023000000000000000e+05 4.381807948792543054e-05 2.593761393602088839e-04 1.876367306050254300e-04
1.024000000000000000e+05 4.305227813862250608e-05 1.342813007589541293e-04 1.875146002463024312e-04
1.025000000000000000e+05 4.411584796955655844e-05 8.806135728331597923e-05 1.955631754243772520e-04
1.026000000000000000e+05 3.467134143725908858e-05 8.854246762285877727e-05 1.874824125914919962e-04
1.027000000000000000e+05 2.527958252177694922e-05 8.034148695149580439e-05 1.737326545999026944e-04
1.028000000000000000e+05 3.682380117925990767e-05 1.031113034111605581e-04 1.798745549209443797e-04
1.029000000000000000e+05 5.415721391741263636e-05 1.258960880454460039e-04 1.962121232484219098e-04
1.030000000000000000e+05 4.323411434855984974e-05 1.355637540272123891e-04 1.855035406713510088e-04
1.031000000000000000e+05 3.566555590027613363e-05 1.311539147212173462e-04 1.708131546995604458e-04
1.032000000000000000e+05 4.302690303918874624e-05 1.429470947028672510e-04 1.734825105921775101e-04
1.033000000000000000e+05 5.306937055006569139e-05 1.810784580455282813e-04 1.810592280326951730e-04
1.034000000000000000e+05 4.866380070925416810e-05 1.734617292283416367e-04 1.819914209314108747e-04
1.035000000000000000e+05 4.912775276676810128e-05 1.805053875957132227e-04 1.834208248054622131e-04
1.036000000000000000e+05 5.538828103038290337e-05 1.926000455349861202e-04 1.855943567079390913e-04
1.037000000000000000e+05 5.316298057581763693e-05 2.092698495355330309e-04 1.874159191935962320e-04
1.038000000000000000e+05 6.063207158536569868e-05 2.145530729829400621e-04 1.965778295217814498e-04
1.039000000000000000e+05 6.683123542496763130e-05 2.293275925563834723e-04 2.013485260342757740e-04
1.040000000000000000e+05 6.344932541877155519e-05 2.550796458205417542e-04 2.006418093348095305e-04
1.041000000000000000e+05 7.163507274888613989e-05 3.242398970728987495e-04 2.093319680124063086e-04
1.042000000000000000e+05 9.218902583639596460e-05 3.864992517103780188e-04 2.263502114302126656e-04
1.043000000000000000e+05 9.221598661386488992e-05 3.998223926212141673e-04 2.352180100566956937e-04
1.044000000000000000e+05 1.028974624428986048e-04 4.191702520066455454e-04 2.421946709532186493e-04
1.045000000000000000e+05 1.179293905947015363e-04 4.400452890919516772e-04 2.541644913574872783e-04
1.046000000000000000e+05 1.239937801113185918e-04 4.757883358932492963e-04 2.659303977588321072e-04
1.047000000000000000e+05 1.307863714116524957e-04 5.107005702217140303e-04 2.731116518942019577e-04
1.048000000000000000e+05 1.364608473907939594e-04 5.381636553044048463e-04 2.815331658950119640e-04
1.049000000000000000e+05 1.504206348994495423e-04 5.616908273903360380e-04 2.930550263443539635e-04
1.050000000000000000e+05 1.631855936503402206e-04 5.642921904503352820e-04 3.012526963007262329e-04
1.051000000000000000e+05 1.650019424521652334e-04 5.547818968455896140e-04 3.061403017728397827e-04
1.052000000000000000e+05 1.593260281471006702e-04 5.491553167575979714e-04 3.094520133435198564e-04
1.053000000000000000e+05 1.584248018362262409e-04 5.715637524186859258e-04 3.131073866404877155e-04
1.054000000000000000e+05 1.662437674349793624e-04 6.183863971915597646e-04 3.169160479420568858e-04
1.055000000000000000e+05 1.715584519125974716e-04 6.782363360856882807e-04 3.246121599426273407e-04
1.056000000000000000e+05 1.821590810167372256e-04 6.977273540274592407e-04 3.348659823187755840e-04
1.057000000000000000e+05 2.066814678381787690e-04 7.111959692094303471e-04 3.427466483488970320e-04
1.058000000000000000e+05 2.093072292459735161e-04 6.983520036690350850e-04 3.486699460070695738e-04
1.059000000000000000e+05 2.057875689360340809e-04 6.811673454082473522e-04 3.492253629066654846e-04
1.060000000000000000e+05 2.053213090828636680e-04 6.697225740683744166e-04 3.474621016209629345e-04
1.061000000000000000e+05 2.047901217065799771e-04 6.800118231311091770e-04 3.461266061524130252e-04
1.062000000000000000e+05 2.022907252986473571e-04 6.815940828577855132e-04 3.444409190822636936e-04
1.063000000000000000e+05 1.972682789782025277e-04 7.058455272682430393e-04 3.392517041372484490e-04
1.064000000000000000e+05 1.920392995010368952e-04 7.211707647316477256e-04 3.379219256350440696e-04
1.065000000000000000e+05 1.948379412271897531e-04 7.131122620441316317e-04 3.426072642974343422e-04
1.066000000000000000e+05 2.059513575169683757e-04 6.916669763639740056e-04 3.463525948639498402e-04
1.067000000000000000e+05 2.011077671907177036e-04 6.222007216877506290e-04 3.441740974990915793e-04
1.068000000000000000e+05 1.902626636769936131e-04 5.653608772491505946e-04 3.349955310749864372e-04
1.069000000000000000e+05 1.823949670743645198e-04 5.223197082194790857e-04 3.272291679337871635e-04
1.070000000000000000e+05 1.885304611227525435e-04 5.493703421164474561e-04 3.332239797361994001e-04
1.071000000000000000e+05 1.985497463567981820e-04 5.734776576510285497e-04 3.484433280116158455e-04
1.072000000000000000e+05 1.943169143095479275e-04 5.901483598603512364e-04 3.566246609318929209e-04
1.073000000000000000e+05 1.972427216273357471e-04 5.732187809068292313e-04 3.517821268246154533e-04
1.074000000000000000e+05 2.014925192585591935e-04 5.612388553161787048e-04 3.487900045709009761e-04
1.075000000000000000e+05 2.026201278378745717e-04 5.513707452272172040e-04 3.561903758351859877e-04
1.076000000000000000e+05 1.926276407375853957e-04 5.614949567481319469e-04 3.687061008394934970e-04
1.077000000000000000e+05 1.976291008100665404e-04 5.830700843087091969e-04 3.625878046414554513e-04
1.078000000000000000e+05 2.087811090802294196e-04 5.681749668926219148e-04 3.481374200618998598e-04
1.079000000000000000e+05 2.079669723832179118e-04 5.628729816186298736e-04 3.321366759866563735e-04
1.080000000000000000e+05 1.831459216269979806e-04 5.337563586940337074e-04 3.179884111391462253e-04
1.081000000000000000e+05 1.511334061618378234e-04 4.995185843456295119e-04 3.112149072751205703e-04
1.082000000000000000e+05 1.430472569238944191e-04 4.970474620323880703e-04 3.043091609678965671e-04
1.083000000000000000e+05 1.539354759639050983e-04 5.201795853776493023e-04 3.050608960843413414e-04
1.084000000000000000e+05 1.616515169311810349e-04 5.411607343102184820e-04 3.094569120834176354e-04
1.085000000000000000e+05 1.620364402545916582e-04 5.097835212103250975e-04 3.093147400756785697e-04
1.086000000000000000e+05 1.550158137562210911e-04 4.743062696050530402e-04 3.057675487452572163e-04
1.087000000000000000e+05 1.482144544355924016e-04 4.367457709468687294e-04 3.029154131315710632e-04
1.088000000000000000e+05 1.626191791095618405e-04 4.432557783964627212e-04 3.044576748259551009e-04
1.089000000000000000e+05 1.675212881739545723e-04 4.566752130132802198e-04 3.085467814343194164e-04
1.090000000000000000e+05 1.557640014429584590e-04 4.456611203961085297e-04 3.016643958117877413e-04
1.091000000000000000e+05 1.360212349945758589e-04 4.300316600347020134e-04 2.909744830556048440e-04
1.092000000000000000e+05 1.472341301570444781e-04 4.437612082014694473e-04 2.934536255902238811e-04
1.093000000000000000e+05 1.632561454879721710e-04 4.562378361141819754e-04 3.033421539951293758e-04
1.094000000000000000e+05 1.658540566939911102e-04 4.658841910284668760e-04 3.027684349670460768e-04
1.095000000000000000e+05 1.596104713116932032e-04 4.793322413413636258e-04 2.948821260779431702e-04
1.096000000000000000e+05 1.540985192263381951e-04 4.862134956925360510e-04 2.901110888422533929e-04
1.097000000000000000e+05 1.458456458581125124e-04 4.695674249235434533e-04 2.841110043393305757e-04
1.098000000000000000e+05 1.346610181124789142e-04 4.346254281251313279e-04 2.764995200283177539e-04
1.099000000000000000e+05 1.284856423734308836e-04 4.289836944358270615e-04 2.700118257419942725e-04
1.100000000000000000e+05 1.165373481745963038e-04 4.208501704168462814e-04 2.566847017768322001e-04
1.101000000000000000e+05 1.032929717416001907e-04 4.099328396100682158e-04 2.413937498630386986e-04
1.102000000000000000e+05 9.025449215187305425e-05 3.527717740260862683e-04 2.258288357401944633e-04
1.103000000000000000e+05 7.905950335612138146e-05 2.845747663122711289e-04 2.146372399896738026e-04
1.104000000000000000e+05 6.891564141843576686e-05 2.165606776708697508e-04 2.098370537353224155e-04
1.105000000000000000e+05 5.228453280962935953e-05 1.677033800649272062e-04 2.054763374323553143e-04
1.106000000000000000e+05 4.278488734883525448e-05 1.385681109192422617e-04 1.919519759190996754e-04
1.107000000000000000e+05 3.799815438962017241e-05 1.190253656764497390e-04 1.759812584166011817e-04
1.108000000000000000e+05 3.456125079305118566e-05 1.182015114788474372e-04 1.720465562495706821e-04
1.109000000000000000e+05 3.855227800031302949e-05 1.198329915089138456e-04 1.785634849090781328e-04
1.110000000000000000e+05 3.992239037612434508e-05 1.479922027440509606e-04 1.816161757997318451e-04
1.111000000000000000e+05 3.883268002922410410e-05 1.780586797117590810e-04 1.751143112678483333e-04
1.112000000000000000e+05 4.129244012810365087e-05 1.772747482648692795e-04 1.703842649843223674e-04
1.113000000000000000e+05 4.789459971732949349e-05 1.583049699290620419e-04 1.788646189139378819e-04
1.114000000000000000e+05 3.309421230124505713e-05 1.389167221258875388e-04 1.932180797972538392e-04
1.115000000000000000e+05 3.841702114562275039e-05 1.159006525405137551e-04 1.915898482847303128e-04
1.116000000000000000e+05 3.719614205554476428e-05 1.291318227985174642e-04 1.720523441325901666e-04
1.117000000000000000e+05 2.559811394733883653e-05 1.098730956147884628e-04 1.609259488599977842e-04
1.118000000000000000e+05 4.115665883344752501e-05 9.180093574082329590e-05 1.845253250646543925e-04
1.119000000000000000e+05 4.007901435451992627e-05 8.282852137553200871e-05 2.240818109762270614e-04
1.120000000000000000e+05 3.150656599266735895e-05 9.501423712921931827e-05 2.386564271901229161e-04
1.121000000000000000e+05 2.876933379106265615e-05 7.669073866826552370e-05 2.148656026189724199e-04
1.122000000000000000e+05 3.358230446602613966e-05 8.112524867462324492e-05 1.718377313428748928e-04
1.123000000000000000e+05 2.563252809063621730e-05 8.081396433837869568e-05 1.442940698905258732e-04
1.124000000000000000e+05 2.554624034285715023e-05 9.010911810595193970e-05 1.556123205461486930e-04
1.125000000000000000e+05 3.151037298960808670e-05 1.024847768198232736e-04 2.063835057781312425e-04
1.126000000000000000e+05 3.922917747025504438e-05 9.405860502361882390e-05 2.326912047092754763e-04
1.127000000000000000e+05 4.154672191704052251e-05 9.331723928022257666e-05 2.051281451259043547e-04
1.128000000000000000e+05 2.678769898425062000e-05 6.988693182193939438e-05 1.868712700710149430e-04
1.129000000000000000e+05 2.521560906323561829e-05 7.936067972512985931e-05 1.836492082633297347e-04
1.130000000000000000e+05 3.426111257836747526e-05 8.538278620300133255e-05 1.658869396070607129e-04
1.131000000000000000e+05 3.596291500497641536e-05 8.785210234106625689e-05 1.738690284663843859e-04
1.132000000000000000e+05 2.862118986874116798e-05 6.216421355112396489e-05 2.202134973014589379e-04
1.133000000000000000e+05 3.340112471705429823e-05 7.274132340892122575e-05 2.285161404308531767e-04
1.134000000000000000e+05 2.547251625589305886e-05 5.348057271489494108e-05 1.853725638289161458e-04
1.135000000000000000e+05 2.550326994331633310e-05 5.463560834465861871e-05 1.791240143203466813e-04
1.136000000000000000e+05 2.326637867296828428e-05 5.597363739397244226e-05 2.169939964250149685e-04
1.137000000000000000e+05 2.142690280059503195e-05 1.075877337732370756e-04 2.223924821836434037e-04
1.138000000000000000e+05 2.274160033949827872e-05 1.377687419741630990e-04 2.066885260052867825e-04
1.139000000000000000e+05 2.274229067971442284e-05 8.105604690116757880e-05 1.858395755984420725e-04
1.140000000000000000e+05 2.265421153422976573e-05 6.871396936938145442e-05 1.692452369476779193e-04
1.141000000000000000e+05 2.354816604121997030e-05 5.810544534381201242e-05 1.934227125489007212e-04
1.142000000000000000e+05 2.743230772483032224e-05 5.472417137064000919e-05 2.324978176547050856e-04
1.143000000000000000e+05 2.067193715695335074e-05 4.335598538049163352e-05 2.168753082405388058e-04
1.144000000000000000e+05 2.238447287204717762e-05 4.428047608983381902e-05 1.881794860650396872e-04
1.145000000000000000e+05 2.046191548136822328e-05 4.886183345584441161e-05 1.928580999631181484e-04
1.146000000000000000e+05 2.315078197881304911e-05 5.847289359598060944e-05 2.189523677651526007e-04
1.147000000000000000e+05 2.454940747480182316e-05 6.112027145587249416e-05 2.319898644873059771e-04
1.148000000000000000e+05 2.581011302423520605e-05 7.586110083771668714e-05 2.179329967536863973e-04
1.149000000000000000e+05 2.193605238999527039e-05 1.143137918243066452e-04 1.928252637664828963e-04
1.150000000000000000e+05 2.274815916893216427e-05 1.614398089553414721e-04 1.808756909695510720e-04
1.151000000000000000e+05 2.693880865676002187e-05 1.554726869476990333e-04 1.959534269072611278e-04
1.152000000000000000e+05 3.044568721269949032e-05 1.460369298269302638e-04 2.348295270088762742e-04
1.153000000000000000e+05 2.424862155301512712e-05 1.619755508972304961e-04 2.609541484353827823e-04
1.154000000000000000e+05 4.562137452797517759e-05 2.028500037008185933e-04 2.274242129649338786e-04
1.155000000000000000e+05 3.461507515649958774e-05 2.404712410307860372e-04 1.750151182676813375e-04
1.156000000000000000e+05 2.815695309693768246e-05 2.622559495771920263e-04 1.576225632335557451e-04
1.157000000000000000e+05 3.781341238225731480e-05 2.376228188462616530e-04 1.872434695570566717e-04
1.158000000000000000e+05 3.265755119715203097e-05 1.714994193293591649e-04 2.481278046616475935e-04
1.159000000000000000e+05 3.548913268699267157e-05 1.473044135978505867e-04 2.826531436010894672e-04
1.160000000000000000e+05 4.258819424009572087e-05 9.410847910712010758e-05 2.401925882605592628e-04
1.161000000000000000e+05 3.139287733008324331e-05 6.303060415603097379e-05 1.738765840209974159e-04
1.162000000000000000e+05 1.494847586550247277e-05 5.147695589506013432e-05 1.523586926494480316e-04
1.163000000000000000e+05 4.284915440188162973e-05 9.567789422054961664e-05 1.790367859215437850e-04
1.164000000000000000e+05 6.335260864315871263e-05 1.358315275730690743e-04 2.443120725026970441e-04
1.165000000000000000e+05 6.756756715320378064e-05 1.658978986954109231e-04 2.980843815773120118e-04
1.166000000000000000e+05 6.394537698318789672e-05 1.271925971040791371e-04 2.924704474037799007e-04
1.167000000000000000e+05 5.726476565070241125e-05 9.532349663673143642e-05 2.240499840025180671e-04
1.168000000000000000e+05 4.302702494590784064e-05 7.777248202098078784e-05 1.862773458082187222e-04
1.169000000000000000e+05 4.026182884289886870e-05 8.733476649200195012e-05 1.905451855315335222e-04
1.170000000000000000e+05 4.399103969926113729e-05 8.132554114090339344e-05 2.166144542394585573e-04
1.171000000000000000e+05 5.749067119158282916e-05 9.159716051066951813e-05 2.345825727979482039e-04
1.172000000000000000e+05 7.703134127687129361e-05 1.274759618397571144e-04 2.411749600971305738e-04
1.173000000000000000e+05 8.336906910831788512e-05 1.750883189778115051e-04 2.172177520135919323e-04
1.174000000000000000e+05 5.502471223982246585e-05 1.881993338253806465e-04 1.756896131367701472e-04
1.175000000000000000e+05 5.635593357473258724e-05 2.001700104635564022e-04 1.580096152802450452e-04
1.176000000000000000e+05 8.307187210180921660e-05 1.741121351364968305e-04 1.996269951585146515e-04
1.177000000000000000e+05 1.073228748472066678e-04 2.106731577441795151e-04 2.397419305554779367e-04
1.178000000000000000e+05 8.019950914599634174e-05 1.534028176326144113e-04 2.258555356838037507e-04
1.179000000000000000e+05 6.563029237638496401e-05 1.455334386161138787e-04 1.704739284907847243e-04
1.180000000000000000e+05 2.894180724560279391e-05 9.527597351743254594e-05 1.294952393317154763e-04
1.181000000000000000e+05 2.977366701252206647e-05 6.863716429903984114e-05 1.602335813955712760e-04
1.182000000000000000e+05 4.790252091086715154e-05 7.898480601137975159e-05 1.939946957606909631e-04
1.183000000000000000e+05 2.545911583125517910e-05 5.368881565467076311e-05 1.912867421234534402e-04
1.184000000000000000e+05 1.885653015161882322e-05 5.330285769229142876e-05 1.681622850443314208e-04
1.185000000000000000e+05 2.410091417235564297e-05 7.253770104990043665e-05 1.770347420655503509e-04
1.186000000000000000e+05 2.127597934023652644e-05 4.923409713139501888e-05 1.987236125095621008e-04
1.187000000000000000e+05 2.166706518216728874e-05 5.130623449034756272e-05 1.899377691687115189e-04
1.188000000000000000e+05 2.061649601069542805e-05 5.390980424489991304e-05 1.855361977386307338e-04
1.189000000000000000e+05 1.255153095717318899e-05 4.030448405676649777e-05 2.053750219731291450e-04
1.190000000000000000e+05 2.414493279301267638e-05 5.332371338930363513e-05 2.047379803685381154e-04
1.191000000000000000e+05 1.790700131889242687e-05 4.250462102016209164e-05 1.795119201318192987e-04
1.192000000000000000e+05 2.182910400976345914e-05 4.266551960217015429e-05 1.690032113292099718e-04
1.193000000000000000e+05 2.388816390791286253e-05 4.377112788190020364e-05 1.792903306427159242e-04
1.194000000000000000e+05 2.728717435075811285e-05 4.614229437487042001e-05 1.998242012390157160e-04
1.195000000000000000e+05 2.074027166883477512e-05 4.319078936236854494e-05 1.896771538295942655e-04
1.196000000000000000e+05 1.796482582308640721e-05 3.920044138864764113e-05 1.748432227222197289e-04
1.197000000000000000e+05 1.826212297214972486e-05 3.947536705754565111e-05 1.623967279277595277e-04
1.198000000000000000e+05 4.446136281051807208e-05 1.141462169655233210e-04 1.712006949970403468e-04
1.199000000000000000e+05 5.263207358153059183e-05 1.455468893043013472e-04 1.834475297735464500e-04
