9.000000000000000000e+04 3.532680912645377088e-04 5.442810883383435595e-04 1.465159556350743202e-03
9.010000000000000000e+04 2.774728713589515346e-04 6.027211571442705421e-04 1.898764274669778292e-03
9.020000000000000000e+04 2.572001992156714833e-04 5.864504656587568587e-04 1.722580543748653990e-03
9.030000000000000000e+04 2.819960304190000707e-04 4.642445308252092506e-04 1.419100819452593851e-03
9.040000000000000000e+04 4.198341114400483843e-04 8.811662716481664850e-04 1.998107167115150112e-03
9.050000000000000000e+04 3.921411381690035128e-04 6.622169098272029202e-04 2.298656472814334609e-03
9.060000000000000000e+04 3.872510940518562785e-04 6.987783713386886905e-04 1.947545401836400921e-03
9.070000000000000000e+04 2.320177115343049438e-04 4.044239304760428953e-04 1.296435784559006599e-03
9.080000000000000000e+04 2.088565314466563159e-04 3.683527404250339608e-04 1.188127523873193283e-03
9.090000000000000000e+04 2.360242889099914594e-04 3.742348023574606185e-04 1.248027122282825436e-03
9.100000000000000000e+04 1.880594372347763488e-04 2.970461576213456918e-04 1.312701843197293773e-03
9.110000000000000000e+04 1.976641158066784389e-04 3.041254753245480925e-04 1.389497203068911684e-03
9.120000000000000000e+04 2.018166310579982362e-04 3.136355379701439520e-04 1.427522184929341667e-03
9.130000000000000000e+04 2.456353379239851423e-04 3.988712338263878006e-04 1.515813898296149457e-03
9.140000000000000000e+04 2.465021152171262102e-04 4.065875416268411712e-04 1.616654519879588301e-03
9.150000000000000000e+04 2.930537490134694535e-04 4.997308136754272621e-04 1.659568860977306964e-03
9.160000000000000000e+04 2.241317821125078137e-04 3.958500033328887606e-04 1.668230635785514877e-03
9.170000000000000000e+04 2.360847142250010935e-04 3.734721125968805139e-04 1.718374543389345616e-03
9.180000000000000000e+04 3.222916433019047417e-04 5.746096634877831746e-04 1.814394750173855099e-03
9.190000000000000000e+04 3.627043332712599159e-04 6.589300764716806130e-04 2.033160870568281528e-03
9.200000000000000000e+04 4.742489261643353590e-04 9.616981154486298027e-04 2.713634303046506217e-03
9.210000000000000000e+04 6.755884519400604318e-04 1.098001021385903390e-03 3.294483054831334745e-03
9.220000000000000000e+04 7.009425100805060163e-04 1.098396618750592611e-03 3.621802501402469811e-03
9.230000000000000000e+04 6.643221148282577558e-04 1.160341267628937738e-03 3.701210080618534768e-03
9.240000000000000000e+04 6.413392092945988977e-04 1.025608597633118242e-03 3.650221924376596035e-03
9.250000000000000000e+04 5.500079304412322338e-04 8.819443788913965132e-04 3.551772963456530183e-03
9.260000000000000000e+04 7.242098116606063112e-04 1.177352173617633724e-03 3.666281393192598239e-03
9.270000000000000000e+04 5.806793426498535471e-04 9.329458703161148773e-04 3.509814889134875091e-03
9.280000000000000000e+04 5.373636793149327677e-04 8.937573992699125031e-04 3.583435020927819206e-03
9.290000000000000000e+04 6.288438444672010512e-04 9.717544130755533839e-04 3.531665352235281111e-03
9.300000000000000000e+04 6.891953581647952166e-04 1.035809480091002058e-03 3.587162074069601223e-03
9.310000000000000000e+04 6.184619142032268466e-04 9.705927585742773339e-04 3.490388933676757954e-03
9.320000000000000000e+04 5.170271674298097982e-04 8.453027941971685659e-04 3.340280586564423060e-03
9.330000000000000000e+04 4.562323102863894558e-04 6.960650466952106839e-04 3.361455279487759063e-03
9.340000000000000000e+04 4.681595975667396901e-04 8.431898837995967060e-04 3.328931167332450231e-03
9.350000000000000000e+04 4.686195047186648456e-04 7.296032031882115909e-04 3.271066216039732102e-03
9.360000000000000000e+04 5.767093083307627335e-04 9.171631009867410242e-04 3.285936433310132718e-03
9.370000000000000000e+04 5.164233181897308692e-04 7.778773810340083340e-04 3.469503427505980786e-03
9.380000000000000000e+04 5.631822610236460191e-04 8.719575467046941294e-04 3.541237177755350834e-03
9.390000000000000000e+04 6.501075236091907565e-04 1.005692091562445430e-03 3.479379301399020217e-03
9.400000000000000000e+04 3.928575301664714164e-04 7.108186552917637735e-04 3.326115820765321741e-03
9.410000000000000000e+04 5.907482175090358369e-04 9.018675145163468354e-04 3.504140431593760069e-03
9.420000000000000000e+04 4.876088145175754007e-04 7.319813210399112730e-04 3.492472125185178133e-03
9.430000000000000000e+04 4.824096764225165729e-04 7.836344133922506193e-04 3.405894432197806212e-03
9.440000000000000000e+04 5.101891398313165328e-04 7.961433643265155950e-04 3.333324448033325640e-03
9.450000000000000000e+04 5.526291009798427710e-04 8.732119898362108654e-04 3.150048240971816630e-03
9.460000000000000000e+04 5.379101935009639006e-04 8.257020115822293060e-04 3.084737245456123031e-03
9.470000000000000000e+04 3.891209093863571937e-04 5.898245332929762628e-04 3.046027874952874238e-03
9.480000000000000000e+04 4.391360697318562670e-04 7.212903929437242991e-04 3.062900131540200518e-03
9.490000000000000000e+04 3.293081541351924012e-04 6.320327585605124004e-04 3.090752537522156122e-03
9.500000000000000000e+04 4.090572223885932147e-04 6.611189586153533651e-04 3.110052060530835421e-03
9.510000000000000000e+04 4.159987545263432035e-04 6.901930176502380117e-04 3.109706759761290615e-03
9.520000000000000000e+04 4.740299925093099248e-04 8.253343638921751234e-04 3.063751543940098233e-03
9.530000000000000000e+04 5.724768314491648739e-04 9.021463577127612592e-04 3.278771645328255879e-03
9.540000000000000000e+04 5.930995397617870590e-04 9.175368144448059135e-04 3.567479490974207607e-03
9.550000000000000000e+04 5.590315523543651355e-04 8.658730465960873084e-04 3.587718934092463258e-03
9.560000000000000000e+04 5.296825537920461444e-04 8.608980030786997535e-04 3.429797982165184306e-03
9.570000000000000000e+04 4.099178028486140726e-04 6.205740906538438455e-04 3.385091508715055986e-03
9.580000000000000000e+04 2.965629633234624467e-04 4.652355927302802632e-04 3.576171840263129859e-03
9.590000000000000000e+04 4.946576524681367201e-04 8.192938705711078420e-04 3.532762453341091718e-03
9.600000000000000000e+04 5.762516164200611087e-04 9.069954621289686228e-04 3.410113936328068671e-03
9.610000000000000000e+04 5.202857781814174132e-04 8.977626241226722460e-04 3.538541823773453613e-03
9.620000000000000000e+04 4.768448986766245755e-04 7.861473148145824499e-04 3.288317706573858686e-03
9.630000000000000000e+04 4.966531319380699562e-04 8.664379953789917536e-04 3.232562354741933767e-03
9.640000000000000000e+04 4.858781723520331705e-04 7.691073900683285426e-04 3.555791649953151182e-03
9.650000000000000000e+04 5.668450276568493158e-04 9.738300231248524751e-04 3.707567326413866576e-03
9.660000000000000000e+04 6.218541671073958728e-04 9.373503506789697924e-04 3.928588157220574452e-03
9.670000000000000000e+04 5.633735298578796194e-04 8.627333764937906470e-04 3.746186053519591410e-03
9.680000000000000000e+04 4.725414407696195210e-04 7.651856794509601621e-04 3.583717046822865616e-03
9.690000000000000000e+04 4.391905871729017731e-04 6.735231143524950115e-04 3.351486937953074025e-03
9.700000000000000000e+04 4.476643607935035414e-04 7.011100568633473785e-04 3.262392750940137573e-03
9.710000000000000000e+04 3.938608740740858968e-04 6.156637623685339879e-04 3.300239652447219032e-03
9.720000000000000000e+04 5.593264385395902392e-04 8.666464708934613730e-04 3.498315343759651058e-03
9.730000000000000000e+04 4.122260809912292601e-04 6.698840928810886018e-04 3.448191930811176590e-03
9.740000000000000000e+04 4.253852812464782758e-04 6.637066738950092581e-04 3.435243709041609864e-03
9.750000000000000000e+04 4.550521692029642004e-04 7.321290015496217420e-04 3.445107704968442333e-03
9.760000000000000000e+04 6.187304240156663894e-04 1.024945016985065894e-03 3.548556080675778143e-03
9.770000000000000000e+04 5.096724194167865339e-04 8.635229636282299760e-04 3.488113538205567937e-03
9.780000000000000000e+04 3.585306612910910302e-04 6.250868766912122051e-04 3.451260032419899496e-03
9.790000000000000000e+04 5.195879208904408998e-04 8.115219523592187741e-04 3.529099153450152276e-03
9.800000000000000000e+04 4.238912116209096227e-04 6.896652990446617594e-04 3.515918768417236346e-03
9.810000000000000000e+04 4.669193363284317860e-04 7.131409158315760687e-04 3.594532617668636399e-03
9.820000000000000000e+04 4.773070912080013863e-04 7.901954288910876222e-04 3.793055703440767479e-03
9.830000000000000000e+04 4.163595167459019711e-04 7.521255276180640117e-04 3.548064055582413751e-03
9.840000000000000000e+04 3.710387224176874867e-04 5.919838621371658303e-04 3.597499772985590562e-03
9.850000000000000000e+04 5.514630087907952151e-04 8.949643589859024653e-04 3.649043487981745108e-03
9.860000000000000000e+04 4.945179834484302039e-04 7.647816306167089934e-04 3.610418270587417277e-03
9.870000000000000000e+04 4.601440360913165717e-04 7.512720587618884616e-04 3.864541354291047004e-03
9.880000000000000000e+04 4.862413086046918180e-04 7.637483079700230389e-04 3.797777810201775905e-03
9.890000000000000000e+04 5.159984305292612643e-04 7.765765093237062162e-04 4.031406321071567302e-03
9.900000000000000000e+04 3.412997839949407849e-04 5.276849412950779597e-04 4.105829220105455639e-03
9.910000000000000000e+04 5.401079106736785679e-04 8.428226989775165073e-04 4.317158065751234945e-03
9.920000000000000000e+04 4.476557128940501437e-04 6.870391445136566494e-04 4.211227467199568641e-03
9.930000000000000000e+04 4.480338454311873220e-04 8.342760461256459523e-04 4.348509465353342200e-03
9.940000000000000000e+04 4.024342101741499103e-04 6.226326615229151387e-04 4.216484733024401972e-03
9.950000000000000000e+04 5.061927987086945954e-04 7.962277385507761374e-04 4.373139747129022557e-03
9.960000000000000000e+04 5.066604572337828766e-04 8.401360216854312363e-04 4.536430220187426601e-03
9.970000000000000000e+04 7.726817001359274212e-04 1.225072468641876834e-03 4.276470776924026079e-03
9.980000000000000000e+04 5.753958520124291716e-04 9.994242229967010248e-04 4.380591789623161647e-03
9.990000000000000000e+04 4.774726568933557354e-04 8.123736399214946148e-04 4.322593725408796841e-03
1.000000000000000000e+05 4.752535754549429454e-04 8.893177539038205938e-04 4.145303561602846180e-03
1.001000000000000000e+05 5.209279797147208305e-04 8.389933201695780329e-04 4.399922030370945029e-03
1.002000000000000000e+05 5.547774430500482593e-04 9.177964204039818288e-04 4.498647762822868823e-03
1.003000000000000000e+05 4.132581212901269285e-04 6.672443025975026074e-04 4.212379757916125296e-03
1.004000000000000000e+05 5.390007744599327986e-04 9.287438893806989650e-04 4.248896581209638847e-03
1.005000000000000000e+05 5.671552257789499660e-04 9.552894800952680190e-04 4.241784730848506893e-03
1.006000000000000000e+05 6.707348399283457122e-04 1.045729683549009512e-03 4.338081888179053450e-03
1.007000000000000000e+05 5.881394677061733793e-04 9.072627571141051762e-04 4.396501692316264788e-03
1.008000000000000000e+05 6.063337138762035089e-04 9.443219655540244575e-04 4.317568807726429071e-03
1.009000000000000000e+05 6.390571725659083442e-04 9.587765762529751844e-04 4.495827959310937962e-03
1.010000000000000000e+05 4.023550612005967475e-04 6.068147167551515495e-04 4.467148885984737611e-03
1.011000000000000000e+05 5.237438327485672770e-04 8.251139133544768342e-04 4.403547119852565216e-03
1.012000000000000000e+05 3.347762349803964227e-04 5.417155702286818864e-04 4.450697503546645339e-03
1.013000000000000000e+05 4.320603657134020059e-04 7.317978658123499430e-04 4.717058441258342900e-03
1.014000000000000000e+05 4.077916056029265435e-04 6.341274353290548768e-04 4.551757631552465731e-03
1.015000000000000000e+05 5.462029926202992963e-04 8.737503968759951362e-04 4.407532210068266197e-03
1.016000000000000000e+05 4.823510727366476548e-04 7.621552335301796065e-04 4.068574712733172109e-03
1.017000000000000000e+05 4.088672156525442573e-04 6.727053693037043751e-04 4.178736022022446969e-03
1.018000000000000000e+05 2.913107208342893134e-04 4.833886402627139006e-04 4.533940262895147684e-03
1.019000000000000000e+05 1.273984289162253744e-04 2.843360268051913636e-04 4.499718749137228586e-03
1.020000000000000000e+05 4.542886371570230633e-04 7.196681795710157398e-04 4.652924276180458833e-03
1.021000000000000000e+05 4.298178669920431350e-04 6.834398610689445402e-04 4.574196760097363514e-03
1.022000000000000000e+05 4.133513364902481613e-04 6.240498858885437303e-04 4.562636768980634500e-03
1.023000000000000000e+05 4.178145508834480923e-04 6.765689218147172279e-04 4.488853655963224824e-03
1.024000000000000000e+05 4.932932700692704495e-04 7.794709340545749945e-04 4.559867048927219481e-03
1.025000000000000000e+05 3.596177590590625764e-04 5.562403984142975932e-04 4.637166239921005663e-03
1.026000000000000000e+05 5.882528027831256112e-04 8.867927048473297699e-04 4.526892586347227958e-03
1.027000000000000000e+05 3.962809382957203572e-04 7.261372962470147296e-04 4.426352985721628171e-03
1.028000000000000000e+05 5.413451220229554758e-04 8.445126626856680127e-04 4.570947950693492363e-03
1.029000000000000000e+05 5.072627235916272320e-04 9.254406588930352145e-04 4.702908422487582681e-03
1.030000000000000000e+05 4.777817163110851389e-04 7.414680810313078671e-04 4.432094351004639554e-03
1.031000000000000000e+05 4.574661734783385877e-04 6.902617928743817743e-04 4.377669257203909044e-03
1.032000000000000000e+05 3.256308584063455011e-04 5.659243312211093349e-04 4.470918281779686330e-03
1.033000000000000000e+05 5.537199852333057892e-04 8.913177659957459767e-04 4.507987537684985703e-03
1.034000000000000000e+05 4.042356831154133787e-04 7.086528822401877425e-04 4.395659837534452059e-03
1.035000000000000000e+05 2.999050006285280956e-04 6.185140603950133389e-04 4.548083147665291960e-03
1.036000000000000000e+05 4.006208745412900493e-04 6.361806808682151856e-04 4.525700126475586636e-03
1.037000000000000000e+05 3.106977901241956413e-04 4.846382069737999870e-04 4.307748658950460302e-03
1.038000000000000000e+05 3.495588491477016196e-04 5.668464745267349364e-04 4.454602051962286251e-03
1.039000000000000000e+05 2.618703505783493216e-04 4.846355868561164071e-04 4.366366888843242929e-03
1.040000000000000000e+05 2.703415215932225037e-04 5.056209927236927741e-04 4.164009370386069671e-03
1.041000000000000000e+05 3.531665388624609728e-04 5.358695789411298607e-04 4.284831405428272781e-03
1.042000000000000000e+05 3.027790122076658499e-04 5.246465629160524530e-04 4.408274369013964571e-03
1.043000000000000000e+05 2.926635349084598381e-04 5.124376347852991134e-04 4.301364982101034407e-03
1.044000000000000000e+05 2.642166742903651402e-04 4.137668274171195024e-04 4.459919102929209116e-03
1.045000000000000000e+05 2.922106535141475239e-04 5.646695701839151219e-04 4.541878324263218768e-03
1.046000000000000000e+05 1.446337810738808349e-04 2.498315518546997960e-04 4.467897446057432498e-03
1.047000000000000000e+05 3.564980511183242148e-04 6.619260306691418863e-04 4.477093711443633738e-03
1.048000000000000000e+05 3.774702089067204572e-04 5.725813761249609959e-04 4.391505166386611494e-03
1.049000000000000000e+05 3.062138201358451453e-04 6.231359337042037191e-04 4.516796291785645130e-03
1.050000000000000000e+05 3.351028303976268455e-04 5.313674298314946531e-04 4.549614635432466629e-03
1.051000000000000000e+05 3.915715511596893489e-04 6.127877545139756577e-04 4.799933168016861859e-03
1.052000000000000000e+05 3.154410860576068593e-04 5.162623219711077321e-04 4.625150568904139690e-03
1.053000000000000000e+05 1.893439298828935788e-04 3.978916079544368364e-04 4.615215409545617674e-03
1.054000000000000000e+05 3.584608521985631346e-04 5.395869987965011202e-04 4.611503077316724507e-03
1.055000000000000000e+05 3.209128260246597170e-04 5.258158146550810305e-04 4.479551541829856175e-03
1.056000000000000000e+05 3.985028243529862776e-04 6.854635206380984766e-04 4.479526250236504428e-03
1.057000000000000000e+05 1.379639346034298650e-04 3.222225458032702480e-04 4.566876619361263760e-03
1.058000000000000000e+05 1.671284708003586625e-04 3.992890823419107879e-04 4.640974637593661863e-03
1.059000000000000000e+05 2.416658368751666702e-04 4.481501041735296356e-04 4.638680930500527384e-03
1.060000000000000000e+05 9.037230431763795119e-05 2.042485439822556981e-04 4.739262365784498339e-03
1.061000000000000000e+05 1.677371121244384741e-04 3.996706884811717861e-04 4.710981436016610339e-03
1.062000000000000000e+05 1.640683860621343707e-04 2.840253239214550127e-04 4.573445694093527213e-03
1.063000000000000000e+05 1.331372035296698661e-04 3.653603129524039123e-04 4.516572869867264105e-03
1.064000000000000000e+05 3.137083010006109368e-04 6.749072956563073600e-04 4.414729887575214763e-03
1.065000000000000000e+05 7.337978125014459063e-05 1.760746052189279473e-04 4.545200220712319189e-03
1.066000000000000000e+05 1.462574060771375251e-04 3.087304357280041406e-04 4.687211298244167365e-03
1.067000000000000000e+05 9.112418331424197715e-05 2.576163182317582276e-04 4.750514595306980746e-03
1.068000000000000000e+05 1.013682108453196201e-04 2.592557565518575219e-04 4.761153549375909087e-03
1.069000000000000000e+05 2.197530087159659321e-04 4.444055309765024969e-04 4.739233434252088963e-03
1.070000000000000000e+05 9.010642018718491297e-05 2.258906355740329316e-04 4.694945335178013664e-03
1.071000000000000000e+05 1.535491799790258266e-04 3.009230563229903579e-04 4.717789896805741658e-03
1.072000000000000000e+05 1.942426423558281032e-04 4.297150465220308038e-04 4.827653127516365848e-03
1.073000000000000000e+05 1.527457795309919777e-04 3.228246576461400036e-04 4.912895691496609561e-03
1.074000000000000000e+05 1.864434852645495758e-04 4.332476375026187224e-04 5.129308556657066753e-03
1.075000000000000000e+05 1.436584429430065590e-04 3.167964526799215905e-04 5.001039923395775300e-03
1.076000000000000000e+05 9.811421223743146264e-05 2.641887089572707639e-04 4.907275797766483955e-03
1.077000000000000000e+05 6.660318260607537427e-05 1.520736607817001554e-04 4.724012344996997639e-03
1.078000000000000000e+05 1.484889709835405386e-04 3.073472171626380478e-04 4.854914543375774168e-03
1.079000000000000000e+05 1.434720573561913681e-04 2.832813315892428532e-04 4.905042825773060257e-03
1.080000000000000000e+05 2.609515703379762172e-04 5.989659437451808760e-04 4.963054416649417822e-03
1.081000000000000000e+05 4.544693244492355871e-05 1.304116178189014888e-04 4.695543634129104200e-03
1.082000000000000000e+05 1.570240587572451288e-04 3.470636150415392848e-04 4.696766345164852217e-03
1.083000000000000000e+05 7.728666454499127925e-05 1.934867659012691476e-04 4.691587615106427266e-03
1.084000000000000000e+05 1.484127465189791217e-04 2.622679569127652280e-04 4.651213774507025750e-03
1.085000000000000000e+05 4.445994519061951394e-05 1.264589028616008859e-04 4.763672946758592576e-03
1.086000000000000000e+05 9.664723151460528211e-05 2.857030279804842476e-04 4.825968315665844950e-03
1.087000000000000000e+05 1.785543048918479189e-04 4.077366803922743282e-04 4.782361727743620304e-03
1.088000000000000000e+05 8.485763594722091352e-05 2.202892848910389598e-04 4.918637589105510043e-03
1.089000000000000000e+05 5.266404997934792664e-05 1.528619081489603418e-04 4.907780534708069096e-03
1.090000000000000000e+05 1.308181082255062411e-04 2.165536107148618994e-04 4.952178272994315310e-03
1.091000000000000000e+05 2.740095438432650979e-04 4.549757929455623337e-04 5.161182848905627486e-03
1.092000000000000000e+05 7.508158817478693264e-05 1.394166373697184810e-04 5.071237991575011476e-03
1.093000000000000000e+05 1.791483261400052610e-04 4.838009165995587821e-04 5.138853793244700478e-03
1.094000000000000000e+05 1.035228577664802294e-04 2.440872914603970864e-04 5.093271704157333046e-03
1.095000000000000000e+05 1.187188794591629085e-04 3.263981421586280643e-04 4.980402530059378427e-03
1.096000000000000000e+05 1.337229517415034971e-04 3.929983155052541727e-04 4.890699665755880200e-03
1.097000000000000000e+05 2.459018509052375220e-04 3.792488660469706813e-04 4.756897039182823167e-03
1.098000000000000000e+05 7.303263471495659298e-06 1.276320077171072542e-05 4.806853064878190314e-03
1.099000000000000000e+05 2.595728530343354573e-04 5.135176243399510593e-04 4.747475257393171146e-03
1.100000000000000000e+05 1.515643901564755688e-04 3.288826293155423450e-04 4.790776875514514248e-03
1.101000000000000000e+05 1.720473598805305829e-04 3.250471037147453085e-04 4.826057200872809622e-03
1.102000000000000000e+05 1.301555449947167445e-04 2.843598510909916069e-04 4.806734994585234490e-03
1.103000000000000000e+05 7.717707559083686331e-05 1.359011521472738501e-04 4.706501172989691235e-03
1.104000000000000000e+05 1.341351411964803592e-04 3.528616993075323408e-04 4.656440142277149669e-03
1.105000000000000000e+05 2.910696094831494163e-05 6.553072221593750357e-05 4.540756298562840208e-03
1.106000000000000000e+05 1.784694964022809360e-04 2.732592516287886408e-04 4.453011440784886664e-03
1.107000000000000000e+05 8.643924177785620305e-05 1.462932813716278507e-04 4.615249910763812545e-03
1.108000000000000000e+05 2.109418516644621239e-04 3.753181409617964079e-04 4.534325113678135989e-03
1.109000000000000000e+05 5.734230834726888187e-05 1.640004119636013363e-04 4.491140507366380048e-03
1.110000000000000000e+05 7.328060429612117538e-05 1.532993452807648871e-04 4.504301050887967069e-03
1.111000000000000000e+05 1.691077572452638275e-04 3.399638273786599260e-04 4.615120963358364768e-03
1.112000000000000000e+05 2.683813291336272985e-04 4.700196698030250156e-04 4.698062959952069469e-03
1.113000000000000000e+05 1.344348812515067798e-05 2.710075864544025936e-05 4.664707163765027288e-03
1.114000000000000000e+05 8.960101334324049177e-05 1.850269690378573625e-04 4.615581964261472429e-03
1.115000000000000000e+05 1.347508742071878637e-04 3.502780232663028209e-04 4.623630414604350085e-03
1.116000000000000000e+05 8.388090948032236871e-05 2.477474148528616832e-04 4.673947658268784444e-03
1.117000000000000000e+05 2.024673230139675817e-04 3.123918539930069238e-04 4.798709815037708291e-03
1.118000000000000000e+05 1.101215446311252719e-04 3.147795806049446046e-04 4.630873864187809615e-03
1.119000000000000000e+05 1.252614716258960981e-04 2.518342233363878371e-04 4.487788734260833058e-03
1.120000000000000000e+05 1.835085811784402041e-04 3.813153010968255499e-04 4.591725030408892912e-03
1.121000000000000000e+05 2.100376660031993623e-04 3.469830056971219545e-04 4.651744555449360309e-03
1.122000000000000000e+05 1.405493358777043511e-04 2.966344495866548442e-04 4.810817170780510611e-03
1.123000000000000000e+05 1.203142467745155902e-04 2.055433534382047900e-04 4.999959370058556715e-03
1.124000000000000000e+05 1.829413666603260658e-04 2.975419540314702682e-04 4.892248200551130473e-03
1.125000000000000000e+05 1.210205118731908641e-04 2.947136042191038363e-04 4.844754992987353528e-03
1.126000000000000000e+05 1.100747329025849111e-04 3.244352900771364442e-04 4.611700929729862369e-03
1.127000000000000000e+05 3.389659436493774880e-05 9.165744276942548729e-05 4.921451580243262590e-03
1.128000000000000000e+05 2.217658445981870313e-05 4.907732737203119450e-05 4.833748876891352624e-03
1.129000000000000000e+05 1.102715419358307400e-04 2.092040282879424618e-04 4.824811143977723003e-03
1.130000000000000000e+05 1.535823140931683387e-04 3.588510542657363106e-04 5.035179798105221538e-03
1.131000000000000000e+05 6.447652630076506491e-05 1.907288773367607840e-04 4.913816062785310475e-03
1.132000000000000000e+05 2.417304394577079671e-04 4.413767153843535865e-04 4.584981222358799902e-03
1.133000000000000000e+05 1.120004695803582251e-04 2.551878692820079564e-04 4.586770830987536157e-03
1.134000000000000000e+05 2.708502952766056807e-04 4.775872737148474656e-04 4.798951681170387541e-03
1.135000000000000000e+05 3.898983231095595747e-05 9.558613614083985577e-05 4.675106329944308907e-03
1.136000000000000000e+05 8.517515980406824977e-05 1.855427624831698305e-04 4.523439144221349899e-03
1.137000000000000000e+05 2.141328249663319166e-04 4.032554634679080818e-04 4.643792525713045898e-03
1.138000000000000000e+05 1.688198261477593179e-04 3.692834461403613974e-04 4.609274212816886519e-03
1.139000000000000000e+05 1.675328475994582525e-04 4.095269696320286493e-04 4.800707812448738905e-03
1.140000000000000000e+05 1.055482779756776457e-04 2.312003304922221128e-04 4.826622609226547712e-03
1.141000000000000000e+05 1.527302266047612239e-04 2.749633738739348798e-04 4.628966771649085758e-03
1.142000000000000000e+05 1.733802661976462794e-04 3.367427799055335014e-04 4.540064983276643172e-03
1.143000000000000000e+05 1.211485163337732221e-04 3.623168220131004966e-04 4.720724892311358410e-03
1.144000000000000000e+05 1.354787375569361726e-04 2.392503917883481712e-04 4.743407354695996364e-03
1.145000000000000000e+05 1.973895179085641965e-04 3.836366233330897046e-04 4.649492838153569847e-03
1.146000000000000000e+05 1.694285618407658650e-04 4.484250745721745160e-04 4.503313372366477170e-03
1.147000000000000000e+05 1.112183805893392913e-04 2.772774594814678834e-04 4.493111678162643383e-03
1.148000000000000000e+05 1.741830863916287234e-04 4.263053146564624307e-04 4.572989431413594479e-03
1.149000000000000000e+05 7.736536595403381567e-05 2.143365425568534779e-04 4.696849235115174194e-03
1.150000000000000000e+05 1.596972875296020014e-04 4.184123386418931237e-04 4.698922776487077235e-03
1.151000000000000000e+05 1.437833944973277919e-04 3.338354232783344658e-04 4.800865298811362453e-03
1.152000000000000000e+05 1.209006558604954276e-04 3.481416246419758928e-04 4.676191343466654105e-03
1.153000000000000000e+05 1.709563867768994563e-04 2.607458706655272490e-04 4.547853236892618507e-03
1.154000000000000000e+05 2.072975044781323953e-04 4.290483238432530114e-04 4.692537978664839370e-03
1.155000000000000000e+05 1.887385454770107093e-04 4.175601731962732752e-04 4.816731541276343502e-03
1.156000000000000000e+05 9.107131134918153986e-05 1.536726128467886046e-04 4.899564587247381281e-03
1.157000000000000000e+05 2.891677846067561980e-04 6.837542329791567591e-04 5.045913394081389010e-03
1.158000000000000000e+05 3.470938881438758589e-04 7.721441307892099731e-04 4.849245566629880461e-03
1.159000000000000000e+05 1.381831343948199814e-04 3.322656836606454472e-04 4.875730259429788410e-03
1.160000000000000000e+05 2.522865166811614004e-04 6.390357379274080180e-04 4.943751923200244251e-03
1.161000000000000000e+05 1.842160249922357787e-04 4.579491717288152255e-04 5.025964256624272999e-03
1.162000000000000000e+05 2.198822851294671490e-04 5.864148017448089431e-04 5.151271844060815834e-03
1.163000000000000000e+05 1.664642984216604948e-04 2.769501797302512808e-04 4.829561778725312976e-03
1.164000000000000000e+05 2.010630006426391767e-04 4.541181493065097469e-04 4.824322244638332841e-03
1.165000000000000000e+05 2.213863270912243969e-04 4.511359611739070366e-04 4.749098677972730248e-03
1.166000000000000000e+05 8.649216993303083384e-05 2.550908574652371863e-04 4.612629098854808922e-03
1.167000000000000000e+05 1.977586349472502947e-04 4.199258857177541604e-04 4.692761587547431869e-03
1.168000000000000000e+05 1.569602528920174822e-04 3.533752638295705600e-04 4.709696948508089107e-03
1.169000000000000000e+05 1.660058320390143949e-04 4.070076429333706336e-04 4.421647455415251421e-03
1.170000000000000000e+05 1.953258970641587322e-04 3.149993480713779784e-04 4.116074919126168352e-03
1.171000000000000000e+05 3.425059649143965407e-04 6.431523294306846876e-04 3.719046308502020528e-03
1.172000000000000000e+05 2.273180167721320852e-04 4.322169412779830987e-04 3.297274775509556523e-03
1.173000000000000000e+05 3.359853794519321313e-04 5.116324186186294899e-04 3.284786881988047743e-03
1.174000000000000000e+05 3.578450336638983563e-04 6.195719271903927898e-04 3.186828665508940981e-03
1.175000000000000000e+05 7.288855636755765637e-04 1.353627390731030038e-03 3.624110299441690025e-03
1.176000000000000000e+05 1.750638148571336331e-03 3.467577739944033462e-03 4.271759108045755475e-03
1.177000000000000000e+05 4.497997119521830473e-04 1.320954838963047089e-03 1.626721106394161736e-03
1.178000000000000000e+05 4.346039207989539979e-04 9.565250201809503972e-04 2.177723334697129285e-03
1.179000000000000000e+05 6.955676157662979940e-05 1.543126194592887510e-04 1.325636821945380293e-03
1.180000000000000000e+05 1.029812586611502604e-04 1.688185771026471868e-04 1.355771274428746410e-03
1.181000000000000000e+05 8.812089260412875671e-05 1.739585117975282844e-04 1.219908133433498425e-03
1.182000000000000000e+05 9.501968264773977442e-05 2.267072514358658714e-04 1.186886948227387295e-03
1.183000000000000000e+05 5.752927064797577587e-05 8.862283504135594694e-05 1.043578545238618011e-03
1.184000000000000000e+05 7.491559929596804546e-05 1.478191678813981164e-04 1.019676248016448484e-03
1.185000000000000000e+05 6.579936844892486474e-05 1.205274310934509145e-04 1.043198620031507429e-03
1.186000000000000000e+05 7.134493764372057401e-06 1.570485486499721521e-05 1.020025650907460018e-03
1.187000000000000000e+05 5.816839453694059615e-05 1.051636618201665097e-04 1.004948881779019892e-03
1.188000000000000000e+05 6.260878240049055389e-05 9.994681664043177267e-05 9.806317009807840896e-04
1.189000000000000000e+05 4.494660424290476165e-05 8.801353694778708131e-05 9.823018570289004155e-04
1.190000000000000000e+05 5.288210978437654902e-05 1.022222240307947951e-04 9.975388105413255345e-04
1.191000000000000000e+05 6.037113206028624484e-05 1.243125777161462010e-04 1.029791560259686253e-03
1.192000000000000000e+05 1.345360939052988886e-04 2.661378738031828627e-04 1.073329745178903645e-03
1.193000000000000000e+05 3.939207533001237455e-05 1.054349141275877063e-04 9.845675594445794151e-04
1.194000000000000000e+05 4.283964200450828593e-05 8.924173645987463262e-05 8.411605205581573199e-04
1.195000000000000000e+05 2.286721022791589602e-05 5.028921253499439754e-05 7.939309004601470760e-04
1.196000000000000000e+05 4.332716025607849519e-05 8.696237686708246147e-05 7.809015404703204856e-04
1.197000000000000000e+05 7.060750652606684157e-05 1.336905345963502632e-04 7.353659611144874528e-04
1.198000000000000000e+05 1.111938874625737969e-05 2.457971550426461121e-05 6.569312361119268064e-04
1.199000000000000000e+05 1.429402561535146696e-04 2.764288274971739767e-04 7.231257460741782666e-04
