9.000000000000000000e+04 3.944219569394686621e-05 6.716265704986753562e-05 3.944219569394686621e-05
9.010000000000000000e+04 1.588786775744358692e+03 6.037389702048341132e+04 1.588786814081144712e+03
9.020000000000000000e+04 1.380908052744861728e-05 3.868420344409887238e-05 4.892604122621134054e-05
9.030000000000000000e+04 9.641024018146735950e-06 3.928131026736065093e-05 4.042075798133104429e-05
9.040000000000000000e+04 1.065399191379620480e-05 3.248354695664132212e-05 5.180446924014381213e-05
9.050000000000000000e+04 1.032416646833927406e-05 3.711575897957752993e-05 5.251823439335578632e-05
9.060000000000000000e+04 1.266567211285527477e-05 3.532256055874116724e-05 5.101839677205331465e-05
9.070000000000000000e+04 9.728369253638989860e-06 2.895486722311789657e-05 4.286558344980611831e-05
9.080000000000000000e+04 9.120341084624690301e-06 2.698220253406037806e-05 4.370126600253796295e-05
9.090000000000000000e+04 1.068621057520568183e-05 3.129751629239479782e-05 4.541183690868734007e-05
9.100000000000000000e+04 1.094341750909084428e-05 3.095149339611328156e-05 4.762315771830158878e-05
9.110000000000000000e+04 8.131475638315457011e-06 2.724945931177549259e-05 4.781724625909923961e-05
9.120000000000000000e+04 1.009374012704814281e-05 3.006156837941382901e-05 4.900854083339896216e-05
9.130000000000000000e+04 1.033367605875024591e-05 3.187947261443369723e-05 4.951793609033689137e-05
9.140000000000000000e+04 1.187609612256938297e-05 3.230402494200541196e-05 4.990588921221983176e-05
9.150000000000000000e+04 1.352488529860445258e-05 3.222353882906144718e-05 5.142309543789284399e-05
9.160000000000000000e+04 1.101708255602300518e-05 3.348156003193404878e-05 5.167274670694908323e-05
9.170000000000000000e+04 1.137966323489371623e-05 3.649604266873301918e-05 5.196008928245350464e-05
9.180000000000000000e+04 1.251614082117376634e-05 3.597448603610099238e-05 5.361733552484067728e-05
9.190000000000000000e+04 1.007427476994677754e-05 3.417690026031911817e-05 5.525696797522108329e-05
9.200000000000000000e+04 1.169069709801452407e-05 3.815510470254842619e-05 6.016689530564237379e-05
9.210000000000000000e+04 1.286363666863805932e-05 4.228581872729883994e-05 6.391240241193081150e-05
9.220000000000000000e+04 1.349181451489353089e-05 4.128038483778853293e-05 6.814446417051248182e-05
9.230000000000000000e+04 1.958315477845536410e-05 4.960475917892325973e-05 7.104106282395358568e-05
9.240000000000000000e+04 1.441616613203149745e-05 3.964999991900437331e-05 6.905340562804636057e-05
9.250000000000000000e+04 1.444808533262541392e-05 4.095673921149112369e-05 6.813304662318243985e-05
9.260000000000000000e+04 1.107244144320924229e-05 4.382423085856347974e-05 6.567364074663536219e-05
9.270000000000000000e+04 1.240412459004313516e-05 3.928940972707856198e-05 6.519074473993568652e-05
9.280000000000000000e+04 1.254565972347889942e-05 4.106588542218702655e-05 6.540264011993873945e-05
9.290000000000000000e+04 1.194552010867304382e-05 3.578372693111928223e-05 6.466719912357938335e-05
9.300000000000000000e+04 1.074055523108691918e-05 3.196667444939608365e-05 6.450431181711544046e-05
9.310000000000000000e+04 1.212623253372095570e-05 4.575726975664881093e-05 6.559343425478562082e-05
9.320000000000000000e+04 1.145731417604068823e-05 6.789676942266023043e-05 6.459393869983956200e-05
9.330000000000000000e+04 1.150853959516322808e-05 3.598466684026234343e-05 6.412196644076445713e-05
9.340000000000000000e+04 1.254994363807863093e-05 4.147097197811454560e-05 6.513048652025253302e-05
9.350000000000000000e+04 1.227078629407718074e-05 3.482672312375098442e-05 6.504106550680312335e-05
9.360000000000000000e+04 1.279355213614602574e-05 3.659971020489475793e-05 6.406283399113264819e-05
9.370000000000000000e+04 1.104575594280037481e-05 3.712938732677702544e-05 6.601111177968083685e-05
9.380000000000000000e+04 1.097868463258337506e-05 3.614448605150123728e-05 6.763023872613274884e-05
9.390000000000000000e+04 1.177627385110345949e-05 3.614605001042989544e-05 6.684880397058360995e-05
9.400000000000000000e+04 1.261222637959256922e-05 4.040639218872734122e-05 6.652610020944271969e-05
9.410000000000000000e+04 1.384125598914212054e-05 4.776005394793816125e-05 6.856643394896064843e-05
9.420000000000000000e+04 1.367017721615198009e-05 5.157548854438337411e-05 6.997714426032175777e-05
9.430000000000000000e+04 1.382534010801205647e-05 3.794134148963477544e-05 6.741180163973280745e-05
9.440000000000000000e+04 1.325123554715758344e-05 3.873742395394853149e-05 6.645100156452588436e-05
9.450000000000000000e+04 1.090486902984358613e-05 3.675161313823804485e-05 6.732603315475532073e-05
9.460000000000000000e+04 1.396680493475995388e-05 4.447974487417981186e-05 6.709116095519605566e-05
9.470000000000000000e+04 1.399353899939977970e-05 4.773718428802643576e-05 6.753202072348533610e-05
9.480000000000000000e+04 1.380628059708017430e-05 4.008679954418299267e-05 6.747023220351950387e-05
9.490000000000000000e+04 1.210866956018554120e-05 3.909234876303694170e-05 6.725094862070310248e-05
9.500000000000000000e+04 1.392651588174840009e-05 4.282387360329570781e-05 6.760464317087332945e-05
9.510000000000000000e+04 1.300252282722094466e-05 4.274097945549940649e-05 6.858116489651508885e-05
9.520000000000000000e+04 1.327303136587146135e-05 4.560503379244879382e-05 6.857889099587230377e-05
9.530000000000000000e+04 1.287133523134403971e-05 3.547653076269515095e-05 6.826660784735174377e-05
9.540000000000000000e+04 1.214379621706779125e-05 3.493619265225325968e-05 6.854265729881138991e-05
9.550000000000000000e+04 1.168032156621454359e-05 3.245301816477234858e-05 6.997299700077141071e-05
9.560000000000000000e+04 1.353642993383553591e-05 3.674049407811345489e-05 6.821508067717790683e-05
9.570000000000000000e+04 1.556710587328139622e-05 3.934051836073194171e-05 6.890540898729034238e-05
9.580000000000000000e+04 1.220617773477831574e-05 3.565045743944131237e-05 6.835086021732087196e-05
9.590000000000000000e+04 1.159664459786306469e-05 3.161999387451617773e-05 6.785895447839797052e-05
9.600000000000000000e+04 1.269603080142040310e-05 3.849736575664677906e-05 6.726154484344304548e-05
9.610000000000000000e+04 1.168862902098881357e-05 3.531373825362579230e-05 6.757778096920324072e-05
9.620000000000000000e+04 1.351196045520222042e-05 4.106498745685547880e-05 6.723420759849731230e-05
9.630000000000000000e+04 1.269397708349852369e-05 3.821065276835025290e-05 6.680205835996201992e-05
9.640000000000000000e+04 1.423991066522319981e-05 4.015385919549167013e-05 7.001241516601222528e-05
9.650000000000000000e+04 1.266524364005928744e-05 3.246744583634746735e-05 7.407637385182485039e-05
9.660000000000000000e+04 1.631974412753072319e-05 4.045726221100875406e-05 7.605600823630503493e-05
9.670000000000000000e+04 1.501870682899597912e-05 3.856864931475405104e-05 7.469289593407483629e-05
9.680000000000000000e+04 1.496782010712443026e-05 3.826858281251921314e-05 7.021796159668686167e-05
9.690000000000000000e+04 1.318756332544412013e-05 6.130255982665521093e-05 7.180623719654331426e-05
9.700000000000000000e+04 1.355152006620856273e-05 5.956170621035603718e-05 7.088923709669598706e-05
9.710000000000000000e+04 1.349656491131831325e-05 4.534920739605460355e-05 6.997895785179905701e-05
9.720000000000000000e+04 1.381621936524185735e-05 3.780878101679775190e-05 7.167259717546606052e-05
9.730000000000000000e+04 1.403304211347424689e-05 5.533065937861095061e-05 7.132901670797936813e-05
9.740000000000000000e+04 1.354280097457253635e-05 3.726289530353473601e-05 7.077792756996921487e-05
9.750000000000000000e+04 1.302788201430013385e-05 4.021452115473849625e-05 7.272042029236047982e-05
9.760000000000000000e+04 1.467133942829188577e-05 4.101665329623303721e-05 7.250282040292318618e-05
9.770000000000000000e+04 1.340696419759737439e-05 4.810846602230549687e-05 7.196239271208848835e-05
9.780000000000000000e+04 1.480906825985073402e-05 4.208198295445047946e-05 7.055929877647748973e-05
9.790000000000000000e+04 1.219836477559543852e-05 3.606143924704587338e-05 7.047113415515906490e-05
9.800000000000000000e+04 1.240876899777136556e-05 4.001389794185673224e-05 7.078440510579770816e-05
9.810000000000000000e+04 1.449437008828682611e-05 4.349442987455493913e-05 7.235585430577971767e-05
9.820000000000000000e+04 1.477935098031504454e-05 5.746480983337881382e-05 7.730826079863839441e-05
9.830000000000000000e+04 1.512859676600372081e-05 4.270730214161255414e-05 7.376186365913634153e-05
9.840000000000000000e+04 1.481729016433355045e-05 4.241508278436350427e-05 7.435179819387357971e-05
9.850000000000000000e+04 1.378986503834544493e-05 4.742996102582618182e-05 7.352882001077665230e-05
9.860000000000000000e+04 1.400945643956769539e-05 4.510907235370983372e-05 7.498682374422741459e-05
9.870000000000000000e+04 1.592825472595769400e-05 5.479504967633407053e-05 8.075685942350516449e-05
9.880000000000000000e+04 1.583807606540162398e-05 4.785686432461063258e-05 7.767881274059916985e-05
9.890000000000000000e+04 1.864685260368356093e-05 6.405396718318195068e-05 8.647858545237350515e-05
9.900000000000000000e+04 2.510599184933134259e-05 8.964174712412988782e-05 9.649949627670646908e-05
9.910000000000000000e+04 2.565016310032777215e-05 7.549574222827556676e-05 9.921743536474341091e-05
9.920000000000000000e+04 2.491530056120777289e-05 7.640343917404780250e-05 9.644241071223102568e-05
9.930000000000000000e+04 2.747239882698742394e-05 1.256805052826829119e-04 1.156519416687089595e-04
9.940000000000000000e+04 3.043654797703170250e-05 1.104026510647353318e-04 1.009184623408068324e-04
9.950000000000000000e+04 3.056052487551331087e-05 8.431305478315894320e-05 1.039475651086183602e-04
9.960000000000000000e+04 3.308509814180825087e-05 8.249058671687871261e-05 1.172649587769738913e-04
9.970000000000000000e+04 2.821396088100575333e-05 7.700109578271342931e-05 9.902319695412553852e-05
9.980000000000000000e+04 3.179729513674027692e-05 8.696522970904382432e-05 1.078167046968744072e-04
9.990000000000000000e+04 3.360853417552252123e-05 7.323384496705450427e-05 1.072770722250105416e-04
1.000000000000000000e+05 2.569045959413131350e-05 7.360576650961128719e-05 9.400573350084451404e-05
1.001000000000000000e+05 2.520007949602205894e-05 9.448901614121581497e-05 9.758027824800698941e-05
1.002000000000000000e+05 2.588237776598957193e-05 1.059524447193466667e-04 9.785580846112391083e-05
1.003000000000000000e+05 2.953246051094568926e-05 1.122901185780483243e-04 9.866888217483049781e-05
1.004000000000000000e+05 3.555683961880347528e-05 1.206831263468438451e-04 1.047656491164257892e-04
1.005000000000000000e+05 2.683236256530629939e-05 1.149026808748041342e-04 9.943922789315396793e-05
1.006000000000000000e+05 3.083386519826610711e-05 1.203119540434263799e-04 1.038957398780260136e-04
1.007000000000000000e+05 3.023358424194210435e-05 1.095963299495435569e-04 1.025487981439114307e-04
1.008000000000000000e+05 2.247878620058251192e-05 8.106961247132772944e-05 9.872243731820619188e-05
1.009000000000000000e+05 2.652259317538801424e-05 9.945556458825132926e-05 1.059652190381282853e-04
1.010000000000000000e+05 2.813746567820883573e-05 9.389210638465344822e-05 1.114058405575707802e-04
1.011000000000000000e+05 2.939891299058312434e-05 1.021051381000150109e-04 1.036430494364360750e-04
1.012000000000000000e+05 3.936908648610828218e-05 1.429338812873192526e-04 1.225261756918865209e-04
1.013000000000000000e+05 3.665507195342243498e-05 1.313503182298262739e-04 1.257755193202522552e-04
1.014000000000000000e+05 3.200587246874774981e-05 1.220781936079992809e-04 1.121929262549470905e-04
1.015000000000000000e+05 3.039980828447227663e-05 1.092598549682156689e-04 1.125291563135585524e-04
1.016000000000000000e+05 2.289710606315635316e-05 8.468853695363833119e-05 8.818098304804815573e-05
1.017000000000000000e+05 2.715543591702465186e-05 9.651636406612670133e-05 9.944780737327508634e-05
1.018000000000000000e+05 3.738819764806149343e-05 1.532269646250964204e-04 1.192836941295196399e-04
1.019000000000000000e+05 6.416117946169222225e-05 2.645843573145286592e-04 1.407192511268469165e-04
1.020000000000000000e+05 5.528575304415898179e-05 2.556099038804331863e-04 1.421137040517583534e-04
1.021000000000000000e+05 6.193846862905224627e-05 2.711844114191098781e-04 1.410733736712729836e-04
1.022000000000000000e+05 7.262374295273836512e-05 2.962869880384044990e-04 1.518484071319451550e-04
1.023000000000000000e+05 9.094028618528564073e-05 3.082601675791932314e-04 1.653329244586182131e-04
1.024000000000000000e+05 6.082750287967326574e-05 1.976559609403983296e-04 1.446992459541739432e-04
1.025000000000000000e+05 5.570431877509211870e-05 2.003361109404239084e-04 1.391402819072984213e-04
1.026000000000000000e+05 7.016951821564995564e-05 2.645875979172213153e-04 1.519575887331208299e-04
1.027000000000000000e+05 5.232092696766862667e-05 1.751665115467243420e-04 1.219864431212880021e-04
1.028000000000000000e+05 5.245738421804925196e-05 1.758797586856500176e-04 1.306266132081635876e-04
1.029000000000000000e+05 4.814846161809369898e-05 1.832717492338053014e-04 1.329464370738375691e-04
1.030000000000000000e+05 4.417074325107217135e-05 1.719694360639762755e-04 1.221334098752679400e-04
1.031000000000000000e+05 7.935331241978077119e-05 2.428125359246589181e-04 1.598685409324358559e-04
1.032000000000000000e+05 7.697420686343496316e-05 3.018207865488911840e-04 1.623722911230693192e-04
1.033000000000000000e+05 7.773249830264237440e-05 2.998893690010720091e-04 1.739268226181308686e-04
1.034000000000000000e+05 6.730576476505067821e-05 2.916989498416229011e-04 1.560231501512961887e-04
1.035000000000000000e+05 8.621431725260393284e-05 3.181635458485449082e-04 1.902282936784227487e-04
1.036000000000000000e+05 8.736480396756259384e-05 3.075546105034936009e-04 1.939622992183448144e-04
1.037000000000000000e+05 1.012684225530737826e-04 3.627056425088888165e-04 2.012837032274073130e-04
1.038000000000000000e+05 8.342585870734924068e-05 2.829664408429247201e-04 1.862561759495534705e-04
1.039000000000000000e+05 6.581673487090685130e-05 2.151996710152761778e-04 1.661640415400523259e-04
1.040000000000000000e+05 8.185437549735767376e-05 2.411974283670263004e-04 1.689925505643137549e-04
1.041000000000000000e+05 9.101937221894421505e-05 2.253172361852903444e-04 1.838129849957183390e-04
1.042000000000000000e+05 8.342835759031623250e-05 2.513495825664120980e-04 1.803572766759302078e-04
1.043000000000000000e+05 1.135693652668316430e-04 3.311557859544898277e-04 2.321544201392372164e-04
1.044000000000000000e+05 1.514987432923711936e-04 3.601498256331351938e-04 2.612882692961769203e-04
1.045000000000000000e+05 9.492477863604954508e-05 2.967005506527048051e-04 1.850059872263889842e-04
1.046000000000000000e+05 1.163449660075344989e-04 3.132749786577852867e-04 2.148602641763580753e-04
1.047000000000000000e+05 2.091241612720327143e-04 4.919362258062936945e-04 3.372841173493174700e-04
1.048000000000000000e+05 1.608116387451344917e-04 4.499913107480268200e-04 2.578576087419204863e-04
1.049000000000000000e+05 1.628666047639783796e-04 4.288905515897780524e-04 2.605551921439420754e-04
1.050000000000000000e+05 2.533415103585861475e-04 5.922899003735143187e-04 3.834417293432622071e-04
1.051000000000000000e+05 1.394343703099238589e-04 3.424434080904684282e-04 2.299432546300583617e-04
1.052000000000000000e+05 1.582464043178163850e-04 3.624671893263791160e-04 2.489663927885356256e-04
1.053000000000000000e+05 1.392809769269068916e-04 3.264811932940679196e-04 2.334301471697262681e-04
1.054000000000000000e+05 1.284743055109541579e-04 3.369733570452921093e-04 2.168765153676731404e-04
1.055000000000000000e+05 2.743573920139154450e-04 6.560807062329054558e-04 3.991381841961821777e-04
1.056000000000000000e+05 2.736507831882048925e-04 6.327669970261416525e-04 3.832018288009518114e-04
1.057000000000000000e+05 2.082556904816304402e-04 4.898603503322411382e-04 2.969825424971077256e-04
1.058000000000000000e+05 1.582765380142570066e-04 3.846043211170074210e-04 2.410026542305188340e-04
1.059000000000000000e+05 1.334055129711568858e-04 3.203235020563549476e-04 2.161308395476261408e-04
1.060000000000000000e+05 1.183850928198335782e-04 2.874487426229713530e-04 2.022546681889716199e-04
1.061000000000000000e+05 1.279004228730234549e-04 3.049184755303361335e-04 2.101854051874242429e-04
1.062000000000000000e+05 2.081518548636005416e-04 5.572395757875899793e-04 3.281302434704210609e-04
1.063000000000000000e+05 2.129820540357415539e-04 5.392503536435996631e-04 3.209116847118586137e-04
1.064000000000000000e+05 2.376566038833177166e-04 6.468447879929033932e-04 3.682298029214938601e-04
1.065000000000000000e+05 2.294468346249312182e-04 6.179037951758947983e-04 3.489188901082946161e-04
1.066000000000000000e+05 1.899451314241230068e-04 5.522271810997557125e-04 3.021983598334980633e-04
1.067000000000000000e+05 1.389973527275550880e-04 3.807841409381214218e-04 2.375577348002052224e-04
1.068000000000000000e+05 1.084956853650231813e-04 2.730185749160118046e-04 2.076906044991719768e-04
1.069000000000000000e+05 9.841764336631199719e-05 2.794074666503669653e-04 1.981208307237673435e-04
1.070000000000000000e+05 9.542977889271755964e-05 2.763743898547737555e-04 1.990860673127788701e-04
1.071000000000000000e+05 1.347031128260094005e-04 4.139492772935588188e-04 2.557468928146412832e-04
1.072000000000000000e+05 1.388035317806863319e-04 4.382156370699457791e-04 2.672770759577004795e-04
1.073000000000000000e+05 9.413468014983467731e-05 2.929502773603673044e-04 2.072898833593943540e-04
1.074000000000000000e+05 5.646605800227894869e-05 1.568881090474946597e-04 1.680137209920627706e-04
1.075000000000000000e+05 8.859561593689729874e-05 2.997745131395727642e-04 2.089240698258695947e-04
1.076000000000000000e+05 1.634025255243534908e-04 5.546290952196680389e-04 3.074446063520395751e-04
1.077000000000000000e+05 1.329064779972147984e-04 4.382615634116643929e-04 2.596114981904321366e-04
1.078000000000000000e+05 9.181665135848337503e-05 3.112413642162774417e-04 2.036817125005262337e-04
1.079000000000000000e+05 7.627755556719012747e-05 2.466411621298091701e-04 1.842829689225596393e-04
1.080000000000000000e+05 1.219826100808450535e-04 3.627940061549500810e-04 2.322600677331674657e-04
1.081000000000000000e+05 2.110991653532498838e-04 6.525817489627354232e-04 3.273280653875482887e-04
1.082000000000000000e+05 1.805315958697435719e-04 4.610621422137965502e-04 2.894808540103001402e-04
1.083000000000000000e+05 1.989778936988682487e-04 5.265307333988414286e-04 3.138766388966095417e-04
1.084000000000000000e+05 1.978699106866075447e-04 5.233942073023834267e-04 3.042992908951955809e-04
1.085000000000000000e+05 1.530137801542446393e-04 4.315221732863048403e-04 2.575023455973607898e-04
1.086000000000000000e+05 1.324554843129260992e-04 4.059960353783327982e-04 2.464534467999384033e-04
1.087000000000000000e+05 1.629710636417383183e-04 4.426716479108782189e-04 2.658490188108280803e-04
1.088000000000000000e+05 1.232218478111276900e-04 3.948576812510944676e-04 2.285681182277095888e-04
1.089000000000000000e+05 1.573027095046420558e-04 4.949816425874832473e-04 2.649337051451098571e-04
1.090000000000000000e+05 1.581420473428004746e-04 5.302372318379475202e-04 2.733034259388747965e-04
1.091000000000000000e+05 9.758927187519464289e-05 4.201044634599582651e-04 2.232318436960063735e-04
1.092000000000000000e+05 1.227275003741362420e-04 4.442329120387666377e-04 2.397364010159778265e-04
1.093000000000000000e+05 1.886528575811283800e-04 6.267108363385042510e-04 2.970316889669309874e-04
1.094000000000000000e+05 1.503317427825581114e-04 6.549951554435905210e-04 2.551247988004089217e-04
1.095000000000000000e+05 1.436992267628761167e-04 6.599857312705753208e-04 2.457935528963407540e-04
1.096000000000000000e+05 1.869440263148451371e-04 8.021045190112732932e-04 2.904433270743454558e-04
1.097000000000000000e+05 2.100007090782905587e-04 8.905694754303234914e-04 3.112909463098080033e-04
1.098000000000000000e+05 2.079514804267753496e-04 9.306543506698504139e-04 3.061566825532716345e-04
1.099000000000000000e+05 2.152604845540740525e-04 9.812914274974246336e-04 3.186228102734603202e-04
1.100000000000000000e+05 2.200926373924014386e-04 9.964153511150806476e-04 3.195958167001689649e-04
1.101000000000000000e+05 1.949436118673185782e-04 9.520029357168915268e-04 2.992206866357926555e-04
1.102000000000000000e+05 2.045953723748704834e-04 9.732128754421820634e-04 3.077094504030767914e-04
1.103000000000000000e+05 2.141418374877104695e-04 9.896795792506550733e-04 3.216870580418501060e-04
1.104000000000000000e+05 2.069647651525971174e-04 9.052932297155430767e-04 3.082826142034436937e-04
1.105000000000000000e+05 1.714299269510538798e-04 7.409070455576408434e-04 2.595838895895346567e-04
1.106000000000000000e+05 1.530043876209646642e-04 6.747871203617300659e-04 2.425185862853077078e-04
1.107000000000000000e+05 1.843893168989889559e-04 8.327476513567552089e-04 2.857449234417254783e-04
1.108000000000000000e+05 1.904251963557321097e-04 8.514665165643174128e-04 2.890250808241387687e-04
1.109000000000000000e+05 1.731065935942308087e-04 8.115039215328212832e-04 2.672988853463753828e-04
1.110000000000000000e+05 1.859612249914463218e-04 8.244794820291029714e-04 2.816442556121868013e-04
1.111000000000000000e+05 2.057094572526274091e-04 8.907802170776123749e-04 2.999657973361314375e-04
1.112000000000000000e+05 1.958645825060127926e-04 8.256921112078496189e-04 2.942601879799223909e-04
1.113000000000000000e+05 1.933219052164355969e-04 7.655064239483489732e-04 2.839514350370609601e-04
1.114000000000000000e+05 1.570683525320354455e-04 7.190486178262362610e-04 2.481634557164749482e-04
1.115000000000000000e+05 1.781884961720088295e-04 7.323520791082245530e-04 2.674261902490953648e-04
1.116000000000000000e+05 1.636816037988510534e-04 6.977735712085809255e-04 2.609358679891616195e-04
1.117000000000000000e+05 1.477022333427282673e-04 5.916295739849986197e-04 2.572871548179745532e-04
1.118000000000000000e+05 1.331180032591668030e-04 5.197943036842235650e-04 2.156015853249542476e-04
1.119000000000000000e+05 6.253432513147584115e-05 2.423326455878570956e-04 1.359239942741660712e-04
1.120000000000000000e+05 5.276559225521798612e-05 2.092896042297580871e-04 1.233273493030937536e-04
1.121000000000000000e+05 1.020531752567466492e-04 3.483536877925518926e-04 1.811752856411031633e-04
1.122000000000000000e+05 1.473403947186642570e-04 5.124464703139166698e-04 2.348236142728755917e-04
1.123000000000000000e+05 1.381936445127038911e-04 5.149932513492593792e-04 2.311479655899179877e-04
1.124000000000000000e+05 1.241494456311395675e-04 4.646877418376596926e-04 2.235305403007074366e-04
1.125000000000000000e+05 9.676449324578534513e-05 3.413378125375157203e-04 1.812560718329301213e-04
1.126000000000000000e+05 6.789491295091641427e-05 2.322999832293909102e-04 1.444102478933417940e-04
1.127000000000000000e+05 1.171392691278342262e-04 3.660660871324964913e-04 2.128208314224375012e-04
1.128000000000000000e+05 1.073253264959958412e-04 3.825466320176107112e-04 1.909288904667321286e-04
1.129000000000000000e+05 1.151873678357236521e-04 4.038171529847834782e-04 2.001980502826823790e-04
1.130000000000000000e+05 1.532944576107021794e-04 5.594776610985819753e-04 2.443732921281668575e-04
1.131000000000000000e+05 1.481367442607127308e-04 5.446255680099356062e-04 2.381282289642168025e-04
1.132000000000000000e+05 8.777673438453837795e-05 3.589162320002128545e-04 1.667723801014685378e-04
1.133000000000000000e+05 8.619110079855579699e-05 3.446731479925470212e-04 1.610249054843648244e-04
1.134000000000000000e+05 1.152845856329549071e-04 4.141712608315354228e-04 2.137032275471135946e-04
1.135000000000000000e+05 9.132860828591977986e-05 3.374410306946174312e-04 1.757460613282181734e-04
1.136000000000000000e+05 5.721387531653196652e-05 2.438922004510183077e-04 1.297033040280168748e-04
1.137000000000000000e+05 9.318874174091263101e-05 3.837714049724005394e-04 1.838442235487363361e-04
1.138000000000000000e+05 1.035254061095253441e-04 4.273671677634130277e-04 1.810466181020058043e-04
1.139000000000000000e+05 1.119296212132945146e-04 4.404700885229959973e-04 1.971788327208694202e-04
1.140000000000000000e+05 1.336246707787420605e-04 5.411668845368654539e-04 2.283657504464798736e-04
1.141000000000000000e+05 1.197557818211785922e-04 4.635912602551091441e-04 2.055404571363191285e-04
1.142000000000000000e+05 6.626486403668130180e-05 2.872530274649570756e-04 1.416995702427780324e-04
1.143000000000000000e+05 1.168601405117318640e-04 4.083007025083517879e-04 2.004700999022201058e-04
1.144000000000000000e+05 1.255870418603210385e-04 4.783915027098536651e-04 2.142475361741364315e-04
1.145000000000000000e+05 1.145656648635851109e-04 4.419584882875357296e-04 2.000374445558031897e-04
1.146000000000000000e+05 9.798993851657788871e-05 3.608984102868049776e-04 1.769103154010434836e-04
1.147000000000000000e+05 8.891723335879841983e-05 3.021102115518903373e-04 1.657494649876832874e-04
1.148000000000000000e+05 9.435620481044307609e-05 3.477298485722495405e-04 1.758569353964488879e-04
1.149000000000000000e+05 1.282538180858136035e-04 4.355745141484621821e-04 2.158810365296892826e-04
1.150000000000000000e+05 1.295993867345532802e-04 4.414059498781438802e-04 2.192194094631671108e-04
1.151000000000000000e+05 1.328846191187823883e-04 4.342695613015090010e-04 2.211094994267145703e-04
1.152000000000000000e+05 1.220147403740929671e-04 4.046931910843058451e-04 2.049275410648305920e-04
1.153000000000000000e+05 1.021446392904776143e-04 3.100326836721563383e-04 1.772130708367601355e-04
1.154000000000000000e+05 1.006322048041223864e-04 3.340718410489117423e-04 1.793716008184845646e-04
1.155000000000000000e+05 9.253909493549712921e-05 3.183960723469116973e-04 1.823596781290661589e-04
1.156000000000000000e+05 1.042484149550208740e-04 3.606104432902710591e-04 1.912089725948537241e-04
1.157000000000000000e+05 1.238122595990231588e-04 4.319815819667346328e-04 2.140264526456640609e-04
1.158000000000000000e+05 1.338233014494465503e-04 5.155974105814432103e-04 2.228382078684902937e-04
1.159000000000000000e+05 9.585184376126703308e-05 3.074610994286902459e-04 1.829372114275407450e-04
1.160000000000000000e+05 7.951533647671461434e-05 2.979363561121147331e-04 1.730928566924378983e-04
1.161000000000000000e+05 7.210839848564557137e-05 1.821695306832016303e-04 1.724667217567936797e-04
1.162000000000000000e+05 4.827139367565479124e-05 1.316961188945288191e-04 1.504216638537087957e-04
1.163000000000000000e+05 7.457221405889246843e-05 2.597331946887429391e-04 1.599418299596259876e-04
1.164000000000000000e+05 1.112310484028711406e-04 4.233804235948173734e-04 1.943592379567988919e-04
1.165000000000000000e+05 1.075943800553671553e-04 4.003407708448752413e-04 1.924569822107492865e-04
1.166000000000000000e+05 1.066285618768146435e-04 4.215640039898607737e-04 1.854682433366370480e-04
1.167000000000000000e+05 1.027774312909416628e-04 4.150822880879304045e-04 1.810550377586621438e-04
1.168000000000000000e+05 9.215939384792726306e-05 3.583683767879741072e-04 1.690333693254017695e-04
1.169000000000000000e+05 8.402668061849314968e-05 3.234531906728267789e-04 1.587210880931012955e-04
1.170000000000000000e+05 4.018345406836467282e-05 1.410126695280754889e-04 1.062849990958307939e-04
1.171000000000000000e+05 1.825961329406587100e-05 5.710307946706225590e-05 8.318881980883524173e-05
1.172000000000000000e+05 1.451153084397303764e-05 5.881398085227289123e-05 7.278605102513555048e-05
1.173000000000000000e+05 1.580331593882560213e-05 5.451809987061728501e-05 7.181302629582929549e-05
1.174000000000000000e+05 1.759212409521602679e-05 5.744003107384184248e-05 7.431366430885525786e-05
1.175000000000000000e+05 5.660734501492329653e-05 2.516194729690285977e-04 1.375724517557556914e-04
1.176000000000000000e+05 5.935505601056867734e-05 1.486422242746843181e-04 8.479596305193541660e-05
1.177000000000000000e+05 2.411482525804115040e-05 9.983225643558945369e-05 4.555613547450874289e-05
1.178000000000000000e+05 1.500386808097509573e-05 4.409296351881417011e-05 7.297686746519415951e-05
1.179000000000000000e+05 1.407842587756626135e-05 2.810817727794861012e-05 5.551606365066124763e-05
1.180000000000000000e+05 1.108736386616369159e-05 2.906560499389394483e-05 4.816940832874341594e-05
1.181000000000000000e+05 9.808951123150058942e-06 2.745593936942907891e-05 4.629327909504983807e-05
1.182000000000000000e+05 1.456184984610052740e-05 2.897397701213214895e-05 5.037137472533891643e-05
1.183000000000000000e+05 9.435657684883042387e-06 2.622105357582374147e-05 4.123870442793140553e-05
1.184000000000000000e+05 9.863075926756469645e-06 2.520236980489941054e-05 4.169116545829297234e-05
1.185000000000000000e+05 9.058628645840285920e-06 2.458008520087928207e-05 4.109167916577594282e-05
1.186000000000000000e+05 1.272385760474952442e-05 3.124402606459786199e-05 4.222546132539429066e-05
1.187000000000000000e+05 8.718535856877188258e-06 2.928910991426681944e-05 3.996101242109458815e-05
1.188000000000000000e+05 8.752062536331629567e-06 3.995865087382930619e-05 3.974105864091370335e-05
1.189000000000000000e+05 8.331974966785912794e-06 3.230699817604418565e-05 3.811300145739760371e-05
1.190000000000000000e+05 8.499656220645105504e-06 2.529379631487718727e-05 3.989786183360224676e-05
1.191000000000000000e+05 8.223894425225167345e-06 2.674973414180887915e-05 3.955914507193583347e-05
1.192000000000000000e+05 8.749064601425385486e-06 2.696961035932776880e-05 4.089793990669485154e-05
1.193000000000000000e+05 1.020284778667786382e-05 2.659888877129981368e-05 3.961650553006490011e-05
1.194000000000000000e+05 6.315637043808014321e-06 2.467719147255396570e-05 3.628050156646004830e-05
1.195000000000000000e+05 8.501184267832155469e-06 2.466321211286052738e-05 3.426739969514988436e-05
1.196000000000000000e+05 8.161038450059954490e-06 2.893457904114856409e-05 3.343782457989512638e-05
1.197000000000000000e+05 8.232464987047250567e-06 2.568306604210852701e-05 3.326560142678467049e-05
1.198000000000000000e+05 7.705625239397736326e-06 2.343485776980421743e-05 3.121236298904427086e-05
1.199000000000000000e+05 8.667012788469109292e-06 3.055603432312783280e-05 3.131289993229030344e-05
