9.000000000000000000e+04 3.770368874291712448e-05 5.381821892724934081e-05 2.044467501419873186e-04
9.010000000000000000e+04 2.983142073445505362e-05 5.259026173611908899e-05 2.046258142479849009e-04
9.020000000000000000e+04 1.953535272701444818e-05 5.432880498787816671e-05 2.171085988478260731e-04
9.030000000000000000e+04 2.385109263570940521e-05 5.117027173787627313e-05 1.959610073974177779e-04
9.040000000000000000e+04 1.537754265761620185e-05 3.577449340968496291e-05 2.284351348657877312e-04
9.050000000000000000e+04 2.873802919474617058e-05 6.038323856978508293e-05 2.458915993706128553e-04
9.060000000000000000e+04 2.298148953325983767e-05 5.723863434336975281e-05 2.232259608230908673e-04
9.070000000000000000e+04 1.491965325543611102e-05 2.664100591923761175e-05 2.123698618731597947e-04
9.080000000000000000e+04 3.204438078108429655e-05 5.416927256859043567e-05 2.072142523848884859e-04
9.090000000000000000e+04 2.492927535425949921e-05 5.493602258478709889e-05 2.163529324180275858e-04
9.100000000000000000e+04 2.627670893665202197e-05 4.784261914289088063e-05 2.216412977949818038e-04
9.110000000000000000e+04 2.975824891844952775e-05 6.111143720002824701e-05 2.289659754505669192e-04
9.120000000000000000e+04 3.370904989497282267e-05 5.309606012868979563e-05 2.293536653703337654e-04
9.130000000000000000e+04 2.299253199462657346e-05 4.630790216155633186e-05 2.362254519764061264e-04
9.140000000000000000e+04 4.052800936056344698e-05 7.603405383794156216e-05 2.415642316528795162e-04
9.150000000000000000e+04 2.416702107999784202e-05 5.392611088578892547e-05 2.416464848833235800e-04
9.160000000000000000e+04 1.964397144569720124e-05 6.324726454873979328e-05 2.388847548031727624e-04
9.170000000000000000e+04 2.063077515434454524e-05 4.457049153427843709e-05 2.480382962837813219e-04
9.180000000000000000e+04 3.773510737313217202e-05 7.669688819388013738e-05 2.556469906600496514e-04
9.190000000000000000e+04 2.361659900862645876e-05 4.464979466166710265e-05 2.564726730665502956e-04
9.200000000000000000e+04 3.755223976116588624e-05 6.418892550121208830e-05 2.479938158285494736e-04
9.210000000000000000e+04 2.507596021024543500e-05 5.417133156326644637e-05 2.646176666181342054e-04
9.220000000000000000e+04 4.472303513078062088e-05 7.215341523814748094e-05 2.651575082131975682e-04
9.230000000000000000e+04 2.541079193314676131e-05 5.524931204305792297e-05 2.668091095068099374e-04
9.240000000000000000e+04 2.467611259486919778e-05 4.160711896798534835e-05 2.716978340322250083e-04
9.250000000000000000e+04 3.128558028522382623e-05 8.194537136529641327e-05 2.768309891171424572e-04
9.260000000000000000e+04 3.932895817270460454e-05 6.876197667978284031e-05 2.685958896143731604e-04
9.270000000000000000e+04 3.284235904994265874e-05 7.720332782367589223e-05 2.686702039027606030e-04
9.280000000000000000e+04 2.722474797395312875e-05 7.129781977803343902e-05 2.755723674102816931e-04
9.290000000000000000e+04 2.923871965416618155e-05 7.960540710582768081e-05 2.797449675055994640e-04
9.300000000000000000e+04 1.534502347959917478e-05 3.495098152631704669e-05 2.719560714316996493e-04
9.310000000000000000e+04 2.532523733202683962e-05 4.825100407943809077e-05 2.744504414153303706e-04
9.320000000000000000e+04 2.220660348540225929e-05 4.547870026174962886e-05 2.751016024467578254e-04
9.330000000000000000e+04 2.883056415635897821e-05 5.654305130458009507e-05 2.755063793728775826e-04
9.340000000000000000e+04 1.764930556756810851e-05 5.582970746798412206e-05 2.786569103545130286e-04
9.350000000000000000e+04 1.464486218191778317e-05 3.855699736166436813e-05 2.733344149026442193e-04
9.360000000000000000e+04 2.702978704053325167e-05 5.898819310886461781e-05 2.729380742122439023e-04
9.370000000000000000e+04 1.699064802657108226e-05 2.957363357937372195e-05 2.786188416383035462e-04
9.380000000000000000e+04 3.396650885375017198e-05 6.111545828896335162e-05 2.803167720982543813e-04
9.390000000000000000e+04 3.773267751513412118e-05 1.520857967561385963e-04 2.897903203338965633e-04
9.400000000000000000e+04 2.969409304137178443e-05 5.846717829053617831e-05 2.728008374242658538e-04
9.410000000000000000e+04 2.470953917386894657e-05 5.477469928038728548e-05 2.871459264499346613e-04
9.420000000000000000e+04 3.085249901131761419e-05 6.692582285592897076e-05 2.802365671831122764e-04
9.430000000000000000e+04 1.793599248501470157e-05 3.593259722551662072e-05 2.831422080276386338e-04
9.440000000000000000e+04 3.519412016346338320e-05 7.553183319908551028e-05 2.911809466721929887e-04
9.450000000000000000e+04 3.013790365499822814e-05 6.068699731238589527e-05 2.811613273821208028e-04
9.460000000000000000e+04 2.028647595729766474e-05 4.177464873007086634e-05 2.724436014572982796e-04
9.470000000000000000e+04 3.474106109407036624e-05 6.701588277894528862e-05 2.818405101287885478e-04
9.480000000000000000e+04 1.939800746663956346e-05 4.802779528291246111e-05 2.804791511561921459e-04
9.490000000000000000e+04 2.979869897136065097e-05 8.020439944581768356e-05 2.888117480162557442e-04
9.500000000000000000e+04 2.674980058564807930e-05 6.756636359152756906e-05 2.859278549573694424e-04
9.510000000000000000e+04 2.431292271732444317e-05 5.612878795403330838e-05 2.898023051415953965e-04
9.520000000000000000e+04 3.734189408559216361e-05 9.063098935068283121e-05 2.917444285964048713e-04
9.530000000000000000e+04 4.343795243107705095e-05 1.177151524340625584e-04 2.880317520897842298e-04
9.540000000000000000e+04 4.670567496023637780e-05 1.578456293027859247e-04 2.982795294357327574e-04
9.550000000000000000e+04 3.883480905918999240e-05 8.149616343240180137e-05 2.989873037007730419e-04
9.560000000000000000e+04 2.662584200931102660e-05 5.833971601028082200e-05 2.859988546016006220e-04
9.570000000000000000e+04 2.422248109412760211e-05 5.210929702149414994e-05 2.866086912634930521e-04
9.580000000000000000e+04 2.818334063277614732e-05 5.921051572017345908e-05 2.779057508342242791e-04
9.590000000000000000e+04 4.056198050754889883e-05 8.015047574754663321e-05 2.897256784216493790e-04
9.600000000000000000e+04 4.236982571545862752e-05 8.845061318264859978e-05 2.840367234521290842e-04
9.610000000000000000e+04 4.885961933736963914e-05 1.229266691416531468e-04 2.911416286682693214e-04
9.620000000000000000e+04 2.747210685515933445e-05 5.408356698650528937e-05 2.756075504333846144e-04
9.630000000000000000e+04 2.299043308434157735e-05 5.847090662712003213e-05 2.729531787937307841e-04
9.640000000000000000e+04 2.471643902420591742e-05 4.840602899751941628e-05 2.765068188623339904e-04
9.650000000000000000e+04 2.457467634649673814e-05 6.151903848511836330e-05 2.844118545456077629e-04
9.660000000000000000e+04 3.794774380373180326e-05 7.948168253518945233e-05 3.050293445874324911e-04
9.670000000000000000e+04 2.664100933139702853e-05 7.611798755662540052e-05 2.943844245661712475e-04
9.680000000000000000e+04 3.195485798903669643e-05 6.311999039522713656e-05 2.960414209775333034e-04
9.690000000000000000e+04 2.895685034893911601e-05 5.289427472943912089e-05 2.938446895984610447e-04
9.700000000000000000e+04 3.095812183888721611e-05 5.840429835317459580e-05 2.869578283400375774e-04
9.710000000000000000e+04 3.169125454853484371e-05 6.681900104045941082e-05 2.909654997810024075e-04
9.720000000000000000e+04 3.217218509604473625e-05 5.620512938536758110e-05 2.897741553144798313e-04
9.730000000000000000e+04 2.175748909008669687e-05 4.387550133512371992e-05 2.902081069465030014e-04
9.740000000000000000e+04 3.971771062628176325e-05 8.612771432686466486e-05 2.815988622163047381e-04
9.750000000000000000e+04 2.864633854661241194e-05 8.561698902488819318e-05 2.933579834911383046e-04
9.760000000000000000e+04 2.642863764572652872e-05 5.929156181902180481e-05 2.908152075152104594e-04
9.770000000000000000e+04 4.592776044874842794e-05 7.976304895529798787e-05 2.964982122422862116e-04
9.780000000000000000e+04 2.677001728858485969e-05 1.158332335008758346e-04 3.074304330492596757e-04
9.790000000000000000e+04 2.849647369139690460e-05 7.637838784790021906e-05 2.993094542962353860e-04
9.800000000000000000e+04 4.803771601722073509e-05 1.122770206013568115e-04 3.043817187802953187e-04
9.810000000000000000e+04 2.124541206583634503e-05 6.853728338142582631e-05 2.935640445855924982e-04
9.820000000000000000e+04 2.275963754746394927e-05 5.000685606797178199e-05 2.977013945871878902e-04
9.830000000000000000e+04 3.087172960627331594e-05 6.047457510770866580e-05 3.013121790508758286e-04
9.840000000000000000e+04 3.882902485699107594e-05 1.108438027721920464e-04 3.085529522156157879e-04
9.850000000000000000e+04 4.496739042469293304e-05 1.306616671029239688e-04 3.074968839140048544e-04
9.860000000000000000e+04 3.542641164387314544e-05 5.475904085473906136e-05 3.045471016354189494e-04
9.870000000000000000e+04 3.354173540639810054e-05 5.971349075549356412e-05 3.067235863056649988e-04
9.880000000000000000e+04 4.130094401230027020e-05 1.469373584054770965e-04 3.158076646798046116e-04
9.890000000000000000e+04 2.300007952112358969e-05 5.266215608281098757e-05 3.056268750111990539e-04
9.900000000000000000e+04 2.863208318883766080e-05 5.768914954022919461e-05 3.058814225390002971e-04
9.910000000000000000e+04 3.923332971863559542e-05 8.716910925303549733e-05 3.239412758040956610e-04
9.920000000000000000e+04 3.654985380225023259e-05 7.775469690360055711e-05 3.253543710610835816e-04
9.930000000000000000e+04 3.717169984433912411e-05 9.627360509389726101e-05 3.297950940446853110e-04
9.940000000000000000e+04 3.469509874972265175e-05 6.273631728083417774e-05 3.248133747134549485e-04
9.950000000000000000e+04 2.385250294531288031e-05 5.094004517400757071e-05 3.441378487932742207e-04
9.960000000000000000e+04 3.300183103792023306e-05 6.911267504501589611e-05 3.442465736411131098e-04
9.970000000000000000e+04 3.848509878482634251e-05 6.895835953628869346e-05 3.283990207896366116e-04
9.980000000000000000e+04 2.809701080569817263e-05 5.041300779535493092e-05 3.331685339903491232e-04
9.990000000000000000e+04 3.651750338533408385e-05 6.533503666387616930e-05 3.326979538324153574e-04
1.000000000000000000e+05 2.214025319278518011e-05 4.868649507777748084e-05 3.198261507478142394e-04
1.001000000000000000e+05 4.078637550137013609e-05 6.864833534608009860e-05 3.195298153120818279e-04
1.002000000000000000e+05 2.701703255843153914e-05 7.109903259928024083e-05 3.219412955630518566e-04
1.003000000000000000e+05 3.309491648908167993e-05 6.034589550440522731e-05 3.238836733660615478e-04
1.004000000000000000e+05 2.148134179027713121e-05 3.738812150489253432e-05 3.219111294800965409e-04
1.005000000000000000e+05 3.900916917548086704e-05 1.264083116407536218e-04 3.308535535493130884e-04
1.006000000000000000e+05 4.640622170364044766e-05 1.177564118371242472e-04 3.343749011961750519e-04
1.007000000000000000e+05 3.781544110034176179e-05 1.393604171277700900e-04 3.516161420628322173e-04
1.008000000000000000e+05 3.792913806068481464e-05 1.611172751881514097e-04 3.596779206074763517e-04
1.009000000000000000e+05 3.291695065719616028e-05 8.530748833111172821e-05 3.540337851308320558e-04
1.010000000000000000e+05 4.298824432611233646e-05 7.870392500334682248e-05 3.448842191321975763e-04
1.011000000000000000e+05 3.889132002019214012e-05 8.221270226061019653e-05 3.398604600673112760e-04
1.012000000000000000e+05 1.708910315254680550e-05 4.679384070548748241e-05 3.464680267128275918e-04
1.013000000000000000e+05 3.780632256956864123e-05 7.092824847376505079e-05 3.680303069068983717e-04
1.014000000000000000e+05 3.848439763085622625e-05 7.191422958627611368e-05 3.656271604936232617e-04
1.015000000000000000e+05 2.363767586998429156e-05 5.042921388919498508e-05 3.345885146787593305e-04
1.016000000000000000e+05 1.977029992121460879e-05 4.336098352196991225e-05 3.264009998478039081e-04
1.017000000000000000e+05 3.876765936633349554e-05 7.210155916740035005e-05 3.345861810944694421e-04
1.018000000000000000e+05 2.342036116467945128e-05 5.677032135870075866e-05 3.453853222529619190e-04
1.019000000000000000e+05 4.427106869249404541e-05 7.553859331647493763e-05 3.551441942400169203e-04
1.020000000000000000e+05 5.432263772416258017e-05 1.533765444935631826e-04 3.649283621619705924e-04
1.021000000000000000e+05 3.934524513478029634e-05 8.985854531748507573e-05 3.610047350111039027e-04
1.022000000000000000e+05 2.625182023016631562e-05 5.215013070032929656e-05 3.461534518313606605e-04
1.023000000000000000e+05 2.070347794698283467e-05 4.634388768293671874e-05 3.418431045902315898e-04
1.024000000000000000e+05 3.079814093156715577e-05 6.347838070024070488e-05 3.459601424040334178e-04
1.025000000000000000e+05 3.627292629060932744e-05 6.998684127643438379e-05 3.499414474138480926e-04
1.026000000000000000e+05 2.945769077301147679e-05 5.532920115892600837e-05 3.492597021292689896e-04
1.027000000000000000e+05 2.249914022721638367e-05 4.799729429860158294e-05 3.363451485762298165e-04
1.028000000000000000e+05 2.850751548512148355e-05 6.061474916863051916e-05 3.376469295117699482e-04
1.029000000000000000e+05 3.222914064165841377e-05 6.844098577685301136e-05 3.549660407600218389e-04
1.030000000000000000e+05 2.478952603771772140e-05 5.887949478623717226e-05 3.443224569789700602e-04
1.031000000000000000e+05 1.724345470039816705e-05 5.897226918805153258e-05 3.375365888361591825e-04
1.032000000000000000e+05 2.485398141010121756e-05 7.325538863932334888e-05 3.397549504562018068e-04
1.033000000000000000e+05 4.072456436420387365e-05 8.182175432254180881e-05 3.443952136607369963e-04
1.034000000000000000e+05 2.816947456495659400e-05 5.886908443089762522e-05 3.339436254631079123e-04
1.035000000000000000e+05 3.501071654699988147e-05 1.042943443585724202e-04 3.285821638156421012e-04
1.036000000000000000e+05 2.644362526100325558e-05 6.093516574401917517e-05 3.230384922196001410e-04
1.037000000000000000e+05 3.388119051131026913e-05 7.356271120586633291e-05 3.137812375838609064e-04
1.038000000000000000e+05 2.647155658219734788e-05 4.732176471707391511e-05 3.159332859108470934e-04
1.039000000000000000e+05 3.404186726083439050e-05 7.443135614634577854e-05 3.174407675866392658e-04
1.040000000000000000e+05 2.801735719319356109e-05 6.328157578617296490e-05 3.190593420297538666e-04
1.041000000000000000e+05 2.769663219929282150e-05 6.712876070598833853e-05 3.180454276191030860e-04
1.042000000000000000e+05 3.288822363518633871e-05 5.442602218346122810e-05 3.204294596893577101e-04
1.043000000000000000e+05 2.130477603808371336e-05 4.265860024566339205e-05 3.165627425697931400e-04
1.044000000000000000e+05 2.926445903224947701e-05 5.683882731174105980e-05 3.248045524572099052e-04
1.045000000000000000e+05 3.748924125598115508e-05 9.783831396745050219e-05 3.431640935237488272e-04
1.046000000000000000e+05 4.051753913499370717e-05 1.163309890495811054e-04 3.346242542138506536e-04
1.047000000000000000e+05 2.604454350993207126e-05 7.297914215435022866e-05 3.423800901470895391e-04
1.048000000000000000e+05 3.632660290777360969e-05 9.207302434168608074e-05 3.435907487075999414e-04
1.049000000000000000e+05 3.480373577994285827e-05 1.197594926220979972e-04 3.585952488945372144e-04
1.050000000000000000e+05 4.169016551873862362e-05 1.382872213726982344e-04 3.603612261315708399e-04
1.051000000000000000e+05 6.168052400226838039e-05 2.232277515619182184e-04 3.878348553906934312e-04
1.052000000000000000e+05 9.863871214465673486e-05 2.767660248334396795e-04 4.111117772817633417e-04
1.053000000000000000e+05 1.046305738090075581e-04 2.985037952844416388e-04 4.172370591542526124e-04
1.054000000000000000e+05 1.154055675138391016e-04 2.533403957686495254e-04 4.184284796113276893e-04
1.055000000000000000e+05 6.937800954019977860e-05 1.664246966043565323e-04 3.794534620062029080e-04
1.056000000000000000e+05 8.727442443667539958e-05 2.141023703120949304e-04 3.972152441272410709e-04
1.057000000000000000e+05 1.371623922758712089e-04 2.909246269744208621e-04 4.514729704252950972e-04
1.058000000000000000e+05 1.695713943777386163e-04 3.818430467532608051e-04 4.883815996048631279e-04
1.059000000000000000e+05 1.969831447803778121e-04 4.358474796007870389e-04 5.261254307511170755e-04
1.060000000000000000e+05 2.548093905526024579e-04 5.334849139089645415e-04 5.597077058561790615e-04
1.061000000000000000e+05 2.142006922259927833e-04 5.184100969390372741e-04 5.396587301875564041e-04
1.062000000000000000e+05 1.741362266592766080e-04 4.125959684099068199e-04 4.949982806608351415e-04
1.063000000000000000e+05 1.456300874408246004e-04 3.716962825500761368e-04 4.583243453786865046e-04
1.064000000000000000e+05 1.069307617922742081e-04 2.496367646842685088e-04 4.158195361238179724e-04
1.065000000000000000e+05 1.468823473319629219e-04 3.424427032139738532e-04 4.544613602516121495e-04
1.066000000000000000e+05 2.611929461346913610e-04 6.360293483133954654e-04 5.875326074168208193e-04
1.067000000000000000e+05 3.413418430120393498e-04 8.214216312763514185e-04 6.589260453656222826e-04
1.068000000000000000e+05 3.079380478103509525e-04 8.037385380350809197e-04 6.271051795141498360e-04
1.069000000000000000e+05 2.362518359574168267e-04 5.726133041880572582e-04 5.659257721127384372e-04
1.070000000000000000e+05 2.402100941111859453e-04 5.477323606010368710e-04 5.455571668876898735e-04
1.071000000000000000e+05 2.381178118630058972e-04 5.635993912164314517e-04 5.730775503140872300e-04
1.072000000000000000e+05 3.397543239980609108e-04 8.352176056100097008e-04 6.839491293108146538e-04
1.073000000000000000e+05 4.641566250595819667e-04 1.134394251844546894e-03 8.012227120624648528e-04
1.074000000000000000e+05 4.596307358562319481e-04 1.217019696167843598e-03 8.382392537120297469e-04
1.075000000000000000e+05 4.528777968779435902e-04 1.168224845816021431e-03 7.895464681611698982e-04
1.076000000000000000e+05 3.681629627039961685e-04 8.794319670892393817e-04 6.800198939495710748e-04
1.077000000000000000e+05 4.020131862467401455e-04 1.018869313043157306e-03 7.174518993698369854e-04
1.078000000000000000e+05 4.579625124897415255e-04 1.222524435132082065e-03 7.888633961473695728e-04
1.079000000000000000e+05 4.333205195363145279e-04 1.249097000255539741e-03 7.519124275087959216e-04
1.080000000000000000e+05 2.650049966136886013e-04 8.305717301738238566e-04 5.693285815228421630e-04
1.081000000000000000e+05 7.684623322228007316e-05 2.961622229715711531e-04 3.915271691352934652e-04
1.082000000000000000e+05 1.051479790288256081e-04 2.848543031825511340e-04 3.919202060187130772e-04
1.083000000000000000e+05 1.026879864460958835e-04 3.314073461710682986e-04 4.113639899081845963e-04
1.084000000000000000e+05 1.140365684216433357e-04 3.724720597913471604e-04 4.302826169190202476e-04
1.085000000000000000e+05 1.401654990399227047e-04 4.597338954981333129e-04 4.782087701460400260e-04
1.086000000000000000e+05 1.126934704392468841e-04 3.144557939857184239e-04 4.337484972382279363e-04
1.087000000000000000e+05 1.001577476432502847e-04 3.422972168979277114e-04 4.375340149082457557e-04
1.088000000000000000e+05 1.388879843302516124e-04 4.631686527826772725e-04 4.668201422611082817e-04
1.089000000000000000e+05 1.284199129476917877e-04 4.786930212445614815e-04 4.682302161540064585e-04
1.090000000000000000e+05 1.914825778223736420e-04 6.545905793926241889e-04 5.343947950720327267e-04
1.091000000000000000e+05 2.478001987629990127e-04 8.670911300062322975e-04 6.322730490584156779e-04
1.092000000000000000e+05 2.420970262844198816e-04 9.193647353633064775e-04 5.999450204617325175e-04
1.093000000000000000e+05 1.823139108743596906e-04 6.857725969126558796e-04 5.198255097467785512e-04
1.094000000000000000e+05 1.818660132069059836e-04 6.381823892686489409e-04 5.418728639108394505e-04
1.095000000000000000e+05 2.100599960467455329e-04 6.991537816515469746e-04 5.569152737501408858e-04
1.096000000000000000e+05 1.403125340091447050e-04 4.773780489328251675e-04 4.818910165261911936e-04
1.097000000000000000e+05 9.816943502976725657e-05 3.328911279998355384e-04 4.438722494076675820e-04
1.098000000000000000e+05 1.047030850452712169e-04 3.439917198313265784e-04 4.237732085947298237e-04
1.099000000000000000e+05 7.236285298972005859e-05 2.304549012807427457e-04 3.868231823027700540e-04
1.100000000000000000e+05 6.873396118114571008e-05 2.124624513041751422e-04 3.883282966148774210e-04
1.101000000000000000e+05 6.810220319867365960e-05 2.122352783715110804e-04 3.843358975225547296e-04
1.102000000000000000e+05 5.302239908085441735e-05 1.240842532228796763e-04 3.719302046900911283e-04
1.103000000000000000e+05 3.287399647016451577e-05 7.689820960910041629e-05 3.428788375915521255e-04
1.104000000000000000e+05 3.725925019738970598e-05 7.346138160997238865e-05 3.389556726343725675e-04
1.105000000000000000e+05 4.226553695489205153e-05 8.269123635742286257e-05 3.419316457926278321e-04
1.106000000000000000e+05 3.468048902290895913e-05 1.013150335950056173e-04 3.369727507214327167e-04
1.107000000000000000e+05 4.291271672073363689e-05 9.309339588751703448e-05 3.409848796470311733e-04
1.108000000000000000e+05 4.277592288542665872e-05 8.640741579232818137e-05 3.252367404229744119e-04
1.109000000000000000e+05 5.235664197809398752e-05 1.124369050961133922e-04 3.316765699017648725e-04
1.110000000000000000e+05 3.843373921335929613e-05 8.724506544252158243e-05 3.419762263902130744e-04
1.111000000000000000e+05 3.607240759327949749e-05 8.363030762290469926e-05 3.349774160566624040e-04
1.112000000000000000e+05 4.880066620644070170e-05 8.128705312329524181e-05 3.486081935099644884e-04
1.113000000000000000e+05 4.371014734628336784e-05 9.669518592181212046e-05 3.480665770359999398e-04
1.114000000000000000e+05 3.417027146365562464e-05 9.528340869784118370e-05 3.439564786403239609e-04
1.115000000000000000e+05 4.698164510446504842e-05 9.283813464756765325e-05 3.456243840981665719e-04
1.116000000000000000e+05 5.172584172225333640e-05 9.983583207283190913e-05 3.458093919491286796e-04
1.117000000000000000e+05 3.864280141763426837e-05 1.020596228820961552e-04 3.477378445898637936e-04
1.118000000000000000e+05 3.278284379223549063e-05 7.504717969143633342e-05 3.335183943220131801e-04
1.119000000000000000e+05 3.552736036596161346e-05 9.977611247215457035e-05 3.240912582045956552e-04
1.120000000000000000e+05 2.023779759409275771e-05 7.587328901946375397e-05 3.310584654446547290e-04
1.121000000000000000e+05 2.151908126740221302e-05 6.926264651582611986e-05 3.398200651359520883e-04
1.122000000000000000e+05 4.735219514942045748e-05 1.042039535622435757e-04 3.570980864943580917e-04
1.123000000000000000e+05 4.645072234445396346e-05 9.750368983338153018e-05 3.700947346538867267e-04
1.124000000000000000e+05 4.523532280143377276e-05 1.026197350074528787e-04 3.701418823519683917e-04
1.125000000000000000e+05 3.018172048291497492e-05 8.254582857807345230e-05 3.417778462286441012e-04
1.126000000000000000e+05 2.433106733878997487e-05 5.106030367574580699e-05 3.406229465564293265e-04
1.127000000000000000e+05 3.875412374401926516e-05 7.408657811927636368e-05 3.544778375092433407e-04
1.128000000000000000e+05 2.436715589759785600e-05 5.434840209881752846e-05 3.569205073002098064e-04
1.129000000000000000e+05 4.594679767990509029e-05 8.984981805214140764e-05 3.470444167027637319e-04
1.130000000000000000e+05 2.992817370693580045e-05 6.753161485322965122e-05 3.574934471060481627e-04
1.131000000000000000e+05 2.916112581161675425e-05 7.285047862286021239e-05 3.691151055689172612e-04
1.132000000000000000e+05 2.196648867304300257e-05 6.230565546709766625e-05 3.423895098396360220e-04
1.133000000000000000e+05 3.640294706858370746e-05 6.464910918287764766e-05 3.285477992019079918e-04
1.134000000000000000e+05 2.088274780666517748e-05 4.473481270396466791e-05 3.457548738608171328e-04
1.135000000000000000e+05 3.084856365968868027e-05 5.900183052483416735e-05 3.407574259206279941e-04
1.136000000000000000e+05 3.212931883750955262e-05 5.995191713463997058e-05 3.248342233146299992e-04
1.137000000000000000e+05 2.515844359542152280e-05 4.637884693046561433e-05 3.350255662404315218e-04
1.138000000000000000e+05 2.709189210946049775e-05 7.926460536013756573e-05 3.453721617744277155e-04
1.139000000000000000e+05 2.456382986307264387e-05 5.306194548836785452e-05 3.465918831289097795e-04
1.140000000000000000e+05 4.188060089849274682e-05 7.215461809331746856e-05 3.657839048413586910e-04
1.141000000000000000e+05 1.984683825878509784e-05 5.787059397397077047e-05 3.448309501659525540e-04
1.142000000000000000e+05 3.858726647203467941e-05 7.384270000850880200e-05 3.336050113304925898e-04
1.143000000000000000e+05 3.284150890290070185e-05 7.013897576538079270e-05 3.543788167317412936e-04
1.144000000000000000e+05 4.547381921467377524e-05 9.986884922812843844e-05 3.502574507410354020e-04
1.145000000000000000e+05 2.746018773570668486e-05 7.740013055151901506e-05 3.424444034077249932e-04
1.146000000000000000e+05 3.679920382538041327e-05 6.793473233378466902e-05 3.361449541548815960e-04
1.147000000000000000e+05 2.706499310992332812e-05 6.532396983161442875e-05 3.364568532851500084e-04
1.148000000000000000e+05 4.161334380199893743e-05 7.322586666457517931e-05 3.483803368092205639e-04
1.149000000000000000e+05 2.940335546770518702e-05 4.785628385822212174e-05 3.511851352881808380e-04
1.150000000000000000e+05 2.803306158797956972e-05 5.416980846982132492e-05 3.455468991378897545e-04
1.151000000000000000e+05 4.249827787918962789e-05 1.158009163145941301e-04 3.444626172623173463e-04
1.152000000000000000e+05 2.931977902421306625e-05 8.964715463788386872e-05 3.374396239626785421e-04
1.153000000000000000e+05 2.872065659213443199e-05 7.920836742939961397e-05 3.390826637925121036e-04
1.154000000000000000e+05 7.398154942818446246e-05 1.284125986820092982e-04 3.585391472873289843e-04
1.155000000000000000e+05 4.738654217834286763e-05 9.932236292572251034e-05 3.882801249580983011e-04
1.156000000000000000e+05 5.383696982690810333e-05 9.723123264233365188e-05 3.835344749886103379e-04
1.157000000000000000e+05 3.624118539514477322e-05 7.423862101770830300e-05 3.755019352063275625e-04
1.158000000000000000e+05 3.377082446103825538e-05 7.197940082482619370e-05 3.651134554359941197e-04
1.159000000000000000e+05 3.598872555198810025e-05 7.742100237912043605e-05 3.589611415400266415e-04
1.160000000000000000e+05 5.238505010715692944e-05 8.235292204012957746e-05 3.848916954429716002e-04
1.161000000000000000e+05 3.002535531160656444e-05 7.555000832708020243e-05 4.244846751647924927e-04
1.162000000000000000e+05 5.055942540430486938e-05 9.264192632406923139e-05 4.160897659562081481e-04
1.163000000000000000e+05 3.145174953795676050e-05 6.884875818128673034e-05 3.720813818764209108e-04
1.164000000000000000e+05 2.660530738501551938e-05 8.494471443945479953e-05 3.588343848937827936e-04
1.165000000000000000e+05 3.334380191814009624e-05 7.804330209265614550e-05 3.532998332622256646e-04
1.166000000000000000e+05 3.385235922527887742e-05 8.310474457223825193e-05 3.384521247651136504e-04
1.167000000000000000e+05 5.172726590287664988e-05 8.771951741742855559e-05 3.327584278418504364e-04
1.168000000000000000e+05 4.021848472897772767e-05 7.698598170824817689e-05 3.457496365088170748e-04
1.169000000000000000e+05 3.294660573511208612e-05 5.670464048926490089e-05 3.359734569780371610e-04
1.170000000000000000e+05 3.363408655434826661e-05 7.607126632416924463e-05 3.324001889423687517e-04
1.171000000000000000e+05 2.065827207935888457e-05 4.095217477969947213e-05 3.078597545023776302e-04
1.172000000000000000e+05 2.974491486821352658e-05 5.200692646865190784e-05 2.952909341671301801e-04
1.173000000000000000e+05 4.236452328170545894e-05 1.184532210280753444e-04 2.857394466500917185e-04
1.174000000000000000e+05 2.810994886277932156e-05 5.604926298892118613e-05 2.857799029181033517e-04
1.175000000000000000e+05 5.547228511758073603e-05 1.597295002762673540e-04 3.107677804667940990e-04
1.176000000000000000e+05 6.598245954704724543e-05 1.374764866397963680e-04 2.501751775588071172e-04
1.177000000000000000e+05 5.901107440742979710e-05 1.617209666005318101e-04 1.786414544197709902e-04
1.178000000000000000e+05 2.575261212532778182e-05 6.191630696554217242e-05 2.232128050827142569e-04
1.179000000000000000e+05 4.935318685192325683e-05 8.228221563058154219e-05 2.440695022650330283e-04
1.180000000000000000e+05 3.329500607888140210e-05 6.934000605072809841e-05 2.455206301978184570e-04
1.181000000000000000e+05 2.112804193083725251e-05 5.584459277560381964e-05 2.051324060419370393e-04
1.182000000000000000e+05 4.158594063521217957e-05 1.178883799676180182e-04 2.159315215357009545e-04
1.183000000000000000e+05 3.199163445300463155e-05 5.922167524716287989e-05 1.842527485429171685e-04
1.184000000000000000e+05 2.004436989013982538e-05 3.450454027673679471e-05 1.936214836929980572e-04
1.185000000000000000e+05 2.092842570605051630e-05 3.600613474587493340e-05 1.876100720110493599e-04
1.186000000000000000e+05 3.102213769936874171e-05 7.089758772059505994e-05 2.177612208937956774e-04
1.187000000000000000e+05 2.656214528370677130e-05 3.949928702729306939e-05 1.954669584956980285e-04
1.188000000000000000e+05 2.287810946979652936e-05 4.239774654493530743e-05 1.882015264820861811e-04
1.189000000000000000e+05 3.017761178848160229e-05 7.519979516773907724e-05 2.084589816217912730e-04
1.190000000000000000e+05 1.959825772072037271e-05 5.201399160838289406e-05 1.887830315148126084e-04
1.191000000000000000e+05 1.726435612332545251e-05 2.960803758248839609e-05 1.845205403771174037e-04
1.192000000000000000e+05 2.919676125561401618e-05 5.020302353621398689e-05 1.915240783161908445e-04
1.193000000000000000e+05 3.493457567803708833e-05 5.499056698040873581e-05 1.869285838133633720e-04
1.194000000000000000e+05 1.311924267146963741e-05 6.840297149785242001e-05 1.709435028507985774e-04
1.195000000000000000e+05 2.926760014504911091e-05 4.724766715319885933e-05 1.578915827953276051e-04
1.196000000000000000e+05 1.575904468567568793e-05 3.140447542161997250e-05 1.532915117966729467e-04
1.197000000000000000e+05 2.517759953382650768e-05 4.412118632462228235e-05 1.523703284990910812e-04
1.198000000000000000e+05 2.005780429117915006e-05 4.769121548001310643e-05 1.480557685450790495e-04
1.199000000000000000e+05 3.044132643476003017e-05 5.246753832064161437e-05 1.798423188424074903e-04
