9.000000000000000000e+04 7.822352160319237351e-05 1.691646028213185469e-04 4.790869027368519460e-04
9.010000000000000000e+04 6.950343739113389301e-05 1.453664312454613959e-04 6.628304523411820840e-04
9.020000000000000000e+04 1.383947136008751308e-04 3.412719608401336728e-04 6.964321651646885420e-04
9.030000000000000000e+04 4.810614614501028136e-05 1.112468164672032116e-04 4.620623813302490702e-04
9.040000000000000000e+04 4.486277256734018479e-05 1.331918460336994296e-04 6.758750851063128826e-04
9.050000000000000000e+04 1.251645260662073971e-04 2.952521363721689537e-04 8.055793130186291980e-04
9.060000000000000000e+04 9.829493633191149164e-05 2.354891152934928192e-04 6.961812514537685410e-04
9.070000000000000000e+04 1.036653108952431072e-04 1.565804472299835376e-04 5.115644752607299102e-04
9.080000000000000000e+04 8.199581423118292847e-05 1.741708426799238002e-04 4.941494656237297193e-04
9.090000000000000000e+04 7.063933398655287705e-05 1.357697463787970859e-04 5.175442531271686299e-04
9.100000000000000000e+04 7.430385962396837208e-05 1.453389946952887116e-04 5.380601591832265317e-04
9.110000000000000000e+04 9.865852123588166218e-05 2.141992489667235260e-04 5.491464087758072881e-04
9.120000000000000000e+04 8.660137511786228891e-05 1.752057695101403960e-04 5.544198863784594597e-04
9.130000000000000000e+04 8.037720311928199350e-05 1.678520735998703575e-04 5.820954691371996040e-04
9.140000000000000000e+04 8.778058220183565432e-05 2.318335726884570690e-04 6.078762511972992137e-04
9.150000000000000000e+04 1.150963291065525270e-04 2.347184140165722984e-04 6.531316200500835887e-04
9.160000000000000000e+04 8.567903550666571347e-05 1.953026661653126453e-04 6.540932065488085610e-04
9.170000000000000000e+04 9.714358439947461468e-05 2.271163432954229847e-04 6.604599664442656120e-04
9.180000000000000000e+04 8.831385481601746953e-05 2.048667287778253594e-04 6.994357102259057433e-04
9.190000000000000000e+04 9.832149499719173690e-05 2.226982494685627928e-04 7.474466673690980528e-04
9.200000000000000000e+04 9.635450197106258229e-05 2.549218735442223844e-04 9.253495507863099051e-04
9.210000000000000000e+04 1.178177903733933479e-04 2.902314338240482520e-04 1.166335642916231001e-03
9.220000000000000000e+04 1.503697505342059884e-04 3.493367181300263691e-04 1.270172123325678413e-03
9.230000000000000000e+04 1.822649248008460527e-04 4.317227875810741942e-04 1.306470685791633881e-03
9.240000000000000000e+04 1.753127437912730974e-04 4.037448805942935991e-04 1.282669665500943803e-03
9.250000000000000000e+04 2.281518432854210982e-04 4.765458482785980658e-04 1.310853026087057923e-03
9.260000000000000000e+04 1.459303152596808355e-04 4.254264672281726171e-04 1.232766389560394950e-03
9.270000000000000000e+04 2.042105044059102942e-04 4.721872299060069899e-04 1.277938178571456180e-03
9.280000000000000000e+04 1.482255194053369758e-04 3.426563393111963212e-04 1.224819505308122206e-03
9.290000000000000000e+04 2.429313880764928657e-04 6.048741628192420665e-04 1.320682380770422243e-03
9.300000000000000000e+04 1.564760623014877644e-04 4.122221055182105545e-04 1.252105920053386877e-03
9.310000000000000000e+04 1.986006820274732916e-04 4.231568609104666666e-04 1.232775117996987588e-03
9.320000000000000000e+04 1.532378302804295565e-04 3.557199511488779754e-04 1.182615610705932364e-03
9.330000000000000000e+04 1.532497131348259812e-04 4.103187534709425502e-04 1.193042053543439708e-03
9.340000000000000000e+04 1.133663316953471313e-04 3.032151264539498670e-04 1.191329074397848862e-03
9.350000000000000000e+04 1.159753084832820368e-04 3.194605867682166235e-04 1.179557028941275289e-03
9.360000000000000000e+04 1.588887734408786587e-04 4.057113369549784649e-04 1.184189336095478910e-03
9.370000000000000000e+04 1.497472630934391664e-04 3.664075801321491511e-04 1.250844138894962676e-03
9.380000000000000000e+04 1.885829369356695293e-04 4.445987259274108896e-04 1.275875858320140539e-03
9.390000000000000000e+04 2.302442773207560942e-04 5.040470793628484131e-04 1.219910473350320794e-03
9.400000000000000000e+04 1.223764283428817757e-04 2.984460909189212176e-04 1.196326517390587998e-03
9.410000000000000000e+04 1.333250572325120255e-04 3.479832958881493282e-04 1.235364704768375467e-03
9.420000000000000000e+04 1.571490669364200392e-04 3.812731919784447584e-04 1.283131808116439289e-03
9.430000000000000000e+04 1.846300034220270652e-04 4.636795766513736143e-04 1.267730809217773201e-03
9.440000000000000000e+04 1.656276216488387475e-04 4.028701470579606949e-04 1.216224604766972953e-03
9.450000000000000000e+04 1.879519175258402477e-04 4.200701227535599564e-04 1.169094832270431471e-03
9.460000000000000000e+04 1.682092714045077021e-04 3.641862259208226982e-04 1.167259652450904203e-03
9.470000000000000000e+04 1.774548078381642680e-04 3.940976265342835926e-04 1.190224714802380407e-03
9.480000000000000000e+04 2.121396289080342348e-04 4.193227619381718115e-04 1.141006205465131635e-03
9.490000000000000000e+04 1.877380706682362475e-04 4.205299382545721245e-04 1.159753738992358105e-03
9.500000000000000000e+04 1.686957009478281654e-04 3.894711495442276534e-04 1.164941772969833823e-03
9.510000000000000000e+04 1.904884144370289079e-04 4.167358241147489911e-04 1.178896109174146526e-03
9.520000000000000000e+04 1.797962811241379365e-04 4.122604259708796768e-04 1.142303642226080154e-03
9.530000000000000000e+04 1.794633950469198044e-04 3.963171925157793398e-04 1.189155510255765708e-03
9.540000000000000000e+04 1.551064604120482374e-04 3.992572366313552196e-04 1.271705820438490077e-03
9.550000000000000000e+04 2.512620892891324377e-04 5.463593196687105066e-04 1.325699877597310205e-03
9.560000000000000000e+04 1.968209967792577692e-04 4.473354827904166796e-04 1.266479541997210826e-03
9.570000000000000000e+04 2.181957361164124209e-04 4.849850996558316071e-04 1.250064040897931475e-03
9.580000000000000000e+04 1.647081118285444266e-04 4.235707074637055231e-04 1.250800722967169683e-03
9.590000000000000000e+04 2.183210416885415610e-04 4.600588552506035787e-04 1.282044594272286741e-03
9.600000000000000000e+04 1.969212948639120081e-04 4.668177638325950608e-04 1.252601474846984754e-03
9.610000000000000000e+04 2.382392926735196498e-04 5.151463634956632200e-04 1.273234648951312217e-03
9.620000000000000000e+04 1.638889271503021165e-04 3.578090117421818279e-04 1.168568653442974897e-03
9.630000000000000000e+04 2.059972590549573627e-04 4.352103500644683006e-04 1.156247358221988535e-03
9.640000000000000000e+04 1.446980472932398159e-04 3.334470025414958301e-04 1.284677114750523231e-03
9.650000000000000000e+04 1.280822438798291576e-04 3.506118766950533806e-04 1.427866697110225956e-03
9.660000000000000000e+04 2.231656086996538276e-04 4.269795473754562330e-04 1.488643485879300767e-03
9.670000000000000000e+04 2.446694873631538331e-04 5.484926241624728249e-04 1.406523634262747810e-03
9.680000000000000000e+04 1.930426228118427203e-04 4.283338461695902679e-04 1.312991980146477116e-03
9.690000000000000000e+04 1.217360654822601321e-04 3.113806619870094702e-04 1.257466505725496689e-03
9.700000000000000000e+04 1.627815099333137540e-04 3.767225906815007980e-04 1.220112250552501899e-03
9.710000000000000000e+04 1.931238456034328841e-04 3.851281941269087648e-04 1.184277102574574558e-03
9.720000000000000000e+04 2.013541026016213691e-04 4.944909358507642780e-04 1.285975677882438299e-03
9.730000000000000000e+04 2.380404626555838923e-04 4.720900639049489204e-04 1.303191491407089050e-03
9.740000000000000000e+04 2.412900498896222885e-04 4.570469567431181216e-04 1.257828456511171427e-03
9.750000000000000000e+04 1.882270926853923596e-04 4.058765707533097417e-04 1.327405791207119171e-03
9.760000000000000000e+04 2.312879050097196680e-04 4.605724088719755777e-04 1.337019439563314404e-03
9.770000000000000000e+04 2.328726805431050127e-04 4.660626544610725185e-04 1.339657172974140177e-03
9.780000000000000000e+04 2.399119148759909243e-04 4.710446756788920671e-04 1.320677366785183741e-03
9.790000000000000000e+04 2.603710964127689542e-04 5.308770351369542385e-04 1.336389488031423977e-03
9.800000000000000000e+04 1.836317161647397795e-04 4.026674319096367437e-04 1.287585291732311864e-03
9.810000000000000000e+04 2.436668187335315136e-04 4.890612487671824708e-04 1.374594047281653885e-03
9.820000000000000000e+04 2.412083826488710565e-04 4.943076604502440099e-04 1.471652033111757853e-03
9.830000000000000000e+04 2.247769899434344000e-04 4.999252794947290322e-04 1.324839528367719984e-03
9.840000000000000000e+04 1.818758010015311243e-04 3.943382019050035037e-04 1.358900928213538925e-03
9.850000000000000000e+04 1.821994920829801256e-04 4.086834712704104627e-04 1.371673372368457803e-03
9.860000000000000000e+04 1.665269167349014891e-04 3.243260759186966744e-04 1.382118145722394109e-03
9.870000000000000000e+04 2.424011338011478403e-04 4.776563006142204963e-04 1.493312712356722333e-03
9.880000000000000000e+04 2.704433097675870007e-04 5.270279378406779545e-04 1.494430406825796075e-03
9.890000000000000000e+04 2.619160826868422408e-04 5.015435811876098847e-04 1.583810081944484133e-03
9.900000000000000000e+04 2.009879283883951508e-04 4.739273098368157813e-04 1.653030647887597732e-03
9.910000000000000000e+04 2.614429765925565738e-04 5.262863395226705533e-04 1.750528442216329637e-03
9.920000000000000000e+04 2.193533159689990512e-04 4.564319897385380690e-04 1.677100813431509812e-03
9.930000000000000000e+04 3.235436213922628697e-04 6.925723703087639273e-04 1.874619926062467924e-03
9.940000000000000000e+04 1.867591396961547009e-04 4.437661668466566685e-04 1.706709603961667834e-03
9.950000000000000000e+04 1.829145145517780888e-04 3.677847169553903617e-04 1.766856903543769126e-03
9.960000000000000000e+04 2.888920543683423051e-04 5.440815846324232805e-04 1.921154195921318019e-03
9.970000000000000000e+04 2.644862338668054532e-04 5.606774434691269657e-04 1.732672442816695843e-03
9.980000000000000000e+04 2.365034661084726691e-04 4.741802668347030320e-04 1.836312592906042289e-03
9.990000000000000000e+04 2.943049007143570556e-04 5.950652090710582993e-04 1.806325229551986695e-03
1.000000000000000000e+05 2.370467374127229864e-04 4.819901579252163729e-04 1.592838883453970853e-03
1.001000000000000000e+05 2.444567095818076918e-04 4.771746818722048811e-04 1.754596790621502271e-03
1.002000000000000000e+05 2.474517389253667356e-04 4.971749478000309173e-04 1.731373594820365515e-03
1.003000000000000000e+05 2.453075147136477355e-04 4.546765534331287471e-04 1.747373959342327131e-03
1.004000000000000000e+05 2.261122102671696624e-04 4.541013389123161204e-04 1.739295297317081839e-03
1.005000000000000000e+05 2.446005428333424946e-04 5.132012827815189259e-04 1.727934304346786035e-03
1.006000000000000000e+05 2.373440708240575660e-04 4.568186032241614881e-04 1.708779185248874297e-03
1.007000000000000000e+05 2.309559340288745623e-04 4.942760000967152609e-04 1.790472630810765369e-03
1.008000000000000000e+05 2.751863965792477034e-04 5.456389343823932724e-04 1.863778764913489065e-03
1.009000000000000000e+05 2.486959022702148712e-04 5.224819637875478037e-04 1.843537910386207302e-03
1.010000000000000000e+05 2.433909914120215012e-04 5.082116412335154539e-04 1.825804896951578648e-03
1.011000000000000000e+05 2.857705855991224397e-04 5.225467229431335608e-04 1.779866918059357659e-03
1.012000000000000000e+05 2.558054346215646573e-04 4.938245705679218146e-04 1.799455556331908427e-03
1.013000000000000000e+05 2.805738578230431747e-04 5.694814987125887407e-04 2.049424665299692718e-03
1.014000000000000000e+05 2.434091823763746224e-04 4.768612465558901524e-04 1.891262083936060901e-03
1.015000000000000000e+05 3.050014612555381616e-04 5.252637337862869297e-04 1.815860691092470230e-03
1.016000000000000000e+05 2.279165643816383115e-04 4.179922864277288170e-04 1.568651330708947756e-03
1.017000000000000000e+05 1.993378178174718979e-04 3.903619310217318079e-04 1.597724800844149478e-03
1.018000000000000000e+05 2.819521723088995978e-04 5.322588406586859725e-04 1.800666640489109694e-03
1.019000000000000000e+05 3.085642199800963086e-04 5.449490913934779395e-04 1.797539274629115363e-03
1.020000000000000000e+05 2.024077973414521291e-04 3.741611551767911464e-04 1.891559871434384194e-03
1.021000000000000000e+05 2.672067368650163539e-04 4.882135222997968736e-04 1.868783018120714944e-03
1.022000000000000000e+05 2.669134298873270406e-04 5.189297182455845404e-04 1.846748063839841235e-03
1.023000000000000000e+05 3.525995736278974505e-04 6.244469623707751566e-04 1.868256875187432504e-03
1.024000000000000000e+05 2.589370004825867263e-04 4.643051219988337044e-04 1.916189871601346436e-03
1.025000000000000000e+05 3.014291404486238446e-04 4.972317927711782364e-04 1.901060220568903192e-03
1.026000000000000000e+05 2.770505560587945351e-04 4.412662373071529320e-04 1.847507098989785304e-03
1.027000000000000000e+05 3.180013022430893278e-04 5.262029414406059480e-04 1.803439701556923446e-03
1.028000000000000000e+05 2.287877501800270833e-04 4.146101758411963566e-04 1.792450613200379265e-03
1.029000000000000000e+05 2.796655054480904051e-04 4.796197022253038695e-04 1.976338937142741673e-03
1.030000000000000000e+05 2.460307742008860724e-04 4.178378691217588328e-04 1.720478897349837126e-03
1.031000000000000000e+05 1.949409602512680410e-04 3.779122033963576953e-04 1.765653752614159419e-03
1.032000000000000000e+05 2.664822098507886160e-04 4.799440739286261852e-04 1.843198950069835839e-03
1.033000000000000000e+05 2.776233895160316878e-04 4.949385797652157588e-04 1.874484952687275469e-03
1.034000000000000000e+05 2.462378945292933649e-04 3.695287223478907479e-04 1.718086194779187966e-03
1.035000000000000000e+05 2.644533041539429141e-04 4.144164553774693730e-04 1.781607920272513731e-03
1.036000000000000000e+05 2.440673333023691497e-04 4.447860441862908770e-04 1.754418573749243421e-03
1.037000000000000000e+05 2.797146624495935787e-04 4.664018816100316909e-04 1.640890547642556404e-03
1.038000000000000000e+05 2.773046038761879054e-04 4.640491762913712733e-04 1.701714179789839488e-03
1.039000000000000000e+05 2.741499058529204592e-04 4.124374683810673112e-04 1.778974209971902502e-03
1.040000000000000000e+05 2.922765441694700692e-04 4.787405421585141149e-04 1.549860149396017385e-03
1.041000000000000000e+05 2.703906667424502228e-04 4.171895471358369554e-04 1.651663812699557003e-03
1.042000000000000000e+05 2.755197767414895981e-04 4.601151116441495274e-04 1.784566284965930644e-03
1.043000000000000000e+05 3.057699278072021666e-04 4.735600706166557920e-04 1.678193762236227611e-03
1.044000000000000000e+05 2.404724984413338183e-04 4.667618954779424473e-04 1.710444476197743981e-03
1.045000000000000000e+05 3.519058092000455253e-04 5.614195617204519040e-04 1.817728089335361383e-03
1.046000000000000000e+05 3.334150495112506683e-04 5.447249856791471466e-04 1.783294379608545491e-03
1.047000000000000000e+05 2.978255181219709342e-04 4.762329165720825992e-04 1.711687702102049390e-03
1.048000000000000000e+05 2.792573879126214985e-04 4.339103096604264489e-04 1.764426688872037033e-03
1.049000000000000000e+05 2.951844184938376588e-04 4.459197493159058976e-04 1.806538634041010343e-03
1.050000000000000000e+05 3.728172443467981170e-04 6.044718684784522195e-04 1.790108120206082174e-03
1.051000000000000000e+05 3.555385952126578850e-04 5.825552053343413354e-04 1.805360862921209742e-03
1.052000000000000000e+05 3.195383114334008397e-04 5.098296778042899630e-04 1.839191839952046938e-03
1.053000000000000000e+05 2.399020691209686681e-04 4.320104248308313539e-04 1.810559277347016010e-03
1.054000000000000000e+05 3.419482736218189007e-04 5.512773407180351394e-04 1.884456623386717529e-03
1.055000000000000000e+05 3.142996747809365110e-04 4.920117452790577495e-04 1.700602902931252830e-03
1.056000000000000000e+05 3.467096855260200141e-04 5.701740279631796297e-04 1.721115792666555282e-03
1.057000000000000000e+05 3.502449636801744943e-04 5.777210043411804170e-04 1.785521292605523344e-03
1.058000000000000000e+05 3.496436804337522703e-04 5.998109596567543361e-04 1.829434042783997056e-03
1.059000000000000000e+05 3.019015105063232313e-04 4.644315111095324768e-04 1.861704295345863050e-03
1.060000000000000000e+05 3.308211414523990791e-04 5.135438177194479124e-04 1.840009536591377540e-03
1.061000000000000000e+05 2.974421639943304607e-04 4.503107669269386121e-04 1.777567860757721038e-03
1.062000000000000000e+05 2.682706716118764961e-04 4.098408990367329377e-04 1.698336009868572265e-03
1.063000000000000000e+05 3.016767365853565818e-04 4.609225980739151563e-04 1.736603070381214720e-03
1.064000000000000000e+05 2.936720527883908763e-04 4.921940594360240794e-04 1.683244941493736027e-03
1.065000000000000000e+05 2.950139333897875554e-04 4.615509248564978340e-04 1.687563367613000151e-03
1.066000000000000000e+05 2.897174341241739916e-04 4.666399434954432608e-04 1.783919655606279247e-03
1.067000000000000000e+05 3.574163068814982351e-04 5.383652063026577502e-04 1.871396700108443655e-03
1.068000000000000000e+05 3.309894493176107448e-04 5.446341946123052242e-04 1.920745970464605339e-03
1.069000000000000000e+05 3.913568212358404380e-04 6.393155801037891158e-04 1.888001383926506084e-03
1.070000000000000000e+05 3.812822528193842830e-04 5.767315802924829343e-04 1.815155380087029062e-03
1.071000000000000000e+05 3.452053986029018917e-04 5.272779117933351026e-04 1.847779578116461085e-03
1.072000000000000000e+05 3.921196327805541015e-04 5.978570149821939034e-04 1.867773252932155778e-03
1.073000000000000000e+05 4.084425490950940093e-04 7.019322992535661013e-04 1.952983333416914670e-03
1.074000000000000000e+05 3.574471914681539349e-04 5.607370189460575676e-04 2.097201103359151459e-03
1.075000000000000000e+05 4.240761294726103775e-04 6.408657995616608150e-04 2.038018527608943028e-03
1.076000000000000000e+05 3.496344007944101728e-04 5.536862496290742043e-04 1.838948588003867140e-03
1.077000000000000000e+05 3.236506304649066062e-04 4.975659440900150922e-04 1.895611205156637726e-03
1.078000000000000000e+05 3.744824527421219875e-04 5.989070110348387096e-04 1.905909826975022217e-03
1.079000000000000000e+05 3.233824519881624889e-04 4.947863855956572809e-04 1.916409123979733592e-03
1.080000000000000000e+05 3.449754011425238982e-04 5.256822723353532425e-04 1.868939463151707975e-03
1.081000000000000000e+05 3.696222882046706383e-04 5.860484171557401104e-04 1.739074092161995225e-03
1.082000000000000000e+05 3.434850579586501765e-04 5.152440195299969657e-04 1.760014015116798071e-03
1.083000000000000000e+05 3.448033771075735467e-04 5.369236169601972544e-04 1.781859351645892963e-03
1.084000000000000000e+05 4.043572162689449637e-04 6.537460165144258657e-04 1.796094309822622017e-03
1.085000000000000000e+05 3.505202573165818857e-04 5.412740595706014984e-04 1.819632999986882859e-03
1.086000000000000000e+05 3.959767954134104078e-04 6.299762341595059947e-04 1.844303227779118095e-03
1.087000000000000000e+05 3.769259088119134883e-04 5.853323527278701723e-04 1.824621513397688523e-03
1.088000000000000000e+05 3.912826139349729129e-04 5.872642967728440317e-04 1.941717939694664668e-03
1.089000000000000000e+05 3.786114566445249793e-04 6.314259580348141523e-04 1.942517831552303953e-03
1.090000000000000000e+05 4.159232134663462793e-04 6.841111484682950005e-04 2.000432067148787737e-03
1.091000000000000000e+05 4.373353465523409280e-04 6.955682262295380652e-04 2.122267646075897806e-03
1.092000000000000000e+05 4.149240686668260233e-04 6.509458590437083424e-04 2.012952005191962455e-03
1.093000000000000000e+05 3.679507481196323503e-04 5.878858116783391378e-04 1.923992079714071735e-03
1.094000000000000000e+05 3.908208041018546020e-04 6.107022990766517584e-04 1.956554246252934382e-03
1.095000000000000000e+05 3.739689359752826521e-04 5.988070066595655057e-04 1.953553858360585101e-03
1.096000000000000000e+05 4.345026562411397932e-04 6.639231160195735795e-04 1.857880421079293951e-03
1.097000000000000000e+05 3.179746257351348786e-04 4.835603554996063813e-04 1.855596877683251102e-03
1.098000000000000000e+05 3.772831566421800883e-04 6.369282905826698354e-04 1.813503070392676443e-03
1.099000000000000000e+05 2.477671781243328576e-04 4.125046346712035652e-04 1.840072601431736983e-03
1.100000000000000000e+05 3.316933107428623063e-04 5.626187597046654679e-04 1.772524634945069110e-03
1.101000000000000000e+05 3.217655557316999228e-04 5.122116738954939248e-04 1.817566924561084653e-03
1.102000000000000000e+05 3.585076145077874168e-04 6.335886937605820016e-04 1.758948533658584315e-03
1.103000000000000000e+05 3.646145914158525729e-04 5.603170820442555673e-04 1.769294458295084206e-03
1.104000000000000000e+05 2.830841543008373682e-04 4.717522033078772395e-04 1.681819475423963414e-03
1.105000000000000000e+05 2.774734572527737080e-04 4.863465672630803895e-04 1.635468714116011498e-03
1.106000000000000000e+05 3.204718833943152878e-04 5.117025215277896510e-04 1.639828998790130539e-03
1.107000000000000000e+05 3.362554654187501282e-04 5.115160293039809538e-04 1.648368071775379142e-03
1.108000000000000000e+05 3.532570957518379323e-04 5.977276173185714150e-04 1.632902738584446735e-03
1.109000000000000000e+05 3.079632950727894097e-04 5.242503452454424541e-04 1.633116202787788943e-03
1.110000000000000000e+05 2.923557672463417655e-04 5.095780582309824332e-04 1.632967021464483111e-03
1.111000000000000000e+05 3.110390130647527722e-04 5.694398301144701444e-04 1.672224306482301926e-03
1.112000000000000000e+05 3.456649835228647969e-04 5.701453703725264683e-04 1.725586439505766940e-03
1.113000000000000000e+05 3.511868537399759262e-04 5.862677533132901273e-04 1.682987924881372598e-03
1.114000000000000000e+05 3.261065505733877143e-04 5.805004586069461084e-04 1.683613641206728809e-03
1.115000000000000000e+05 2.922399618490428147e-04 4.918972772644236973e-04 1.707041806335745857e-03
1.116000000000000000e+05 2.585033988760719170e-04 4.890910969392123914e-04 1.707383635077298727e-03
1.117000000000000000e+05 2.815901333119198453e-04 5.170048193956350551e-04 1.807768927542312450e-03
1.118000000000000000e+05 3.362757600505754570e-04 6.034099265511247336e-04 1.670709648496317883e-03
1.119000000000000000e+05 2.733483983511739591e-04 4.907166439446033514e-04 1.586993621525956870e-03
1.120000000000000000e+05 2.598212919311196096e-04 4.232519809969901604e-04 1.552053843314810415e-03
1.121000000000000000e+05 2.568526665283836063e-04 4.509163341080819030e-04 1.667521618290560394e-03
1.122000000000000000e+05 2.917229159718265005e-04 5.437967621669521998e-04 1.806531658180215950e-03
1.123000000000000000e+05 3.355782287772859657e-04 5.988469502669290477e-04 1.913763193915996074e-03
1.124000000000000000e+05 3.079940823581214272e-04 6.372961715733996713e-04 1.918881646595663399e-03
1.125000000000000000e+05 2.880476805261827575e-04 5.062530816548286433e-04 1.682745084316230677e-03
1.126000000000000000e+05 2.797133360775833077e-04 5.354061142811014987e-04 1.655944003879031333e-03
1.127000000000000000e+05 2.350246854741768962e-04 4.140013873408995848e-04 1.878959519357480124e-03
1.128000000000000000e+05 2.799232460253845908e-04 4.455428342048295062e-04 1.748081578070827388e-03
1.129000000000000000e+05 3.151206351165163500e-04 5.547549675636721626e-04 1.754960120681690839e-03
1.130000000000000000e+05 2.771221341977534759e-04 5.470638021622608541e-04 1.853924257941980775e-03
1.131000000000000000e+05 3.654375754720416876e-04 6.235411648696695917e-04 1.865905354415008793e-03
1.132000000000000000e+05 2.863002387389829758e-04 4.458365408710513074e-04 1.629448915708326144e-03
1.133000000000000000e+05 2.540828871648206488e-04 4.945477734282267574e-04 1.593314053914320029e-03
1.134000000000000000e+05 2.783168744175553138e-04 5.006746410593037287e-04 1.856798129639079852e-03
1.135000000000000000e+05 3.823025525686624300e-04 6.204106149398226459e-04 1.780568910806205364e-03
1.136000000000000000e+05 2.252927815378836553e-04 4.327049256242429531e-04 1.512623918039362461e-03
1.137000000000000000e+05 2.720149928909212835e-04 4.960056244224342152e-04 1.694216250436834589e-03
1.138000000000000000e+05 2.316972363783670764e-04 4.381413396178342537e-04 1.661726602130956945e-03
1.139000000000000000e+05 2.981280592472964567e-04 4.998259468716624229e-04 1.800344949832748858e-03
1.140000000000000000e+05 3.827309499165939145e-04 6.664057090509305052e-04 1.849649017614284465e-03
1.141000000000000000e+05 3.654719838034772936e-04 6.481475166081793714e-04 1.738383313978640208e-03
1.142000000000000000e+05 2.963415902149427704e-04 5.669656892258599819e-04 1.587263293201890716e-03
1.143000000000000000e+05 3.552477035199232483e-04 6.383667005257697910e-04 1.809103047362686963e-03
1.144000000000000000e+05 2.982315946653409881e-04 5.322495370705957254e-04 1.797773759092071875e-03
1.145000000000000000e+05 2.729074191431504932e-04 5.319621951996066685e-04 1.733106574138284757e-03
1.146000000000000000e+05 2.550481593724094904e-04 4.811273545862854942e-04 1.631638646004352150e-03
1.147000000000000000e+05 2.794458067437305404e-04 5.566541572912301304e-04 1.664479354833034224e-03
1.148000000000000000e+05 3.502874037123607578e-04 5.933635866231354479e-04 1.720796009940119171e-03
1.149000000000000000e+05 2.840816822871276674e-04 5.620673889636523812e-04 1.742023963742878566e-03
1.150000000000000000e+05 2.734023159355288869e-04 5.217374082075740618e-04 1.710364624663434502e-03
1.151000000000000000e+05 2.695089502419783199e-04 4.736839755668431542e-04 1.746167042600566812e-03
1.152000000000000000e+05 1.252178059561537618e-04 3.289666910427080631e-04 1.674077724395407101e-03
1.153000000000000000e+05 1.504773169603928172e-04 2.976569337206226139e-04 1.590406435767513157e-03
1.154000000000000000e+05 2.525936828597656527e-04 4.944553484091010302e-04 1.695074088331827286e-03
1.155000000000000000e+05 3.229932516257906679e-04 6.210259828655735267e-04 1.846771935469500997e-03
1.156000000000000000e+05 2.337956771524712148e-04 4.581545329213122277e-04 1.912333298822462653e-03
1.157000000000000000e+05 2.714222446307036109e-04 4.636129594713085753e-04 1.894758595948405283e-03
1.158000000000000000e+05 2.801853764239389637e-04 5.497890145233776896e-04 1.754644890868721106e-03
1.159000000000000000e+05 2.153284447130158520e-04 4.746544310892145905e-04 1.754505499087667198e-03
1.160000000000000000e+05 2.810609786238957557e-04 5.560458618373504205e-04 1.936663799998825574e-03
1.161000000000000000e+05 1.513453282212771922e-04 3.328722994715501045e-04 2.218088652215250128e-03
1.162000000000000000e+05 3.193938736932261206e-04 6.572082941798049194e-04 2.052483665615297600e-03
1.163000000000000000e+05 1.687407366790030783e-04 2.553114347393060056e-04 2.112110331689904651e-03
1.164000000000000000e+05 2.963636945660633095e-04 5.921595636856262588e-04 1.852809111580377283e-03
1.165000000000000000e+05 3.361835224769513415e-04 6.539414456914604146e-04 1.748778505491133855e-03
1.166000000000000000e+05 3.122689374114328599e-04 6.431830857797859145e-04 1.677383145418813448e-03
1.167000000000000000e+05 3.297358635166224104e-04 6.302691340893821006e-04 1.707274242269496293e-03
1.168000000000000000e+05 2.718852047064995031e-04 4.645183298020490875e-04 1.681959776273634147e-03
1.169000000000000000e+05 2.701109580699999086e-04 4.902414930619994164e-04 1.666589998011423724e-03
1.170000000000000000e+05 2.725325034407329212e-04 5.387232661964629424e-04 1.405245179686290648e-03
1.171000000000000000e+05 2.081631863833574569e-04 5.224056146549214529e-04 1.250073796719358655e-03
1.172000000000000000e+05 1.457352205086072773e-04 3.142568628112665059e-04 1.102294498112213342e-03
1.173000000000000000e+05 2.110270672333701544e-04 3.868477302814114652e-04 1.081967790649378085e-03
1.174000000000000000e+05 1.732088416665347524e-04 3.311545410928578648e-04 1.111441081891680191e-03
1.175000000000000000e+05 3.200996474236657979e-04 9.137894682034576957e-04 1.142262430655329982e-03
1.176000000000000000e+05 1.543739773142711988e-04 3.232724106780945493e-04 4.829246853316003073e-04
1.177000000000000000e+05 1.051349189135161342e-04 2.460098245005450362e-04 3.679196786270698752e-04
1.178000000000000000e+05 5.629499530314841134e-05 1.575380350110561559e-04 8.059184450768178262e-04
1.179000000000000000e+05 4.946115198986252882e-05 1.125080021185948919e-04 4.998766088266268183e-04
1.180000000000000000e+05 9.145275579568976380e-05 1.446276684790779557e-04 5.203006160189768388e-04
1.181000000000000000e+05 8.210110501092368184e-05 1.321641418821530977e-04 5.087030652703323228e-04
1.182000000000000000e+05 8.294907818096118428e-05 1.464138802836982252e-04 4.824933867651321449e-04
1.183000000000000000e+05 1.089847342532995582e-04 1.656065300077014094e-04 4.086711350464406552e-04
1.184000000000000000e+05 8.967293680853390906e-05 1.625922483652060915e-04 4.521393067182727442e-04
1.185000000000000000e+05 7.276771155937956361e-05 1.283775779284537853e-04 4.191134953685027656e-04
1.186000000000000000e+05 5.328899097677087995e-05 8.601177591813756202e-05 3.945881821325075592e-04
1.187000000000000000e+05 8.981513518986871921e-05 1.448314511819573510e-04 4.087920152753408867e-04
1.188000000000000000e+05 6.237500116875805464e-05 9.367539105792165423e-05 4.309320590531651629e-04
1.189000000000000000e+05 5.662545298794650428e-05 8.810741903497260269e-05 3.674500636796434409e-04
1.190000000000000000e+05 7.941217053071894516e-05 1.198806733408508472e-04 4.424004810796209296e-04
1.191000000000000000e+05 7.840311899764078980e-05 1.213512727834989251e-04 4.005722757178198042e-04
1.192000000000000000e+05 7.207431346154446940e-05 1.180132507275721506e-04 4.496870114894933770e-04
1.193000000000000000e+05 5.335838247915721888e-05 1.028956168470669522e-04 4.032545093423529881e-04
1.194000000000000000e+05 5.196698554694876215e-05 7.992664020010524289e-05 3.419846041520304704e-04
1.195000000000000000e+05 5.977048846483943700e-05 1.117962447725445708e-04 3.596530946352270437e-04
1.196000000000000000e+05 5.467760129139915019e-05 8.863158369951253763e-05 3.599800846327069087e-04
1.197000000000000000e+05 6.034971650879301279e-05 9.183516493810111800e-05 3.417596682088530689e-04
1.198000000000000000e+05 3.499161027408262924e-05 6.499720333263085811e-05 2.838129132647305357e-04
1.199000000000000000e+05 4.665893044392775539e-05 8.837410005265738011e-05 2.877047479154450798e-04
