9.000000000000000000e+04 3.489946018245714194e-06 6.472130907965594512e-06 3.472293251898760362e-05
9.010000000000000000e+04 1.164473589703170588e-06 2.901289410125758967e-06 3.571151070579510175e-05
9.020000000000000000e+04 2.123513163863758116e-06 3.968370302265162859e-06 3.521520395596276944e-05
9.030000000000000000e+04 2.639794947898780838e-06 4.838719015172552457e-06 3.739532284352628955e-05
9.040000000000000000e+04 8.329508529839908934e-07 2.750019745792382255e-06 4.214820168892169816e-05
9.050000000000000000e+04 1.957683191168190699e-06 3.535714931235468318e-06 4.288280770814418370e-05
9.060000000000000000e+04 9.681571023760520605e-07 1.697103701769564162e-06 3.898048826400314539e-05
9.070000000000000000e+04 5.225259475440880894e-06 1.480323521974902695e-05 3.877730099251133593e-05
9.080000000000000000e+04 1.536481483592958941e-06 2.438545162192386337e-06 3.496556612202790634e-05
9.090000000000000000e+04 1.499950937305902818e-06 4.450429239104790324e-06 3.764344919838080169e-05
9.100000000000000000e+04 1.558926970986482328e-06 4.001363404283280161e-06 3.964636808868886211e-05
9.110000000000000000e+04 3.976275482184363653e-06 8.060761603667881796e-06 3.470370099884029046e-05
9.120000000000000000e+04 1.436684437468091079e-06 3.979402030015612005e-06 4.741640134270467015e-05
9.130000000000000000e+04 3.183452850683926539e-06 6.346889916774558701e-06 3.866932635564683085e-05
9.140000000000000000e+04 1.653606408271320841e-06 3.579003681285657698e-06 3.903270769938732776e-05
9.150000000000000000e+04 2.876523605313523614e-06 4.867642779182425545e-06 3.727002272569697591e-05
9.160000000000000000e+04 1.947721458827819403e-06 6.501303634519136503e-06 4.305589205452502904e-05
9.170000000000000000e+04 4.336254865748528475e-06 8.166204498296391928e-06 4.948440353640442879e-05
9.180000000000000000e+04 2.925198192211492872e-06 6.431851871225076768e-06 4.400517128178039474e-05
9.190000000000000000e+04 3.616491868445002053e-06 7.019631753817474017e-06 4.408380026440759540e-05
9.200000000000000000e+04 3.692103203438712726e-06 8.237629044204701208e-06 4.651901473256630181e-05
9.210000000000000000e+04 2.791961396931534492e-06 6.020679209572333472e-06 4.743080506959796675e-05
9.220000000000000000e+04 2.841570131872528002e-06 7.729406894508978579e-06 5.059708534790292265e-05
9.230000000000000000e+04 3.474894951211731525e-06 6.627885959068223519e-06 5.173029033862177082e-05
9.240000000000000000e+04 2.163853998108489609e-06 3.194595384622744621e-06 5.171428188798482377e-05
9.250000000000000000e+04 2.984693862127555069e-06 4.166241014686853023e-06 4.913008828998149870e-05
9.260000000000000000e+04 1.931274787758240769e-06 6.337233895475880788e-06 5.060213017064328124e-05
9.270000000000000000e+04 6.229616037431635368e-06 1.242791802285765092e-05 5.167487610934022027e-05
9.280000000000000000e+04 4.220367769430405120e-06 9.232488682497465347e-06 4.836745681919721551e-05
9.290000000000000000e+04 2.331981103096193752e-06 6.190281325764719731e-06 4.856626452752984039e-05
9.300000000000000000e+04 3.754569366007220598e-06 7.555839155624509331e-06 4.967167907568805543e-05
9.310000000000000000e+04 3.972877267966619093e-06 7.674195616718666290e-06 5.022927750037880547e-05
9.320000000000000000e+04 2.518340440275727268e-06 7.893192760352500464e-06 5.025937513524268805e-05
9.330000000000000000e+04 2.243953843057779919e-06 5.881476216435480443e-06 4.972444991922442883e-05
9.340000000000000000e+04 4.926712596088900491e-06 1.292880181081785033e-05 4.815149616076218157e-05
9.350000000000000000e+04 4.024798364743917257e-06 1.006716896582919265e-05 4.883468592201632968e-05
9.360000000000000000e+04 3.566954245443106487e-06 8.320982825086412917e-06 4.710195444963655550e-05
9.370000000000000000e+04 3.063413798508276989e-06 6.184941776517089676e-06 5.043105700355228818e-05
9.380000000000000000e+04 4.243041476167681153e-06 7.154752258752007622e-06 5.159153677352915004e-05
9.390000000000000000e+04 3.917898429784456187e-06 1.002192436089714933e-05 5.091859720637904478e-05
9.400000000000000000e+04 2.085191299254951676e-06 6.631257655408854081e-06 5.013532798577785348e-05
9.410000000000000000e+04 3.828852232543919064e-06 5.727991122217528889e-06 5.262979756741930146e-05
9.420000000000000000e+04 3.136745523985134932e-06 6.804211182788431097e-06 5.161435871395483193e-05
9.430000000000000000e+04 5.383981819859489249e-06 1.028877919053847385e-05 4.952919477832171959e-05
9.440000000000000000e+04 4.129794503436660632e-06 7.339249473458430502e-06 4.966427815506983649e-05
9.450000000000000000e+04 4.137914611284255334e-06 7.028348916199909197e-06 4.992919970759459377e-05
9.460000000000000000e+04 3.220637613451444092e-06 6.032642111235275717e-06 5.313145811836307239e-05
9.470000000000000000e+04 2.611936224275079497e-06 6.978753917391481278e-06 5.475564766300971664e-05
9.480000000000000000e+04 1.412577464862859995e-06 2.985851495291762605e-06 4.973092813329264020e-05
9.490000000000000000e+04 3.556576698631338477e-06 6.731408992565062507e-06 4.853809958656735401e-05
9.500000000000000000e+04 3.799524510044577624e-06 9.474502147439363550e-06 5.027894172452875016e-05
9.510000000000000000e+04 1.018949420897127974e-06 2.583848417858142970e-06 4.838441000748080979e-05
9.520000000000000000e+04 2.902918103694747333e-06 5.160949875368646292e-06 4.963066407285607584e-05
9.530000000000000000e+04 3.212282882545935698e-06 8.503989121636873960e-06 5.293228470636551243e-05
9.540000000000000000e+04 3.135208928779174018e-06 5.501772531858959152e-06 5.018197077599004382e-05
9.550000000000000000e+04 2.942334052008792247e-06 5.427026812191194124e-06 5.014871287865207321e-05
9.560000000000000000e+04 3.326919834163286798e-06 6.867029125512948910e-06 4.826969764047083216e-05
9.570000000000000000e+04 7.842115052713399760e-06 1.201600731280007267e-05 5.221207535436347665e-05
9.580000000000000000e+04 3.501838705479448795e-06 7.608353437626034685e-06 5.086147312017648598e-05
9.590000000000000000e+04 6.245978794449989584e-06 1.106378814254540052e-05 5.176998173454152582e-05
9.600000000000000000e+04 1.325073844773589911e-06 3.304879955980742742e-06 5.471664305495573633e-05
9.610000000000000000e+04 3.352733900920556087e-06 6.319983535159224978e-06 5.182720403085947197e-05
9.620000000000000000e+04 1.599689176163656746e-06 4.190719096435513197e-06 5.193977997975053791e-05
9.630000000000000000e+04 1.700920350701805349e-06 4.413679581398601134e-06 5.177674517128211511e-05
9.640000000000000000e+04 1.559022714681762253e-06 5.494804893989897081e-06 5.196827553485542419e-05
9.650000000000000000e+04 3.581478444878176317e-06 9.538226304469646019e-06 5.039796597823373466e-05
9.660000000000000000e+04 2.577141462409541400e-06 6.519104552733058283e-06 5.231172299350957160e-05
9.670000000000000000e+04 1.911451753391228464e-06 3.708856228949828238e-06 5.371374617122977660e-05
9.680000000000000000e+04 3.180415135046760905e-06 5.296301152482859134e-06 5.182256017174273824e-05
9.690000000000000000e+04 1.319665942539453851e-06 4.598323943311769760e-06 5.263392573775460369e-05
9.700000000000000000e+04 3.325676619125466943e-06 7.384988663240423185e-06 5.350499027955003372e-05
9.710000000000000000e+04 2.763768512828889323e-06 8.027201655900998854e-06 5.374046118707820211e-05
9.720000000000000000e+04 3.478550609582514632e-06 8.584691894762164243e-06 5.218693063790770433e-05
9.730000000000000000e+04 5.297402946204005114e-06 1.082549641107461233e-05 5.195557011090795200e-05
9.740000000000000000e+04 3.277613550710159192e-06 9.130662480141127487e-06 5.051609291697570404e-05
9.750000000000000000e+04 4.190946914818622303e-06 6.272970952170488668e-06 5.224771356005373282e-05
9.760000000000000000e+04 4.200311270458248058e-06 6.540162340995804807e-06 5.643545875815143256e-05
9.770000000000000000e+04 6.312247490499350063e-06 1.320020837323910982e-05 5.499352095065891324e-05
9.780000000000000000e+04 7.807774614379429728e-06 1.344572439796501125e-05 5.469560791387305344e-05
9.790000000000000000e+04 7.078903018121333911e-06 1.277524473074609747e-05 5.475882291705690531e-05
9.800000000000000000e+04 6.335685948749461126e-06 1.148860566128466373e-05 5.578042790591718626e-05
9.810000000000000000e+04 2.342353333377807003e-06 3.616872515112840437e-06 5.255455625533300609e-05
9.820000000000000000e+04 2.087851308569992959e-06 4.566157963016429563e-06 5.393745479144127777e-05
9.830000000000000000e+04 3.013690125088240622e-06 5.370905570703755829e-06 5.475783934779516993e-05
9.840000000000000000e+04 2.972724729462075698e-06 5.926805473005890691e-06 4.981385772540521285e-05
9.850000000000000000e+04 3.386397266991788679e-06 5.433643661579473704e-06 5.322242973967477366e-05
9.860000000000000000e+04 2.155541383196826559e-06 4.736900443403884299e-06 5.503469166866962017e-05
9.870000000000000000e+04 5.865585054253719826e-06 8.629229432976179574e-06 5.480265985959718091e-05
9.880000000000000000e+04 2.319580602835892276e-06 7.210131586976382316e-06 5.699417371136185394e-05
9.890000000000000000e+04 4.901851079626471199e-06 6.995529244704305327e-06 5.487571314445552909e-05
9.900000000000000000e+04 4.564834878420661549e-06 6.542943674262422979e-06 5.945935541687380292e-05
9.910000000000000000e+04 3.401987748104618543e-06 6.074699092424930313e-06 6.177683464850060899e-05
9.920000000000000000e+04 5.318115479215158111e-06 7.671892382759824846e-06 6.235815769895877866e-05
9.930000000000000000e+04 3.581842967131365347e-06 8.323664187725863433e-06 6.549015658585423925e-05
9.940000000000000000e+04 3.582413306671589114e-06 7.238720256140083618e-06 6.136082692043434391e-05
9.950000000000000000e+04 2.230504925787905011e-06 7.511321011619429759e-06 6.538228542299149421e-05
9.960000000000000000e+04 3.828840302289466266e-06 7.136804364354197160e-06 6.319734505984548180e-05
9.970000000000000000e+04 3.621485422263520236e-06 7.272726371667106950e-06 6.270298568617986405e-05
9.980000000000000000e+04 1.913593864857145209e-06 3.284635929246725516e-06 6.396077895967301394e-05
9.990000000000000000e+04 2.555917059923352845e-06 6.141406044175463388e-06 6.694077582306287653e-05
1.000000000000000000e+05 2.358259242162479659e-06 5.292321457964965705e-06 6.026976550196751437e-05
1.001000000000000000e+05 3.777275416584139332e-06 9.207154704061066555e-06 6.134468836852728733e-05
1.002000000000000000e+05 6.536567559485418461e-06 1.459229088823399032e-05 6.298001480531819588e-05
1.003000000000000000e+05 5.340583680066017156e-06 1.588961922985049780e-05 6.290425407069162925e-05
1.004000000000000000e+05 4.118377153623297511e-06 1.170420430074254427e-05 6.138936898169058390e-05
1.005000000000000000e+05 5.822834267048469206e-06 1.266366889153245116e-05 6.408182601903620972e-05
1.006000000000000000e+05 6.077057080966475570e-06 1.881074218881660784e-05 6.335567946504274816e-05
1.007000000000000000e+05 5.299487952269740353e-06 8.589106031577285164e-06 6.660163288008353959e-05
1.008000000000000000e+05 2.953395328000692406e-06 6.924449370626474336e-06 6.273959898226227840e-05
1.009000000000000000e+05 5.608596845150536666e-06 1.074001449394783965e-05 6.507238017949722099e-05
1.010000000000000000e+05 3.488473527933733478e-06 6.897147912691885892e-06 6.365582161544088382e-05
1.011000000000000000e+05 3.947188449702743434e-06 7.316591108087366262e-06 6.352838348521896810e-05
1.012000000000000000e+05 1.513905379495303523e-06 2.252735930817077780e-06 6.983010056324515037e-05
1.013000000000000000e+05 2.536974584381937047e-06 4.744729255470810135e-06 6.796709088052208328e-05
1.014000000000000000e+05 1.623878800513961799e-06 2.851688457000396519e-06 6.516607306508067081e-05
1.015000000000000000e+05 3.115046971005142398e-06 4.557396979355519983e-06 6.448130179468355809e-05
1.016000000000000000e+05 7.760167753211624471e-06 1.336639185425979510e-05 5.920720748395386383e-05
1.017000000000000000e+05 1.884343509172025689e-06 3.502926067134179086e-06 6.018896991170284662e-05
1.018000000000000000e+05 5.815386432425803632e-06 9.893759760841305069e-06 6.558625561105721458e-05
1.019000000000000000e+05 4.069074163203442187e-06 6.650316797335840448e-06 6.736178982800990114e-05
1.020000000000000000e+05 5.942050629352068172e-06 9.955337493382147125e-06 6.681485668377566375e-05
1.021000000000000000e+05 6.122710243011301795e-06 1.208560213191263921e-05 6.827617352437451094e-05
1.022000000000000000e+05 8.440561832669011774e-06 1.465514001169643141e-05 6.849767547375238980e-05
1.023000000000000000e+05 2.564295941949099305e-06 9.743232559093217035e-06 6.815320170540724212e-05
1.024000000000000000e+05 5.204519007603875111e-06 9.548395911546789434e-06 6.663430066689386081e-05
1.025000000000000000e+05 7.019668150636484039e-06 1.565788327245073411e-05 6.645329915973662428e-05
1.026000000000000000e+05 4.143489179930738477e-06 1.416224555146345775e-05 6.747757180573190521e-05
1.027000000000000000e+05 2.748943204151102710e-06 5.220772525602184757e-06 6.728974272441471164e-05
1.028000000000000000e+05 5.293080644557585557e-06 9.260357931159737138e-06 6.582812668417430731e-05
1.029000000000000000e+05 2.940246304679555549e-06 5.385878229117226903e-06 6.423139366757534680e-05
1.030000000000000000e+05 3.930849263423188034e-06 6.518545500130778310e-06 6.799123527244824530e-05
1.031000000000000000e+05 3.934848506774777212e-06 1.347051414506574669e-05 6.623691303526599815e-05
1.032000000000000000e+05 4.048802571633011650e-06 1.427629371855144416e-05 6.557308280263068206e-05
1.033000000000000000e+05 2.895593979232341281e-06 5.822646292576082942e-06 6.744984129413618694e-05
1.034000000000000000e+05 2.031310278068003774e-06 4.080002950305176455e-06 6.376356040600856460e-05
1.035000000000000000e+05 1.653148535884444575e-06 6.028288025775177051e-06 6.506894707795925052e-05
1.036000000000000000e+05 3.488995470675201990e-06 7.966436493867727446e-06 6.638756788199702823e-05
1.037000000000000000e+05 4.085992351781211950e-06 9.797276925732949714e-06 6.438851363979608165e-05
1.038000000000000000e+05 6.154112592514409058e-06 1.283615140211835138e-05 6.566999915979005874e-05
1.039000000000000000e+05 1.972383010467140309e-06 4.288767665901770164e-06 6.245825998921391827e-05
1.040000000000000000e+05 3.292377309751559394e-06 6.071923155310370317e-06 6.297271294527750072e-05
1.041000000000000000e+05 2.187239093229933270e-06 3.747450947907809418e-06 6.199872830738840880e-05
1.042000000000000000e+05 6.651161928674144961e-06 1.927150412931079852e-05 6.600045636730606522e-05
1.043000000000000000e+05 3.699554045886947859e-06 1.451289160096085344e-05 6.545755918182387162e-05
1.044000000000000000e+05 4.179008444639547844e-06 1.416216384947033215e-05 6.725790201945555809e-05
1.045000000000000000e+05 4.865120874170185362e-06 1.667588577788943060e-05 6.633182673625577465e-05
1.046000000000000000e+05 1.115638538386204962e-05 3.123519718002248777e-05 6.736449292112179428e-05
1.047000000000000000e+05 4.832229756585268454e-06 2.157097750176282711e-05 6.665342875635055990e-05
1.048000000000000000e+05 3.274270015817345612e-06 1.179563152610688581e-05 7.046603322047163376e-05
1.049000000000000000e+05 5.137493089158346208e-06 1.499163565835554815e-05 6.947200301564265530e-05
1.050000000000000000e+05 7.239181823627880005e-06 2.555033206801422406e-05 7.191088463788161949e-05
1.051000000000000000e+05 8.787343172703357560e-06 2.811851189086453937e-05 6.540532010248824573e-05
1.052000000000000000e+05 9.723390788870056134e-06 2.839317286799603816e-05 6.614946225771980667e-05
1.053000000000000000e+05 5.332683725227933109e-06 1.866345695741360676e-05 7.142377727780849304e-05
1.054000000000000000e+05 5.413054367901508237e-06 1.986086834714465325e-05 7.016940792630297816e-05
1.055000000000000000e+05 4.931835247824813162e-06 1.933145893152202525e-05 7.021361538777188226e-05
1.056000000000000000e+05 8.013388721583343402e-06 2.147613140948665430e-05 7.347826807463783618e-05
1.057000000000000000e+05 2.312614637064051089e-06 8.107762770728587200e-06 6.619690614205121944e-05
1.058000000000000000e+05 3.478370900795194022e-06 8.095522650986328823e-06 7.007521463974823142e-05
1.059000000000000000e+05 2.813625815494086801e-06 4.600738422463532522e-06 6.876442849165020986e-05
1.060000000000000000e+05 4.094846026435558788e-06 1.057330063321899796e-05 6.949339210022325501e-05
1.061000000000000000e+05 2.410649252222065559e-06 5.092871461212869228e-06 6.751345413240998346e-05
1.062000000000000000e+05 8.168479771678718404e-06 1.466843407395034330e-05 6.954317794506315238e-05
1.063000000000000000e+05 4.237863648395712580e-06 7.608209236449292004e-06 6.635552250470811754e-05
1.064000000000000000e+05 5.435815494088467714e-06 9.030261163415356589e-06 6.771263661447924991e-05
1.065000000000000000e+05 8.684389762755809347e-06 1.427678304322206392e-05 6.912716572081843334e-05
1.066000000000000000e+05 4.477428520753730379e-06 9.765635246793656632e-06 6.990100306771384188e-05
1.067000000000000000e+05 3.457141161800311485e-06 6.905909005215421417e-06 7.017155758634051918e-05
1.068000000000000000e+05 5.692817569914287827e-06 1.188107972173838326e-05 7.173659505879753054e-05
1.069000000000000000e+05 4.322595403145844113e-06 7.134417931769259833e-06 7.432233348179312154e-05
1.070000000000000000e+05 5.888856959297382996e-06 8.905999632112461713e-06 7.146511202345475638e-05
1.071000000000000000e+05 2.322539838680941736e-06 7.867333780066422815e-06 7.372502295580169135e-05
1.072000000000000000e+05 3.268737456972763199e-06 7.710911246370575722e-06 7.287390508399558924e-05
1.073000000000000000e+05 4.447555171378114345e-06 8.950388603848956717e-06 7.552497961748204001e-05
1.074000000000000000e+05 3.642090994811285169e-06 9.693669970007020372e-06 7.585499282293003802e-05
1.075000000000000000e+05 7.578694522230106025e-06 1.545553836274053011e-05 7.985079113393554653e-05
1.076000000000000000e+05 9.585548549798097941e-06 2.036412281358290863e-05 8.208507644743097051e-05
1.077000000000000000e+05 1.291697561889151109e-05 2.209165497355374843e-05 7.794248777721687221e-05
1.078000000000000000e+05 9.058766688013796323e-06 1.601446909042252465e-05 7.518499898354592749e-05
1.079000000000000000e+05 6.663863863408785453e-06 1.239385720031942184e-05 7.416581846846626567e-05
1.080000000000000000e+05 9.692514738437327184e-06 1.800547470992029989e-05 7.576606691901836062e-05
1.081000000000000000e+05 7.703569497787893976e-06 1.767775732887532530e-05 7.387212216185895725e-05
1.082000000000000000e+05 7.621074604627109698e-06 2.447246104695711445e-05 7.359861132518182394e-05
1.083000000000000000e+05 7.955475701631840998e-06 2.065040111857878241e-05 7.596535914982033896e-05
1.084000000000000000e+05 7.651335966249881641e-06 1.235467958728509797e-05 7.072619538661193274e-05
1.085000000000000000e+05 3.671449552000130741e-06 6.802389861023421989e-06 7.053494964124743308e-05
1.086000000000000000e+05 3.364781443615345803e-06 8.419299112401583580e-06 7.171616859001155541e-05
1.087000000000000000e+05 4.968349296146515131e-06 9.924662805456307339e-06 7.633287019468437706e-05
1.088000000000000000e+05 8.329786246885734452e-06 1.538812069178018753e-05 7.780080166272869315e-05
1.089000000000000000e+05 5.021044582039440414e-06 1.102535903412080361e-05 7.885477975709620036e-05
1.090000000000000000e+05 9.303284714008502269e-06 1.466169864169445118e-05 8.128080097445767964e-05
1.091000000000000000e+05 1.476200265531638826e-05 3.498207205687065447e-05 8.431239891119241046e-05
1.092000000000000000e+05 1.234008780710041083e-05 2.614512798612739404e-05 8.822194868308505934e-05
1.093000000000000000e+05 1.554831230023232674e-05 3.263758264355874497e-05 8.580155801666034562e-05
1.094000000000000000e+05 8.971156335524474619e-06 1.908725270612557216e-05 8.156909966845285746e-05
1.095000000000000000e+05 1.078464176562570561e-05 3.153581562584400642e-05 7.991689299124507561e-05
1.096000000000000000e+05 8.127967822603538394e-06 2.603989566829042926e-05 7.892918190520879416e-05
1.097000000000000000e+05 9.632459576019606695e-06 2.849657251250201214e-05 7.524786518973015492e-05
1.098000000000000000e+05 1.094439447950688968e-05 3.229458046211351469e-05 7.835190124584308705e-05
1.099000000000000000e+05 1.165834592579490176e-05 3.880427275825532973e-05 7.412964239619359371e-05
1.100000000000000000e+05 1.173732481795536928e-05 3.672133877323514840e-05 7.412663733031494878e-05
1.101000000000000000e+05 1.011528927669895636e-05 3.984834773564097034e-05 7.539161935506228317e-05
1.102000000000000000e+05 1.220382171100358002e-05 4.597764095076021010e-05 7.543011237932129042e-05
1.103000000000000000e+05 1.309325860758145334e-05 4.287989904739731401e-05 7.513109540841018583e-05
1.104000000000000000e+05 8.718388623949081947e-06 3.365394339167178622e-05 7.290471571130324377e-05
1.105000000000000000e+05 1.082753597447457005e-05 2.872170179096346159e-05 6.895582840104579200e-05
1.106000000000000000e+05 7.095638929198257758e-06 3.155106809506953735e-05 6.770006747728103842e-05
1.107000000000000000e+05 8.060188684740955158e-06 3.211475700441077357e-05 7.225125184373358100e-05
1.108000000000000000e+05 1.026184380709060874e-05 3.930585444180679491e-05 7.382537053081614513e-05
1.109000000000000000e+05 1.036172966483922867e-05 3.740929221668858442e-05 7.164124936112910400e-05
1.110000000000000000e+05 1.185362134779906879e-05 4.657136404513383978e-05 7.340243270809302973e-05
1.111000000000000000e+05 1.444614764529380819e-05 6.358739032929591642e-05 8.317777654208437200e-05
1.112000000000000000e+05 2.028057722334909057e-05 7.484260666967078421e-05 8.700243190407827554e-05
1.113000000000000000e+05 1.770366863098562398e-05 7.061497644489467891e-05 8.310068869029785135e-05
1.114000000000000000e+05 1.533811657482484739e-05 5.750054538735691414e-05 7.823369661609109993e-05
1.115000000000000000e+05 1.398278857207209164e-05 5.611729772114437361e-05 8.164086404482709890e-05
1.116000000000000000e+05 1.426304469703679797e-05 6.455251011241826329e-05 8.405329048412793860e-05
1.117000000000000000e+05 2.044024950025572938e-05 7.651901372773641289e-05 8.654874064047680363e-05
1.118000000000000000e+05 1.774353616474194743e-05 6.663801493164583944e-05 7.564000897865256622e-05
1.119000000000000000e+05 1.100272701504089557e-05 3.572438952275112299e-05 6.446218390772641654e-05
1.120000000000000000e+05 7.305727064005022181e-06 3.133609593369278580e-05 6.628051264366885734e-05
1.121000000000000000e+05 9.976632395087902750e-06 4.693541106678317568e-05 7.578870180345809388e-05
1.122000000000000000e+05 1.296568203571725941e-05 5.475578308760630224e-05 8.091079352879479371e-05
1.123000000000000000e+05 1.305435193613244550e-05 5.566720317482937175e-05 8.348580382490048562e-05
1.124000000000000000e+05 1.130001225936485935e-05 4.158715514456918204e-05 8.166400412693185164e-05
1.125000000000000000e+05 1.262702566047629329e-05 3.899792342793330087e-05 7.614134214712049242e-05
1.126000000000000000e+05 1.350383930015913974e-05 3.772919183005859665e-05 7.664460497557174770e-05
1.127000000000000000e+05 2.007460048715613168e-05 6.708168624700243767e-05 8.458061700781737660e-05
1.128000000000000000e+05 1.463288640539318235e-05 5.154092342521647151e-05 8.255251983204010303e-05
1.129000000000000000e+05 1.708707833606688895e-05 5.599438601582346531e-05 8.501263257096933863e-05
1.130000000000000000e+05 2.018285647153062346e-05 7.134655028602425821e-05 8.912107680740326797e-05
1.131000000000000000e+05 1.753294467175787281e-05 6.368550325364882067e-05 8.303453075681446651e-05
1.132000000000000000e+05 9.710977279732738686e-06 3.703184698395113324e-05 7.718351517894416511e-05
1.133000000000000000e+05 9.780443869839475072e-06 2.938793154395439612e-05 7.360278819953770617e-05
1.134000000000000000e+05 1.684794958121884224e-05 4.876200771054582997e-05 8.207701339745215440e-05
1.135000000000000000e+05 1.220788915944506054e-05 3.172309839287504568e-05 7.634079891837048271e-05
1.136000000000000000e+05 5.172446073030913705e-06 1.387916300180174714e-05 6.879227898147946660e-05
1.137000000000000000e+05 7.789460819893070866e-06 1.294596070057305460e-05 7.302938329976796459e-05
1.138000000000000000e+05 1.162748962652374876e-05 2.392586022960316576e-05 7.514637477215891921e-05
1.139000000000000000e+05 1.506661154946497297e-05 3.245924645289525746e-05 7.555839100662059267e-05
1.140000000000000000e+05 1.111750778707745041e-05 2.651701638479857812e-05 7.765217127185170313e-05
1.141000000000000000e+05 8.919126617979529405e-06 2.589036674789503101e-05 7.546314526743866824e-05
1.142000000000000000e+05 4.205733651356684320e-06 1.445245143799506215e-05 7.028417313259790523e-05
1.143000000000000000e+05 9.306181233271088602e-06 2.833362222670896067e-05 7.551261260353380974e-05
1.144000000000000000e+05 5.602546125924178660e-06 1.424312095344543953e-05 7.338301879414906980e-05
1.145000000000000000e+05 6.874412671960679041e-06 1.306634848577529790e-05 6.911681710490745153e-05
1.146000000000000000e+05 7.251856368383082603e-06 1.943805791545545744e-05 7.013237438447728934e-05
1.147000000000000000e+05 4.189390812081992990e-06 1.198551544135610224e-05 6.771975602756938556e-05
1.148000000000000000e+05 7.955508733314590282e-06 2.527481169718003961e-05 7.410268583611557701e-05
1.149000000000000000e+05 9.469331571462059416e-06 2.659523647509315434e-05 7.623543613045026730e-05
1.150000000000000000e+05 6.322989883616452898e-06 1.810987437603099658e-05 7.587289830389084850e-05
1.151000000000000000e+05 6.987282640621322091e-06 2.158186653536945570e-05 7.421925049101892047e-05
1.152000000000000000e+05 7.648773006840034819e-06 2.089867711128883399e-05 7.037384450647008361e-05
1.153000000000000000e+05 5.657858866997748210e-06 1.132190822266449686e-05 6.891579375548634724e-05
1.154000000000000000e+05 9.439170126928172382e-06 2.342461766121741785e-05 7.029296050051900215e-05
1.155000000000000000e+05 1.051287406038961493e-05 2.234923179879443197e-05 7.468660859912141234e-05
1.156000000000000000e+05 5.984681580959724063e-06 1.071715533035473827e-05 7.280186679503694754e-05
1.157000000000000000e+05 8.162892593350815572e-06 1.898897250103016019e-05 7.141879304842671896e-05
1.158000000000000000e+05 3.477834062241575569e-06 1.056757079198814681e-05 7.177994508676197451e-05
1.159000000000000000e+05 3.261066793207651111e-06 8.749563395672325982e-06 7.143143180997663815e-05
1.160000000000000000e+05 1.457271647722703002e-05 4.398471946909027956e-05 8.551010972894176627e-05
1.161000000000000000e+05 7.075320610953390486e-06 1.795404630501453520e-05 8.251264546205618457e-05
1.162000000000000000e+05 8.278713437621836924e-06 1.411737427183547527e-05 8.034162535436184939e-05
1.163000000000000000e+05 3.962994436719344997e-06 7.208120363060694074e-06 7.282279055564033472e-05
1.164000000000000000e+05 5.446159689047726325e-06 1.107380709438223322e-05 6.988843908215009338e-05
1.165000000000000000e+05 5.246478165192781278e-06 1.117656717648294706e-05 7.222435571915036194e-05
1.166000000000000000e+05 4.091280691651466225e-06 1.032580837910603868e-05 6.858782510456347555e-05
1.167000000000000000e+05 1.576501387175985617e-05 6.341559594792753709e-05 7.710664262131806002e-05
1.168000000000000000e+05 4.510222514099494783e-06 1.618609379740090087e-05 7.110387187870576161e-05
1.169000000000000000e+05 2.903305566949844832e-06 5.216680165483314783e-06 6.328645185412883761e-05
1.170000000000000000e+05 2.913537904255226693e-06 8.997002494940908282e-06 6.126001804452039276e-05
1.171000000000000000e+05 1.304961075483654690e-06 4.445192212577521820e-06 5.862721027559171787e-05
1.172000000000000000e+05 3.014583308651098048e-06 5.100266874925054011e-06 5.852825922920055731e-05
1.173000000000000000e+05 5.261522385438619637e-07 1.189486129373102958e-06 5.440603458507584512e-05
1.174000000000000000e+05 5.133060224621723618e-06 8.984415231445507769e-06 5.695930409266513293e-05
1.175000000000000000e+05 5.143671495421415856e-06 1.231027082829666075e-05 6.738179003037683614e-05
1.176000000000000000e+05 1.018801605231781852e-05 3.116117583524810402e-05 6.145978209080011734e-05
1.177000000000000000e+05 3.809580239097387524e-06 9.187340997181262154e-06 4.383501409416876718e-05
1.178000000000000000e+05 8.080722257348991273e-06 1.204596660532539389e-05 3.974407400900312681e-05
1.179000000000000000e+05 2.595310236143528700e-06 8.874996437846720645e-06 3.956447698488559236e-05
1.180000000000000000e+05 2.517397798790316980e-06 4.510752643362980221e-06 3.887071822467881262e-05
1.181000000000000000e+05 3.188066570931124351e-06 7.148020516461393555e-06 4.032765066190115052e-05
1.182000000000000000e+05 2.176748024135709487e-06 4.850847477065652210e-06 3.762797212254833680e-05
1.183000000000000000e+05 2.444434539443177676e-06 5.260535790300249770e-06 4.011186349023840075e-05
1.184000000000000000e+05 2.199663824027936357e-06 4.164878592630638036e-06 4.316920164018921868e-05
1.185000000000000000e+05 3.945106253921938037e-06 7.603267382133430726e-06 3.540595967246077888e-05
1.186000000000000000e+05 2.408140069138011579e-06 4.718956522703685844e-06 3.409380577529371110e-05
1.187000000000000000e+05 1.002884397066968337e-06 1.578313443612357756e-06 4.251696662573629275e-05
1.188000000000000000e+05 3.039626525091399152e-06 6.190088399271315015e-06 3.520320452965156500e-05
1.189000000000000000e+05 1.672945662216665465e-06 5.198204597718805817e-06 3.260434926806516151e-05
1.190000000000000000e+05 1.837455294996097636e-06 3.014174784275359281e-06 3.650397070906909435e-05
1.191000000000000000e+05 1.059289664569394132e-06 2.291046671642742324e-06 4.000122853422667738e-05
1.192000000000000000e+05 5.622958579200318190e-06 9.967736723322668515e-06 3.803462679632801122e-05
1.193000000000000000e+05 2.269921446869349027e-06 5.795135146291802868e-06 3.464927636482031736e-05
1.194000000000000000e+05 2.200753380744839311e-06 4.162330163682355540e-06 3.393202468880092334e-05
1.195000000000000000e+05 3.806616568373421324e-06 7.256155181311390516e-06 3.512316657787370987e-05
1.196000000000000000e+05 2.001613052775058806e-06 3.924949610070019627e-06 3.885346738427616767e-05
1.197000000000000000e+05 2.244648588353828677e-06 4.258912017089188198e-06 3.264520254353651832e-05
1.198000000000000000e+05 2.528256943940035667e-06 3.673829889406872895e-06 3.048573083550972190e-05
1.199000000000000000e+05 2.233731333819279432e-06 4.051691327154965613e-06 3.138837781094593824e-05
