9.000000000000000000e+04 3.366769689712282871e-04 7.268332309150497481e-04 1.374275539031638007e-03
9.010000000000000000e+04 3.510668312500207777e-04 9.181014166195558546e-04 1.738501564410327004e-03
9.020000000000000000e+04 3.474255055650129782e-04 6.881401676672766095e-04 1.805810647077568101e-03
9.030000000000000000e+04 3.206844437459259716e-04 7.725883113538461848e-04 1.358143265600354017e-03
9.040000000000000000e+04 4.084632304076347802e-04 1.050106558643575279e-03 2.000444415522173187e-03
9.050000000000000000e+04 5.861179299231640116e-04 1.131778528916638519e-03 2.281982643453464663e-03
9.060000000000000000e+04 5.783407364969303868e-04 1.176895205684520915e-03 1.915402728005606830e-03
9.070000000000000000e+04 2.701559806982081931e-04 7.190651065018631698e-04 1.262879361101800543e-03
9.080000000000000000e+04 2.235411659111870850e-04 4.711726503870003946e-04 1.157945019626491472e-03
9.090000000000000000e+04 2.171249935437415991e-04 4.252737327514897938e-04 1.223514619418519496e-03
9.100000000000000000e+04 3.269530828489280744e-04 5.423728894428845280e-04 1.338768179363061025e-03
9.110000000000000000e+04 2.912640139444003847e-04 5.508455223802409539e-04 1.373139305564311050e-03
9.120000000000000000e+04 3.021627298303995908e-04 6.251054956919203844e-04 1.474634972359285161e-03
9.130000000000000000e+04 3.243911563213335274e-04 6.000573800314492126e-04 1.527233831634810298e-03
9.140000000000000000e+04 3.651117353717372397e-04 7.337804176073218360e-04 1.614440580095127505e-03
9.150000000000000000e+04 3.992096888325480548e-04 1.010551766244003951e-03 1.720104358120752098e-03
9.160000000000000000e+04 3.189930917837954620e-04 5.751627526837110871e-04 1.712623304449315941e-03
9.170000000000000000e+04 3.561489506827687605e-04 8.001426853532244733e-04 1.825802690857560029e-03
9.180000000000000000e+04 3.599680884015645042e-04 8.378936469301016474e-04 1.852840980500571706e-03
9.190000000000000000e+04 4.472347666600461243e-04 1.089293386203853478e-03 2.078395474600869697e-03
9.200000000000000000e+04 6.552547210002426618e-04 1.290908319815913669e-03 2.698658120010727097e-03
9.210000000000000000e+04 9.111184112456155101e-04 1.741884978893397298e-03 3.446631783805148303e-03
9.220000000000000000e+04 1.161595223075922827e-03 2.116796538354732971e-03 3.782559303751615448e-03
9.230000000000000000e+04 1.208999084398266251e-03 2.631661853002267761e-03 3.920894830691350197e-03
9.240000000000000000e+04 9.899875495828010415e-04 2.076532514009143699e-03 3.818475034621950266e-03
9.250000000000000000e+04 1.041979939478949232e-03 2.024555233637969145e-03 3.810937209359971118e-03
9.260000000000000000e+04 1.007053258054002153e-03 2.318482469075123543e-03 3.799557499532846359e-03
9.270000000000000000e+04 9.360057393886702520e-04 2.218657907488407952e-03 3.738428867492104429e-03
9.280000000000000000e+04 1.019233670909947854e-03 2.019939128537851913e-03 3.606047573440324550e-03
9.290000000000000000e+04 9.283013495538505744e-04 2.163205422963387047e-03 3.721682914088142446e-03
9.300000000000000000e+04 1.060435703706377655e-03 2.192176857706867443e-03 3.727705763936572415e-03
9.310000000000000000e+04 1.004946502045878012e-03 2.198057213030107666e-03 3.658309885849448696e-03
9.320000000000000000e+04 9.762725274750131375e-04 2.213461840131883667e-03 3.502666557638451673e-03
9.330000000000000000e+04 8.025279286414670372e-04 1.498292442357748114e-03 3.380172868626765866e-03
9.340000000000000000e+04 8.515675715628401483e-04 1.879439210396534506e-03 3.448925373899889169e-03
9.350000000000000000e+04 8.261365261484103148e-04 1.901332045799676920e-03 3.380977813037346069e-03
9.360000000000000000e+04 8.779456156299083637e-04 1.811292072332908697e-03 3.498264215806605720e-03
9.370000000000000000e+04 8.168168582789459009e-04 1.477877364849730993e-03 3.560681811092015168e-03
9.380000000000000000e+04 9.445346663509461213e-04 2.082165570054034329e-03 3.654974605607280106e-03
9.390000000000000000e+04 9.248877031350845497e-04 2.202771145233251709e-03 3.534637716369771424e-03
9.400000000000000000e+04 8.954547626443807619e-04 1.876213446914632311e-03 3.461237009248159351e-03
9.410000000000000000e+04 9.095383015467100110e-04 2.237215408531881798e-03 3.626484205501995760e-03
9.420000000000000000e+04 8.713804946713591543e-04 2.017506600927632381e-03 3.697688028865445380e-03
9.430000000000000000e+04 8.411574436842663392e-04 1.689103492511026278e-03 3.551424151874739421e-03
9.440000000000000000e+04 8.540154813054144298e-04 2.075190281510212471e-03 3.475832069141997997e-03
9.450000000000000000e+04 7.304730602944518696e-04 1.908628296705945290e-03 3.263478173241741043e-03
9.460000000000000000e+04 7.993285424410501681e-04 1.586540840404452625e-03 3.191905884361259226e-03
9.470000000000000000e+04 7.241434198777428263e-04 1.509196481025600837e-03 3.114344243555884021e-03
9.480000000000000000e+04 7.792601938772280093e-04 1.768313059817536864e-03 3.234900097646889461e-03
9.490000000000000000e+04 8.160949040578488294e-04 1.665494584549542453e-03 3.169431734535761106e-03
9.500000000000000000e+04 7.850431446786089625e-04 1.919091356226092400e-03 3.289629715165635123e-03
9.510000000000000000e+04 8.098364059358335344e-04 1.854166315223566407e-03 3.213040732535039912e-03
9.520000000000000000e+04 6.134405233527433395e-04 1.603562098785295265e-03 3.227046154829629494e-03
9.530000000000000000e+04 8.454274001916711918e-04 1.679223812544685702e-03 3.382516833851038473e-03
9.540000000000000000e+04 9.673404741641794015e-04 2.136316995894391342e-03 3.673147360904091639e-03
9.550000000000000000e+04 8.994967241041794577e-04 2.015138882257243042e-03 3.746103939541677724e-03
9.560000000000000000e+04 9.719949734483322550e-04 2.700142814857063762e-03 3.756697135537603090e-03
9.570000000000000000e+04 8.129790430121022586e-04 2.096642734334616676e-03 3.657723549516009396e-03
9.580000000000000000e+04 8.816468711668073478e-04 2.236816742797756007e-03 3.593042015973302826e-03
9.590000000000000000e+04 7.925515790860471893e-04 1.949126047717919270e-03 3.643565414304425921e-03
9.600000000000000000e+04 8.937388135064686101e-04 2.300854114238252285e-03 3.654105762466688251e-03
9.610000000000000000e+04 9.943635679184872553e-04 2.303805515328448232e-03 3.705644277372487083e-03
9.620000000000000000e+04 8.342141184357479769e-04 2.263184613402948776e-03 3.474297986667048734e-03
9.630000000000000000e+04 6.663934504967114827e-04 1.756284731801998223e-03 3.355437452682509276e-03
9.640000000000000000e+04 7.678679078611098420e-04 1.912894948471110298e-03 3.608009020048257888e-03
9.650000000000000000e+04 9.368095948737299554e-04 1.997977730143598533e-03 3.853029460938252847e-03
9.660000000000000000e+04 1.016708972166679038e-03 2.339189815086151984e-03 4.106822253822264845e-03
9.670000000000000000e+04 1.022390820960719302e-03 2.270707512651110212e-03 3.972952583138351923e-03
9.680000000000000000e+04 8.458432629869713781e-04 1.900074983296072897e-03 3.617884472420613944e-03
9.690000000000000000e+04 7.396237354877301974e-04 1.854671204856529754e-03 3.510214722843860938e-03
9.700000000000000000e+04 7.634934465229983348e-04 1.963514260752325519e-03 3.358642361674181714e-03
9.710000000000000000e+04 7.720383024702667796e-04 1.846390148313371837e-03 3.425431246290119858e-03
9.720000000000000000e+04 8.008663984788331677e-04 1.861550508273291521e-03 3.565979415229582859e-03
9.730000000000000000e+04 7.991371876325675805e-04 1.909870345426182593e-03 3.554446641118872569e-03
9.740000000000000000e+04 8.246970903580562104e-04 1.993149783268372520e-03 3.588541638010731699e-03
9.750000000000000000e+04 8.793270003843011579e-04 2.013318249829474001e-03 3.624058388612749933e-03
9.760000000000000000e+04 8.646411998338709992e-04 2.070351861168993977e-03 3.696566219236005740e-03
9.770000000000000000e+04 7.608215653565880005e-04 1.766850089003971658e-03 3.717717801205778095e-03
9.780000000000000000e+04 9.109963109937154434e-04 2.554338488891067568e-03 3.780471081121940420e-03
9.790000000000000000e+04 9.601278435288312756e-04 2.325955098276017742e-03 3.737342750136385134e-03
9.800000000000000000e+04 8.262809504415474966e-04 1.992125515627829468e-03 3.751908614990253580e-03
9.810000000000000000e+04 8.866853916440599684e-04 2.186130248931907310e-03 3.806185827102816482e-03
9.820000000000000000e+04 8.685558993317401763e-04 2.043885756769710325e-03 3.889460831811889733e-03
9.830000000000000000e+04 8.362422240994491288e-04 2.074569114663870045e-03 3.673497386979005224e-03
9.840000000000000000e+04 7.866027179843225643e-04 2.112326114495393075e-03 3.743491298812323675e-03
9.850000000000000000e+04 9.427067013892667310e-04 2.359220983600121471e-03 3.844981888698518774e-03
9.860000000000000000e+04 8.364462879528098381e-04 2.068265775741718812e-03 3.859746216313698994e-03
9.870000000000000000e+04 8.960142146545633200e-04 2.050919054158819362e-03 3.996172871824399224e-03
9.880000000000000000e+04 9.896768252105202397e-04 2.580558985366626559e-03 4.082134476843230983e-03
9.890000000000000000e+04 8.562167424663942768e-04 1.980018578759696040e-03 4.104455605234922852e-03
9.900000000000000000e+04 9.346731854352843295e-04 2.706884622244143477e-03 4.369470088121738503e-03
9.910000000000000000e+04 8.724634857661013598e-04 2.092960738690466047e-03 4.291000687688457070e-03
9.920000000000000000e+04 9.534792911052190553e-04 2.630473601946934498e-03 4.400715654534388850e-03
9.930000000000000000e+04 9.880495412169267022e-04 2.435212225297865400e-03 4.460395674353050642e-03
9.940000000000000000e+04 9.301500416032822648e-04 2.384101574916753109e-03 4.436914376009805892e-03
9.950000000000000000e+04 9.910268871809011122e-04 2.326452861156434477e-03 4.470642587090123410e-03
9.960000000000000000e+04 1.102141627938721044e-03 2.952898061215049330e-03 4.661106173121255976e-03
9.970000000000000000e+04 9.333496751744731722e-04 2.319572366538198444e-03 4.543820913584868844e-03
9.980000000000000000e+04 8.833034559611037222e-04 2.171929960190316106e-03 4.565581418163449159e-03
9.990000000000000000e+04 8.965178011654984132e-04 2.273593933752737859e-03 4.485514589601578839e-03
1.000000000000000000e+05 8.762274679845779950e-04 2.272801394234965928e-03 4.354634340796539015e-03
1.001000000000000000e+05 9.949964307602804717e-04 1.811642745602949633e-03 4.366084549679350758e-03
1.002000000000000000e+05 1.005146993110840690e-03 2.363166789510894473e-03 4.510803071631783699e-03
1.003000000000000000e+05 1.002607623374251501e-03 2.484718239746496436e-03 4.586421054971699315e-03
1.004000000000000000e+05 1.036556879805434345e-03 2.299809591770121502e-03 4.423464730612758009e-03
1.005000000000000000e+05 7.794458791526843837e-04 1.745363800484567730e-03 4.351083552955944435e-03
1.006000000000000000e+05 9.677042801400697822e-04 2.608092960346435410e-03 4.567949116241352449e-03
1.007000000000000000e+05 9.043738316657787615e-04 2.113904154368064121e-03 4.546876939301057984e-03
1.008000000000000000e+05 1.017929928063461033e-03 2.413736748701016642e-03 4.601692266273181564e-03
1.009000000000000000e+05 9.146053130988976952e-04 2.259214335749174397e-03 4.730849372246307208e-03
1.010000000000000000e+05 8.772564215165081988e-04 2.268826105798381169e-03 4.600650858980259716e-03
1.011000000000000000e+05 8.215293366810954255e-04 2.279735289208469854e-03 4.551577358085663778e-03
1.012000000000000000e+05 6.696466555059414974e-04 2.135060244495510899e-03 4.697258000892988103e-03
1.013000000000000000e+05 1.058240532518831337e-03 2.320582022863378578e-03 4.817445828170888698e-03
1.014000000000000000e+05 1.048734191517136302e-03 2.965674322746061388e-03 4.780214638004183850e-03
1.015000000000000000e+05 9.901923744130292082e-04 2.756208352684793271e-03 4.587054943879189349e-03
1.016000000000000000e+05 9.315051338256489198e-04 2.962208371752072297e-03 4.310939118792476467e-03
1.017000000000000000e+05 7.665209206576175521e-04 1.834380730500908933e-03 4.272301723623707879e-03
1.018000000000000000e+05 8.104046498011601742e-04 2.147338513844153796e-03 4.638512510118091015e-03
1.019000000000000000e+05 1.068374606301867626e-03 2.880547176063659107e-03 4.730198099677481241e-03
1.020000000000000000e+05 8.460617131730830374e-04 2.071450599388787155e-03 4.726807730436180695e-03
1.021000000000000000e+05 9.465745717417185789e-04 2.455905054021552403e-03 4.839942380079617808e-03
1.022000000000000000e+05 1.093197739665999636e-03 2.899274629693481247e-03 4.812401094227487797e-03
1.023000000000000000e+05 1.046421386308975330e-03 2.540621145052166744e-03 4.764719233562662859e-03
1.024000000000000000e+05 9.203204304482435344e-04 2.296391229137871061e-03 4.880207451327176274e-03
1.025000000000000000e+05 9.861816747305050118e-04 2.704121497186370501e-03 4.893359342957750643e-03
1.026000000000000000e+05 8.588609864396148062e-04 2.052657701485184876e-03 4.740396571993202822e-03
1.027000000000000000e+05 8.597520288025745604e-04 2.101217014235099486e-03 4.594954379784839046e-03
1.028000000000000000e+05 9.095471554121433572e-04 2.362090770609510948e-03 4.688278330051919539e-03
1.029000000000000000e+05 8.987719573347492663e-04 2.220804810467287733e-03 4.903054473132142412e-03
1.030000000000000000e+05 7.578498668628099420e-04 2.607350989326847040e-03 4.637830533160928505e-03
1.031000000000000000e+05 1.060974781279825242e-03 2.645264941353754531e-03 4.703129809862692003e-03
1.032000000000000000e+05 8.858686460798993745e-04 2.394823136758630379e-03 4.756201304628486330e-03
1.033000000000000000e+05 9.872614290374038225e-04 2.366792464998740842e-03 4.721331849620076168e-03
1.034000000000000000e+05 9.152305848052740347e-04 2.950003567876252619e-03 4.709230120667962614e-03
1.035000000000000000e+05 8.530019605034440747e-04 2.210468391033417607e-03 4.655835592456163650e-03
1.036000000000000000e+05 8.661121718113152200e-04 2.469815257108121890e-03 4.656681801392535854e-03
1.037000000000000000e+05 8.209879387815447079e-04 2.429046493692324244e-03 4.448019923334243370e-03
1.038000000000000000e+05 7.934925550407787714e-04 2.195947983700942061e-03 4.613448171165706636e-03
1.039000000000000000e+05 7.035464162109821180e-04 1.883034764787302074e-03 4.562171950802835184e-03
1.040000000000000000e+05 8.341049114395748636e-04 2.543612972009866909e-03 4.444243318094821815e-03
1.041000000000000000e+05 7.248426807955690720e-04 1.880272096918590014e-03 4.485954589907389760e-03
1.042000000000000000e+05 7.877008830905717074e-04 2.335831137263078526e-03 4.719700640342254332e-03
1.043000000000000000e+05 7.748742723475308611e-04 2.232401763095103776e-03 4.634500397699991593e-03
1.044000000000000000e+05 7.285893471357970767e-04 2.301550349845414654e-03 4.632642321371676850e-03
1.045000000000000000e+05 8.767313509820138032e-04 2.492147985630735994e-03 4.804481262343991352e-03
1.046000000000000000e+05 7.302675366911391686e-04 2.138966847232746590e-03 4.743977163314465166e-03
1.047000000000000000e+05 6.761856416539480108e-04 2.000543445739574183e-03 4.603172167295980013e-03
1.048000000000000000e+05 8.164344678104830562e-04 1.974224631440638176e-03 4.660024023664930716e-03
1.049000000000000000e+05 7.027586927172181641e-04 1.854362593489053933e-03 4.708364454206198299e-03
1.050000000000000000e+05 7.665992901800542172e-04 2.123493373956766329e-03 4.754002683426890828e-03
1.051000000000000000e+05 8.899253105245875581e-04 2.390855224804626193e-03 4.916875701906490634e-03
1.052000000000000000e+05 8.379966799941327565e-04 2.118205849927530006e-03 4.773899244251196376e-03
1.053000000000000000e+05 8.842812893608189423e-04 2.584924244352774722e-03 4.923284714102192303e-03
1.054000000000000000e+05 7.042160091105548886e-04 1.893774647028508874e-03 4.850713712036308807e-03
1.055000000000000000e+05 7.883073150709686908e-04 2.146334484818355343e-03 4.698496383884484019e-03
1.056000000000000000e+05 8.649027624415181990e-04 2.073254301018239484e-03 4.758193540895071759e-03
1.057000000000000000e+05 7.524107817487640446e-04 2.259055426569490932e-03 4.829801870304678904e-03
1.058000000000000000e+05 6.651342847455938082e-04 2.086214582102026600e-03 4.766641449627143957e-03
1.059000000000000000e+05 8.954820123105002375e-04 2.807214524008980888e-03 5.003730586547548882e-03
1.060000000000000000e+05 7.570654928047244533e-04 2.311221525319490620e-03 4.895423266990104813e-03
1.061000000000000000e+05 7.812134195641761564e-04 2.042291367082466752e-03 4.820820042555413153e-03
1.062000000000000000e+05 8.123197603297693456e-04 2.105862417750690822e-03 4.757764623823290163e-03
1.063000000000000000e+05 1.110919835051339417e-03 2.792344653463718889e-03 4.822844234198619441e-03
1.064000000000000000e+05 9.502877767571180079e-04 2.412006933306316304e-03 4.769092953636240237e-03
1.065000000000000000e+05 9.404257328604797087e-04 2.476242281117338635e-03 4.778247034829408678e-03
1.066000000000000000e+05 7.480681263388041721e-04 2.366359810351523034e-03 4.899815204477957209e-03
1.067000000000000000e+05 9.909956032432293976e-04 2.665711995739865857e-03 5.008462693393550026e-03
1.068000000000000000e+05 9.280796935999379577e-04 2.438445856857353322e-03 4.951022113071057960e-03
1.069000000000000000e+05 1.050673583075243701e-03 2.824493969399046248e-03 5.129750781649978879e-03
1.070000000000000000e+05 9.910197130444066069e-04 2.791172003330564741e-03 5.112566524696150923e-03
1.071000000000000000e+05 1.035643539950298168e-03 2.561011172981341247e-03 4.976059922739486073e-03
1.072000000000000000e+05 9.300750463138111185e-04 2.306720582077620429e-03 5.120774423461998785e-03
1.073000000000000000e+05 7.382940536093778039e-04 2.179751742633391151e-03 5.152742400875411077e-03
1.074000000000000000e+05 9.681209106288850633e-04 2.080683502944666655e-03 5.258804884206773507e-03
1.075000000000000000e+05 1.060253772439207799e-03 2.655156574049129942e-03 5.298847343839154823e-03
1.076000000000000000e+05 8.122545407838934611e-04 1.959269345730645963e-03 4.918393532106184705e-03
1.077000000000000000e+05 9.104294344458255944e-04 2.392998615879895173e-03 5.039322217616028221e-03
1.078000000000000000e+05 9.274980582069485002e-04 2.338463397708832707e-03 5.037728364465063162e-03
1.079000000000000000e+05 8.681805796569947928e-04 2.075280824720601366e-03 5.120205344930725544e-03
1.080000000000000000e+05 9.738585061031899276e-04 2.386341145936294456e-03 5.001209581094081223e-03
1.081000000000000000e+05 1.035858239915766685e-03 2.247208719126139384e-03 4.833128810854054810e-03
1.082000000000000000e+05 8.531914552379303573e-04 2.416924276690644337e-03 4.943191757526361509e-03
1.083000000000000000e+05 1.074159907765875801e-03 2.795602854036289501e-03 4.905872659331117838e-03
1.084000000000000000e+05 1.100794555569448510e-03 2.839167158072590687e-03 4.985119889818455559e-03
1.085000000000000000e+05 9.398034903843688684e-04 2.490741504406254053e-03 4.987629528825906176e-03
1.086000000000000000e+05 1.021387841604488693e-03 2.509833034704616293e-03 5.008479938797395434e-03
1.087000000000000000e+05 1.043863066358566988e-03 2.504484847652749605e-03 5.035274846589533893e-03
1.088000000000000000e+05 1.043704307380883232e-03 2.927581564887048009e-03 5.167121693814671728e-03
1.089000000000000000e+05 1.043907114737574644e-03 2.460056167510197081e-03 5.230184735922303700e-03
1.090000000000000000e+05 1.271164573829489976e-03 2.753541435970147978e-03 5.223255078908634400e-03
1.091000000000000000e+05 9.450641955820668350e-04 2.555753368823731990e-03 5.448740606594462688e-03
1.092000000000000000e+05 1.090233787862238471e-03 2.814001810002898091e-03 5.444662976820042674e-03
1.093000000000000000e+05 9.376257373662957167e-04 2.501999266509097319e-03 5.278324805496946090e-03
1.094000000000000000e+05 1.046426959781229793e-03 2.348110721743061624e-03 5.172045691041853195e-03
1.095000000000000000e+05 9.785527316815345253e-04 2.424871576825756748e-03 5.239827659194408113e-03
1.096000000000000000e+05 1.027202053578053949e-03 2.344840501420646268e-03 5.192478145091568471e-03
1.097000000000000000e+05 1.193706267858903568e-03 2.585981328746315977e-03 5.213938083137910177e-03
1.098000000000000000e+05 1.155318117363486781e-03 2.674717650611572496e-03 5.080568658695558751e-03
1.099000000000000000e+05 1.135544399621123135e-03 3.007377626956419386e-03 5.099769974444167374e-03
1.100000000000000000e+05 8.453301501652596070e-04 2.236070285742368727e-03 5.137399789404558173e-03
1.101000000000000000e+05 1.148891524827889456e-03 2.578638768781331414e-03 5.084013701050207543e-03
1.102000000000000000e+05 1.109751888365855237e-03 2.747925740465996264e-03 4.950054750296617977e-03
1.103000000000000000e+05 1.204187750914291911e-03 2.987061882366803377e-03 5.027333157785615451e-03
1.104000000000000000e+05 1.195521971004530424e-03 3.226274121893000797e-03 4.834518392175623028e-03
1.105000000000000000e+05 1.175368722986943303e-03 2.852929441032235613e-03 4.799245662689799463e-03
1.106000000000000000e+05 1.076470841176563678e-03 2.696086297940702807e-03 4.760651824827833931e-03
1.107000000000000000e+05 1.239010753488139962e-03 3.055822338128749097e-03 4.835740433833323262e-03
1.108000000000000000e+05 1.177768420937488035e-03 2.787351642810668821e-03 4.750979629526468073e-03
1.109000000000000000e+05 1.144757162793947312e-03 2.945508477092790948e-03 4.787862105356963105e-03
1.110000000000000000e+05 1.245080533859895498e-03 2.761987617037143204e-03 4.829883315837964382e-03
1.111000000000000000e+05 1.089916132394010487e-03 2.357715847039283143e-03 4.835582902100676005e-03
1.112000000000000000e+05 1.076823135571414961e-03 2.633149772885462220e-03 4.926567835133459534e-03
1.113000000000000000e+05 1.179216041382481067e-03 2.702457661167155870e-03 4.956276205675109667e-03
1.114000000000000000e+05 1.175450009122355408e-03 2.875297089075921735e-03 4.877680460104132434e-03
1.115000000000000000e+05 1.003546235705264460e-03 2.548808483100167138e-03 4.966033692304827087e-03
1.116000000000000000e+05 1.072207460383333387e-03 2.844763190382371479e-03 4.995347219041345634e-03
1.117000000000000000e+05 1.244914363654985208e-03 2.839672413599235272e-03 5.204023836199785959e-03
1.118000000000000000e+05 1.302006885676166605e-03 3.207755544329264456e-03 5.016035422955034129e-03
1.119000000000000000e+05 1.161126387936318224e-03 2.842538402864261838e-03 4.822670721583377507e-03
1.120000000000000000e+05 1.062723492001838802e-03 2.701620156397668750e-03 4.737737280653727366e-03
1.121000000000000000e+05 1.281520190944622495e-03 2.872797698613872332e-03 4.950203507144519330e-03
1.122000000000000000e+05 1.034437472794727877e-03 2.319980075367927309e-03 5.098178027285016345e-03
1.123000000000000000e+05 1.214184708513163166e-03 3.043766124632214971e-03 5.244553522572701146e-03
1.124000000000000000e+05 1.240849454195965158e-03 3.212192361156177012e-03 5.275088880571178300e-03
1.125000000000000000e+05 1.162372027313448436e-03 3.032935712947647591e-03 5.095569583293964658e-03
1.126000000000000000e+05 1.264074542485452840e-03 3.314824502219609718e-03 4.876531464647711721e-03
1.127000000000000000e+05 1.228037315696243418e-03 2.635484471271684007e-03 5.061350945658806520e-03
1.128000000000000000e+05 1.103411728503192989e-03 2.545850136600057330e-03 5.065964792435985811e-03
1.129000000000000000e+05 1.105503859102693800e-03 2.431767804056604327e-03 5.003296055766415749e-03
1.130000000000000000e+05 1.132709981582217390e-03 2.723241369266535261e-03 5.211101383245832740e-03
1.131000000000000000e+05 1.327059176706619614e-03 2.975254942575800924e-03 5.143323997196021062e-03
1.132000000000000000e+05 1.236261865763405628e-03 2.696047614960057296e-03 4.805568822085851295e-03
1.133000000000000000e+05 1.246481538990339144e-03 2.933610699627059969e-03 4.884885342086817475e-03
1.134000000000000000e+05 1.200609275493955824e-03 2.890258186651647847e-03 5.124884858334457019e-03
1.135000000000000000e+05 1.139708450035489470e-03 2.811618994429816373e-03 4.948047078961570477e-03
1.136000000000000000e+05 1.217662315615000278e-03 3.051297931663527700e-03 4.858008568717079104e-03
1.137000000000000000e+05 1.230099707650323879e-03 3.121911580394357358e-03 4.840316174623179521e-03
1.138000000000000000e+05 1.235710274107542327e-03 3.092973568507674693e-03 4.941364409261124295e-03
1.139000000000000000e+05 1.122680391449069805e-03 2.769349228004224384e-03 4.947783518099217910e-03
1.140000000000000000e+05 1.161433030607078414e-03 2.611962097478350703e-03 5.124412845836159858e-03
1.141000000000000000e+05 1.366963700923576677e-03 3.441348071344021292e-03 4.981533769858962832e-03
1.142000000000000000e+05 1.428792385108706986e-03 3.139826199284935851e-03 4.837801533850154267e-03
1.143000000000000000e+05 1.312019484079141127e-03 3.045798668513983922e-03 5.027670381805593794e-03
1.144000000000000000e+05 1.084906537750980962e-03 2.781793608948815270e-03 4.989275316055205058e-03
1.145000000000000000e+05 1.369251778639116006e-03 3.284389925901044609e-03 4.932957608063682706e-03
1.146000000000000000e+05 1.364062738754152557e-03 3.069239720566595622e-03 4.937468259284447623e-03
1.147000000000000000e+05 1.398119971618687601e-03 3.209486726460505143e-03 4.876673685575651576e-03
1.148000000000000000e+05 1.339250773763588521e-03 3.113841385125679182e-03 4.949878974372576117e-03
1.149000000000000000e+05 1.336140352980792149e-03 2.824956715326235306e-03 5.007867415151669166e-03
1.150000000000000000e+05 1.182323295631927673e-03 2.900625884740995301e-03 4.932665367389158298e-03
1.151000000000000000e+05 1.301552650760309012e-03 2.645907618027212600e-03 4.971231817598057399e-03
1.152000000000000000e+05 1.240596391610749097e-03 2.679674252869563775e-03 4.845849393365300566e-03
1.153000000000000000e+05 1.128519428866841482e-03 2.845003987096590258e-03 4.891738363413706756e-03
1.154000000000000000e+05 9.442372319759294655e-04 2.060815572347295122e-03 4.910974943151880621e-03
1.155000000000000000e+05 1.310964528813283493e-03 2.855589792398160499e-03 5.064840189711810638e-03
1.156000000000000000e+05 1.348423417001067427e-03 3.099929006910440935e-03 5.227927803045235612e-03
1.157000000000000000e+05 1.240586161642477300e-03 3.146099459411143100e-03 5.242408388078093583e-03
1.158000000000000000e+05 1.464128660269198561e-03 3.504564104651144030e-03 5.221452292556935833e-03
1.159000000000000000e+05 1.419995530464541501e-03 3.500201941323497108e-03 5.061221243868573201e-03
1.160000000000000000e+05 1.226803610727470167e-03 2.801846268057876874e-03 5.115928356547180290e-03
1.161000000000000000e+05 1.292027446785088372e-03 3.161970341416288528e-03 5.326517712777451008e-03
1.162000000000000000e+05 1.322503854722476002e-03 2.676804700044327703e-03 5.295004942640238292e-03
1.163000000000000000e+05 1.326916776543214747e-03 3.184000701883336806e-03 5.182209419222589056e-03
1.164000000000000000e+05 1.415438104180080994e-03 3.159978858456942603e-03 5.064249180460554320e-03
1.165000000000000000e+05 1.413439488344197387e-03 3.146674775558465885e-03 5.068731737165704278e-03
1.166000000000000000e+05 1.513577676509876221e-03 3.435932561016069586e-03 4.888260760749900749e-03
1.167000000000000000e+05 1.401773754488581675e-03 3.024736612474445818e-03 4.875728818963442381e-03
1.168000000000000000e+05 1.396651250992142490e-03 3.081584555520085721e-03 4.830992288539335752e-03
1.169000000000000000e+05 1.550203681842781019e-03 3.420001468614342413e-03 4.692058220156688705e-03
1.170000000000000000e+05 1.348673446806798477e-03 3.033996740374236053e-03 4.399056568986177765e-03
1.171000000000000000e+05 1.208002508650182858e-03 2.824079583962131861e-03 3.923715581471021001e-03
1.172000000000000000e+05 1.149442545094851720e-03 2.805874535920527876e-03 3.526221631293137513e-03
1.173000000000000000e+05 1.189518750524560554e-03 2.897481707328463090e-03 3.304567801031238743e-03
1.174000000000000000e+05 9.173659851336077829e-04 2.477853100355149451e-03 3.248591808965237138e-03
1.175000000000000000e+05 1.480803231540192989e-03 3.291445281623428185e-03 3.664970807417290612e-03
1.176000000000000000e+05 6.872911248295241349e-04 1.308784300070852833e-03 1.960968677339215097e-03
1.177000000000000000e+05 4.849662899939258774e-04 1.248493395327917796e-03 1.223859582529175389e-03
1.178000000000000000e+05 4.776589508078824594e-04 1.757587472065123444e-03 2.092907271345305353e-03
1.179000000000000000e+05 1.767502863614105364e-04 5.064685074360143670e-04 1.293193066158206074e-03
1.180000000000000000e+05 2.609148252114305497e-04 7.706757035556475142e-04 1.334141546624154420e-03
1.181000000000000000e+05 2.592347596096242299e-04 6.027586727106852300e-04 1.316166303645349006e-03
1.182000000000000000e+05 3.208951736753996604e-04 6.245677069049546289e-04 1.224221282785905533e-03
1.183000000000000000e+05 1.957956836961524455e-04 5.757174016188935277e-04 1.059359373210848896e-03
1.184000000000000000e+05 2.394935459271166833e-04 6.149869480084061346e-04 1.089201850778056873e-03
1.185000000000000000e+05 1.830151253453006759e-04 4.515309277233197239e-04 1.067530850320215193e-03
1.186000000000000000e+05 2.274665672873114799e-04 5.608770643183355869e-04 1.030816549523787089e-03
1.187000000000000000e+05 2.352931015744868029e-04 6.276301812300068110e-04 1.031288359522527414e-03
1.188000000000000000e+05 1.663376659292384189e-04 3.789397248312318311e-04 1.021640942647979947e-03
1.189000000000000000e+05 1.991388224274237605e-04 6.123115051367900756e-04 1.019252942845109066e-03
1.190000000000000000e+05 2.296306205008091361e-04 5.195209053155663143e-04 1.010640049195718829e-03
1.191000000000000000e+05 2.568027530781198144e-04 6.189129244666157804e-04 1.071005864435176525e-03
1.192000000000000000e+05 2.180131996025023609e-04 5.291319454165465492e-04 1.098366273025195260e-03
1.193000000000000000e+05 2.230365917912271578e-04 5.075158379959764793e-04 1.025315571038175680e-03
1.194000000000000000e+05 1.246725505204952268e-04 3.971005996168565496e-04 8.588719766316983478e-04
1.195000000000000000e+05 1.126597097188749034e-04 3.563109315055509527e-04 8.083118924580146416e-04
1.196000000000000000e+05 1.729401628316662356e-04 4.187269352267348295e-04 7.922824067287727876e-04
1.197000000000000000e+05 1.379692464721305129e-04 3.466496203564393757e-04 7.568994541059945657e-04
1.198000000000000000e+05 1.031642504325439415e-04 3.291142791944540484e-04 6.805990687166205491e-04
1.199000000000000000e+05 2.203798279034595861e-04 8.078618674468895965e-04 7.625824945464083123e-04
