9.000000000000000000e+04 2.808587787811057794e-05 1.443391470284503429e-04 1.691990466536706769e-04
9.010000000000000000e+04 2.140224541418626978e-05 8.142519546535458247e-05 1.744590995596636456e-04
9.020000000000000000e+04 2.029401964916171175e-05 5.373751579788442912e-05 1.797191524656567227e-04
9.030000000000000000e+04 2.333402695775269801e-05 5.615871652902038893e-05 1.903099018291812348e-04
9.040000000000000000e+04 2.437512736308780517e-05 5.024977722370416438e-05 2.104033092780824038e-04
9.050000000000000000e+04 3.584973797783464595e-05 7.416259601600904750e-05 2.304967167269837626e-04
9.060000000000000000e+04 2.767086093664915866e-05 6.824209988443496674e-05 2.251422321718421970e-04
9.070000000000000000e+04 2.249342223373948448e-05 6.729765813661445044e-05 2.099440242710346393e-04
9.080000000000000000e+04 3.046863309854062679e-05 7.817107315692301841e-05 1.960806091698088409e-04
9.090000000000000000e+04 2.638913119783206575e-05 6.643836479611287611e-05 1.914196331485015009e-04
9.100000000000000000e+04 2.975334982330485670e-05 9.809801509525197471e-05 1.868317300735651478e-04
9.110000000000000000e+04 2.952737135849552619e-05 1.127009535184550048e-04 1.875333536187449445e-04
9.120000000000000000e+04 2.946503169662045645e-05 9.327994063981149739e-05 1.954351860633041834e-04
9.130000000000000000e+04 3.937835842050569236e-05 1.468028020491363834e-04 2.032903936549664394e-04
9.140000000000000000e+04 3.665972124645232159e-05 1.400403142604091122e-04 2.109765174671852114e-04
9.150000000000000000e+04 3.906401569940521311e-05 1.195528882858139198e-04 2.194312849768360408e-04
9.160000000000000000e+04 3.373954027766545762e-05 9.801310711616767284e-05 2.317687028570005272e-04
9.170000000000000000e+04 3.492677529271548159e-05 1.011039189745718250e-04 2.610657661806263714e-04
9.180000000000000000e+04 5.794982717049478884e-05 1.318047707488464060e-04 2.914321899716802570e-04
9.190000000000000000e+04 6.151951775780733610e-05 1.596338972830038195e-04 3.156254861210652644e-04
9.200000000000000000e+04 5.151279518379411372e-05 2.488017227949914398e-04 3.332475425620625548e-04
9.210000000000000000e+04 6.908412540025047743e-05 3.523183554323895857e-04 3.517642604096626532e-04
9.220000000000000000e+04 4.834909464919038896e-05 3.357277517474234452e-04 3.698512918890317505e-04
9.230000000000000000e+04 6.296469052643078332e-05 3.563912928375335292e-04 3.860348052216252147e-04
9.240000000000000000e+04 7.819138065765033610e-05 3.885903365021666444e-04 3.946091261072293436e-04
9.250000000000000000e+04 6.780075684579000032e-05 4.147856234867159037e-04 3.866088376139299666e-04
9.260000000000000000e+04 5.655644992456215769e-05 4.414560403427267277e-04 3.772797361398015181e-04
9.270000000000000000e+04 6.995969028000847186e-05 4.359418524884224838e-04 3.713080283968855813e-04
9.280000000000000000e+04 6.032771271604221025e-05 3.969519542578977861e-04 3.706839789911757391e-04
9.290000000000000000e+04 7.537870555138356191e-05 3.815086647548510124e-04 3.696277128307312674e-04
9.300000000000000000e+04 5.723291151363355802e-05 3.293476095056473586e-04 3.685071034254898121e-04
9.310000000000000000e+04 4.106605265836738841e-05 2.801003753846023950e-04 3.664516080745736093e-04
9.320000000000000000e+04 5.850512368958085858e-05 2.450559462571194180e-04 3.650992889146750841e-04
9.330000000000000000e+04 4.363937404912434986e-05 1.677395135357990911e-04 3.655329251198598511e-04
9.340000000000000000e+04 4.362622121587570118e-05 1.714385525240353075e-04 3.664544884835687515e-04
9.350000000000000000e+04 5.051645605748470704e-05 1.496173446621859452e-04 3.695531838425061637e-04
9.360000000000000000e+04 5.193473808068587837e-05 1.208635032162141661e-04 3.741125599671581582e-04
9.370000000000000000e+04 5.062871870763164736e-05 1.140788101313809665e-04 3.779426084739118618e-04
9.380000000000000000e+04 4.990347557762991621e-05 1.238720491474643330e-04 3.812044673492296330e-04
9.390000000000000000e+04 5.501789711313224019e-05 2.030543773008331929e-04 3.845788968589772781e-04
9.400000000000000000e+04 6.306477184659856202e-05 2.854571111415971476e-04 3.876653738792939347e-04
9.410000000000000000e+04 5.140150327389257645e-05 3.322908751630559618e-04 3.877590525037210418e-04
9.420000000000000000e+04 5.218781529165854608e-05 3.702252831790189846e-04 3.870232854782080329e-04
9.430000000000000000e+04 4.263139426629192902e-05 3.968763638931322064e-04 3.872281127114122383e-04
9.440000000000000000e+04 5.943807705969394875e-05 3.405991724516632701e-04 3.883885752551326275e-04
9.450000000000000000e+04 5.790358986811555220e-05 2.333677599630354848e-04 3.873398865048077668e-04
9.460000000000000000e+04 4.880690869146146575e-05 1.281622992253523110e-04 3.847446706599052298e-04
9.470000000000000000e+04 5.235506955938713618e-05 1.752262621657218089e-04 3.832531994069383473e-04
9.480000000000000000e+04 6.102591188120718747e-05 2.262956909626578591e-04 3.828789437512991850e-04
9.490000000000000000e+04 6.834006409585439675e-05 2.350031003092796131e-04 3.819351030905427432e-04
9.500000000000000000e+04 7.051065263731655895e-05 1.619711867711475504e-04 3.808333336137934553e-04
9.510000000000000000e+04 7.367547542520743722e-05 1.559204826976755428e-04 3.807257983834728835e-04
9.520000000000000000e+04 6.003717503165272680e-05 1.193967977803937416e-04 3.824196096595198612e-04
9.530000000000000000e+04 5.583220195630759705e-05 1.059890934332831012e-04 3.857710072664720141e-04
9.540000000000000000e+04 5.837893088696884288e-05 1.123894980105300152e-04 3.901206939363042374e-04
9.550000000000000000e+04 5.752743576608579292e-05 1.101384901085907778e-04 3.929153842837279143e-04
9.560000000000000000e+04 5.226316647035934545e-05 1.052028693376797375e-04 3.932787181764174221e-04
9.570000000000000000e+04 4.634561246228633552e-05 1.086083084132115286e-04 3.914645108328764921e-04
9.580000000000000000e+04 5.205737692193121392e-05 1.238784556482386040e-04 3.867635706223545807e-04
9.590000000000000000e+04 5.674349275101246010e-05 1.294157609355481536e-04 3.836847109689151100e-04
9.600000000000000000e+04 6.758246396868107910e-05 1.613469803222036055e-04 3.850084399681849828e-04
9.610000000000000000e+04 5.570853770581348473e-05 1.510092621587515930e-04 3.914496622253959787e-04
9.620000000000000000e+04 5.686077922958086579e-05 1.124427519629903885e-04 3.982296587379618546e-04
9.630000000000000000e+04 4.541918310049916554e-05 9.464788855503830775e-05 4.031770449500565409e-04
9.640000000000000000e+04 4.546356476233041595e-05 1.022162450349502552e-04 4.072543530353423479e-04
9.650000000000000000e+04 5.480269514422588147e-05 1.334143054434142072e-04 4.120797851268858509e-04
9.660000000000000000e+04 5.786444072108525060e-05 1.214633670707945898e-04 4.165569278211950373e-04
9.670000000000000000e+04 7.447366815101593611e-05 1.434239112061853742e-04 4.169998930177482737e-04
9.680000000000000000e+04 7.329563449561714772e-05 1.366845455603343026e-04 4.113849538466270530e-04
9.690000000000000000e+04 4.672596719213167969e-05 9.475455680705950623e-05 4.048570386860858052e-04
9.700000000000000000e+04 5.594863828888675195e-05 1.111853630499263579e-04 4.022244921544198821e-04
9.710000000000000000e+04 4.255583508774494171e-05 8.750063380624106433e-05 4.029031396531311559e-04
9.720000000000000000e+04 4.388604384641194055e-05 1.051762158162838543e-04 4.036946668611830422e-04
9.730000000000000000e+04 6.986182064329111551e-05 1.464362967200921327e-04 4.031491577492432457e-04
9.740000000000000000e+04 6.374942285423403857e-05 1.782646434257309075e-04 4.043044813666992919e-04
9.750000000000000000e+04 5.888445748183500795e-05 2.753658644801454717e-04 4.060672747637034618e-04
9.760000000000000000e+04 5.468942180040587331e-05 3.254741491474511385e-04 4.071134765136079402e-04
9.770000000000000000e+04 6.481173977027489090e-05 2.990577820077846790e-04 4.082902004870581710e-04
9.780000000000000000e+04 6.011972873491325904e-05 2.568840256374200050e-04 4.104099846859758584e-04
9.790000000000000000e+04 5.634163931949307848e-05 2.029912149747615385e-04 4.142960851949305159e-04
9.800000000000000000e+04 4.789678401063155247e-05 1.814149116312888717e-04 4.179957617253979253e-04
9.810000000000000000e+04 7.352138037150155164e-05 1.943236685789262604e-04 4.212798296344868044e-04
9.820000000000000000e+04 4.953025445304201939e-05 1.399955695047434031e-04 4.250006221112709488e-04
9.830000000000000000e+04 6.594683412994767130e-05 1.236165159231186837e-04 4.295097693695372194e-04
9.840000000000000000e+04 4.708954276326141443e-05 1.360492671927920460e-04 4.385399308961015195e-04
9.850000000000000000e+04 6.100061489314298653e-05 1.778459169629572137e-04 4.495443977148667544e-04
9.860000000000000000e+04 5.716086809451174922e-05 1.702656448549125343e-04 4.612835178796519174e-04
9.870000000000000000e+04 6.919035000379835732e-05 1.770785620063933014e-04 4.744986774928294793e-04
9.880000000000000000e+04 7.850658962732536862e-05 1.652156156021913165e-04 4.895767345830931688e-04
9.890000000000000000e+04 8.863757874610922200e-05 1.432044993553014322e-04 5.054695411686136461e-04
9.900000000000000000e+04 7.414991545669403659e-05 2.588284672896265450e-04 5.196040548324929375e-04
9.910000000000000000e+04 1.078918486523136122e-04 4.235137350464885557e-04 5.329068651588699836e-04
9.920000000000000000e+04 8.015571977792676234e-05 3.687888051967467282e-04 5.427649155398524229e-04
9.930000000000000000e+04 8.708406500013463709e-05 3.373608393381941442e-04 5.515768686814756213e-04
9.940000000000000000e+04 7.251552687065213401e-05 2.742203915279101773e-04 5.582649852853542203e-04
9.950000000000000000e+04 8.758072243906882531e-05 2.062764959650788222e-04 5.623719779263222640e-04
9.960000000000000000e+04 7.976612158630178549e-05 1.548636365310705667e-04 5.622354929361464502e-04
9.970000000000000000e+04 9.115126178974215527e-05 1.646460904176924936e-04 5.598282020666700987e-04
9.980000000000000000e+04 8.149159195193906831e-05 1.670305358678725685e-04 5.613043996283814847e-04
9.990000000000000000e+04 7.966827589735343568e-05 1.806208741903975222e-04 5.668003870583816642e-04
1.000000000000000000e+05 7.466548546814909693e-05 1.549232486083875187e-04 5.691169001137631918e-04
1.001000000000000000e+05 8.220031113996919582e-05 1.562458054489510853e-04 5.669572005071548109e-04
1.002000000000000000e+05 9.657708695890614755e-05 1.821552720933382373e-04 5.638977902055462323e-04
1.003000000000000000e+05 8.688384860770217641e-05 1.813233144146641704e-04 5.628422256230964076e-04
1.004000000000000000e+05 7.940755890987723567e-05 1.765748210494987687e-04 5.640446008359967147e-04
1.005000000000000000e+05 7.116151910491262493e-05 1.697176333029963092e-04 5.685525841340919543e-04
1.006000000000000000e+05 8.677091944076431237e-05 1.853155978088037855e-04 5.756466778897745577e-04
1.007000000000000000e+05 7.476711769381779674e-05 2.094890318188650201e-04 5.837881547974942825e-04
1.008000000000000000e+05 7.838290483696717589e-05 2.381941442913745877e-04 5.914069303273594702e-04
1.009000000000000000e+05 8.333704451465103087e-05 1.874772264835486250e-04 5.935222240641609701e-04
1.010000000000000000e+05 7.878090526788916227e-05 2.046447142331274220e-04 5.941841840858307685e-04
1.011000000000000000e+05 8.147019135872860408e-05 1.999641832407465358e-04 5.980092526616743922e-04
1.012000000000000000e+05 7.602952342285586654e-05 2.312991834527156065e-04 6.106888852094782740e-04
1.013000000000000000e+05 8.045943264867812424e-05 2.339114594936135723e-04 6.217490276993170150e-04
1.014000000000000000e+05 1.012554330030965592e-04 2.531499343461505102e-04 6.312562782902097396e-04
1.015000000000000000e+05 1.290991009025418881e-04 2.680523552791641215e-04 6.420926875759600666e-04
1.016000000000000000e+05 9.577434702037117362e-05 2.250923654851863650e-04 6.496230858070856096e-04
1.017000000000000000e+05 1.081096782469600105e-04 2.216131433284004252e-04 6.340683457768832559e-04
1.018000000000000000e+05 1.038649389587686543e-04 1.882331381214104662e-04 6.059257230173633159e-04
1.019000000000000000e+05 9.155168993563471067e-05 2.612438324665589898e-04 5.886899845973266173e-04
1.020000000000000000e+05 7.107066997278309838e-05 3.251568160015635761e-04 5.935974302846374175e-04
1.021000000000000000e+05 6.162781655273522931e-05 3.143874802086602275e-04 6.011744945987812028e-04
1.022000000000000000e+05 6.363678287326106266e-05 2.283404286674034934e-04 5.996531706589470568e-04
1.023000000000000000e+05 6.874694516055242580e-05 1.565607396796010221e-04 5.947720584834000112e-04
1.024000000000000000e+05 8.398695708115595099e-05 2.099737968180213042e-04 5.928577661385212418e-04
1.025000000000000000e+05 7.023534730219924138e-05 1.554962331764681276e-04 5.927906580901263871e-04
1.026000000000000000e+05 5.763923860302964941e-05 1.392191465295695074e-04 5.925238077870871849e-04
1.027000000000000000e+05 9.470560397439485231e-05 1.670143001340133968e-04 5.930373225338301905e-04
1.028000000000000000e+05 6.116223277894598884e-05 1.625697228827464955e-04 5.963897571994831396e-04
1.029000000000000000e+05 9.802323335403372116e-05 1.913484320633787117e-04 5.997882140997927696e-04
1.030000000000000000e+05 1.142554022598430124e-04 2.189029814582278254e-04 5.981673353175230232e-04
1.031000000000000000e+05 7.438277967391202818e-05 1.577064521683940604e-04 5.895014696778168002e-04
1.032000000000000000e+05 7.795299019638165117e-05 1.610197183584848772e-04 5.772787175110799269e-04
1.033000000000000000e+05 7.389077013913590737e-05 1.501722694620670918e-04 5.648784594639231745e-04
1.034000000000000000e+05 7.189685499739867673e-05 1.560852563858366950e-04 5.579679308337499562e-04
1.035000000000000000e+05 6.107008755680759862e-05 1.754482525804402105e-04 5.553514181351817958e-04
1.036000000000000000e+05 5.735929908237723598e-05 1.420491009509057241e-04 5.508317082325877006e-04
1.037000000000000000e+05 5.510069507327897392e-05 1.493653828143551299e-04 5.451316824498264905e-04
1.038000000000000000e+05 6.995386742143127256e-05 1.491162200837494833e-04 5.433882971822798788e-04
1.039000000000000000e+05 5.687041701104558408e-05 1.185953500494244363e-04 5.529500273746260812e-04
1.040000000000000000e+05 5.748720642865514860e-05 1.373193549627117890e-04 5.628763247740804819e-04
1.041000000000000000e+05 5.909984494326591883e-05 1.439907905633773305e-04 5.669891331040287233e-04
1.042000000000000000e+05 8.133605794061090884e-05 2.007126183209164663e-04 5.625909560321125987e-04
1.043000000000000000e+05 8.166876857146853057e-05 2.132187926087799777e-04 5.597144258483028028e-04
1.044000000000000000e+05 7.853331049885090270e-05 2.166003434287617265e-04 5.640833631924118546e-04
1.045000000000000000e+05 8.437296436044564984e-05 2.124176022069207328e-04 5.733657164876157075e-04
1.046000000000000000e+05 7.649796083787510723e-05 1.695235783434927623e-04 5.862176322086912021e-04
1.047000000000000000e+05 9.620421773334948690e-05 1.847306284511461864e-04 5.956462794148530398e-04
1.048000000000000000e+05 8.732029843485668557e-05 1.986442565850006330e-04 6.028663772467899836e-04
1.049000000000000000e+05 9.008332681474174371e-05 2.586608260337901633e-04 6.086236588880948855e-04
1.050000000000000000e+05 1.300434771252311850e-04 3.692739166123426000e-04 6.135737186897413610e-04
1.051000000000000000e+05 1.054894236730367094e-04 5.268003472403777390e-04 6.191405824326991951e-04
1.052000000000000000e+05 8.556163068110689707e-05 6.905699425108836106e-04 6.230905419934510683e-04
1.053000000000000000e+05 9.306703596344560910e-05 6.985372933931278776e-04 6.250326713510582707e-04
1.054000000000000000e+05 9.883953945312592103e-05 4.435858447212236632e-04 6.257327285771002810e-04
1.055000000000000000e+05 7.784067999240073914e-05 1.613933498586136691e-04 6.269024690434425772e-04
1.056000000000000000e+05 7.036795640946865663e-05 1.603774080274071763e-04 6.232522255503644389e-04
1.057000000000000000e+05 7.908522820685511164e-05 1.799296903648125220e-04 6.189817301132563131e-04
1.058000000000000000e+05 1.084338770770146504e-04 2.634997083161988180e-04 6.186644187985148539e-04
1.059000000000000000e+05 9.770931978109675346e-05 3.486295982046880813e-04 6.263983507237782687e-04
1.060000000000000000e+05 1.006817736775865489e-04 2.996580501357750444e-04 6.257256444465718890e-04
1.061000000000000000e+05 7.713609298212048548e-05 2.264398255723767831e-04 6.208671166142972018e-04
1.062000000000000000e+05 9.278180743240837386e-05 2.634059350945035412e-04 6.162839490871557845e-04
1.063000000000000000e+05 8.067695344107729451e-05 2.393980742239005047e-04 6.247300426870171057e-04
1.064000000000000000e+05 7.151930972231976269e-05 2.115853967255251810e-04 6.360196198019138231e-04
1.065000000000000000e+05 7.225593922021800262e-05 2.435489141859669511e-04 6.417971474972877614e-04
1.066000000000000000e+05 6.730928083309667496e-05 2.548786546096223080e-04 6.422828770171545246e-04
1.067000000000000000e+05 9.095214325254962623e-05 2.919590166592100910e-04 6.456075057176632491e-04
1.068000000000000000e+05 1.057237630272806319e-04 2.636172053160244430e-04 6.539683965416460878e-04
1.069000000000000000e+05 1.031894645049642820e-04 2.007628077914249505e-04 6.617511291772234161e-04
1.070000000000000000e+05 1.211110426449120425e-04 2.148466469953020427e-04 6.681786362227276708e-04
1.071000000000000000e+05 1.076932834502866395e-04 2.146637299268112963e-04 6.765710989275196567e-04
1.072000000000000000e+05 8.665765216058841144e-05 2.585764772298066155e-04 6.920855683112250639e-04
1.073000000000000000e+05 1.078447617481412962e-04 3.400204356951673501e-04 7.077580994175857723e-04
1.074000000000000000e+05 1.003334580232710877e-04 2.522016266033117382e-04 7.158517301519115757e-04
1.075000000000000000e+05 9.901740421353001555e-05 3.200569886088299853e-04 7.102311164756155808e-04
1.076000000000000000e+05 8.025453389976086246e-05 3.261301449644123237e-04 6.983189828749185703e-04
1.077000000000000000e+05 9.455988743637560624e-05 2.636315723012225363e-04 6.825740749135375323e-04
1.078000000000000000e+05 9.929960461163046814e-05 1.956358389233996001e-04 6.708960574838089812e-04
1.079000000000000000e+05 8.317908405734470052e-05 1.777373940549064040e-04 6.636574888859653534e-04
1.080000000000000000e+05 9.070541964691829565e-05 1.818965899459296402e-04 6.613755313735283654e-04
1.081000000000000000e+05 1.277855455240332243e-04 2.052938487706079977e-04 6.576705610173856067e-04
1.082000000000000000e+05 9.346890924643766994e-05 2.053577781874746161e-04 6.515552332639297159e-04
1.083000000000000000e+05 8.883826137767465020e-05 1.792979112239041946e-04 6.410326392948268587e-04
1.084000000000000000e+05 8.842687721233018303e-05 1.932329114545663310e-04 6.338719087875204329e-04
1.085000000000000000e+05 8.121683567486269982e-05 1.583638567224180662e-04 6.350189890807256309e-04
1.086000000000000000e+05 9.524926453147349037e-05 1.836323245075217447e-04 6.449105139878395440e-04
1.087000000000000000e+05 9.070235548829213689e-05 1.891179475623976178e-04 6.582821720925753758e-04
1.088000000000000000e+05 9.273509147265566153e-05 2.254772646717522573e-04 6.742117194506374927e-04
1.089000000000000000e+05 9.444677546518033366e-05 2.748658692560755450e-04 6.929380088831699550e-04
1.090000000000000000e+05 9.993889034409103329e-05 2.537147230724279322e-04 7.135870769106978729e-04
1.091000000000000000e+05 9.407506878846959991e-05 2.587945056849795837e-04 7.265693268441801274e-04
1.092000000000000000e+05 1.147359975690174410e-04 2.941750097462446454e-04 7.220452419057202167e-04
1.093000000000000000e+05 1.123113428437880028e-04 3.133721667736773546e-04 7.022281426423517599e-04
1.094000000000000000e+05 9.022574698378806827e-05 3.100590367608506643e-04 6.816268558618606126e-04
1.095000000000000000e+05 1.125618727746796307e-04 2.441433356600483098e-04 6.663109259867776345e-04
1.096000000000000000e+05 7.714774493660010203e-05 1.628579351996609602e-04 6.564664479393011835e-04
1.097000000000000000e+05 6.435339964129093825e-05 1.763275419355596818e-04 6.497213599411218524e-04
1.098000000000000000e+05 5.721696652207213657e-05 1.581980475566656559e-04 6.415843570442362467e-04
1.099000000000000000e+05 6.583616293029815724e-05 1.417568692878924718e-04 6.320610399653388235e-04
1.100000000000000000e+05 9.378391628948174168e-05 1.683970563311393319e-04 6.214645345084608870e-04
1.101000000000000000e+05 8.098444460351143272e-05 1.888848621918558365e-04 6.117513708692171774e-04
1.102000000000000000e+05 9.001731418128761011e-05 2.591236159884994584e-04 5.984436978387347580e-04
1.103000000000000000e+05 9.847500972132877152e-05 3.569292547926723909e-04 5.868005495600601713e-04
1.104000000000000000e+05 1.109774846378410395e-04 5.026190217250450960e-04 5.824150533246326596e-04
1.105000000000000000e+05 1.045135190176752263e-04 6.262764798467769425e-04 5.810954253631678713e-04
1.106000000000000000e+05 9.105226657342825689e-05 5.011948680151873418e-04 5.727785105776219809e-04
1.107000000000000000e+05 6.825315289538287644e-05 2.817655979842783156e-04 5.606360106314320314e-04
1.108000000000000000e+05 8.043020061520477415e-05 1.827951321053366261e-04 5.512919639734115964e-04
1.109000000000000000e+05 7.770354696793978352e-05 1.595732588239466890e-04 5.496511538173145302e-04
1.110000000000000000e+05 7.056725876139089901e-05 1.609979992839897199e-04 5.497379001890779137e-04
1.111000000000000000e+05 7.531907141562803809e-05 1.963254433907631936e-04 5.510759040760893198e-04
1.112000000000000000e+05 6.424860053813347561e-05 1.294230578962292984e-04 5.542689769416932460e-04
1.113000000000000000e+05 7.185868734764039529e-05 1.557781448882377177e-04 5.573986349663063869e-04
1.114000000000000000e+05 7.254924047572270827e-05 1.622775397817212786e-04 5.603529575340011632e-04
1.115000000000000000e+05 6.425513509997291678e-05 1.378635881450672668e-04 5.650307680293780539e-04
1.116000000000000000e+05 5.491507889283171913e-05 1.630320104002994574e-04 5.728169817613474289e-04
1.117000000000000000e+05 6.257942097133526328e-05 1.587569086479685221e-04 5.892114909269849030e-04
1.118000000000000000e+05 9.122344968991440584e-05 2.206631982533179080e-04 6.166719664057153860e-04
1.119000000000000000e+05 1.013953479676360427e-04 2.761792004371307462e-04 6.446647973027033306e-04
1.120000000000000000e+05 8.625819855557126294e-05 2.362817758823151796e-04 6.501162620519622230e-04
1.121000000000000000e+05 8.684084552804637036e-05 1.991447110904131720e-04 6.403314490394434923e-04
1.122000000000000000e+05 9.028477511502928151e-05 1.707367381386603288e-04 6.411879110610869091e-04
1.123000000000000000e+05 6.729000006510039208e-05 1.793583526582446337e-04 6.567449781094947779e-04
1.124000000000000000e+05 9.365897198291271188e-05 1.998890812909314210e-04 6.642645736831913599e-04
1.125000000000000000e+05 8.776969394597112714e-05 1.764223560714771799e-04 6.512190306685179371e-04
1.126000000000000000e+05 6.670605427696685383e-05 2.620690713369647380e-04 6.319183612874663914e-04
1.127000000000000000e+05 8.754781482770584468e-05 4.148539829181208853e-04 6.181171121619862463e-04
1.128000000000000000e+05 7.049398165280985201e-05 4.372770122860235656e-04 6.183794705014481960e-04
1.129000000000000000e+05 9.516072919180736285e-05 3.298982108843531843e-04 6.246474692764891800e-04
1.130000000000000000e+05 8.568222968028435093e-05 2.107474479420480985e-04 6.326263124546755877e-04
1.131000000000000000e+05 1.004577886558351675e-04 2.046558723589288935e-04 6.346262061262311063e-04
1.132000000000000000e+05 1.124798436167989951e-04 2.019357858891228591e-04 6.280852617373248624e-04
1.133000000000000000e+05 7.967176983823549396e-05 1.675571860971319894e-04 6.179386485822585973e-04
1.134000000000000000e+05 7.472065395733990239e-05 1.844943431773645630e-04 6.090022109006023015e-04
1.135000000000000000e+05 1.070390672179985991e-04 2.335323290952305043e-04 6.052344735228669262e-04
1.136000000000000000e+05 9.445135607470081952e-05 1.948291298066554293e-04 6.022470167611924594e-04
1.137000000000000000e+05 8.041531915267663942e-05 1.501967944538375784e-04 5.948335396377513835e-04
1.138000000000000000e+05 1.209411862008680444e-04 2.403506750704769096e-04 5.883994112089325481e-04
1.139000000000000000e+05 9.087896987823758377e-05 1.735688569978014210e-04 5.908274227070206856e-04
1.140000000000000000e+05 1.002052293107472776e-04 2.354867171903653926e-04 5.996021051897360140e-04
1.141000000000000000e+05 1.320216692579491511e-04 2.257863691351486186e-04 6.015510074143295407e-04
1.142000000000000000e+05 1.136715436597045790e-04 1.904635852709152645e-04 5.990883891567990241e-04
1.143000000000000000e+05 9.930560554067126115e-05 1.795585101460314475e-04 5.981583928227397241e-04
1.144000000000000000e+05 1.016679282283528517e-04 1.933251673742018969e-04 6.006372337169827271e-04
1.145000000000000000e+05 8.944941047372002678e-05 1.842653337821804687e-04 5.980605301858187266e-04
1.146000000000000000e+05 9.523613792570997764e-05 1.643067370884826114e-04 5.886236164593878009e-04
1.147000000000000000e+05 9.411579409725347829e-05 1.749535311370414565e-04 5.790090222245873088e-04
1.148000000000000000e+05 1.021258630061124841e-04 1.920071360498246788e-04 5.719669236283394251e-04
1.149000000000000000e+05 9.836518108592554911e-05 2.125620530615932209e-04 5.661098335329043437e-04
1.150000000000000000e+05 1.091847321395823757e-04 2.647330635487388228e-04 5.643289044445985421e-04
1.151000000000000000e+05 6.877166009172088965e-05 2.448566765176276184e-04 5.754047603005841638e-04
1.152000000000000000e+05 9.737762241459821388e-05 2.374283781149958339e-04 5.933141276960340361e-04
1.153000000000000000e+05 6.355210829517884529e-05 1.681009138310118585e-04 6.106911845305392980e-04
1.154000000000000000e+05 7.916676098936980665e-05 1.576031872161136804e-04 6.193496536730739438e-04
1.155000000000000000e+05 8.430410745436116206e-05 1.780186731406512403e-04 6.258937840217184030e-04
1.156000000000000000e+05 1.008720792010298550e-04 2.196683178302480258e-04 6.349296917290403724e-04
1.157000000000000000e+05 1.023653038842692970e-04 1.879306620313680922e-04 6.480905381355193647e-04
1.158000000000000000e+05 8.718348040433177536e-05 1.916112263930580062e-04 6.651769112035651457e-04
1.159000000000000000e+05 8.468533410452890736e-05 2.002140030613558472e-04 6.879835857295494737e-04
1.160000000000000000e+05 1.382160778752316872e-04 2.837811598477079722e-04 7.134657906226707803e-04
1.161000000000000000e+05 1.228278974817949851e-04 3.833250678367548835e-04 7.358244320573247531e-04
1.162000000000000000e+05 9.606310522141726406e-05 2.817166105125644372e-04 7.377568123036775576e-04
1.163000000000000000e+05 9.145720484867044496e-05 1.985899081295390079e-04 7.181074922797097814e-04
1.164000000000000000e+05 7.744185276365648900e-05 2.147781539832867292e-04 6.790929894422388169e-04
1.165000000000000000e+05 9.087777476722829623e-05 2.592732834703540381e-04 6.414131335472762849e-04
1.166000000000000000e+05 6.483836534640710376e-05 1.907239164095275372e-04 6.099270211006755857e-04
1.167000000000000000e+05 6.506848668593790980e-05 1.483854932350001619e-04 5.809716964690589706e-04
1.168000000000000000e+05 6.447716309334466933e-05 1.423810651937676116e-04 5.511949269053184174e-04
1.169000000000000000e+05 5.375079712627788648e-05 1.482735040371021304e-04 5.178157527799085325e-04
1.170000000000000000e+05 5.785922919136510809e-05 1.736801571152756006e-04 4.823088226521969374e-04
1.171000000000000000e+05 6.580585052365741424e-05 2.202747745448792012e-04 4.482660036330490556e-04
1.172000000000000000e+05 7.886019414373037590e-05 2.896454083808674756e-04 4.182632207177385095e-04
1.173000000000000000e+05 6.551382406260207241e-05 3.307950411316896815e-04 3.900807251863927668e-04
1.174000000000000000e+05 7.284098776842338422e-05 4.116051143478356169e-04 3.825717634419965852e-04
1.175000000000000000e+05 7.672410248186876816e-05 4.789669304012180318e-04 3.958834936312540680e-04
1.176000000000000000e+05 9.597922643394613462e-05 5.386946953267814390e-04 4.050183495981977120e-04
1.177000000000000000e+05 6.066908853578250379e-05 3.648595065766319719e-04 3.666264424843377408e-04
1.178000000000000000e+05 6.310449313527292979e-05 2.496091000253742426e-04 3.073952956692400885e-04
1.179000000000000000e+05 6.155529681944936580e-05 2.144010646886629779e-04 2.512576726068721186e-04
1.180000000000000000e+05 3.858961681959475597e-05 1.459405808705421792e-04 2.120770677418863691e-04
1.181000000000000000e+05 2.894480583881824023e-05 8.847650570502588077e-05 1.752209232433742136e-04
1.182000000000000000e+05 3.829633868485425108e-05 7.810657935787166870e-05 1.526785008312814805e-04
1.183000000000000000e+05 2.843864733516267458e-05 6.702640686791956908e-05 1.422245297954932144e-04
1.184000000000000000e+05 1.919271866248804196e-05 6.680863882333555387e-05 1.323823214367218922e-04
1.185000000000000000e+05 2.021267694056095459e-05 6.268205516724611776e-05 1.303681484537501975e-04
1.186000000000000000e+05 1.689721390120615268e-05 6.747581275715233793e-05 1.296803818620901173e-04
1.187000000000000000e+05 1.565483175785701642e-05 7.462307321884570702e-05 1.287121932946485540e-04
1.188000000000000000e+05 1.423087319291207803e-05 6.821663720835128186e-05 1.271170949948503880e-04
1.189000000000000000e+05 1.952444692239644144e-05 6.751291577635535571e-05 1.254998492418745761e-04
1.190000000000000000e+05 2.206712055654498910e-05 6.866134036932115977e-05 1.239376022545717775e-04
1.191000000000000000e+05 1.703609876652152264e-05 7.101764316529512555e-05 1.224440669234305376e-04
1.192000000000000000e+05 2.025376123763860932e-05 8.158268350213865544e-05 1.209904783125602596e-04
1.193000000000000000e+05 1.778817677692149713e-05 7.622462732448856003e-05 1.194261927541701333e-04
1.194000000000000000e+05 1.414284820201222234e-05 6.644674964169921410e-05 1.178086288725773659e-04
1.195000000000000000e+05 1.588487537371496069e-05 6.079602650570857633e-05 1.180341095512472260e-04
1.196000000000000000e+05 1.791982175537705859e-05 5.379134859156665071e-05 1.227041123481839612e-04
1.197000000000000000e+05 2.501446805844978797e-05 5.477517931815336044e-05 1.273741151451207370e-04
1.198000000000000000e+05 2.413424642855545494e-05 5.524426692814111831e-05 1.327003133947600672e-04
1.199000000000000000e+05 2.036403156247470364e-05 5.786181111456248577e-05 1.384377080444032895e-04
