9.000000000000000000e+04 4.710082667643425772e-04 1.669188362998155675e-03 1.065599113625408535e-03
9.010000000000000000e+04 4.778252722772761106e-04 1.648103363766730868e-03 1.146768429604652900e-03
9.020000000000000000e+04 4.111860552595947684e-04 1.530839391715199324e-03 1.120640679817172828e-03
9.030000000000000000e+04 4.186069028866437830e-04 1.528447978838625224e-03 1.072690065638754690e-03
9.040000000000000000e+04 4.034239376119302381e-04 1.475086270139062180e-03 1.075608129823217313e-03
9.050000000000000000e+04 4.134476435173662940e-04 1.507837583534619866e-03 1.022452379736325367e-03
9.060000000000000000e+04 4.069380882545785847e-04 1.486069501957819079e-03 1.014349958843106369e-03
9.070000000000000000e+04 3.768656877094056891e-04 1.444104278670402166e-03 9.796619674057470330e-04
9.080000000000000000e+04 3.395382193689570416e-04 1.216521489555121840e-03 9.331287244983742452e-04
9.090000000000000000e+04 3.057342656998787624e-04 1.149306996928710703e-03 9.283977601985841715e-04
9.100000000000000000e+04 2.425595822867387301e-04 8.247707182775830884e-04 8.748351657036215279e-04
9.110000000000000000e+04 2.638172638820634021e-04 8.183359048429115394e-04 8.512639479713592864e-04
9.120000000000000000e+04 2.832588624116305978e-04 8.681762564539468544e-04 8.461983654578059903e-04
9.130000000000000000e+04 2.650158027618784110e-04 8.137587403551966745e-04 8.254495263213245402e-04
9.140000000000000000e+04 2.332013967192296706e-04 6.928711507826782953e-04 8.069556648589366107e-04
9.150000000000000000e+04 2.436594096129202081e-04 6.970508636821562323e-04 7.873272628438387002e-04
9.160000000000000000e+04 2.492111107484617756e-04 7.292998926479875212e-04 7.872136695367442294e-04
9.170000000000000000e+04 2.312402737176516955e-04 6.587869527947886683e-04 7.719493586998680580e-04
9.180000000000000000e+04 1.369550408435081740e-04 4.027635600608655154e-04 7.302798645052172152e-04
9.190000000000000000e+04 2.031399694438043883e-04 3.913553870619552099e-04 7.234505392541789020e-04
9.200000000000000000e+04 1.225840065640786168e-04 3.170747678338995236e-04 7.376822818400965379e-04
9.210000000000000000e+04 1.513567267082028970e-04 3.628984072989449583e-04 7.196225034664108710e-04
9.220000000000000000e+04 1.646982612328635890e-04 4.105697210874232304e-04 7.009162794013750787e-04
9.230000000000000000e+04 1.663603503636858173e-04 4.624761430902538063e-04 6.905081765440175198e-04
9.240000000000000000e+04 1.576558681030396829e-04 4.764571071049006953e-04 6.979923407862247955e-04
9.250000000000000000e+04 1.763470668489843397e-04 4.851142936678923354e-04 6.968722389964470548e-04
9.260000000000000000e+04 1.851718514448122584e-04 4.666232137864985896e-04 6.878872652739244451e-04
9.270000000000000000e+04 2.452137544005967727e-04 5.429521463226206612e-04 6.827097229230013947e-04
9.280000000000000000e+04 2.508637706703658351e-04 5.717495080623329583e-04 6.899778261192758902e-04
9.290000000000000000e+04 2.202461777938470328e-04 5.182964225592486722e-04 6.821847452364227697e-04
9.300000000000000000e+04 1.565783953332919179e-04 4.576127564079640782e-04 6.771590732619735134e-04
9.310000000000000000e+04 1.739515365617432668e-04 5.481427170697433706e-04 6.838721353022230668e-04
9.320000000000000000e+04 2.327024917110476340e-04 6.921324180552367294e-04 7.128752764822419074e-04
9.330000000000000000e+04 2.613225455135725493e-04 7.305463964454757264e-04 7.392018769343974794e-04
9.340000000000000000e+04 2.433161588878541941e-04 6.819742911471277959e-04 7.651461839298346560e-04
9.350000000000000000e+04 2.569895901537014088e-04 7.341430146354890364e-04 7.368224472353951350e-04
9.360000000000000000e+04 2.172123105311295037e-04 6.135019885614413854e-04 7.374466530574473122e-04
9.370000000000000000e+04 2.014603898993512889e-04 5.186856532792955259e-04 7.369974854488911325e-04
9.380000000000000000e+04 2.440367785520665043e-04 5.318295970228039630e-04 7.294311087711356561e-04
9.390000000000000000e+04 1.925748067516829714e-04 4.646358698045099109e-04 7.190862213527742918e-04
9.400000000000000000e+04 1.416124780119563508e-04 4.242491722237320441e-04 7.290513844190492018e-04
9.410000000000000000e+04 1.564262332462576857e-04 4.690874217522734892e-04 7.607811126468504853e-04
9.420000000000000000e+04 2.181305417127885320e-04 4.553544903230926115e-04 8.215590263844033689e-04
9.430000000000000000e+04 2.434084970054407882e-04 4.553080041833844046e-04 8.871200879252526131e-04
9.440000000000000000e+04 2.322231072323446832e-04 5.766860602623052109e-04 8.793209999734593468e-04
9.450000000000000000e+04 2.808856265398325261e-04 8.795994699932915785e-04 9.373674231781339589e-04
9.460000000000000000e+04 3.314179376124568336e-04 1.005611194241615852e-03 9.056833870622369798e-04
9.470000000000000000e+04 3.298572620527622174e-04 9.654118126760715150e-04 8.871865098182051077e-04
9.480000000000000000e+04 3.297783191415532174e-04 1.061211483551099824e-03 9.033218689466131299e-04
9.490000000000000000e+04 3.301719505224470818e-04 1.242025192340721375e-03 9.042709860737869554e-04
9.500000000000000000e+04 3.693882849750753381e-04 1.335376895621602370e-03 9.211341733983158817e-04
9.510000000000000000e+04 3.921062217941911161e-04 1.482696323698841096e-03 9.771498306192847975e-04
9.520000000000000000e+04 4.000121784959950483e-04 1.532562027221051702e-03 1.002581952729085729e-03
9.530000000000000000e+04 4.049090070156465904e-04 1.492358761732434560e-03 9.875288279389883052e-04
9.540000000000000000e+04 3.552939154318629240e-04 1.167694691577088936e-03 9.338649511105325245e-04
9.550000000000000000e+04 3.328883667014100566e-04 1.043133647959354916e-03 9.272987797081073350e-04
9.560000000000000000e+04 3.409494337263006478e-04 1.022503100514963884e-03 8.821557113268575778e-04
9.570000000000000000e+04 3.275058720266604785e-04 1.041871934832966449e-03 8.469531998462516420e-04
9.580000000000000000e+04 3.206812498224608562e-04 9.659064999857753207e-04 8.533173255381219877e-04
9.590000000000000000e+04 3.013373269922213233e-04 8.902641530242104764e-04 8.398248559083824460e-04
9.600000000000000000e+04 3.307925117404120902e-04 9.448460473004626457e-04 8.287400396897687347e-04
9.610000000000000000e+04 3.402574158482559548e-04 9.179248958034008339e-04 8.299039391382455767e-04
9.620000000000000000e+04 3.608120138998187018e-04 8.285311061679780271e-04 8.345245105198986074e-04
9.630000000000000000e+04 3.113306551289824918e-04 7.236114390120400265e-04 8.210400021482955248e-04
9.640000000000000000e+04 2.863177449727804212e-04 6.304749773877678419e-04 7.869505344541314696e-04
9.650000000000000000e+04 2.547164429232415869e-04 5.589487070021797576e-04 7.667934925796764719e-04
9.660000000000000000e+04 2.190578020651587961e-04 5.562652593530930528e-04 7.665604825366121276e-04
9.670000000000000000e+04 1.649802341140984511e-04 5.303985050831023628e-04 7.866695087283021460e-04
9.680000000000000000e+04 1.807778508081981121e-04 4.925436299762536892e-04 7.803094638665675252e-04
9.690000000000000000e+04 1.674129201067820275e-04 4.788296428920421795e-04 7.650287564299849009e-04
9.700000000000000000e+04 1.117688384486897543e-04 3.369373914263433132e-04 7.192309388698678741e-04
9.710000000000000000e+04 1.364380922501055686e-04 3.566615329610325989e-04 6.981615988287854808e-04
9.720000000000000000e+04 1.132094139450819537e-04 2.508100232923123800e-04 7.072319570052343959e-04
9.730000000000000000e+04 1.246354027005205011e-04 3.658462802413951602e-04 6.958731664382237277e-04
9.740000000000000000e+04 2.077039590153273831e-04 5.530133917137550594e-04 7.252995240127344586e-04
9.750000000000000000e+04 2.175404394464332432e-04 6.506952267897172853e-04 7.219987946931143282e-04
9.760000000000000000e+04 2.142406731925005324e-04 6.265080765795257196e-04 7.063020003086329084e-04
9.770000000000000000e+04 2.507133275279511682e-04 5.849963639900502936e-04 6.988571841724689360e-04
9.780000000000000000e+04 1.979955778712865931e-04 4.934036641837201810e-04 7.143794840630335926e-04
9.790000000000000000e+04 2.234384937285143011e-04 5.287797823370009006e-04 7.491366266844267556e-04
9.800000000000000000e+04 2.454873252782676079e-04 5.792311580769749424e-04 7.644539626407341687e-04
9.810000000000000000e+04 2.558708047833885323e-04 6.604321230468102304e-04 7.795818777635649599e-04
9.820000000000000000e+04 3.653581283050858289e-04 7.189218217560774341e-04 8.967082258310432857e-04
9.830000000000000000e+04 2.590791958439990625e-04 5.535649177682813900e-04 8.163129349383419419e-04
9.840000000000000000e+04 2.049864923491305328e-04 4.739473978785980774e-04 7.500330909823509865e-04
9.850000000000000000e+04 2.019149203226395812e-04 4.680360462021263424e-04 7.512379634429158098e-04
9.860000000000000000e+04 2.266494136763777577e-04 5.471530762908403825e-04 7.661251074851762374e-04
9.870000000000000000e+04 2.309846842886229944e-04 5.915404901781777698e-04 7.803083195258959329e-04
9.880000000000000000e+04 2.249160869808338034e-04 5.733814942626046718e-04 7.957786607006832064e-04
9.890000000000000000e+04 2.004710526529669733e-04 4.691830879263042282e-04 7.773921860728516932e-04
9.900000000000000000e+04 1.496189334096066767e-04 3.762229406757904666e-04 8.013199132633085000e-04
9.910000000000000000e+04 2.028817172054907681e-04 4.692167630015551139e-04 8.037818687997889955e-04
9.920000000000000000e+04 2.628707401166883225e-04 5.593164573421113622e-04 8.107114163402772333e-04
9.930000000000000000e+04 2.155831021596330607e-04 4.947661810170570287e-04 8.314345155639682895e-04
9.940000000000000000e+04 2.188759628570805188e-04 5.352703929117971901e-04 8.197085816774717527e-04
9.950000000000000000e+04 1.970848867022151644e-04 4.464037420686845512e-04 8.140029895759455774e-04
9.960000000000000000e+04 1.893713628805367361e-04 3.867914068391278609e-04 7.816808025876142985e-04
9.970000000000000000e+04 1.705162434271038918e-04 3.566943823639469931e-04 7.352374972023874647e-04
9.980000000000000000e+04 1.489585143603739878e-04 3.534057290525101976e-04 7.837868342876882707e-04
9.990000000000000000e+04 1.468365491756589564e-04 3.491496912021558284e-04 7.880796950995780630e-04
1.000000000000000000e+05 1.554876068289493376e-04 4.244006718880584438e-04 7.872648096749073916e-04
1.001000000000000000e+05 1.820751881235474143e-04 5.679454529083648217e-04 8.220645791125125645e-04
1.002000000000000000e+05 1.648368207294964279e-04 5.296988035805011820e-04 8.265732520194586219e-04
1.003000000000000000e+05 1.595908355693332692e-04 4.770888504612881683e-04 8.041627617417312999e-04
1.004000000000000000e+05 1.720223617290729924e-04 4.499886961119812243e-04 7.743416018302295371e-04
1.005000000000000000e+05 1.576585282486662456e-04 4.055851767935208770e-04 7.504858805528413172e-04
1.006000000000000000e+05 1.979795834115244228e-04 6.115063849997649749e-04 7.985247169184278354e-04
1.007000000000000000e+05 2.207944299211370620e-04 7.927543133887853064e-04 8.650388217141209484e-04
1.008000000000000000e+05 1.848403298706685670e-04 6.247597423821191166e-04 8.601295519987915694e-04
1.009000000000000000e+05 2.017071757097137858e-04 7.425840473806866312e-04 9.044070715814745559e-04
1.010000000000000000e+05 2.657777033365500523e-04 8.382413847927324942e-04 9.361031279313732642e-04
1.011000000000000000e+05 2.323324327397854362e-04 5.820829906402061934e-04 8.765456328741888774e-04
1.012000000000000000e+05 1.649984384651187810e-04 4.606050295508886446e-04 8.729928578322413910e-04
1.013000000000000000e+05 1.572786811310949474e-04 4.298068236025787397e-04 8.830917482438773586e-04
1.014000000000000000e+05 1.796074632277256311e-04 4.428953797900799265e-04 8.680469577759619779e-04
1.015000000000000000e+05 1.630212283208736651e-04 4.328475586814171938e-04 8.675192413930129728e-04
1.016000000000000000e+05 1.475347060722956294e-04 3.985300642074272653e-04 8.797975220526209469e-04
1.017000000000000000e+05 1.393497833496827381e-04 3.932093125621141530e-04 9.171710516010917174e-04
1.018000000000000000e+05 1.343035776060177077e-04 4.424296322892092058e-04 9.530390753236615137e-04
1.019000000000000000e+05 1.581003202006787912e-04 4.736301649652973397e-04 9.595432709538935295e-04
1.020000000000000000e+05 1.310959307438794470e-04 3.538203380737419855e-04 9.624340274611446538e-04
1.021000000000000000e+05 1.276990408011322194e-04 3.201251895851531205e-04 9.477583179160505153e-04
1.022000000000000000e+05 1.917731299957923510e-04 4.951400830812547997e-04 9.617469465743672596e-04
1.023000000000000000e+05 2.076612351843259421e-04 6.240319598045464310e-04 9.557630129173513150e-04
1.024000000000000000e+05 1.716704481317092188e-04 4.425058213011500742e-04 8.944281869650002941e-04
1.025000000000000000e+05 1.764400932261288952e-04 5.791747861490690284e-04 8.616167441122937537e-04
1.026000000000000000e+05 2.192373408634214205e-04 7.282373645705455872e-04 8.717179572703121068e-04
1.027000000000000000e+05 1.905093802884130121e-04 5.757001412588796550e-04 8.434476544603626297e-04
1.028000000000000000e+05 1.704442872938146704e-04 5.070390822831307570e-04 8.130948705909570636e-04
1.029000000000000000e+05 1.953472777387565930e-04 5.611128864169807277e-04 8.244881321627265747e-04
1.030000000000000000e+05 1.828838571565431217e-04 6.107964581820520163e-04 8.059886554863041194e-04
1.031000000000000000e+05 1.913516895242503915e-04 6.200672743713220737e-04 8.210031638795564635e-04
1.032000000000000000e+05 1.966793048697318413e-04 6.413003004577173295e-04 8.471222057377224973e-04
1.033000000000000000e+05 1.874409215879094823e-04 6.345023034146835732e-04 8.598468570273545136e-04
1.034000000000000000e+05 1.836804032528188083e-04 6.491540639679090801e-04 8.769996694628464295e-04
1.035000000000000000e+05 2.062960530010328345e-04 6.843178963475090616e-04 9.106980317978710182e-04
1.036000000000000000e+05 2.080323623201200088e-04 7.537266208079747157e-04 9.425662444963669876e-04
1.037000000000000000e+05 2.199374272060267577e-04 6.346207780013727630e-04 9.241737733276435968e-04
1.038000000000000000e+05 2.139753211190430692e-04 6.346292277464259373e-04 9.504506817934046470e-04
1.039000000000000000e+05 2.494988728025383752e-04 7.097572082617346683e-04 9.891515781662158207e-04
1.040000000000000000e+05 2.677109658160550581e-04 7.220638120681816896e-04 1.031046560658741744e-03
1.041000000000000000e+05 3.026658289932600276e-04 1.137902656406653522e-03 1.187644462169148724e-03
1.042000000000000000e+05 2.412763285820473252e-04 9.360714568132011068e-04 1.195565540219568727e-03
1.043000000000000000e+05 1.680359340143582330e-04 6.579480025086512692e-04 1.197598722071835506e-03
1.044000000000000000e+05 1.599126544263164244e-04 6.589269966316179446e-04 1.260497967582311545e-03
1.045000000000000000e+05 2.588496516959578470e-04 7.864806508132860668e-04 1.300405966144526498e-03
1.046000000000000000e+05 2.272324348077179972e-04 7.585892529027879558e-04 1.373928613692698393e-03
1.047000000000000000e+05 1.404663478820596459e-04 6.292221389324931420e-04 1.454622905111144487e-03
1.048000000000000000e+05 2.059549760699483367e-04 6.859469762177878085e-04 1.484584556270038443e-03
1.049000000000000000e+05 1.855955473830789553e-04 6.578699994296245083e-04 1.497013447855457743e-03
1.050000000000000000e+05 2.114119082940449021e-04 6.658057475671622528e-04 1.491341946023384390e-03
1.051000000000000000e+05 1.765351506385949305e-04 6.155256307825299547e-04 1.534055527719990633e-03
1.052000000000000000e+05 1.696059522580232754e-04 5.594798374518538363e-04 1.592553382030790056e-03
1.053000000000000000e+05 3.037190287333015829e-04 6.271428402077111521e-04 1.594779559593410400e-03
1.054000000000000000e+05 4.025300484290161244e-04 7.051037874722509285e-04 1.694995680063186459e-03
1.055000000000000000e+05 4.468194220341246536e-04 7.275514042954088923e-04 1.846409210445659841e-03
1.056000000000000000e+05 5.044396731750989699e-04 7.787976699195240608e-04 1.953769404763558339e-03
1.057000000000000000e+05 3.967394458456101163e-04 6.836471403578779985e-04 2.048632561444559564e-03
1.058000000000000000e+05 3.390597729367628328e-04 6.676329588763962875e-04 2.101211458569209913e-03
1.059000000000000000e+05 3.819566713651801650e-04 7.066319443145138365e-04 2.140403176673712909e-03
1.060000000000000000e+05 4.782176915171438593e-04 7.852486305443637932e-04 2.176977291163099352e-03
1.061000000000000000e+05 6.296769706609379319e-04 8.872531338741979252e-04 2.243977823966215000e-03
1.062000000000000000e+05 7.619328800848657653e-04 1.013120137426534945e-03 2.339900461200700253e-03
1.063000000000000000e+05 7.998478887578785047e-04 1.092553375871301762e-03 2.418710482362066219e-03
1.064000000000000000e+05 8.086470793121848695e-04 1.110018404838484293e-03 2.474154388991626347e-03
1.065000000000000000e+05 7.402877025094874944e-04 1.020505017903254293e-03 2.518250436853154868e-03
1.066000000000000000e+05 6.133009057837646161e-04 8.742763254463246231e-04 2.526881419196670350e-03
1.067000000000000000e+05 5.324770613267825782e-04 8.466540334443363458e-04 2.479139443406440466e-03
1.068000000000000000e+05 5.984579234768752035e-04 9.896906606462567684e-04 2.423106177726505779e-03
1.069000000000000000e+05 6.400188919495587107e-04 1.074196318744277635e-03 2.406816656703723509e-03
1.070000000000000000e+05 5.757265775727848835e-04 9.627875184866267842e-04 2.453952540326075245e-03
1.071000000000000000e+05 3.976430729418973554e-04 6.753697664282779303e-04 2.544588507192134617e-03
1.072000000000000000e+05 2.782767053952344555e-04 5.499873170636015475e-04 2.570340125853888460e-03
1.073000000000000000e+05 3.061859145860484389e-04 7.480517027915311451e-04 2.507863780641281584e-03
1.074000000000000000e+05 3.660289749395952141e-04 9.546009697356076795e-04 2.429344547605033315e-03
1.075000000000000000e+05 3.565070880228002510e-04 1.003564319335166575e-03 2.372338682976450445e-03
1.076000000000000000e+05 3.845582004677531966e-04 1.054414510865107641e-03 2.330136269275480398e-03
1.077000000000000000e+05 4.049120393014513097e-04 1.086418713096972116e-03 2.284472622292081645e-03
1.078000000000000000e+05 4.353344297089892061e-04 1.080614267577043562e-03 2.280286302513289450e-03
1.079000000000000000e+05 3.602077739744504771e-04 8.868434374985191895e-04 2.365088100710093909e-03
1.080000000000000000e+05 2.890843898456486004e-04 6.444060215634898545e-04 2.527532852381051461e-03
1.081000000000000000e+05 2.514520693487612077e-04 5.583309346911717944e-04 2.710009759176604163e-03
1.082000000000000000e+05 2.525455487540147377e-04 5.990678919481412165e-04 2.844190805887049280e-03
1.083000000000000000e+05 2.229953458652358944e-04 5.720862769587357552e-04 2.925809954716712506e-03
1.084000000000000000e+05 1.316279816990727734e-04 4.577877581599461461e-04 2.944828135994915445e-03
1.085000000000000000e+05 2.294798482592110174e-04 5.409935126116636496e-04 2.908009450802842566e-03
1.086000000000000000e+05 2.543328293585409537e-04 5.474182273420280520e-04 2.851207067468313622e-03
1.087000000000000000e+05 2.257876809393789645e-04 5.147065417757394797e-04 2.774732086624257053e-03
1.088000000000000000e+05 2.033017652428590130e-04 4.860077725689537949e-04 2.703231827759192303e-03
1.089000000000000000e+05 3.277544143017408970e-04 6.025986552724480437e-04 2.671769375638917594e-03
1.090000000000000000e+05 4.824547363466713534e-04 8.079805629577722220e-04 2.594729958152995793e-03
1.091000000000000000e+05 6.132936174499143290e-04 1.027589318661194196e-03 2.501015180708526364e-03
1.092000000000000000e+05 8.231396012701168875e-04 1.214176506943022904e-03 2.513003824439885049e-03
1.093000000000000000e+05 1.057587164896043458e-03 1.496286442624293871e-03 2.585760249258912003e-03
1.094000000000000000e+05 1.203419902208598471e-03 1.789477075323662059e-03 2.623465617078074574e-03
1.095000000000000000e+05 1.292953556636293379e-03 1.973456369211323141e-03 2.629991924207942741e-03
1.096000000000000000e+05 1.338847722057257732e-03 2.077253370670919565e-03 2.618889763932364962e-03
1.097000000000000000e+05 1.292410761499068793e-03 2.078838159268646402e-03 2.548347764401796486e-03
1.098000000000000000e+05 1.210043945917130270e-03 2.002647680900368401e-03 2.451937977851165445e-03
1.099000000000000000e+05 1.111378357790712094e-03 1.912529457272070087e-03 2.334457539519448500e-03
1.100000000000000000e+05 9.995327926639531631e-04 1.802792941386737770e-03 2.196488836916748923e-03
1.101000000000000000e+05 8.749848505047678332e-04 1.649625156494882641e-03 2.035218704202637272e-03
1.102000000000000000e+05 7.308448719059619514e-04 1.437588430105358290e-03 1.845342735851002126e-03
1.103000000000000000e+05 5.631167261451112786e-04 1.145610937020528040e-03 1.642015793882763922e-03
1.104000000000000000e+05 4.197220602168969840e-04 9.003363571956422666e-04 1.456954271957685426e-03
1.105000000000000000e+05 3.777933823381709631e-04 7.987709741570288855e-04 1.330086335039090727e-03
1.106000000000000000e+05 3.887240652534197606e-04 7.954125359496605268e-04 1.287529326308618728e-03
1.107000000000000000e+05 4.099840356875068337e-04 8.869051135995364684e-04 1.296721980944549142e-03
1.108000000000000000e+05 4.649870230417263352e-04 1.018777994801731883e-03 1.318987609358074613e-03
1.109000000000000000e+05 5.283404066197299387e-04 1.133054273655203191e-03 1.352669538933988936e-03
1.110000000000000000e+05 5.949889970713652127e-04 1.277375959844706619e-03 1.407437821776836131e-03
1.111000000000000000e+05 6.341236376358140494e-04 1.381655844026536024e-03 1.431281982261125912e-03
1.112000000000000000e+05 5.901428769067960803e-04 1.371010668608084460e-03 1.396016291723444804e-03
1.113000000000000000e+05 5.334126691689986769e-04 1.285894656623142460e-03 1.334002033685632773e-03
1.114000000000000000e+05 5.141241726291537282e-04 1.184601720453679541e-03 1.304396306118983228e-03
1.115000000000000000e+05 4.826829084187541849e-04 1.066078068393974980e-03 1.255149738675839354e-03
1.116000000000000000e+05 4.005227195309687136e-04 9.160063320442255819e-04 1.151130790279167402e-03
1.117000000000000000e+05 3.074043368197391457e-04 7.118623405518402633e-04 1.059995415956612678e-03
1.118000000000000000e+05 2.350705416015011527e-04 5.387934245211833733e-04 9.992253430660528492e-04
1.119000000000000000e+05 1.846470154618082889e-04 4.704760128542624133e-04 9.903221269623690808e-04
1.120000000000000000e+05 2.288591938717479592e-04 5.636351218308687915e-04 1.090268815927990676e-03
1.121000000000000000e+05 3.158193527450274757e-04 7.708185602263172053e-04 1.250384019429999060e-03
1.122000000000000000e+05 3.730066140398755319e-04 9.739036371106987548e-04 1.350205209826529137e-03
1.123000000000000000e+05 3.906002900685189624e-04 9.160611345943613960e-04 1.380355313661262105e-03
1.124000000000000000e+05 3.163700892336767170e-04 7.511812463229148272e-04 1.343008333756021654e-03
1.125000000000000000e+05 2.293556920018996730e-04 5.352435653650160045e-04 1.351186338888528014e-03
1.126000000000000000e+05 1.928327193849975214e-04 4.592582082196268022e-04 1.352929869160271210e-03
1.127000000000000000e+05 1.838821339898467910e-04 4.605689659240394963e-04 1.343865981428529668e-03
1.128000000000000000e+05 2.133470589786054354e-04 5.405287979602562201e-04 1.372107251520978972e-03
1.129000000000000000e+05 2.258170509335710643e-04 5.319219121098504085e-04 1.372644180799887335e-03
1.130000000000000000e+05 1.874034337081059362e-04 4.575848955336709028e-04 1.329646016487235271e-03
1.131000000000000000e+05 1.354474541604645723e-04 3.321908482323469945e-04 1.298265490024607966e-03
1.132000000000000000e+05 1.072467865914474364e-04 2.716295302570461822e-04 1.285737756672082318e-03
1.133000000000000000e+05 1.102911419504344712e-04 2.246916024788265468e-04 1.263945441512545967e-03
1.134000000000000000e+05 9.126804183751070429e-05 2.475425175656482263e-04 1.211645357548796903e-03
1.135000000000000000e+05 1.329730421537672277e-04 3.532245050030993067e-04 1.219459545379506307e-03
1.136000000000000000e+05 1.754190011144585778e-04 4.239826443203803009e-04 1.244382381283379475e-03
1.137000000000000000e+05 1.860768701810368991e-04 4.906260129509329437e-04 1.240087673610375339e-03
1.138000000000000000e+05 1.884800457698824431e-04 5.296523406592948575e-04 1.244730257592447254e-03
1.139000000000000000e+05 2.016658839645568951e-04 5.652453534293910321e-04 1.270304111873713946e-03
1.140000000000000000e+05 1.985406308634776480e-04 5.970541361555218272e-04 1.287414926178867937e-03
1.141000000000000000e+05 2.165669940908338063e-04 5.806236848622900893e-04 1.330487436299192293e-03
1.142000000000000000e+05 1.953374168741544084e-04 5.159168489241952073e-04 1.341446313715290769e-03
1.143000000000000000e+05 1.450594205238495832e-04 4.772938651761819435e-04 1.314465309188647029e-03
1.144000000000000000e+05 2.028748974821439639e-04 5.056893555698371671e-04 1.304102880717795910e-03
1.145000000000000000e+05 1.695224887132502824e-04 4.462773218809491099e-04 1.315071661557975623e-03
1.146000000000000000e+05 1.630484311274773071e-04 4.353652925104352020e-04 1.338762606315757001e-03
1.147000000000000000e+05 1.582062073894839865e-04 3.808417992920880638e-04 1.395525143355144052e-03
1.148000000000000000e+05 1.557296622967914781e-04 2.984403967133889956e-04 1.445681554672996211e-03
1.149000000000000000e+05 1.421733580360602135e-04 3.383159714928753517e-04 1.478673196068176461e-03
1.150000000000000000e+05 1.340430140114501258e-04 3.359222612170161167e-04 1.493949861855594112e-03
1.151000000000000000e+05 1.889811343504580170e-04 4.716362081539180341e-04 1.490495281668219232e-03
1.152000000000000000e+05 1.662256605779062740e-04 5.427598427399599277e-04 1.506597663726187654e-03
1.153000000000000000e+05 1.709084071418334825e-04 6.327940547111254952e-04 1.528524460536584417e-03
1.154000000000000000e+05 2.239781281824580316e-04 7.535207020696291398e-04 1.518494026498579163e-03
1.155000000000000000e+05 2.159521520328465394e-04 7.751297421068480305e-04 1.475278125057604035e-03
1.156000000000000000e+05 2.059318631774582388e-04 8.163915509232871036e-04 1.382538018947069170e-03
1.157000000000000000e+05 2.377423898199870420e-04 8.310008197830822708e-04 1.298777843484064370e-03
1.158000000000000000e+05 2.170336347034570491e-04 7.615775220203662137e-04 1.232329856801933328e-03
1.159000000000000000e+05 1.865507625654180997e-04 5.900447486836743732e-04 1.197025980222834541e-03
1.160000000000000000e+05 1.275267516990057602e-04 4.605324262928827631e-04 1.190944683083674464e-03
1.161000000000000000e+05 1.192780011563098624e-04 3.983275560881858850e-04 1.214447129499259415e-03
1.162000000000000000e+05 2.122235329085233983e-04 5.078700924060256493e-04 1.218950203497389407e-03
1.163000000000000000e+05 2.595828678876057043e-04 6.188642761329301092e-04 1.169684512685323060e-03
1.164000000000000000e+05 2.704453744620490593e-04 7.429339025649716374e-04 1.103274145942918132e-03
1.165000000000000000e+05 2.151489161476941329e-04 6.891772329085031580e-04 1.029934983072271519e-03
1.166000000000000000e+05 1.679428780443593602e-04 5.355267337833287313e-04 9.841798372222695501e-04
1.167000000000000000e+05 1.630657502335023821e-04 4.860049747592581773e-04 9.232729152836678058e-04
1.168000000000000000e+05 1.753015534208166547e-04 5.217126889797916436e-04 9.358190280223079504e-04
1.169000000000000000e+05 1.979003731223944037e-04 5.233229556855405803e-04 9.454743362711442523e-04
1.170000000000000000e+05 2.020069625336929579e-04 4.952343911205183465e-04 9.423511556065590142e-04
1.171000000000000000e+05 2.234710943316862769e-04 5.621656533593038293e-04 9.536224859943645419e-04
1.172000000000000000e+05 2.523528129340802534e-04 6.485731765882684751e-04 9.805286986367938579e-04
1.173000000000000000e+05 2.150302237853755991e-04 6.336221246068478698e-04 9.695977498777862700e-04
1.174000000000000000e+05 2.178241121234883709e-04 7.167477715108885959e-04 9.814925622097208768e-04
1.175000000000000000e+05 1.354045787695177649e-04 3.820288244621259256e-04 9.778975539258126948e-04
1.176000000000000000e+05 1.499138011897098444e-04 3.755213251986331841e-04 1.018218097572242808e-03
1.177000000000000000e+05 2.203253688720584972e-04 4.744766881962851580e-04 9.677688346436532718e-04
1.178000000000000000e+05 1.992614587905156172e-04 5.167842714515331849e-04 8.938286049159433399e-04
1.179000000000000000e+05 2.142455837648177958e-04 5.603926360373755969e-04 8.883652837397958829e-04
1.180000000000000000e+05 1.656315961542509244e-04 4.912776195448869971e-04 8.856255690779354017e-04
1.181000000000000000e+05 2.257435432192915264e-04 5.631406620798968263e-04 8.479926710815450380e-04
1.182000000000000000e+05 2.038060530525955807e-04 4.665653962194136724e-04 8.118712439240088462e-04
1.183000000000000000e+05 1.928932935852794303e-04 5.190220315744614211e-04 7.876847844373379781e-04
1.184000000000000000e+05 2.102811270031557014e-04 5.647400804739273169e-04 7.766756545607339567e-04
1.185000000000000000e+05 2.342990542017079963e-04 6.191306848029865233e-04 7.800715025088753507e-04
1.186000000000000000e+05 2.299588467043840647e-04 5.912208748613386952e-04 7.656332425035952682e-04
1.187000000000000000e+05 2.199789667491579542e-04 5.774464520816119601e-04 7.624164394496732921e-04
1.188000000000000000e+05 2.140784891299836196e-04 5.502314236452706493e-04 7.580057802809282664e-04
1.189000000000000000e+05 2.062582876657887213e-04 5.587989060616384762e-04 7.654510715578210838e-04
1.190000000000000000e+05 2.144194375374285783e-04 5.651128134228401451e-04 7.624199038580147664e-04
1.191000000000000000e+05 2.194652301282854195e-04 5.859753248278024322e-04 7.805286326330824814e-04
1.192000000000000000e+05 2.391291629229194389e-04 6.143546573862865810e-04 7.903597550362615127e-04
1.193000000000000000e+05 2.328204412361569971e-04 6.298219929055944672e-04 7.718024308902813897e-04
1.194000000000000000e+05 2.483720644453631761e-04 6.522044165846316776e-04 7.841191331835349523e-04
1.195000000000000000e+05 2.447491192410766996e-04 6.780507024337394583e-04 8.086663938087354985e-04
1.196000000000000000e+05 2.645358075616866715e-04 6.771778409247632526e-04 8.265527229547207574e-04
1.197000000000000000e+05 2.344041918261982778e-04 5.774502023786281472e-04 8.753229519087787902e-04
1.198000000000000000e+05 2.063706576494548500e-04 5.046450143064065003e-04 9.038520943338212640e-04
1.199000000000000000e+05 2.485608264025579222e-04 5.567962204925695421e-04 8.901462537025285745e-04
