9.000000000000000000e+04 2.576883275851756775e-05 7.518220131794389575e-05 2.357545386172348989e-04
9.010000000000000000e+04 2.207796605588419948e-05 5.830564696362921314e-05 2.384510892205731879e-04
9.020000000000000000e+04 3.107745999580464489e-05 7.817917325152607929e-05 2.560311839890162854e-04
9.030000000000000000e+04 2.307746554923396573e-05 6.016599929699448148e-05 2.328546685390016141e-04
9.040000000000000000e+04 2.739547188398009704e-05 5.621094249668836585e-05 2.436967657889439818e-04
9.050000000000000000e+04 2.621926963071300777e-05 9.690942670859343036e-05 2.536547869445644927e-04
9.060000000000000000e+04 2.483408215284024865e-05 5.778558426841135182e-05 2.515462239562140409e-04
9.070000000000000000e+04 2.416227889375270003e-05 5.694261630296031020e-05 2.468018602189029969e-04
9.080000000000000000e+04 2.735791639730966881e-05 6.016874619342124533e-05 2.488174873755646293e-04
9.090000000000000000e+04 3.151598108549615398e-05 7.222577974504501498e-05 2.546860742968843532e-04
9.100000000000000000e+04 2.891565645431187900e-05 7.670976795562064500e-05 2.573470536809483052e-04
9.110000000000000000e+04 3.211963137738905972e-05 8.022017914203029895e-05 2.634689263539273692e-04
9.120000000000000000e+04 3.838363158117826792e-05 9.068468495587744555e-05 2.680699850878241492e-04
9.130000000000000000e+04 2.770833288303237727e-05 5.510975610115354710e-05 2.739666351523861970e-04
9.140000000000000000e+04 2.273406681942602599e-05 4.994470904671864534e-05 2.739976617761978595e-04
9.150000000000000000e+04 3.420985377138203998e-05 1.152661048087752558e-04 2.739577735518564333e-04
9.160000000000000000e+04 3.188606192172833715e-05 6.354061708993124233e-05 2.727591800032478438e-04
9.170000000000000000e+04 3.955148517902911547e-05 7.306205767930546379e-05 2.806093203939015912e-04
9.180000000000000000e+04 3.619866781967497494e-05 6.225266628207394657e-05 2.790091604548977254e-04
9.190000000000000000e+04 3.537505607251268725e-05 6.409643242107497161e-05 2.735119010980333661e-04
9.200000000000000000e+04 4.033887886032870226e-05 6.534787288754094437e-05 2.826388910403791624e-04
9.210000000000000000e+04 2.322359999724579347e-05 4.346714279063608162e-05 2.853302569479806679e-04
9.220000000000000000e+04 3.469662455489062793e-05 7.433335996766959886e-05 2.877620064922190349e-04
9.230000000000000000e+04 2.471104542937078334e-05 5.708928640789861326e-05 2.900984150909113771e-04
9.240000000000000000e+04 2.448910385496953475e-05 5.342721603098746653e-05 2.901043096869979012e-04
9.250000000000000000e+04 2.339683400366801081e-05 4.448764240984830849e-05 2.939441966750421680e-04
9.260000000000000000e+04 3.362278091275191410e-05 6.940659221054491833e-05 2.990279417918310944e-04
9.270000000000000000e+04 3.212596247414078662e-05 7.261678706849589203e-05 3.030240855471362060e-04
9.280000000000000000e+04 4.202283005365586681e-05 9.650545621497404062e-05 3.120740117125788446e-04
9.290000000000000000e+04 3.450192081230670773e-05 7.746411164752939945e-05 3.164318117887220116e-04
9.300000000000000000e+04 5.001332915818178715e-05 8.499266123748603274e-05 3.214995950214301237e-04
9.310000000000000000e+04 2.795212685469854533e-05 6.119290645889666506e-05 3.267655664301127405e-04
9.320000000000000000e+04 4.381537946213841456e-05 9.719157549931828344e-05 3.332584428533993102e-04
9.330000000000000000e+04 3.672268922111517585e-05 8.144727436633738323e-05 3.384917731518238219e-04
9.340000000000000000e+04 4.422657304978109584e-05 1.070069432749772638e-04 3.363814837101135932e-04
9.350000000000000000e+04 3.264733887222082609e-05 9.258323265512653256e-05 3.323593757719474199e-04
9.360000000000000000e+04 3.580478025014954954e-05 1.141861113225266168e-04 3.458790120304800733e-04
9.370000000000000000e+04 3.495428665548972781e-05 8.749039931617611735e-05 3.498224722932847890e-04
9.380000000000000000e+04 5.190704560906114068e-05 1.015146885221453622e-04 3.420139555859858893e-04
9.390000000000000000e+04 3.426577306231577951e-05 8.552673976093956533e-05 3.416549586824655987e-04
9.400000000000000000e+04 4.161947809680136131e-05 7.278126540739333515e-05 3.385731121542700280e-04
9.410000000000000000e+04 2.596096908292252602e-05 6.644206007725203663e-05 3.314987040644506240e-04
9.420000000000000000e+04 2.918090247975733617e-05 6.384388468576383379e-05 3.398405489243099225e-04
9.430000000000000000e+04 4.136636896021452306e-05 8.918188827133303326e-05 3.518795840079588376e-04
9.440000000000000000e+04 3.609117539925905862e-05 1.595253314847269168e-04 3.440316270122342475e-04
9.450000000000000000e+04 2.986770627922509047e-05 7.657836900578756647e-05 3.213681122376784512e-04
9.460000000000000000e+04 3.128858065276353103e-05 7.075731965650033928e-05 3.168083495452979456e-04
9.470000000000000000e+04 3.320951914337490858e-05 8.186825680472187934e-05 3.193111909270197652e-04
9.480000000000000000e+04 3.482677224621593022e-05 7.722940814255485707e-05 3.173747782685957153e-04
9.490000000000000000e+04 3.578019486745275370e-05 7.113060839475279480e-05 3.198751348067776753e-04
9.500000000000000000e+04 4.092567431287981753e-05 8.021952871844795522e-05 3.155828295632900926e-04
9.510000000000000000e+04 2.897659458426875799e-05 5.489970037365232052e-05 3.130014901430203350e-04
9.520000000000000000e+04 3.580086668171289033e-05 8.813396210826811338e-05 3.248483950012068504e-04
9.530000000000000000e+04 5.487393650247234661e-05 2.833643016497773472e-04 3.378467442324176000e-04
9.540000000000000000e+04 3.969280733220052109e-05 1.373833459270594947e-04 3.528902544795159283e-04
9.550000000000000000e+04 3.425812725690570654e-05 1.166665036230919304e-04 3.636509526540749595e-04
9.560000000000000000e+04 3.739180614653706556e-05 9.519081323341831158e-05 3.530263756712211185e-04
9.570000000000000000e+04 2.903020579990265746e-05 6.935407289115913271e-05 3.574395358482255233e-04
9.580000000000000000e+04 2.642239885628563109e-05 5.834672822461729963e-05 3.611061251567904032e-04
9.590000000000000000e+04 4.390604453971259881e-05 8.554962473631712565e-05 3.575225413191333271e-04
9.600000000000000000e+04 4.091662223207673515e-05 1.083006865384598472e-04 3.583620124580813690e-04
9.610000000000000000e+04 3.674543465750771450e-05 9.201362161738197310e-05 3.543993586998648746e-04
9.620000000000000000e+04 3.558226899385148441e-05 8.069519462360280962e-05 3.315816658895816564e-04
9.630000000000000000e+04 4.282199034745222746e-05 8.892903251769379395e-05 3.235974714772832795e-04
9.640000000000000000e+04 4.536745363081903966e-05 1.175632590617919828e-04 3.487852131721525125e-04
9.650000000000000000e+04 4.131706729404373453e-05 8.115208773576464227e-05 3.585319386279805566e-04
9.660000000000000000e+04 2.877220793134541545e-05 5.812273214002641741e-05 3.619254576735741981e-04
9.670000000000000000e+04 3.699689100722765777e-05 7.463461799680652436e-05 3.592927699029664548e-04
9.680000000000000000e+04 2.279915290341946862e-05 5.774457962565371577e-05 3.372034287874148663e-04
9.690000000000000000e+04 4.171014376980848246e-05 8.225773403670578977e-05 3.272625079863614021e-04
9.700000000000000000e+04 3.137600580360738354e-05 1.058290326838521992e-04 3.241522900250252861e-04
9.710000000000000000e+04 3.847440764836876706e-05 1.045037970691854875e-04 3.206702335154254253e-04
9.720000000000000000e+04 3.770054196566309784e-05 1.148108298564666052e-04 3.363216788555296725e-04
9.730000000000000000e+04 3.765793864881050159e-05 9.253727240257593120e-05 3.386257843376216567e-04
9.740000000000000000e+04 3.121083809391403266e-05 7.969496800385637934e-05 3.395528916164229638e-04
9.750000000000000000e+04 3.221366345882803548e-05 9.485170286272512439e-05 3.503173479658546439e-04
9.760000000000000000e+04 4.196665378081724162e-05 1.576425504407569320e-04 3.622400606228964068e-04
9.770000000000000000e+04 4.700008968845398750e-05 1.034257480277821109e-04 3.695464640795638423e-04
9.780000000000000000e+04 3.738298932533696021e-05 8.844821964255531431e-05 3.622277292441712475e-04
9.790000000000000000e+04 3.620244448749069480e-05 1.001710506502916055e-04 3.626083163307235462e-04
9.800000000000000000e+04 4.217422259793608902e-05 1.028877784774471301e-04 3.617883174050322563e-04
9.810000000000000000e+04 3.795037606017689609e-05 8.499812863471803209e-05 3.647505661590401166e-04
9.820000000000000000e+04 3.754005346323082771e-05 1.007572552611148012e-04 3.681610463626214659e-04
9.830000000000000000e+04 3.880257125997779721e-05 9.613334491825046473e-05 3.471168910358836011e-04
9.840000000000000000e+04 3.631125872342107642e-05 1.194288745800268169e-04 3.473937260417566493e-04
9.850000000000000000e+04 4.876082967713576488e-05 9.950836213665345195e-05 3.622791613956184600e-04
9.860000000000000000e+04 4.308765122877482052e-05 9.133893611157784670e-05 3.661838168415927522e-04
9.870000000000000000e+04 4.862713317817788424e-05 1.091283292692868064e-04 3.822534677112887397e-04
9.880000000000000000e+04 4.033777032045319415e-05 1.135915844321237528e-04 3.713542449808220416e-04
9.890000000000000000e+04 5.049309621721386268e-05 1.470976763200200661e-04 3.545269842880620532e-04
9.900000000000000000e+04 3.637491581769483357e-05 1.477557029320617442e-04 3.472708799766886854e-04
9.910000000000000000e+04 4.467326991689255867e-05 1.248696297648100705e-04 3.503855813204903211e-04
9.920000000000000000e+04 4.943647026948359792e-05 2.334949022514568127e-04 3.700347318076866484e-04
9.930000000000000000e+04 4.337840125859184111e-05 1.225199763515065032e-04 3.524212175734794754e-04
9.940000000000000000e+04 4.278209071847922191e-05 7.390002588972743522e-05 3.499567869667532193e-04
9.950000000000000000e+04 3.906445010542114633e-05 9.746611948693607039e-05 3.585162272142255915e-04
9.960000000000000000e+04 3.413305176714839535e-05 8.778217975015834180e-05 3.551185275212575491e-04
9.970000000000000000e+04 4.644788679755918392e-05 1.355697553476142522e-04 3.463407721638584553e-04
9.980000000000000000e+04 3.506101202485991698e-05 7.828511399566803492e-05 3.402506320126693620e-04
9.990000000000000000e+04 2.677036461515649741e-05 6.315213009884784040e-05 3.335698253305447694e-04
1.000000000000000000e+05 2.890830195068273432e-05 5.362863236462475734e-05 3.227681327615241290e-04
1.001000000000000000e+05 4.469471643474552973e-05 1.253041088944244750e-04 3.306144133658175032e-04
1.002000000000000000e+05 4.928550115640504409e-05 1.612887710206056422e-04 3.342848474196984457e-04
1.003000000000000000e+05 4.182542254357174676e-05 1.937900017339515236e-04 3.333492230162380006e-04
1.004000000000000000e+05 5.312059162118550623e-05 2.022334363052351184e-04 3.357904282610250945e-04
1.005000000000000000e+05 5.723544303593225760e-05 2.444874710585887207e-04 3.425244300479965919e-04
1.006000000000000000e+05 4.786809514610172777e-05 2.758720606326565874e-04 3.452196415812127067e-04
1.007000000000000000e+05 6.398246116168850592e-05 3.731631542932617928e-04 3.638243258986454775e-04
1.008000000000000000e+05 7.742400512616179299e-05 4.472934676475031615e-04 3.707258523443031817e-04
1.009000000000000000e+05 5.131194398338100298e-05 2.697467477804196866e-04 3.579266266612724087e-04
1.010000000000000000e+05 4.560207462293386447e-05 1.735588234342133737e-04 3.424554291479440962e-04
1.011000000000000000e+05 5.338638254004954373e-05 2.148611723394111897e-04 3.449347079379020678e-04
1.012000000000000000e+05 5.642506428525461250e-05 2.170073592515084967e-04 3.580533757091511229e-04
1.013000000000000000e+05 4.487245068050620643e-05 2.327213521104313306e-04 3.686760870729619238e-04
1.014000000000000000e+05 5.136697588906178995e-05 1.545818230766298992e-04 3.608239338046289701e-04
1.015000000000000000e+05 5.698959902662655312e-05 1.129194297232746043e-04 3.437313211292629986e-04
1.016000000000000000e+05 3.029424823560805885e-05 9.208026711409427042e-05 3.378432873892368632e-04
1.017000000000000000e+05 4.518579433545862403e-05 1.893929301797344310e-04 3.478179615882356804e-04
1.018000000000000000e+05 6.484083407585014428e-05 3.705435018710851423e-04 3.641415609742884607e-04
1.019000000000000000e+05 7.113145234417675780e-05 3.726915620407128798e-04 3.728752701107992300e-04
1.020000000000000000e+05 9.010105679035267708e-05 5.231286128260216823e-04 3.991529391949954868e-04
1.021000000000000000e+05 8.970756609263241940e-05 4.557628301942709859e-04 3.919384380426888057e-04
1.022000000000000000e+05 6.999747401889393466e-05 2.268577717984394623e-04 3.680066410335259435e-04
1.023000000000000000e+05 5.453004222063069983e-05 1.527520970508895997e-04 3.601303833141065937e-04
1.024000000000000000e+05 3.834954862653956525e-05 1.188735638984337239e-04 3.623147843261883346e-04
1.025000000000000000e+05 4.973390157071776001e-05 1.005219457632368319e-04 3.652231183726244428e-04
1.026000000000000000e+05 5.568302020188525131e-05 1.062400063975554583e-04 3.693103151140037649e-04
1.027000000000000000e+05 4.769428789023029891e-05 1.341865405011158211e-04 3.815132544706071748e-04
1.028000000000000000e+05 4.952456748668032345e-05 1.896366949548116050e-04 3.638745446561601586e-04
1.029000000000000000e+05 7.170700694606157435e-05 3.420231923472542282e-04 3.776942841171658624e-04
1.030000000000000000e+05 5.208641500896639019e-05 2.451131260479941275e-04 3.701824376477527690e-04
1.031000000000000000e+05 5.056484397619162617e-05 1.231535638644976061e-04 3.601082639013645083e-04
1.032000000000000000e+05 4.057437137488340917e-05 1.135975304829313489e-04 3.512602103667890330e-04
1.033000000000000000e+05 4.414665677499225466e-05 1.407741040652913550e-04 3.581144218961171432e-04
1.034000000000000000e+05 6.202217943702801771e-05 3.081213168336859281e-04 3.663104840976688604e-04
1.035000000000000000e+05 8.456659102682920594e-05 1.845159461598941983e-04 3.701848572028636685e-04
1.036000000000000000e+05 4.700983562338909754e-05 1.014906771867623192e-04 3.609689359899376595e-04
1.037000000000000000e+05 5.620779236967547374e-05 1.395210450128921034e-04 3.570496550030894355e-04
1.038000000000000000e+05 6.002282800245307580e-05 2.153323824130172048e-04 3.643360287751754825e-04
1.039000000000000000e+05 5.182178417617485907e-05 1.970961596425765136e-04 3.554124536207946728e-04
1.040000000000000000e+05 3.075183458803738270e-05 9.761446958032632838e-05 3.401719212744366274e-04
1.041000000000000000e+05 4.486529287672628725e-05 2.241705526248941320e-04 3.494700872703305019e-04
1.042000000000000000e+05 5.560469402709784098e-05 2.774048764735555467e-04 3.688785482736971146e-04
1.043000000000000000e+05 4.587224791995704902e-05 1.735337909186719933e-04 3.577782625166770186e-04
1.044000000000000000e+05 5.566490484728610225e-05 2.495198597635301936e-04 3.551212047272599018e-04
1.045000000000000000e+05 6.813423925552150422e-05 3.869275543856272662e-04 3.682729639892943141e-04
1.046000000000000000e+05 6.638291175787186830e-05 2.677514466787596185e-04 3.673996112442021417e-04
1.047000000000000000e+05 3.634797000705069841e-05 1.609908592106615104e-04 3.615644015733042145e-04
1.048000000000000000e+05 5.852871523184848468e-05 3.088087900676438373e-04 3.681523378595339779e-04
1.049000000000000000e+05 6.552012081087818388e-05 2.573153773499226157e-04 3.674004552928881204e-04
1.050000000000000000e+05 6.102721432514862220e-05 2.693971274567931082e-04 3.786300356000356945e-04
1.051000000000000000e+05 8.248427947181544585e-05 4.117086207125947631e-04 3.944472142400273838e-04
1.052000000000000000e+05 9.582642476768378189e-05 4.314546961638874483e-04 4.106067189195218331e-04
1.053000000000000000e+05 9.621279844170693577e-05 3.853279502964992390e-04 4.104396534947014051e-04
1.054000000000000000e+05 8.675928631430174925e-05 2.723804114726563128e-04 3.934753254029030919e-04
1.055000000000000000e+05 6.899350320059430622e-05 1.342056651709125793e-04 3.874906662827382834e-04
1.056000000000000000e+05 6.416418236413910705e-05 1.997916665992284513e-04 3.867191180857488565e-04
1.057000000000000000e+05 8.150200089955853770e-05 2.590794396812529988e-04 3.964034567500934552e-04
1.058000000000000000e+05 1.125871273218613175e-04 3.021160555987123259e-04 4.256937962944652536e-04
1.059000000000000000e+05 1.135761437097587180e-04 3.328960428270464939e-04 4.415107646585905081e-04
1.060000000000000000e+05 1.154202341118702735e-04 2.794891681705772429e-04 4.427898148957557650e-04
1.061000000000000000e+05 1.052704772155126848e-04 2.239368305821281321e-04 4.218199324967991594e-04
1.062000000000000000e+05 6.727939420389761034e-05 1.717620117509041774e-04 3.810399232412482718e-04
1.063000000000000000e+05 5.675300782270921310e-05 1.261122410640928967e-04 3.730976107989441063e-04
1.064000000000000000e+05 6.383639290709195628e-05 1.272094422462453022e-04 3.719063646638182661e-04
1.065000000000000000e+05 7.254885160616527653e-05 1.348991321207060421e-04 3.761070061003898152e-04
1.066000000000000000e+05 8.526214112907263241e-05 1.645752306619186855e-04 3.946679129097471132e-04
1.067000000000000000e+05 8.897913182588364049e-05 1.850108209342262431e-04 4.197958391900764668e-04
1.068000000000000000e+05 1.078397169911176636e-04 2.073164291462729122e-04 4.214360908709269076e-04
1.069000000000000000e+05 1.087538965201166152e-04 2.143114976816069329e-04 4.271960231024876089e-04
1.070000000000000000e+05 9.215668051420540128e-05 1.865623498187490891e-04 4.317255560729227793e-04
1.071000000000000000e+05 1.029907821780689115e-04 2.107379835351784426e-04 4.394696136435413117e-04
1.072000000000000000e+05 1.069249724029694469e-04 2.337954559762016955e-04 4.453716664791487951e-04
1.073000000000000000e+05 1.424788574919065012e-04 3.781995638164684635e-04 4.681758568115637381e-04
1.074000000000000000e+05 1.456567125555195555e-04 3.462246055274962654e-04 4.829511578880589279e-04
1.075000000000000000e+05 1.360475651334922291e-04 3.058890156137111685e-04 4.662553823632762415e-04
1.076000000000000000e+05 1.408043870581266680e-04 3.928195448435021098e-04 4.986911658980005234e-04
1.077000000000000000e+05 1.236231013373705208e-04 3.228355236771546406e-04 4.860907547514748089e-04
1.078000000000000000e+05 1.263196748161653032e-04 2.606227468063296261e-04 4.820096582531702731e-04
1.079000000000000000e+05 1.373217433769170250e-04 3.036953632328441783e-04 4.748410684289837685e-04
1.080000000000000000e+05 1.171314469086316029e-04 3.187174056345126781e-04 4.693125811336726458e-04
1.081000000000000000e+05 1.269629171602951884e-04 3.467396543530586509e-04 4.723795347265412965e-04
1.082000000000000000e+05 1.011189950285782259e-04 2.910211304319388812e-04 4.379921105407037643e-04
1.083000000000000000e+05 9.554169676971076145e-05 2.929761530791593423e-04 4.276806614713097449e-04
1.084000000000000000e+05 8.362378815520652700e-05 2.397566824675432932e-04 4.197103207143055952e-04
1.085000000000000000e+05 7.031750733116939574e-05 2.091097318750934271e-04 4.088789199664602135e-04
1.086000000000000000e+05 7.574152740365443226e-05 2.190861138796945835e-04 4.186089414045357070e-04
1.087000000000000000e+05 9.552092509290113428e-05 2.520465712120798798e-04 4.269991569651174538e-04
1.088000000000000000e+05 9.460560917360830548e-05 3.399834057752870969e-04 4.415541707780493976e-04
1.089000000000000000e+05 1.181180505462229788e-04 3.669885264803155107e-04 4.650302175460281867e-04
1.090000000000000000e+05 1.038716124019037736e-04 3.144350507804867024e-04 4.745114861582989453e-04
1.091000000000000000e+05 1.073136353552625903e-04 3.144056847739719242e-04 4.934538333900380033e-04
1.092000000000000000e+05 1.454344256880491589e-04 4.466279748350118176e-04 5.079678604003309622e-04
1.093000000000000000e+05 1.116137993075387125e-04 3.846642175307323614e-04 4.809119447129351493e-04
1.094000000000000000e+05 8.531728767288563123e-05 2.351375553200664155e-04 4.306718421456062177e-04
1.095000000000000000e+05 7.903229464600500763e-05 1.642692325316245255e-04 4.083778804030906780e-04
1.096000000000000000e+05 7.261082827738241530e-05 1.748233422993111861e-04 3.967158172471726171e-04
1.097000000000000000e+05 6.859132932365575577e-05 1.948988924239752028e-04 3.996406602038147832e-04
1.098000000000000000e+05 6.472315527706061543e-05 1.883054629478448749e-04 3.999213565626520391e-04
1.099000000000000000e+05 6.386272574777896414e-05 1.999442170015901677e-04 4.006732559898854755e-04
1.100000000000000000e+05 6.647500588340035091e-05 1.898941763326068496e-04 3.973479130174281432e-04
1.101000000000000000e+05 7.875953542546245334e-05 1.966482519604850873e-04 3.948780977998200912e-04
1.102000000000000000e+05 7.913966175608958507e-05 2.074136916958770494e-04 3.959210097121341251e-04
1.103000000000000000e+05 9.225581204688553492e-05 2.313338012928220413e-04 4.048874951868525023e-04
1.104000000000000000e+05 8.560957349347086531e-05 2.562752645187269993e-04 4.184011675316796582e-04
1.105000000000000000e+05 7.973414939175355824e-05 2.457240006933887133e-04 3.989621973387233716e-04
1.106000000000000000e+05 7.048610192335178675e-05 2.344262470313505974e-04 3.856952374963581640e-04
1.107000000000000000e+05 9.464057961183693513e-05 2.913734111036291562e-04 4.072439228007707513e-04
1.108000000000000000e+05 8.927857717312177735e-05 2.666563180133202566e-04 4.089729369005697807e-04
1.109000000000000000e+05 8.312007895709477238e-05 2.603828659570485557e-04 3.929777127770684624e-04
1.110000000000000000e+05 8.880321511294648161e-05 2.590809720855792608e-04 3.933792880145233254e-04
1.111000000000000000e+05 1.026689797735429372e-04 3.426119148311065291e-04 4.042254369075597999e-04
1.112000000000000000e+05 1.202702692948240284e-04 4.237465429141917578e-04 4.368659860553487408e-04
1.113000000000000000e+05 1.176214265290309981e-04 4.001562306631451416e-04 4.413260325139154653e-04
1.114000000000000000e+05 9.502357147952208549e-05 2.590975629859514399e-04 3.982141043466179138e-04
1.115000000000000000e+05 8.838113928652210124e-05 2.558719254982036993e-04 3.980281187769497335e-04
1.116000000000000000e+05 1.189970735538953142e-04 4.010764049954873350e-04 4.409703599509780421e-04
1.117000000000000000e+05 1.181909743401972877e-04 4.375322838408492870e-04 4.841226326020436899e-04
1.118000000000000000e+05 7.566113120260133411e-05 2.533223803977729038e-04 4.247828812460240837e-04
1.119000000000000000e+05 6.555051150105976367e-05 1.727027307117752139e-04 3.576169538766400010e-04
1.120000000000000000e+05 4.194478208726086944e-05 1.078933303022052022e-04 3.403042125641794063e-04
1.121000000000000000e+05 6.042145946142844044e-05 1.891256327766338281e-04 3.577846508991632240e-04
1.122000000000000000e+05 7.884913227441194038e-05 2.511995295101890780e-04 3.854350740111242677e-04
1.123000000000000000e+05 1.132201929913989342e-04 3.808988514863976237e-04 4.320980376294840646e-04
1.124000000000000000e+05 8.433056056676604788e-05 2.667528020376730208e-04 4.300993146692129714e-04
1.125000000000000000e+05 6.048200447086946995e-05 2.236863744539582506e-04 3.896660399266366421e-04
1.126000000000000000e+05 5.822467836778642694e-05 2.202767887729697267e-04 3.782060103067470098e-04
1.127000000000000000e+05 9.003670226769813940e-05 3.292855475418750831e-04 4.122679570239819419e-04
1.128000000000000000e+05 7.994101553657445396e-05 3.180639033802784002e-04 4.162502019912979901e-04
1.129000000000000000e+05 9.215200549801905389e-05 3.591338926886728520e-04 4.205947708996949828e-04
1.130000000000000000e+05 9.660757904172273796e-05 4.043083469102792360e-04 4.559583404157081690e-04
1.131000000000000000e+05 8.058751888473283508e-05 3.497184661162850566e-04 4.393249252984452293e-04
1.132000000000000000e+05 5.609331412630179977e-05 2.240599314686999460e-04 3.856051117888644798e-04
1.133000000000000000e+05 6.529865395258298679e-05 2.307581378972358549e-04 3.643251131816501202e-04
1.134000000000000000e+05 5.488444183836976333e-05 2.648972985655916241e-04 4.089285667932807925e-04
1.135000000000000000e+05 6.137040335041257615e-05 2.064224758873847254e-04 4.260470129690820617e-04
1.136000000000000000e+05 4.754415518188335240e-05 1.402428602046006958e-04 3.646960828474709823e-04
1.137000000000000000e+05 5.264702128006675148e-05 1.532450879073680582e-04 3.530414628184634683e-04
1.138000000000000000e+05 4.870945585500372583e-05 1.357115366061514426e-04 3.703184871568643418e-04
1.139000000000000000e+05 6.060444899015312616e-05 2.122755332333984592e-04 3.882598780189715042e-04
1.140000000000000000e+05 6.774791830984499587e-05 2.724848466925617945e-04 4.237397001613286713e-04
1.141000000000000000e+05 5.694835166628785727e-05 2.123432347639690981e-04 4.128796656373764917e-04
1.142000000000000000e+05 5.015961157960079683e-05 1.961613888237377277e-04 3.837857530050554846e-04
1.143000000000000000e+05 6.852831317514059732e-05 2.747822556212963191e-04 4.039227618526748317e-04
1.144000000000000000e+05 6.127880871484314446e-05 2.496444588840020153e-04 4.227746203838325233e-04
1.145000000000000000e+05 6.189366802900427749e-05 2.188018407483622815e-04 4.030170619861418941e-04
1.146000000000000000e+05 5.024358861596488852e-05 1.640963871499784938e-04 3.975868056137502548e-04
1.147000000000000000e+05 4.856738543642752327e-05 1.384281001997576268e-04 3.731337570614223342e-04
1.148000000000000000e+05 4.018645845891568539e-05 1.334763980356395985e-04 3.661574681901182235e-04
1.149000000000000000e+05 4.617349099909554130e-05 1.961641121708577540e-04 3.749858112793154710e-04
1.150000000000000000e+05 4.783904086213413859e-05 2.261668094205168070e-04 3.839291831460780319e-04
1.151000000000000000e+05 3.924763475504275661e-05 1.570584013243195472e-04 3.836208889974679695e-04
1.152000000000000000e+05 6.298339795711747164e-05 1.794464507972080370e-04 3.708039970329248154e-04
1.153000000000000000e+05 5.573755789795476097e-05 1.765188575263275817e-04 3.717333338076693992e-04
1.154000000000000000e+05 3.854965872095400363e-05 1.587975730348532562e-04 3.762672824986780496e-04
1.155000000000000000e+05 3.804378800585569162e-05 1.160354736479233552e-04 4.055996563387500903e-04
1.156000000000000000e+05 5.248195240782952374e-05 1.356964294706479923e-04 4.180987623902446791e-04
1.157000000000000000e+05 5.100989018803800098e-05 1.126176532030756365e-04 4.062266455399671673e-04
1.158000000000000000e+05 4.817348073426856985e-05 1.070468429244515567e-04 3.899911099887994948e-04
1.159000000000000000e+05 4.198461695226890500e-05 1.216158235115446487e-04 3.871579898006402196e-04
1.160000000000000000e+05 4.049919560033279865e-05 1.530343842765464818e-04 4.082941557960992926e-04
1.161000000000000000e+05 4.467714162686070361e-05 1.790387986690472003e-04 4.682136211960674969e-04
1.162000000000000000e+05 8.754526928538881739e-05 1.686455046745509380e-04 4.550464281001282297e-04
1.163000000000000000e+05 5.608843642581864313e-05 1.098578019602247787e-04 3.958719238527169887e-04
1.164000000000000000e+05 4.725822187007661926e-05 9.842378647252576556e-05 3.667289739680886645e-04
1.165000000000000000e+05 5.299085307578036428e-05 1.558719102296441793e-04 3.863413734298838643e-04
1.166000000000000000e+05 6.678814779391553181e-05 2.845346008111797483e-04 5.324421583556816990e-04
1.167000000000000000e+05 4.989020270899582757e-05 1.651213397374832700e-04 5.060710623988279398e-04
1.168000000000000000e+05 3.536055371764173887e-05 8.931250999133434794e-05 3.958218685264404684e-04
1.169000000000000000e+05 3.206460374278379075e-05 1.142196831769739618e-04 3.854766545626103790e-04
1.170000000000000000e+05 3.478494754285971083e-05 1.183795018810893671e-04 3.874030277959284591e-04
1.171000000000000000e+05 4.035945477464953626e-05 1.456128909362698967e-04 3.842200033490246751e-04
1.172000000000000000e+05 3.168708731707259568e-05 1.270503587266452565e-04 3.538052318951818813e-04
1.173000000000000000e+05 6.754961928984740344e-05 2.137665568559975107e-04 3.768351664084914850e-04
1.174000000000000000e+05 1.349442796264948793e-04 5.215305933191337080e-04 4.785413370474657542e-04
1.175000000000000000e+05 2.048079971503483955e-04 8.598768757316215287e-04 4.940079067019435355e-04
1.176000000000000000e+05 2.650370983347898318e-04 1.138350935044928850e-03 4.846664396650041356e-04
1.177000000000000000e+05 1.903978528236708137e-04 7.375123722027030751e-04 3.115052235822730366e-04
1.178000000000000000e+05 7.432742492797093817e-05 2.728132277561980210e-04 2.627704678949662680e-04
1.179000000000000000e+05 3.752909311543882074e-05 7.177452614831440498e-05 2.792746886796902976e-04
1.180000000000000000e+05 6.824650654335039307e-05 1.858908994665653272e-04 3.516729289595444644e-04
1.181000000000000000e+05 3.512790248808437730e-05 9.419559051857264126e-05 2.752176969940678397e-04
1.182000000000000000e+05 5.385637142077984120e-05 1.480050836312240062e-04 2.906528820904467143e-04
1.183000000000000000e+05 3.151482250135615067e-05 8.705400428199217043e-05 2.372669112069552958e-04
1.184000000000000000e+05 2.385155729216987598e-05 5.146590549035765785e-05 2.338153996400521540e-04
1.185000000000000000e+05 2.387706485470591751e-05 6.802587542051473824e-05 2.334107110913383762e-04
1.186000000000000000e+05 5.903174976436406304e-05 1.229355985264281954e-04 2.860839908822615692e-04
1.187000000000000000e+05 4.265215954340576010e-05 9.535046819398432824e-05 2.408458098691210951e-04
1.188000000000000000e+05 3.157304612126524482e-05 5.370560880640893350e-05 2.226736501222449118e-04
1.189000000000000000e+05 3.850763489195616301e-05 9.347479010256496399e-05 2.576983675826640123e-04
1.190000000000000000e+05 4.662917964958252664e-05 9.491596015287796242e-05 2.392599558488364632e-04
1.191000000000000000e+05 2.886734762930895826e-05 5.542026379901565311e-05 2.257963100304106097e-04
1.192000000000000000e+05 2.357231072805726830e-05 7.531518057382399355e-05 2.276227911765351178e-04
1.193000000000000000e+05 2.969995838974904645e-05 5.506026819655313259e-05 2.196904212645252763e-04
1.194000000000000000e+05 2.519330337920098009e-05 6.601430843148785093e-05 2.079573234928919938e-04
1.195000000000000000e+05 2.012615668189917501e-05 5.797558951791943836e-05 1.937219943366361922e-04
1.196000000000000000e+05 2.337835374356764685e-05 4.518270083309305863e-05 1.898868552906226182e-04
1.197000000000000000e+05 2.812127714045501857e-05 5.501731728758981594e-05 1.885368298365058251e-04
1.198000000000000000e+05 4.108426183621713846e-05 1.073324784452555768e-04 2.060298505820954958e-04
1.199000000000000000e+05 7.590845609430738766e-05 2.123208046923328685e-04 2.885646300186839753e-04
