9.000000000000000000e+04 2.117903087329637310e-05 2.260513801043276868e-04 1.002265249614793286e-04
9.010000000000000000e+04 3.087647771165040955e-05 2.708843245185197398e-04 1.150692871142449688e-04
9.020000000000000000e+04 4.064117322416228818e-05 3.157845176068696351e-04 1.299120492670106225e-04
9.030000000000000000e+04 3.120120338120928219e-05 1.953744853329920060e-04 1.257870344765384661e-04
9.040000000000000000e+04 2.797656974853728051e-05 5.377874146213994894e-05 1.180236366138254759e-04
9.050000000000000000e+04 2.375313908365315140e-05 5.343092020243577021e-05 1.128117313675503581e-04
9.060000000000000000e+04 1.378794346756669466e-05 4.508389031474609610e-05 1.084965859932166644e-04
9.070000000000000000e+04 1.393735742435149442e-05 4.323294271281335219e-05 1.062183665856220114e-04
9.080000000000000000e+04 1.559514628213717609e-05 3.302144647423141378e-05 1.059368945686045733e-04
9.090000000000000000e+04 1.547610284571550397e-05 3.747271612428062625e-05 1.061317863492848177e-04
9.100000000000000000e+04 1.585779720863442774e-05 3.223194547024026309e-05 1.076972324061966865e-04
9.110000000000000000e+04 2.267966551442772362e-05 4.407614590441593912e-05 1.092990140484951400e-04
9.120000000000000000e+04 1.779861219735504681e-05 5.919145435074140674e-05 1.126160233759709932e-04
9.130000000000000000e+04 2.003809927799237562e-05 1.137871332582111335e-04 1.159511694777172350e-04
9.140000000000000000e+04 2.002281522961758277e-05 1.338995332454847014e-04 1.184776393424611453e-04
9.150000000000000000e+04 2.711998491888567553e-05 1.511460516290636606e-04 1.208171571552583084e-04
9.160000000000000000e+04 1.920699026019597876e-05 1.234989664177135846e-04 1.215882350533567990e-04
9.170000000000000000e+04 2.379425379682560627e-05 8.434986597270228016e-05 1.215311554633261850e-04
9.180000000000000000e+04 2.164851254548877824e-05 4.786594681178995723e-05 1.207239358580739137e-04
9.190000000000000000e+04 2.093193799850992596e-05 3.811020732185517164e-05 1.194937201937259477e-04
9.200000000000000000e+04 2.156460672983888144e-05 4.198001091457958481e-05 1.170263343334317492e-04
9.210000000000000000e+04 1.985210342079642121e-05 4.075414900242698389e-05 1.137228825684791754e-04
9.220000000000000000e+04 3.041429064042710053e-05 5.844988898310344856e-05 1.118571644529666218e-04
9.230000000000000000e+04 2.221542021987802219e-05 9.614513587080802145e-05 1.131705908913056548e-04
9.240000000000000000e+04 1.984011932077907358e-05 1.534647877134855511e-04 1.142135015621699424e-04
9.250000000000000000e+04 1.603357370373982918e-05 1.891386303430491237e-04 1.133141136432545625e-04
9.260000000000000000e+04 1.980857179810852011e-05 2.324199123871634187e-04 1.123888300211964362e-04
9.270000000000000000e+04 1.833471713374103967e-05 1.481307333573729903e-04 1.107777252753171937e-04
9.280000000000000000e+04 1.903450416177661125e-05 5.407445981810135778e-05 1.093923634514091723e-04
9.290000000000000000e+04 1.993613844646932945e-05 4.514715446750056473e-05 1.096299821097889511e-04
9.300000000000000000e+04 2.437165839806740351e-05 5.391892777886655823e-05 1.102509779159712875e-04
9.310000000000000000e+04 2.183397698343408715e-05 4.031980417872361717e-05 1.105329492561832523e-04
9.320000000000000000e+04 1.881794308721639996e-05 3.493452210688779492e-05 1.106378293045283065e-04
9.330000000000000000e+04 1.977043988509172626e-05 3.759718461947023711e-05 1.107685577944633493e-04
9.340000000000000000e+04 1.803790822702287583e-05 3.276663371423048268e-05 1.106573402160240756e-04
9.350000000000000000e+04 2.355216398235839362e-05 4.434675758230497930e-05 1.103932388146748887e-04
9.360000000000000000e+04 2.047176984259723690e-05 4.038552084721808448e-05 1.110316387165352295e-04
9.370000000000000000e+04 2.046708183793171439e-05 4.332384039138104266e-05 1.114466478105408771e-04
9.380000000000000000e+04 1.912528386976362340e-05 4.306519706630577374e-05 1.103914921927938940e-04
9.390000000000000000e+04 1.560130078285466610e-05 3.247598028559994408e-05 1.094964950453228194e-04
9.400000000000000000e+04 1.517545346332719366e-05 3.968750585255610632e-05 1.099274563250992958e-04
9.410000000000000000e+04 2.307757827549230655e-05 6.073700411743170827e-05 1.108833447023118487e-04
9.420000000000000000e+04 1.972365852507339365e-05 7.454250926070189222e-05 1.127635392468326163e-04
9.430000000000000000e+04 1.974134029051278149e-05 8.385652166441169173e-05 1.152823218906614085e-04
9.440000000000000000e+04 2.397358761002365006e-05 1.095671473638942702e-04 1.164506009138844867e-04
9.450000000000000000e+04 2.635279376738119137e-05 7.576042560019875317e-05 1.165369543240656237e-04
9.460000000000000000e+04 2.315135911771558168e-05 6.029618896764969455e-05 1.170277990997990026e-04
9.470000000000000000e+04 1.604290572494371432e-05 3.826429361490789782e-05 1.176599797312426058e-04
9.480000000000000000e+04 2.381682375399512782e-05 4.115630363891900449e-05 1.188396228845768762e-04
9.490000000000000000e+04 1.730903594688893181e-05 3.125194776115382169e-05 1.194770075584559310e-04
9.500000000000000000e+04 1.793885920758130710e-05 4.429951535297412576e-05 1.191425387668056021e-04
9.510000000000000000e+04 1.447754359946011355e-05 4.517771051810286762e-05 1.183494748899798535e-04
9.520000000000000000e+04 1.452731773225080663e-05 3.381079304251814602e-05 1.164468053124784349e-04
9.530000000000000000e+04 1.693782364825711863e-05 3.980477585423784380e-05 1.153336269223734863e-04
9.540000000000000000e+04 1.778712441103119798e-05 4.073605126768924242e-05 1.161188295857098080e-04
9.550000000000000000e+04 2.207891891469116645e-05 4.826760892152908876e-05 1.157943866335468027e-04
9.560000000000000000e+04 2.121314172214769096e-05 9.628544364322644809e-05 1.136768081582670195e-04
9.570000000000000000e+04 2.131076232593611178e-05 2.010610350106176061e-04 1.117641166820721897e-04
9.580000000000000000e+04 3.041050970607999792e-05 2.728506045180231960e-04 1.115766534127224380e-04
9.590000000000000000e+04 2.080632726219415452e-05 1.841953337834806531e-04 1.122098790580286216e-04
9.600000000000000000e+04 2.297082956673897043e-05 1.075888426555681262e-04 1.125630098451355164e-04
9.610000000000000000e+04 1.821284808780596369e-05 2.172414943290611536e-04 1.128208021971829829e-04
9.620000000000000000e+04 2.374126726799007645e-05 3.386440142171864886e-04 1.133999445912678644e-04
9.630000000000000000e+04 2.302998384143250252e-05 3.364377697421101440e-04 1.139002667715885203e-04
9.640000000000000000e+04 1.929229072611069742e-05 3.121247157425534910e-04 1.139063417925946102e-04
9.650000000000000000e+04 2.449376373251726201e-05 2.251615656056389116e-04 1.133338910907963598e-04
9.660000000000000000e+04 1.969549813646780502e-05 9.915825260164366469e-05 1.129347494608577674e-04
9.670000000000000000e+04 2.132234238674625740e-05 8.297764095960630183e-05 1.142824374913267499e-04
9.680000000000000000e+04 1.835162943072410899e-05 1.493191654766557320e-04 1.172205175425906714e-04
9.690000000000000000e+04 1.982544802183806073e-05 1.691789911086545367e-04 1.199984500073508802e-04
9.700000000000000000e+04 2.103846036700636815e-05 1.584868186229370160e-04 1.214426736656403009e-04
9.710000000000000000e+04 2.090069505934672746e-05 1.311400547685071341e-04 1.206739553883801584e-04
9.720000000000000000e+04 2.213989752323537860e-05 9.613272608307173964e-05 1.187362384782326275e-04
9.730000000000000000e+04 1.835196161357328904e-05 1.227487140917300811e-04 1.168443115406573343e-04
9.740000000000000000e+04 2.139918501045516043e-05 7.724201964559106561e-05 1.140591944119318115e-04
9.750000000000000000e+04 1.905322581339263821e-05 6.719706100012979330e-05 1.116505084150816310e-04
9.760000000000000000e+04 1.197556954141592081e-05 7.400527448749487445e-05 1.112649503658579204e-04
9.770000000000000000e+04 1.440364235204518915e-05 9.051283384561462997e-05 1.106857755284854940e-04
9.780000000000000000e+04 1.327911659114034001e-05 6.445106666189449342e-05 1.093613827360251362e-04
9.790000000000000000e+04 1.375929993363985652e-05 3.294733467582925388e-05 1.084566728617508338e-04
9.800000000000000000e+04 1.675068697971940866e-05 2.994421192816060467e-05 1.087072986960014329e-04
9.810000000000000000e+04 1.605632319626132214e-05 3.151449739216696062e-05 1.092875448556719181e-04
9.820000000000000000e+04 2.992869625409302415e-05 4.638659529037007074e-05 1.096516562426196100e-04
9.830000000000000000e+04 1.978224283890960651e-05 4.319629688868015542e-05 1.100553354715743640e-04
9.840000000000000000e+04 2.295186634618548254e-05 9.209477041030460535e-05 1.104128843418417528e-04
9.850000000000000000e+04 2.178784885787297639e-05 1.473530541422750514e-04 1.104757817711983026e-04
9.860000000000000000e+04 1.948828806176907292e-05 1.385880912572894671e-04 1.102228759533615654e-04
9.870000000000000000e+04 1.961660578824722580e-05 8.989592049642207905e-05 1.099324606730275606e-04
9.880000000000000000e+04 2.091841670090394459e-05 8.151871363112523652e-05 1.109620064421984177e-04
9.890000000000000000e+04 1.669225781379125287e-05 1.241710936360773134e-04 1.139585664783441816e-04
9.900000000000000000e+04 1.781683978041401120e-05 1.678750128893619965e-04 1.165549543285792510e-04
9.910000000000000000e+04 2.164543394118016272e-05 1.989183857945053596e-04 1.177548008654081678e-04
9.920000000000000000e+04 2.024400246330815376e-05 2.215287453797488602e-04 1.198305110008983978e-04
9.930000000000000000e+04 1.757602521558918811e-05 1.654800460912777074e-04 1.219218584936649784e-04
9.940000000000000000e+04 1.945021412338984799e-05 1.152291271243627443e-04 1.227575918203949949e-04
9.950000000000000000e+04 1.862060168334340191e-05 1.011471982057201191e-04 1.229685912576359967e-04
9.960000000000000000e+04 1.701698825885785999e-05 9.407874438254212694e-05 1.227091343118957053e-04
9.970000000000000000e+04 1.928281928356039617e-05 9.294406525353645743e-05 1.225552564974414181e-04
9.980000000000000000e+04 2.179128475597119858e-05 9.332742588978747600e-05 1.222962615683710846e-04
9.990000000000000000e+04 1.729589473292440414e-05 6.898679670730136155e-05 1.221363706027006385e-04
1.000000000000000000e+05 1.902685374576693002e-05 7.253060902301741329e-05 1.226003182881004101e-04
1.001000000000000000e+05 2.309154795049209521e-05 8.770037871301159752e-05 1.232975602860505147e-04
1.002000000000000000e+05 2.568209882949294524e-05 9.750815321813346829e-05 1.244220360896990823e-04
1.003000000000000000e+05 2.636677609512499910e-05 1.110866108349941309e-04 1.254481408259670535e-04
1.004000000000000000e+05 2.610517607870669081e-05 1.198630043446762309e-04 1.271128058068682245e-04
1.005000000000000000e+05 2.988069093995140383e-05 1.311943366097161794e-04 1.302596469100745819e-04
1.006000000000000000e+05 3.342226751315346750e-05 1.403974654236802048e-04 1.339782605466523517e-04
1.007000000000000000e+05 2.659719711614689434e-05 1.444487235782764348e-04 1.376591063299573354e-04
1.008000000000000000e+05 3.170136528185818752e-05 1.003837717314839381e-04 1.387040557577119703e-04
1.009000000000000000e+05 3.051418113995989700e-05 9.776806194281364732e-05 1.377482525965273094e-04
1.010000000000000000e+05 2.199175667338608517e-05 8.225082151259827080e-05 1.375034129187245504e-04
1.011000000000000000e+05 2.490928486622822333e-05 1.018161690737646617e-04 1.375150525000202008e-04
1.012000000000000000e+05 2.895161507597142532e-05 7.452090974508022428e-05 1.384191509367669682e-04
1.013000000000000000e+05 2.643238675544137351e-05 6.945524074714119452e-05 1.395130565930092408e-04
1.014000000000000000e+05 2.108611689358226462e-05 7.173890255033824178e-05 1.384459947056527324e-04
1.015000000000000000e+05 3.303293891990763430e-05 7.268954304550532739e-05 1.404884967354542568e-04
1.016000000000000000e+05 3.287015828623615751e-05 9.303832623241361404e-05 1.465356608725142573e-04
1.017000000000000000e+05 3.253684624903157175e-05 8.072497278169827434e-05 1.451504221455307759e-04
1.018000000000000000e+05 3.615330099216546803e-05 9.163602988356410353e-05 1.364940603687419586e-04
1.019000000000000000e+05 2.892155500590798834e-05 8.807355840261292187e-05 1.330460345524178657e-04
1.020000000000000000e+05 2.873722759025623111e-05 9.574889532372803070e-05 1.343595020665531460e-04
1.021000000000000000e+05 2.846100970874049566e-05 8.666985360984465344e-05 1.333747314404733892e-04
1.022000000000000000e+05 2.562342202981568462e-05 8.221851656602302061e-05 1.306925393490957008e-04
1.023000000000000000e+05 2.477634285641218729e-05 8.571732965826037187e-05 1.281986095216898426e-04
1.024000000000000000e+05 2.268579904029323141e-05 7.452539461001605916e-05 1.267516200597230286e-04
1.025000000000000000e+05 2.241082089250454935e-05 6.495589834257367362e-05 1.263726636756749659e-04
1.026000000000000000e+05 2.009278194606945551e-05 5.750609724670220158e-05 1.257505310543585221e-04
1.027000000000000000e+05 1.844588066778960595e-05 5.061065498751445317e-05 1.254221574420905669e-04
1.028000000000000000e+05 2.144136103306069311e-05 5.314957735759490859e-05 1.265344850390125674e-04
1.029000000000000000e+05 2.401709367699085779e-05 6.646099367565293399e-05 1.264261772635312043e-04
1.030000000000000000e+05 2.144778188459000483e-05 7.185430227561445790e-05 1.254700029197255810e-04
1.031000000000000000e+05 2.893812117919353753e-05 9.261575517586209054e-05 1.256844247913527126e-04
1.032000000000000000e+05 2.725500536590200011e-05 9.330494454768484475e-05 1.276712460568324794e-04
1.033000000000000000e+05 2.632209211636670908e-05 1.124636666138644609e-04 1.304866415380956477e-04
1.034000000000000000e+05 3.560165889143515985e-05 1.320205113634934872e-04 1.336261482048379937e-04
1.035000000000000000e+05 4.239709437387043393e-05 1.605126391830014466e-04 1.364690240697749113e-04
1.036000000000000000e+05 4.228377016867582486e-05 1.922702454112004493e-04 1.390365391827511966e-04
1.037000000000000000e+05 5.286150135329680335e-05 2.335727811852169157e-04 1.427501801397255651e-04
1.038000000000000000e+05 4.896808031353943854e-05 2.332000775348635970e-04 1.471229962783605558e-04
1.039000000000000000e+05 5.129309545912698375e-05 2.340621224787488189e-04 1.520553480050482881e-04
1.040000000000000000e+05 5.808537032766615332e-05 2.786695452303928418e-04 1.583353874864734168e-04
1.041000000000000000e+05 7.499246599872816073e-05 3.473517968895590354e-04 1.669057411987103878e-04
1.042000000000000000e+05 8.039205236774201813e-05 3.810775508253995717e-04 1.770807345709425444e-04
1.043000000000000000e+05 8.552554846171956803e-05 3.969451459623869272e-04 1.884645348960282442e-04
1.044000000000000000e+05 9.739077642128134041e-05 4.174145416549171115e-04 2.005699176444123582e-04
1.045000000000000000e+05 1.170706720797495891e-04 4.522395271865456705e-04 2.125628965409539052e-04
1.046000000000000000e+05 1.283873081267648147e-04 4.841834475626551862e-04 2.253773659997934274e-04
1.047000000000000000e+05 1.283350388051045124e-04 4.921442511742927595e-04 2.399440017667432104e-04
1.048000000000000000e+05 1.375588502455580143e-04 5.204509622542389559e-04 2.555635117692925179e-04
1.049000000000000000e+05 1.560036061757069778e-04 5.308129985218389699e-04 2.691393021149040025e-04
1.050000000000000000e+05 1.594275922796855997e-04 5.306504101244885387e-04 2.782189472992955366e-04
1.051000000000000000e+05 1.634599148429091318e-04 5.277771780464452075e-04 2.879069289429320080e-04
1.052000000000000000e+05 1.762663643415081989e-04 5.363528284102581740e-04 2.949201550800876082e-04
1.053000000000000000e+05 1.870513535903217716e-04 5.479924958162508703e-04 2.987116349050051504e-04
1.054000000000000000e+05 1.819159307176232464e-04 5.466945598022530765e-04 3.014748354228571209e-04
1.055000000000000000e+05 1.773529652796912806e-04 5.652611580437979458e-04 3.045073304023409883e-04
1.056000000000000000e+05 1.796458216233934313e-04 5.953843562275795698e-04 3.106635957341819052e-04
1.057000000000000000e+05 1.842319742868970959e-04 6.077954022444947155e-04 3.192917441499338151e-04
1.058000000000000000e+05 1.889889289552095365e-04 6.102180031872816469e-04 3.267827049071018357e-04
1.059000000000000000e+05 2.006371647918068113e-04 6.381378696096184650e-04 3.312928381470889630e-04
1.060000000000000000e+05 2.071576016125058206e-04 6.408385100316207981e-04 3.328492576478965861e-04
1.061000000000000000e+05 1.948497523663978109e-04 6.258558925288950064e-04 3.282957899506962597e-04
1.062000000000000000e+05 1.802913762213053154e-04 5.984611273863499510e-04 3.214917953545114475e-04
1.063000000000000000e+05 1.771710410479971427e-04 5.843718783391536669e-04 3.175780609767466021e-04
1.064000000000000000e+05 1.785403669611869773e-04 6.026189545625138541e-04 3.143640744668382142e-04
1.065000000000000000e+05 1.826566565208354791e-04 6.209959883903367521e-04 3.137670939989259454e-04
1.066000000000000000e+05 1.797652536385108807e-04 5.824605296822763694e-04 3.146004296536707178e-04
1.067000000000000000e+05 1.687660989055318121e-04 5.372634852652969761e-04 3.139875991666800305e-04
1.068000000000000000e+05 1.652908640855519284e-04 5.133269816287211636e-04 3.118545665427781039e-04
1.069000000000000000e+05 1.595196166683793130e-04 5.084835499585432274e-04 3.101859788771001852e-04
1.070000000000000000e+05 1.546960882742019240e-04 5.156941894103605779e-04 3.094408197976542050e-04
1.071000000000000000e+05 1.565264538080274098e-04 5.313460417346232761e-04 3.096472079293377273e-04
1.072000000000000000e+05 1.632411395524126804e-04 5.438689910246725673e-04 3.127929766998271315e-04
1.073000000000000000e+05 1.826340406758251349e-04 5.643439498830957104e-04 3.168595693264942160e-04
1.074000000000000000e+05 1.735059268167978279e-04 5.632276835006509545e-04 3.168685306862587610e-04
1.075000000000000000e+05 1.633245411850444881e-04 5.693882494199869332e-04 3.123769326044087977e-04
1.076000000000000000e+05 1.557702525757296804e-04 5.636767281446388106e-04 3.067880569249800877e-04
1.077000000000000000e+05 1.623594398914269632e-04 5.322019368218798866e-04 3.021147726812053427e-04
1.078000000000000000e+05 1.651038076618004168e-04 5.296847891415127621e-04 2.956503256887452365e-04
1.079000000000000000e+05 1.511776851637597731e-04 4.872495259659871637e-04 2.848373292077061502e-04
1.080000000000000000e+05 1.384389355844263970e-04 4.544337272299781862e-04 2.752117056453743586e-04
1.081000000000000000e+05 1.408347443094714246e-04 4.690471355908892620e-04 2.699748313448524701e-04
1.082000000000000000e+05 1.464651172113314622e-04 4.904779407117776944e-04 2.689765898390038463e-04
1.083000000000000000e+05 1.613571956494974104e-04 5.135024648360258896e-04 2.737336567004433900e-04
1.084000000000000000e+05 1.517667550990318146e-04 5.131630059440454601e-04 2.785355064492799765e-04
1.085000000000000000e+05 1.477730017828365156e-04 4.873322847623354995e-04 2.797982270726299524e-04
1.086000000000000000e+05 1.503181849477026129e-04 4.773728172039114160e-04 2.793679305299230642e-04
1.087000000000000000e+05 1.525504068225135782e-04 4.882524339578975031e-04 2.787328237427442231e-04
1.088000000000000000e+05 1.544714754424344105e-04 5.064244433772243682e-04 2.790414833755116555e-04
1.089000000000000000e+05 1.440870390596597946e-04 4.922118596156085067e-04 2.817782696888118080e-04
1.090000000000000000e+05 1.315242843367851516e-04 4.513618505076278167e-04 2.854395476780925093e-04
1.091000000000000000e+05 1.327803356165698401e-04 4.309462774952377566e-04 2.854311202956604215e-04
1.092000000000000000e+05 1.395113563270313709e-04 4.279473866340103173e-04 2.808457919957918101e-04
1.093000000000000000e+05 1.440294201432808154e-04 4.251192793303313873e-04 2.758627629538783340e-04
1.094000000000000000e+05 1.497830751132513247e-04 4.513223702853440397e-04 2.742294049783137078e-04
1.095000000000000000e+05 1.407823299293973010e-04 4.778545901452131836e-04 2.731229255823301185e-04
1.096000000000000000e+05 1.467178248661952437e-04 4.810768487712131845e-04 2.697887221647166708e-04
1.097000000000000000e+05 1.415465626501026053e-04 4.759108658957604369e-04 2.637360030956654175e-04
1.098000000000000000e+05 1.290289695424920522e-04 4.567395347063552078e-04 2.555330585482047038e-04
1.099000000000000000e+05 1.193709889979340487e-04 4.377676052033187054e-04 2.485221177272877065e-04
1.100000000000000000e+05 1.121290073293610052e-04 4.042370763716040811e-04 2.431686490892162817e-04
1.101000000000000000e+05 1.095434574240983596e-04 3.715886176448665200e-04 2.354626917007537792e-04
1.102000000000000000e+05 9.011129078591168504e-05 2.918123878751293851e-04 2.188810731262586635e-04
1.103000000000000000e+05 7.924139597553200897e-05 2.550733806621541169e-04 1.926261825013490434e-04
1.104000000000000000e+05 5.797826078853915324e-05 1.969298641258728649e-04 1.649903079841475752e-04
1.105000000000000000e+05 4.644723243047479402e-05 1.582343400205292461e-04 1.440361285208065201e-04
1.106000000000000000e+05 3.675423288379365075e-05 1.493750767404373949e-04 1.335370354523537863e-04
1.107000000000000000e+05 3.331908529562457812e-05 1.409671779949620658e-04 1.302792551215579031e-04
1.108000000000000000e+05 3.484472954936121024e-05 1.360606176935021637e-04 1.299007401345450010e-04
1.109000000000000000e+05 3.005045376200648349e-05 1.228280336366871419e-04 1.318706049558948364e-04
1.110000000000000000e+05 3.194496356894412146e-05 1.247898751619138725e-04 1.351327547404490321e-04
1.111000000000000000e+05 3.159658020994817514e-05 1.306509116061816322e-04 1.375872422466583569e-04
1.112000000000000000e+05 3.379611130970086314e-05 1.295918738529266241e-04 1.373247442078344926e-04
1.113000000000000000e+05 3.262386245127123663e-05 1.162156305873392740e-04 1.332851251306214359e-04
1.114000000000000000e+05 2.928098895532979605e-05 1.059367228462114999e-04 1.278313879809798526e-04
1.115000000000000000e+05 2.845375196391532299e-05 1.011850320653247617e-04 1.271575337305713791e-04
1.116000000000000000e+05 2.820090887834383680e-05 9.787588879736973488e-05 1.304338589199302188e-04
1.117000000000000000e+05 2.465873714816085112e-05 1.055968082217825468e-04 1.294792014430114668e-04
1.118000000000000000e+05 2.763052910727693129e-05 1.407666036053227749e-04 1.228670597551206932e-04
1.119000000000000000e+05 2.259448480896494014e-05 2.693005291980589497e-04 1.186833666191299268e-04
1.120000000000000000e+05 2.215720398019131070e-05 3.979859415902203498e-04 1.189469501532522156e-04
1.121000000000000000e+05 2.986480667693566901e-05 3.412877140791952565e-04 1.225281168775328559e-04
1.122000000000000000e+05 3.400097081084900062e-05 2.712562872458964408e-04 1.358710443612562056e-04
1.123000000000000000e+05 3.854839712380722487e-05 1.823165089057008042e-04 1.463846285629619062e-04
1.124000000000000000e+05 2.028457060421341273e-05 8.280935910708727354e-05 1.383260579711176287e-04
1.125000000000000000e+05 2.553700213250228730e-05 8.578098762048685206e-05 1.238080846545010650e-04
1.126000000000000000e+05 1.618141170537020781e-05 9.256972431560821126e-05 1.162683182629473740e-04
1.127000000000000000e+05 1.120531115295969246e-05 6.227522396035214481e-05 1.128812732197677116e-04
1.128000000000000000e+05 1.158353970523852243e-05 3.305266331242192430e-05 1.135990992588373363e-04
1.129000000000000000e+05 1.599677870967672474e-05 3.908662279784744448e-05 1.171673626267135266e-04
1.130000000000000000e+05 1.980307191296653484e-05 4.083227984336394061e-05 1.192169966454209958e-04
1.131000000000000000e+05 1.789718614552867346e-05 3.474938847765870803e-05 1.174590550361966437e-04
1.132000000000000000e+05 1.636597486624886651e-05 3.553496247572535561e-05 1.143080342279140861e-04
1.133000000000000000e+05 1.877126403352330334e-05 4.035242162726150183e-05 1.127487920157948793e-04
1.134000000000000000e+05 2.063871276858887595e-05 5.255295912575798996e-05 1.115257429034137134e-04
1.135000000000000000e+05 1.436678167970123694e-05 6.552345177706544034e-05 1.087058890962775006e-04
1.136000000000000000e+05 1.353475568339915312e-05 6.359703765882715508e-05 1.060083041632549317e-04
1.137000000000000000e+05 1.329113485567555496e-05 5.987045039833811301e-05 1.065704655672534686e-04
1.138000000000000000e+05 1.252900460668482678e-05 4.460867852790864109e-05 1.089811166860380078e-04
1.139000000000000000e+05 1.497008887501543423e-05 5.927279095412651987e-05 1.104356284527816180e-04
1.140000000000000000e+05 1.627270760286231375e-05 5.287789238992858369e-05 1.109949442031731010e-04
1.141000000000000000e+05 1.419009596243027437e-05 5.543020048064830718e-05 1.105749450745988495e-04
1.142000000000000000e+05 1.605299841233730380e-05 5.306178011061548207e-05 1.092859011018299886e-04
1.143000000000000000e+05 1.528895477039999575e-05 4.862066651507463712e-05 1.081334648120695606e-04
1.144000000000000000e+05 1.171770007209795841e-05 4.052448829682165797e-05 1.077121486923996894e-04
1.145000000000000000e+05 1.008294993876689193e-05 3.331684435917615548e-05 1.074414148733686544e-04
1.146000000000000000e+05 1.080932853490271727e-05 3.136747108314157074e-05 1.068123301778301247e-04
1.147000000000000000e+05 1.308044855171442463e-05 2.898969583821841504e-05 1.058790570914600119e-04
1.148000000000000000e+05 1.115181036876720943e-05 2.566109683919047221e-05 1.055122419666044970e-04
1.149000000000000000e+05 1.580874202222680674e-05 3.195049622619728984e-05 1.064987804434984513e-04
1.150000000000000000e+05 1.442684960582030814e-05 3.746415539726866725e-05 1.091827744348487680e-04
1.151000000000000000e+05 1.555098160997902222e-05 8.013393092254974008e-05 1.144398341956635211e-04
1.152000000000000000e+05 1.815914558964698707e-05 1.398559207542392734e-04 1.200051828033424643e-04
1.153000000000000000e+05 1.647965369291497272e-05 1.031550340757840349e-04 1.209672043811766242e-04
1.154000000000000000e+05 2.056112589846717010e-05 5.041437691609075469e-05 1.233639505080958473e-04
1.155000000000000000e+05 2.119196660943575697e-05 6.397972172147676302e-05 1.310138829485521907e-04
1.156000000000000000e+05 2.442901116830234595e-05 6.805493476392983083e-05 1.337169091243941795e-04
1.157000000000000000e+05 2.545446254635805804e-05 5.293936464946298484e-05 1.332889080869888393e-04
1.158000000000000000e+05 2.743283837174606717e-05 5.807877863101686231e-05 1.359238526637580196e-04
1.159000000000000000e+05 2.722460210363807488e-05 6.157591212911432373e-05 1.425068939881742947e-04
1.160000000000000000e+05 4.081370232577334796e-05 7.396538443876206164e-05 1.603349880791070728e-04
1.161000000000000000e+05 6.555875394365186573e-05 1.131412419919728942e-04 1.827240632176024523e-04
1.162000000000000000e+05 2.557119503409410245e-05 7.329481416825311350e-05 1.822133347812364770e-04
1.163000000000000000e+05 3.493967769625124756e-05 9.419135657475204517e-05 1.645354989360534384e-04
1.164000000000000000e+05 4.330006059523817312e-05 1.250148173943609704e-04 1.512700147694665269e-04
1.165000000000000000e+05 3.716278916106111865e-05 1.232852167107277011e-04 1.459065558666136793e-04
1.166000000000000000e+05 2.611003423857506146e-05 9.969116730360998982e-05 1.331239456237002399e-04
1.167000000000000000e+05 1.858468877524851667e-05 8.509507095835125293e-05 1.155862470862877917e-04
1.168000000000000000e+05 1.638891382983724717e-05 7.453571473004907467e-05 1.067344171345738425e-04
1.169000000000000000e+05 1.555192892121017630e-05 5.751682592176012476e-05 1.057009097996308635e-04
1.170000000000000000e+05 1.653944970795580933e-05 4.695124256526811521e-05 1.062169915611985198e-04
1.171000000000000000e+05 1.762199735600615894e-05 5.411326038838494155e-05 1.072349400910938482e-04
1.172000000000000000e+05 2.117553158653013841e-05 6.791531787150972940e-05 1.104004229280502336e-04
1.173000000000000000e+05 3.874707688713794620e-05 9.449731515666558938e-05 1.263457143476746111e-04
1.174000000000000000e+05 5.790231197028348456e-05 1.580435243165626512e-04 1.475855338940676724e-04
1.175000000000000000e+05 6.796771086995310703e-05 1.258990090073507009e-04 1.704404797575853581e-04
1.176000000000000000e+05 8.511697272548226427e-05 1.790883472906251489e-04 1.898784972429589800e-04
1.177000000000000000e+05 5.455754196030689995e-05 1.416332841403883868e-04 1.795678258155852911e-04
1.178000000000000000e+05 6.844718379603610659e-05 1.827329364800151282e-04 1.642648036776624902e-04
1.179000000000000000e+05 5.438402584826448720e-05 1.725660379697679556e-04 1.336954335859710547e-04
1.180000000000000000e+05 2.674991539949419963e-05 1.591672630520270899e-04 9.869789758245667765e-05
1.181000000000000000e+05 1.473691931369755742e-05 1.336059244834823540e-04 8.434662253450423406e-05
1.182000000000000000e+05 1.359626725724364890e-05 1.021050524713823678e-04 8.557663581148199083e-05
1.183000000000000000e+05 1.787339832328303161e-05 7.037920398752177788e-05 8.713866205491705157e-05
1.184000000000000000e+05 1.238496652625407338e-05 3.509678113546199532e-05 8.794092253625335079e-05
1.185000000000000000e+05 9.944001872741773870e-06 2.801457869231156544e-05 8.853198167443768543e-05
1.186000000000000000e+05 1.082279426995323333e-05 4.485705877216802115e-05 8.831515111356580384e-05
1.187000000000000000e+05 1.189928516671903051e-05 5.710869444910383582e-05 8.830706525684905777e-05
1.188000000000000000e+05 1.661690366687089773e-05 5.444008581654186151e-05 9.197600716847097798e-05
1.189000000000000000e+05 2.130167198939300936e-05 5.122848542693381603e-05 9.582547394535949174e-05
1.190000000000000000e+05 1.371587767853127936e-05 3.009815705480165437e-05 9.444575450444559666e-05
1.191000000000000000e+05 1.775552807362146062e-05 3.580387281275469746e-05 9.235000253288943412e-05
1.192000000000000000e+05 1.770490163446674595e-05 4.874031851527125744e-05 8.959289384957537582e-05
1.193000000000000000e+05 1.369696948973180689e-05 6.201128480463443857e-05 8.606644022836328360e-05
1.194000000000000000e+05 1.157317063059070381e-05 6.047348749773373837e-05 8.167589456783091008e-05
1.195000000000000000e+05 1.134885332601191625e-05 5.075799752996649496e-05 7.649391093342518190e-05
1.196000000000000000e+05 1.168757198768383240e-05 4.067781708736847228e-05 7.883399896447545346e-05
1.197000000000000000e+05 2.756563776934083598e-05 5.826897266123928982e-05 9.574679975573666666e-05
1.198000000000000000e+05 3.736978652109035023e-05 6.914989124692407895e-05 1.093357013708934339e-04
1.199000000000000000e+05 1.602838100239945994e-05 5.133746035730515998e-05 1.066116312205703600e-04
