9.000000000000000000e+04 2.470358536900107136e-05 6.920568656241119702e-05 1.752972104652580812e-04
9.010000000000000000e+04 1.880158341762888977e-05 5.358932052452016533e-05 1.840307691165795994e-04
9.020000000000000000e+04 2.076256870356190613e-05 5.411534307969690077e-05 1.927643277679013073e-04
9.030000000000000000e+04 1.732089887524282390e-05 7.582659420741783701e-05 2.056126321404388806e-04
9.040000000000000000e+04 3.072175818044211378e-05 1.144601541155554261e-04 2.185886349676673145e-04
9.050000000000000000e+04 1.963416678573131225e-05 7.527302480777497062e-05 2.176331645255825107e-04
9.060000000000000000e+04 2.738376508197110310e-05 8.383330827816914120e-05 2.158655397904648296e-04
9.070000000000000000e+04 1.567532635525452204e-05 7.110502778643259668e-05 1.986019823487456069e-04
9.080000000000000000e+04 2.693644671748413109e-05 8.053158233748349709e-05 1.801577379383043109e-04
9.090000000000000000e+04 1.754587838416848370e-05 3.971538325050943453e-05 1.748209251344657353e-04
9.100000000000000000e+04 2.996562941495991878e-05 5.783700915490045226e-05 1.709287930255075263e-04
9.110000000000000000e+04 2.338216872163007888e-05 4.677404315442718519e-05 1.775749272166503875e-04
9.120000000000000000e+04 2.588410123360203861e-05 4.668427347758407307e-05 1.858410740905918821e-04
9.130000000000000000e+04 1.783354233405557050e-05 4.460213542609869778e-05 1.955734439054026359e-04
9.140000000000000000e+04 2.368126632166722635e-05 1.021833774948079489e-04 2.053874412280266805e-04
9.150000000000000000e+04 2.009870531815728255e-05 9.446076517998896463e-05 2.136402756440668649e-04
9.160000000000000000e+04 2.866002806952984124e-05 8.577557037051862206e-05 2.215981387732087328e-04
9.170000000000000000e+04 2.141376891807487515e-05 5.935641008216442573e-05 2.466878477226674450e-04
9.180000000000000000e+04 2.155765205532559747e-05 5.913790225045079726e-05 2.764382378598160975e-04
9.190000000000000000e+04 3.300832669381718746e-05 6.091300802022885401e-05 2.929666644965078131e-04
9.200000000000000000e+04 4.222031376165179088e-05 7.399701693154082157e-05 3.050301530082257981e-04
9.210000000000000000e+04 3.903707553108937090e-05 6.160002687575100730e-05 3.378104831777263106e-04
9.220000000000000000e+04 3.382503246250839844e-05 7.003318402187873413e-05 3.782557627238931344e-04
9.230000000000000000e+04 3.455597480689343286e-05 6.852891621880432193e-05 3.896662972670996003e-04
9.240000000000000000e+04 4.345040118367606832e-05 9.015954269459919507e-05 3.886595081114652497e-04
9.250000000000000000e+04 4.383407711172366411e-05 8.280349358012398372e-05 3.849549377796497389e-04
9.260000000000000000e+04 4.293206588059088769e-05 9.703410513191697241e-05 3.810807703889846514e-04
9.270000000000000000e+04 3.545434885759019819e-05 7.795982414430233966e-05 3.759778922250924145e-04
9.280000000000000000e+04 3.401870458430298260e-05 9.355634264355514084e-05 3.700508630142405517e-04
9.290000000000000000e+04 4.386423048448827820e-05 8.070807305406808504e-05 3.699826553523991209e-04
9.300000000000000000e+04 4.052009763131514007e-05 1.091520012271150904e-04 3.733143206338257209e-04
9.310000000000000000e+04 4.812341107595416011e-05 2.523063316625828614e-04 3.753575581259036118e-04
9.320000000000000000e+04 6.065018709033257599e-05 4.596555527855643959e-04 3.776472104985805324e-04
9.330000000000000000e+04 6.314927584927351907e-05 4.542789258915551202e-04 3.787730967032296799e-04
9.340000000000000000e+04 5.537275864493738237e-05 2.859117541195857004e-04 3.772905489238557661e-04
9.350000000000000000e+04 4.485131446006513246e-05 1.607803904073541387e-04 3.766286517510422953e-04
9.360000000000000000e+04 4.836030436968988397e-05 9.887052824153903232e-05 3.790271400317567403e-04
9.370000000000000000e+04 4.514286705763762486e-05 8.250769435646338693e-05 3.813853248371896804e-04
9.380000000000000000e+04 4.822568199395907505e-05 9.388919638176132509e-05 3.806608627762899776e-04
9.390000000000000000e+04 4.240610032936985296e-05 7.565663412337903220e-05 3.803369675312128612e-04
9.400000000000000000e+04 3.407360080198875004e-05 7.055098101951275645e-05 3.811218094510491019e-04
9.410000000000000000e+04 3.461228242961582715e-05 7.356967957149629801e-05 3.815636158024651378e-04
9.420000000000000000e+04 3.843426809023046736e-05 8.982883682219375493e-05 3.825144907585435890e-04
9.430000000000000000e+04 5.682666612250502963e-05 1.037977071405577888e-04 3.836402314454002592e-04
9.440000000000000000e+04 2.822010817774982293e-05 6.845999349676005563e-05 3.832533824361831565e-04
9.450000000000000000e+04 4.413756127130420140e-05 1.029607904845874860e-04 3.832037767561082562e-04
9.460000000000000000e+04 3.906608050673895200e-05 8.159873161815906807e-05 3.858610093222240747e-04
9.470000000000000000e+04 6.049952545269312058e-05 1.036962421319185916e-04 3.872061675092697123e-04
9.480000000000000000e+04 4.717808068287676279e-05 7.972114894847854216e-05 3.858768928122167929e-04
9.490000000000000000e+04 4.707858013899563886e-05 9.230151846962192678e-05 3.860298368956623354e-04
9.500000000000000000e+04 4.313235354009030322e-05 8.901545582450294015e-05 3.870776781362461529e-04
9.510000000000000000e+04 5.987714019679770284e-05 1.041284826940949704e-04 3.864532653763625217e-04
9.520000000000000000e+04 4.684898874886728225e-05 9.217345754192044806e-05 3.864402613171039080e-04
9.530000000000000000e+04 4.102493696666649091e-05 8.990356150841979444e-05 3.879998452385848354e-04
9.540000000000000000e+04 3.706337883225814620e-05 7.767568771163463250e-05 3.903954244572986599e-04
9.550000000000000000e+04 5.147791763906854091e-05 9.092517589716315541e-05 3.917690903061154866e-04
9.560000000000000000e+04 4.615692989286414956e-05 7.746563343298258457e-05 3.923499228303238833e-04
9.570000000000000000e+04 4.132912522407730660e-05 1.115775926082999622e-04 3.942948442148182264e-04
9.580000000000000000e+04 4.556077481232746100e-05 1.814088304839697155e-04 3.974714846918254562e-04
9.590000000000000000e+04 5.167565071860502623e-05 2.348074169514469643e-04 3.970965880123053992e-04
9.600000000000000000e+04 3.710260575966618096e-05 1.083203519034799003e-04 3.895425920436645191e-04
9.610000000000000000e+04 3.728399022921512857e-05 7.826204855458895578e-05 3.861588638627526512e-04
9.620000000000000000e+04 3.744178262433229360e-05 7.031837990369833001e-05 3.945542813604450104e-04
9.630000000000000000e+04 4.042797418855870444e-05 1.020538552882739136e-04 4.026888057072071196e-04
9.640000000000000000e+04 5.375749955124545622e-05 1.900453533471839376e-04 4.098674523662942286e-04
9.650000000000000000e+04 5.233253516762569578e-05 2.902548359091200697e-04 4.229745086737913000e-04
9.660000000000000000e+04 4.647683379370470044e-05 2.209417419342042297e-04 4.370752430022191892e-04
9.670000000000000000e+04 5.946083142254653597e-05 2.297419574306077176e-04 4.393313009583146378e-04
9.680000000000000000e+04 4.533939635677284967e-05 1.945543238985954389e-04 4.247436372332628971e-04
9.690000000000000000e+04 4.559786221128232829e-05 1.862845795044837816e-04 4.136742796048889352e-04
9.700000000000000000e+04 5.117464339264880466e-05 1.868354269500098475e-04 4.125820036535131352e-04
9.710000000000000000e+04 7.353415236923457063e-05 1.984031791975406946e-04 4.121827515329578597e-04
9.720000000000000000e+04 4.097774650812716210e-05 1.518167437360054377e-04 4.105268869500098357e-04
9.730000000000000000e+04 5.679297301108414712e-05 1.722992827570213000e-04 4.085868520491946080e-04
9.740000000000000000e+04 4.010703709884634810e-05 1.759626122148476583e-04 4.081823755904609571e-04
9.750000000000000000e+04 4.697644303763533809e-05 1.861419312301536093e-04 4.071903368601423562e-04
9.760000000000000000e+04 5.578091326254979712e-05 3.031595010245694910e-04 4.076182665217952471e-04
9.770000000000000000e+04 6.291818284690295230e-05 4.891426405995381779e-04 4.084952108977127436e-04
9.780000000000000000e+04 6.612459409483932874e-05 3.897195900225960074e-04 4.079388917361350710e-04
9.790000000000000000e+04 5.194046312313917039e-05 2.630675085809804103e-04 4.093624891264426111e-04
9.800000000000000000e+04 4.176521627601514040e-05 2.353307479625625035e-04 4.122835662548644461e-04
9.810000000000000000e+04 7.673573779401075736e-05 2.572589580310663798e-04 4.161942362864339343e-04
9.820000000000000000e+04 6.412651223151741775e-05 2.247164309076762076e-04 4.246288069158789236e-04
9.830000000000000000e+04 5.394581339104929756e-05 1.989404200048137407e-04 4.311744520484506898e-04
9.840000000000000000e+04 5.707599912736901950e-05 2.779890566052466649e-04 4.329705466042631777e-04
9.850000000000000000e+04 5.192444125526682200e-05 3.635853808544332595e-04 4.337563543841875622e-04
9.860000000000000000e+04 4.862381579078347595e-05 3.137786369647011073e-04 4.351225579027462168e-04
9.870000000000000000e+04 5.017841717132320856e-05 2.397241469226660065e-04 4.442364836673830882e-04
9.880000000000000000e+04 4.262995331351507105e-05 1.915010881051862411e-04 4.695241902696793788e-04
9.890000000000000000e+04 5.334549789801892785e-05 1.703345444164171794e-04 4.959113148243932557e-04
9.900000000000000000e+04 5.256749862098022540e-05 1.711259109217037888e-04 5.159055906303379197e-04
9.910000000000000000e+04 6.773286221087266657e-05 1.999118553650605103e-04 5.301623259367374899e-04
9.920000000000000000e+04 5.794870364190504502e-05 2.315719789112463570e-04 5.385462237094941701e-04
9.930000000000000000e+04 5.349063743242553261e-05 2.720551641015349830e-04 5.494885628812372748e-04
9.940000000000000000e+04 6.118024362962947143e-05 2.672356161675760533e-04 5.621931003084820093e-04
9.950000000000000000e+04 7.820415384222879039e-05 2.604651902880684858e-04 5.682830387867160741e-04
9.960000000000000000e+04 6.002504184518509499e-05 1.948668504936720445e-04 5.593926330151748104e-04
9.970000000000000000e+04 6.244661971635556176e-05 1.524649210748654088e-04 5.470165987759564386e-04
9.980000000000000000e+04 6.396444605928891091e-05 1.315674419964465731e-04 5.496824405885938339e-04
9.990000000000000000e+04 8.951308270745654680e-05 1.755402696978758110e-04 5.643932832903622533e-04
1.000000000000000000e+05 6.548091798971920983e-05 1.459569073376003811e-04 5.741755209447159782e-04
1.001000000000000000e+05 5.872610081063961429e-05 1.824160719687582333e-04 5.728564013440132045e-04
1.002000000000000000e+05 4.721639239309153354e-05 2.391653200586197486e-04 5.704993478807137385e-04
1.003000000000000000e+05 6.744476339280627147e-05 3.146298807424240595e-04 5.728994323663289152e-04
1.004000000000000000e+05 9.900362383151223213e-05 3.308066171431475700e-04 5.810443680054614606e-04
1.005000000000000000e+05 7.402289261817715776e-05 2.568345590594691297e-04 5.910651747185320616e-04
1.006000000000000000e+05 5.572169296274849352e-05 2.453568497838836283e-04 5.976795057714290186e-04
1.007000000000000000e+05 8.785883110613856590e-05 3.068331332693313967e-04 6.030878030649558779e-04
1.008000000000000000e+05 6.412816765023190632e-05 2.664171298698008068e-04 6.085055672139377814e-04
1.009000000000000000e+05 8.232332046410862324e-05 2.324592455919506032e-04 6.143319668499025183e-04
1.010000000000000000e+05 8.374830943384467541e-05 2.118005925260591947e-04 6.184985612011822996e-04
1.011000000000000000e+05 7.065356314989298600e-05 1.900055701100993553e-04 6.226839377951281888e-04
1.012000000000000000e+05 8.689470818631201375e-05 2.057184645099665405e-04 6.420738721883941565e-04
1.013000000000000000e+05 9.024124999307953348e-05 2.458193909275007511e-04 6.650987981322295040e-04
1.014000000000000000e+05 7.135528825114392532e-05 2.282863954172474098e-04 6.591283189073588898e-04
1.015000000000000000e+05 8.542123134114819067e-05 1.794631593969168212e-04 6.470671237932466803e-04
1.016000000000000000e+05 7.288377260564952824e-05 1.653857630485670296e-04 6.546900423731479403e-04
1.017000000000000000e+05 7.637977678247353033e-05 1.706620514431802550e-04 6.414250551057417392e-04
1.018000000000000000e+05 5.602258216861190181e-05 1.755061973363073119e-04 5.990990785716318037e-04
1.019000000000000000e+05 6.552273676734042887e-05 1.741509508786851217e-04 5.845805037090565787e-04
1.020000000000000000e+05 7.414887537903738692e-05 1.315293657821170730e-04 6.054428186877163420e-04
1.021000000000000000e+05 6.618262802555302787e-05 1.375324790137700528e-04 6.191930367597063686e-04
1.022000000000000000e+05 5.484032478517717000e-05 1.347131287871018148e-04 6.141886721937267826e-04
1.023000000000000000e+05 7.309717941922995628e-05 1.471315389257724961e-04 6.062555740518453268e-04
1.024000000000000000e+05 4.603479273384810180e-05 1.302864021129599738e-04 5.991193049302636102e-04
1.025000000000000000e+05 4.861320438096102502e-05 1.392331509554598293e-04 5.942350982840809929e-04
1.026000000000000000e+05 5.749616460896304990e-05 1.705376150755934413e-04 5.982102128321236225e-04
1.027000000000000000e+05 6.429279181625945170e-05 2.452807036892759671e-04 6.085613863054472423e-04
1.028000000000000000e+05 6.314599591405155050e-05 2.564774476834839976e-04 6.245387537289683478e-04
1.029000000000000000e+05 8.462845660014539206e-05 1.811525863946647757e-04 6.315401724280146709e-04
1.030000000000000000e+05 7.712260084505003551e-05 1.614882880081286269e-04 6.171359010069118675e-04
1.031000000000000000e+05 7.035125546883333469e-05 1.247581580163764463e-04 5.945195635505442881e-04
1.032000000000000000e+05 8.621957298954080647e-05 1.492279822090254162e-04 5.738735776104143859e-04
1.033000000000000000e+05 6.977333854303266209e-05 1.452732117059125829e-04 5.639270055733432022e-04
1.034000000000000000e+05 9.486961111643689003e-05 2.121421628471616616e-04 5.649271406102738657e-04
1.035000000000000000e+05 5.525262717575825985e-05 2.221033117212315887e-04 5.650983770266521837e-04
1.036000000000000000e+05 4.761366244984926825e-05 1.492098006664880532e-04 5.682753581188677069e-04
1.037000000000000000e+05 4.857610923239736884e-05 1.153887143006842621e-04 5.736105852069194955e-04
1.038000000000000000e+05 5.122524372542982402e-05 1.129765001095509773e-04 5.732910448422639865e-04
1.039000000000000000e+05 6.283800786204159477e-05 1.341688976037751007e-04 5.813307248984717806e-04
1.040000000000000000e+05 5.150205053477464358e-05 1.188151250048792573e-04 5.925235895819202505e-04
1.041000000000000000e+05 7.677413171509200624e-05 1.599040162937974668e-04 5.857966296305909103e-04
1.042000000000000000e+05 3.950257705186632166e-05 9.354335125155428636e-05 5.742267402843808342e-04
1.043000000000000000e+05 5.344032459691800546e-05 1.373010875210287736e-04 5.740989365381600571e-04
1.044000000000000000e+05 7.389309017354604454e-05 1.923370197847806915e-04 5.842367251460888139e-04
1.045000000000000000e+05 9.178062941939580006e-05 1.890280025854567444e-04 5.912131132599662310e-04
1.046000000000000000e+05 7.728995022975406522e-05 1.598001756600109322e-04 5.921077813179048254e-04
1.047000000000000000e+05 5.952876200082972066e-05 1.639298446425734891e-04 5.974746447262174742e-04
1.048000000000000000e+05 6.633533901787382666e-05 2.146812891914213388e-04 6.010221685309529664e-04
1.049000000000000000e+05 9.270310294982257292e-05 1.884599919360263522e-04 5.967299155730433234e-04
1.050000000000000000e+05 7.661623492203446188e-05 1.611815513792662878e-04 5.936645263535894439e-04
1.051000000000000000e+05 4.580281653458631672e-05 1.216738734555100534e-04 5.999435514573870504e-04
1.052000000000000000e+05 6.782327579675289861e-05 1.698915983862903101e-04 6.139554037530904358e-04
1.053000000000000000e+05 6.380375449807043804e-05 1.522469286386316824e-04 6.217579427084424671e-04
1.054000000000000000e+05 8.145294834271911075e-05 1.882887742793221868e-04 6.237201181790157523e-04
1.055000000000000000e+05 6.709258145567954454e-05 2.500476808429047187e-04 6.345083994218322964e-04
1.056000000000000000e+05 7.519474165857624025e-05 2.114862481172886379e-04 6.354507441165171792e-04
1.057000000000000000e+05 1.148750456970644733e-04 2.101322891325426963e-04 6.231667985929931425e-04
1.058000000000000000e+05 6.503522172840773240e-05 1.714635575511048483e-04 6.187797729193172730e-04
1.059000000000000000e+05 7.093741594022516268e-05 1.614268748487642825e-04 6.189040164815104742e-04
1.060000000000000000e+05 4.903300385126379331e-05 1.224000832021370682e-04 6.168420755385330438e-04
1.061000000000000000e+05 6.988212631594398466e-05 1.422231842486311329e-04 6.116558248343050355e-04
1.062000000000000000e+05 9.345176057657235500e-05 1.629057819834033504e-04 6.090016439279801299e-04
1.063000000000000000e+05 7.552399342658771154e-05 1.294698407450022666e-04 6.218110772616716698e-04
1.064000000000000000e+05 7.498519987911538964e-05 1.513235320865966536e-04 6.384268003783467047e-04
1.065000000000000000e+05 8.932691445377835722e-05 1.952511536546889257e-04 6.354086486356106756e-04
1.066000000000000000e+05 7.691275062222404334e-05 1.720886134981096643e-04 6.311435617146810874e-04
1.067000000000000000e+05 5.088445229611392867e-05 1.252569944715117801e-04 6.427174468338042301e-04
1.068000000000000000e+05 6.022831654013227447e-05 1.125285075601353910e-04 6.564885351472661210e-04
1.069000000000000000e+05 7.117481498369459137e-05 1.463622049317276535e-04 6.662057280575880763e-04
1.070000000000000000e+05 7.646632481286364056e-05 1.835837286393274433e-04 6.724319456495744069e-04
1.071000000000000000e+05 5.907951810766903962e-05 1.310938359409320221e-04 6.773367783171341120e-04
1.072000000000000000e+05 6.526687848602212138e-05 1.448681669136796376e-04 6.907628014840849762e-04
1.073000000000000000e+05 7.981970556927213238e-05 2.007806637686382649e-04 7.161684353263689110e-04
1.074000000000000000e+05 7.514347257760005394e-05 1.863812849349376268e-04 7.305701658285202339e-04
1.075000000000000000e+05 7.504069334901639771e-05 1.548390824997666068e-04 7.158654227113466027e-04
1.076000000000000000e+05 4.819440891790744905e-05 1.702830080709294728e-04 6.897172121019213772e-04
1.077000000000000000e+05 7.052518292372151904e-05 1.556178718165182129e-04 6.691899059496984447e-04
1.078000000000000000e+05 6.907722188149198299e-05 1.296105444781013322e-04 6.551899358022669805e-04
1.079000000000000000e+05 5.849245185617025968e-05 1.241717906230470261e-04 6.461319362817725823e-04
1.080000000000000000e+05 4.749039384123172978e-05 1.029933743892038917e-04 6.395269508201456695e-04
1.081000000000000000e+05 4.897546016921646393e-05 1.038887176059095961e-04 6.332509857652807335e-04
1.082000000000000000e+05 5.067470294191822513e-05 1.209782199546582124e-04 6.203043886647688961e-04
1.083000000000000000e+05 6.408677359147070367e-05 1.437043423541006131e-04 6.055179498698056101e-04
1.084000000000000000e+05 6.342270203413453728e-05 1.593573194387656400e-04 6.052623934916573009e-04
1.085000000000000000e+05 5.913609210041995308e-05 1.540465700099158093e-04 6.160072127606685795e-04
1.086000000000000000e+05 5.602632830913956748e-05 1.215465690818915735e-04 6.288932762890774974e-04
1.087000000000000000e+05 6.265797920360039949e-05 1.200544171680345724e-04 6.424696688585113330e-04
1.088000000000000000e+05 6.957552806544434199e-05 1.380447179617416351e-04 6.577851990280182736e-04
1.089000000000000000e+05 6.046661535588843724e-05 1.311390923874368453e-04 6.821324033130782543e-04
1.090000000000000000e+05 9.888251932495630871e-05 1.675021872611397915e-04 7.241907313048820925e-04
1.091000000000000000e+05 8.414544106362246197e-05 1.652851591938417439e-04 7.564466188397298138e-04
1.092000000000000000e+05 8.586996509099944011e-05 1.596661881953228635e-04 7.468636085915098238e-04
1.093000000000000000e+05 8.034993287957562999e-05 1.566731352938649470e-04 7.210346617525463780e-04
1.094000000000000000e+05 7.246348991874558727e-05 1.419741356816387823e-04 7.018649667738912626e-04
1.095000000000000000e+05 6.697513570395061469e-05 1.766715619663636241e-04 6.840381725334422711e-04
1.096000000000000000e+05 6.708497662217963523e-05 1.485531179527483162e-04 6.659296817225229424e-04
1.097000000000000000e+05 7.289477073208286157e-05 2.424088117609682867e-04 6.513760031754341510e-04
1.098000000000000000e+05 6.081959793858930912e-05 2.368012472363100092e-04 6.392363763139228975e-04
1.099000000000000000e+05 6.390691629115674045e-05 2.083849076683738817e-04 6.285903757597565865e-04
1.100000000000000000e+05 7.050301973723037668e-05 1.537597973086503658e-04 6.202826028068922880e-04
1.101000000000000000e+05 5.806445673052734562e-05 1.185362759526031396e-04 6.125882077007147649e-04
1.102000000000000000e+05 6.346762671463731988e-05 1.103526263810387020e-04 6.038279149248169291e-04
1.103000000000000000e+05 5.503351425225776108e-05 1.046644139822595779e-04 5.925162528347565662e-04
1.104000000000000000e+05 6.777453640640870337e-05 1.353909480247527655e-04 5.798505379891895741e-04
1.105000000000000000e+05 7.519672383584535044e-05 1.513598972436618539e-04 5.699562982365334943e-04
1.106000000000000000e+05 5.204826294173225780e-05 1.088692200922768052e-04 5.593035550800814354e-04
1.107000000000000000e+05 5.587978241668493332e-05 1.087628449654965378e-04 5.495290197067684334e-04
1.108000000000000000e+05 5.873735388812941632e-05 1.255017542230717773e-04 5.496191210772075021e-04
1.109000000000000000e+05 6.655949298045940338e-05 1.543516019443869677e-04 5.515862711706636832e-04
1.110000000000000000e+05 5.998835984821293630e-05 1.605193726744453663e-04 5.545342865084330539e-04
1.111000000000000000e+05 5.981683502541824786e-05 1.575828224003311814e-04 5.625325014769207805e-04
1.112000000000000000e+05 5.089121394341686744e-05 1.022743703497446498e-04 5.693468233216521538e-04
1.113000000000000000e+05 6.730710145996126638e-05 1.348453502005897463e-04 5.729125458470493834e-04
1.114000000000000000e+05 4.763528929411337768e-05 1.223508353610736283e-04 5.768476981915471270e-04
1.115000000000000000e+05 5.907374545255394179e-05 1.286293899609565429e-04 5.826937749599418260e-04
1.116000000000000000e+05 4.963514190004241107e-05 1.066343933326548404e-04 6.003186311419872728e-04
1.117000000000000000e+05 5.857269266043021397e-05 1.542077253304001893e-04 6.178283442286760076e-04
1.118000000000000000e+05 6.404726222004658489e-05 2.196897868828585855e-04 6.262223815052140935e-04
1.119000000000000000e+05 6.606674626966860687e-05 3.031354104328410921e-04 6.417979678992912548e-04
1.120000000000000000e+05 5.871074192136962154e-05 3.639571826001889148e-04 6.502379944464451280e-04
1.121000000000000000e+05 8.573603077905616373e-05 4.155092909519790849e-04 6.446742818377120508e-04
1.122000000000000000e+05 8.260360391342273702e-05 3.673362902055542570e-04 6.689161031711490096e-04
1.123000000000000000e+05 7.038063927641965631e-05 2.542769313666454851e-04 7.099509104028275518e-04
1.124000000000000000e+05 7.603918579481071076e-05 1.707240285170549560e-04 7.075806854930622412e-04
1.125000000000000000e+05 7.865434039951136290e-05 1.820797100947599322e-04 6.862076316186628468e-04
1.126000000000000000e+05 6.819718796912603402e-05 1.582149472361228182e-04 6.579969156892846987e-04
1.127000000000000000e+05 7.912159698872443629e-05 1.466101835579259466e-04 6.263204658086762248e-04
1.128000000000000000e+05 4.584884035547587885e-05 9.189343031577510128e-05 6.124884932769729872e-04
1.129000000000000000e+05 5.879941839329635815e-05 1.070777786545420128e-04 6.142564696532879214e-04
1.130000000000000000e+05 4.309296796344941165e-05 1.209580293063274416e-04 6.330039427974602567e-04
1.131000000000000000e+05 7.683604299581084460e-05 1.646495987919089623e-04 6.451765948123283157e-04
1.132000000000000000e+05 8.163350760028267091e-05 1.775067467685541300e-04 6.435220621544885831e-04
1.133000000000000000e+05 7.185830890420945131e-05 1.661674452041032347e-04 6.409810868309816353e-04
1.134000000000000000e+05 6.785835167104695143e-05 1.455986568332534072e-04 6.263158255880868367e-04
1.135000000000000000e+05 6.361785104464509968e-05 1.454979521266880045e-04 6.120205418329799710e-04
1.136000000000000000e+05 5.678649217408888658e-05 1.053683751641828125e-04 5.970840324169632155e-04
1.137000000000000000e+05 7.647210564111831237e-05 1.561762288967846139e-04 5.764931185246065497e-04
1.138000000000000000e+05 4.943222965151576435e-05 1.331470285725914679e-04 5.778554330991118610e-04
1.139000000000000000e+05 6.866910685124078938e-05 1.352594257864165282e-04 5.974311377891698780e-04
1.140000000000000000e+05 5.004282236033188308e-05 1.002250853249617331e-04 6.206370678659929368e-04
1.141000000000000000e+05 5.336084928435824368e-05 1.450332231737197714e-04 6.356172861498702881e-04
1.142000000000000000e+05 5.790236143085201927e-05 1.616755536621381764e-04 6.344427035569779032e-04
1.143000000000000000e+05 5.148301267473090210e-05 1.228828542527687223e-04 6.263235989176165917e-04
1.144000000000000000e+05 5.433788327886661124e-05 1.407930259923102518e-04 6.187833738287939036e-04
1.145000000000000000e+05 6.167833003810027116e-05 1.542520198385619046e-04 6.138304039567665793e-04
1.146000000000000000e+05 7.485101516332504177e-05 1.419391893214143373e-04 6.111219225669061762e-04
1.147000000000000000e+05 6.423893044320250992e-05 1.800925794841714460e-04 6.098061778772297190e-04
1.148000000000000000e+05 7.878822583843258197e-05 1.663985722313500882e-04 5.923188893596488492e-04
1.149000000000000000e+05 9.221474375465901112e-05 2.070850676180459554e-04 5.667380082356199842e-04
1.150000000000000000e+05 7.138468764605128587e-05 1.697131291717425767e-04 5.556994696633371861e-04
1.151000000000000000e+05 5.689592704893225213e-05 1.252913165013895807e-04 5.524639500666415686e-04
1.152000000000000000e+05 8.192770389287235087e-05 1.410450331241010257e-04 5.820327747038057855e-04
1.153000000000000000e+05 6.421796894305815181e-05 1.393670282060540788e-04 6.295464966833763188e-04
1.154000000000000000e+05 6.928666058398161298e-05 1.300196143720693757e-04 6.516316462155226710e-04
1.155000000000000000e+05 7.110107240099303345e-05 1.246480088586991372e-04 6.618542825096633640e-04
1.156000000000000000e+05 7.013055271168724437e-05 1.643763655046599987e-04 6.614183831632189153e-04
1.157000000000000000e+05 6.899866937361764322e-05 1.487739901385313254e-04 6.496602241223461537e-04
1.158000000000000000e+05 6.683917098707450356e-05 1.326130857308397033e-04 6.713479772108195149e-04
1.159000000000000000e+05 4.982668877615925671e-05 1.381823734872934329e-04 7.191278981445316893e-04
1.160000000000000000e+05 4.852960004927476308e-05 1.174885468883401802e-04 7.580514218704716449e-04
1.161000000000000000e+05 8.689558177162612709e-05 2.942466535770755587e-04 7.930788966668743346e-04
1.162000000000000000e+05 7.707949524106579280e-05 3.293502229476247267e-04 7.781873306583890785e-04
1.163000000000000000e+05 8.005476543200171994e-05 3.000418245109386052e-04 7.046545008805583628e-04
1.164000000000000000e+05 7.225877028117896807e-05 2.576267598921163022e-04 6.518978247877923408e-04
1.165000000000000000e+05 5.845982301787722851e-05 2.005177009147872478e-04 6.272974300548979105e-04
1.166000000000000000e+05 4.993981264683842319e-05 1.419723627081268544e-04 6.029823971923940545e-04
1.167000000000000000e+05 4.816984109043517988e-05 1.002390849753496873e-04 5.776556004986461946e-04
1.168000000000000000e+05 5.449142869573249479e-05 9.559241468639788006e-05 5.474380941267341025e-04
1.169000000000000000e+05 4.438387545361579482e-05 8.115613269670852743e-05 5.099601537814171283e-04
1.170000000000000000e+05 5.324936861085945118e-05 1.134255909280478198e-04 4.814851566056302400e-04
1.171000000000000000e+05 5.321686441856469550e-05 1.478347836494140312e-04 4.699893485446667908e-04
1.172000000000000000e+05 5.796556101988836014e-05 1.524090174994856902e-04 4.471109724903596372e-04
1.173000000000000000e+05 6.368962379599556363e-05 3.108643391494378058e-04 4.109403225270692262e-04
1.174000000000000000e+05 7.474343268712918065e-05 4.843169225007863611e-04 4.057085999598225579e-04
1.175000000000000000e+05 1.199430810834946955e-04 5.832773730170836852e-04 4.480735288278506006e-04
1.176000000000000000e+05 1.455183869235237367e-04 6.510747603788207471e-04 4.540291733097459484e-04
1.177000000000000000e+05 1.042453259678780583e-04 4.000780119121614704e-04 3.819649874581647060e-04
1.178000000000000000e+05 7.855689963221496714e-05 2.299090652486975690e-04 3.115435118801114403e-04
1.179000000000000000e+05 4.991675473973243679e-05 1.382068599204202555e-04 2.456981888214953636e-04
1.180000000000000000e+05 3.872104434166193142e-05 8.259586108967935554e-05 1.918028559698464666e-04
1.181000000000000000e+05 2.392472950591892616e-05 7.255120507445420746e-05 1.736348281021380887e-04
1.182000000000000000e+05 2.255199135531329156e-05 7.709400466075075277e-05 1.567926418358466770e-04
1.183000000000000000e+05 1.678788256848231337e-05 4.937276741834599383e-05 1.453522512793627012e-04
1.184000000000000000e+05 2.121756998372076829e-05 5.652044761571269158e-05 1.358563750650683129e-04
1.185000000000000000e+05 1.248765093523444294e-05 3.413335574094900722e-05 1.335091223340432033e-04
1.186000000000000000e+05 1.346491877052933433e-05 4.407035109892090880e-05 1.312115753856172456e-04
1.187000000000000000e+05 1.627097330516751917e-05 4.611498847517440621e-05 1.291538483525983365e-04
1.188000000000000000e+05 1.750102656140323080e-05 4.564128415667089594e-05 1.273646732386347175e-04
1.189000000000000000e+05 1.340945871002575365e-05 3.660171982420584052e-05 1.267422224976806535e-04
1.190000000000000000e+05 1.960646829926618827e-05 4.378315230623283573e-05 1.262648898514967240e-04
1.191000000000000000e+05 1.267833887958451236e-05 3.712572791075591672e-05 1.273000121946716548e-04
1.192000000000000000e+05 1.567285452709620030e-05 4.092067523760028471e-05 1.277134117368028301e-04
1.193000000000000000e+05 9.674003558358810389e-06 2.280618341374832580e-05 1.226829580862238978e-04
1.194000000000000000e+05 1.237108393615923222e-05 2.682207622725844127e-05 1.178167862324948925e-04
1.195000000000000000e+05 9.901620318584461629e-06 1.848504019328795780e-05 1.144968216380209491e-04
1.196000000000000000e+05 1.290593411217226918e-05 2.394440351642799418e-05 1.118243516367287463e-04
1.197000000000000000e+05 9.880171941337287291e-06 1.885715130520912431e-05 1.216182761498278583e-04
1.198000000000000000e+05 1.647772996765374488e-05 3.258104851671408909e-05 1.314932241493898548e-04
1.199000000000000000e+05 1.062618655994285784e-05 2.476744496280252695e-05 1.439855009003764182e-04
