9.000000000000000000e+04 7.713927899119688188e-04 1.560999938902719875e-03 2.930556924844467028e-03
9.010000000000000000e+04 6.103118104568961387e-04 1.452368258006645884e-03 2.703056557487418330e-03
9.020000000000000000e+04 5.195754007875953706e-04 1.372956746364209415e-03 2.574163896743895258e-03
9.030000000000000000e+04 8.634956636602852953e-04 2.310554773127480692e-03 3.042183754398269067e-03
9.040000000000000000e+04 1.172050570800523602e-03 3.188058799737804316e-03 3.567163464372612777e-03
9.050000000000000000e+04 1.345058191082674527e-03 3.275051500567422759e-03 4.228506443609435575e-03
9.060000000000000000e+04 1.177895623077147153e-03 2.754521671158124962e-03 4.423466795000088360e-03
9.070000000000000000e+04 1.150507528359360869e-03 3.722520440456488985e-03 3.991503391411502580e-03
9.080000000000000000e+04 1.011572110858723755e-03 3.281026888915517404e-03 3.418501913362825915e-03
9.090000000000000000e+04 6.644006312479140697e-04 1.549215409114691397e-03 2.733880434489664897e-03
9.100000000000000000e+04 4.100795316842650168e-04 7.974437474707143404e-04 2.375045046169448146e-03
9.110000000000000000e+04 1.432780711819719305e-04 4.601124179747411239e-04 2.151668528051464777e-03
9.120000000000000000e+04 7.782900680600645868e-05 2.969584764557797220e-04 2.085569566854942117e-03
9.130000000000000000e+04 7.440182094558449657e-05 1.921355479964728143e-04 2.051744606829398240e-03
9.140000000000000000e+04 6.810013901296626052e-05 1.335680889710867160e-04 2.163607770694533049e-03
9.150000000000000000e+04 1.011060613958043516e-04 2.685277075523567238e-04 2.284819498268698436e-03
9.160000000000000000e+04 1.845628782992667430e-04 4.297786520093623171e-04 2.439909169287426179e-03
9.170000000000000000e+04 2.196577021281961341e-04 6.179959994490505197e-04 2.638510589843849705e-03
9.180000000000000000e+04 5.580430551526309804e-04 1.363805760027677564e-03 2.981085208991089697e-03
9.190000000000000000e+04 8.165499929064122184e-04 1.995800290308083393e-03 3.497460393421550958e-03
9.200000000000000000e+04 1.012337937550619911e-03 2.581332365375843714e-03 4.239377387854714394e-03
9.210000000000000000e+04 1.051741981027475101e-03 2.326581349409123905e-03 4.678191317882648970e-03
9.220000000000000000e+04 9.175494093098344323e-04 2.151930956960508914e-03 4.857103242576162050e-03
9.230000000000000000e+04 6.308059781157419540e-04 1.724372629279416827e-03 4.963631364241116901e-03
9.240000000000000000e+04 2.886904242248959640e-04 7.904995141418871135e-04 5.037692236480140889e-03
9.250000000000000000e+04 1.260954714975620269e-04 3.922101441065171251e-04 5.028004315920170213e-03
9.260000000000000000e+04 1.600139749421813223e-04 2.797571817796653745e-04 5.007419976951861355e-03
9.270000000000000000e+04 1.353547810833072643e-04 2.520929157906947812e-04 4.859838477344867631e-03
9.280000000000000000e+04 1.914228362112895682e-04 4.294235604275853727e-04 4.727736459496473601e-03
9.290000000000000000e+04 2.022654663802383318e-04 5.562778961184216414e-04 4.730607659095017667e-03
9.300000000000000000e+04 2.089216735953365600e-04 4.993480903869411403e-04 4.699418508085395282e-03
9.310000000000000000e+04 1.472938059138423350e-04 4.078836254445480924e-04 4.592445795877927485e-03
9.320000000000000000e+04 1.043498098386164141e-04 3.467372892838310044e-04 4.481588463137418932e-03
9.330000000000000000e+04 3.644272844483178314e-04 5.794213725912019178e-04 4.392745003415131008e-03
9.340000000000000000e+04 3.765529430748947026e-04 6.368403287302371041e-04 4.415481233391589655e-03
9.350000000000000000e+04 2.510217645747938112e-04 5.356229979734568325e-04 4.500320994579332448e-03
9.360000000000000000e+04 3.084396297390558025e-04 5.264404616814911952e-04 4.636219460888556070e-03
9.370000000000000000e+04 3.989161450291848696e-04 6.501561554883858798e-04 4.775201500382068864e-03
9.380000000000000000e+04 1.534251537372958996e-04 2.952500363359181548e-04 4.904240141311774596e-03
9.390000000000000000e+04 5.151157453429878672e-04 7.215285707336547075e-04 5.025119633057084818e-03
9.400000000000000000e+04 1.841086530237233052e-04 3.244931064527696932e-04 4.913121044536495480e-03
9.410000000000000000e+04 3.147612437412105821e-04 4.894273183260189342e-04 4.823992666102438868e-03
9.420000000000000000e+04 3.923460483991406123e-04 7.345260533381785945e-04 4.917704627735860860e-03
9.430000000000000000e+04 3.975356912066310699e-04 7.222919852509310928e-04 4.929589591716025850e-03
9.440000000000000000e+04 2.547605087079825650e-04 4.436991354786834832e-04 4.779790696495048175e-03
9.450000000000000000e+04 1.147977871538818223e-04 2.743971908244586741e-04 4.641843929334289742e-03
9.460000000000000000e+04 2.503058369501265368e-04 5.645733559245637648e-04 4.491468544330998007e-03
9.470000000000000000e+04 1.122229003219146065e-04 3.135161425739376936e-04 4.401338235747159072e-03
9.480000000000000000e+04 2.848503865339928678e-04 4.987972115831611902e-04 4.355122364290331741e-03
9.490000000000000000e+04 2.482112099761492330e-04 3.745796792599623976e-04 4.245336366833813053e-03
9.500000000000000000e+04 8.825111708374386993e-05 2.814918324717764417e-04 4.130096314250127423e-03
9.510000000000000000e+04 1.577572288165270467e-04 3.608298286059208673e-04 4.310069077952818385e-03
9.520000000000000000e+04 2.290664121748905643e-04 5.550310560355009928e-04 4.537410912079737658e-03
9.530000000000000000e+04 2.541031512677486420e-04 4.279409604316187013e-04 4.733485200308111193e-03
9.540000000000000000e+04 4.454765964884777399e-04 7.430605577414227392e-04 4.925396024603225995e-03
9.550000000000000000e+04 2.005488905234041955e-04 3.587781710969132482e-04 5.014642919541648265e-03
9.560000000000000000e+04 2.114345256717629906e-04 3.179575981043097910e-04 4.991975056280460385e-03
9.570000000000000000e+04 1.340836536339673826e-04 2.842153034804690420e-04 4.844239338572036910e-03
9.580000000000000000e+04 1.718312838409653820e-04 3.856623408255181393e-04 4.813909651352409405e-03
9.590000000000000000e+04 2.434188179825163764e-04 5.113778975514085556e-04 4.871904983948301127e-03
9.600000000000000000e+04 3.099120924436836455e-04 5.626772324418358867e-04 4.950178308600861402e-03
9.610000000000000000e+04 1.785107161116124969e-04 3.773660469564505196e-04 5.050002113301550917e-03
9.620000000000000000e+04 1.756778850320181093e-04 3.163140888035086487e-04 4.996272160004477068e-03
9.630000000000000000e+04 5.953010944147966305e-04 1.208610529142075361e-03 4.954387815325698649e-03
9.640000000000000000e+04 6.933192562633330031e-04 1.215758543497212456e-03 5.267620201377538544e-03
9.650000000000000000e+04 7.598565970597364466e-04 1.213830182803953342e-03 5.595430873547824549e-03
9.660000000000000000e+04 3.671902141696142124e-04 7.126618883971586396e-04 5.666697893582232567e-03
9.670000000000000000e+04 1.390939110032084897e-04 3.436423852603513046e-04 5.577944496149433648e-03
9.680000000000000000e+04 3.143685365526519004e-04 5.710988419895248955e-04 5.244609640749639881e-03
9.690000000000000000e+04 3.283443383549945749e-04 5.973497657602612476e-04 4.940171491292675091e-03
9.700000000000000000e+04 1.249324869916400640e-04 2.209624227694330714e-04 4.732435726129816111e-03
9.710000000000000000e+04 1.142075565090418243e-04 2.876211288083884918e-04 4.643756854651973076e-03
9.720000000000000000e+04 2.595606321025498153e-04 4.874268082977733368e-04 4.727056091064689089e-03
9.730000000000000000e+04 2.283718352760009257e-04 4.486590604814546038e-04 4.801500306237425388e-03
9.740000000000000000e+04 1.815197330050739508e-04 3.388491966293573354e-04 4.786875214613457545e-03
9.750000000000000000e+04 2.443040694124704384e-04 4.102556563369596024e-04 4.801858832616954544e-03
9.760000000000000000e+04 1.440889892172971670e-04 3.545044924509188622e-04 4.897030245981638837e-03
9.770000000000000000e+04 2.987215986414082022e-04 6.597357087706548495e-04 5.037081331888527622e-03
9.780000000000000000e+04 3.432714744671600329e-04 9.941784723230236501e-04 5.116285169821970652e-03
9.790000000000000000e+04 3.547439211169277698e-04 5.877347964229548416e-04 5.156485314117822613e-03
9.800000000000000000e+04 2.591981195879640779e-04 4.064421245726151585e-04 5.185689053960473513e-03
9.810000000000000000e+04 2.732737084266620431e-04 5.033636011148060960e-04 5.149294237376013383e-03
9.820000000000000000e+04 3.915133195179984482e-04 7.436373211963179242e-04 5.151580092272484146e-03
9.830000000000000000e+04 1.597352996588414023e-04 3.431954841272878698e-04 5.120452891890707285e-03
9.840000000000000000e+04 2.657367963360603852e-04 4.279660283927214440e-04 5.083790551186396361e-03
9.850000000000000000e+04 2.006822901070206416e-04 3.971769374422045445e-04 5.134711275912312231e-03
9.860000000000000000e+04 9.716210362809354906e-05 2.376791861938166300e-04 5.233161089666129619e-03
9.870000000000000000e+04 1.649373984133574098e-04 3.119067158148221622e-04 5.284393288956723209e-03
9.880000000000000000e+04 1.510535960159839139e-04 4.135744025069217761e-04 5.402031877932113139e-03
9.890000000000000000e+04 3.002136909539751541e-04 6.933126532681537293e-04 5.603188195658799324e-03
9.900000000000000000e+04 2.497604471921131136e-04 5.683243890087751049e-04 5.688923785868245722e-03
9.910000000000000000e+04 1.402718051481703296e-04 3.905608228090239054e-04 5.746016811333919810e-03
9.920000000000000000e+04 1.847832905020729138e-04 4.009760140101705644e-04 5.896565604543076503e-03
9.930000000000000000e+04 2.895883629541219639e-04 4.886113287618284312e-04 6.013371486344942611e-03
9.940000000000000000e+04 3.794225642982278560e-04 7.651298978881924256e-04 6.032524158857199142e-03
9.950000000000000000e+04 4.719413386320607876e-04 8.421431547716686297e-04 6.037701530247955271e-03
9.960000000000000000e+04 1.817552710870855293e-04 3.489042202730460382e-04 6.073940859315811111e-03
9.970000000000000000e+04 2.452294972809434398e-04 4.137181530838567739e-04 6.013472875629147923e-03
9.980000000000000000e+04 3.650617965041810450e-04 7.178853959457645942e-04 5.847393832121341659e-03
9.990000000000000000e+04 2.620110852003133123e-04 5.070868468288964107e-04 5.875994673354826593e-03
1.000000000000000000e+05 2.725812216849698988e-04 7.811744309435429343e-04 5.984373220350011104e-03
1.001000000000000000e+05 4.050907714712101426e-04 7.190372382349799821e-04 6.094424018331444197e-03
1.002000000000000000e+05 3.989048441958012101e-04 8.328629338485073891e-04 6.250306145986248008e-03
1.003000000000000000e+05 2.595528761666337364e-04 5.191625659767907033e-04 6.314592574203428677e-03
1.004000000000000000e+05 2.944586051099075397e-04 5.422385733403504646e-04 6.331302223681084529e-03
1.005000000000000000e+05 1.922909028898899322e-04 3.531806095675724469e-04 6.323373569598121462e-03
1.006000000000000000e+05 3.464866025100973856e-04 4.753694804630961834e-04 6.254171073372762069e-03
1.007000000000000000e+05 2.135303002589548221e-04 4.841991610302388838e-04 6.150224746076553978e-03
1.008000000000000000e+05 2.993277664646958047e-04 6.897709518534069981e-04 6.141360750668556183e-03
1.009000000000000000e+05 2.156466908148513967e-04 5.682113351414717559e-04 6.295599534916350611e-03
1.010000000000000000e+05 6.706346079235567942e-05 1.773394198207444566e-04 6.404307764914215009e-03
1.011000000000000000e+05 1.590992342518195504e-04 3.860236685238873852e-04 6.433330284551700903e-03
1.012000000000000000e+05 2.519585433179748549e-04 4.474645247201508580e-04 6.461491978390196747e-03
1.013000000000000000e+05 4.419058177926177278e-04 8.425321456930487743e-04 6.460124301926666208e-03
1.014000000000000000e+05 1.269312742256537355e-04 2.932202295655760363e-04 6.437350218848456387e-03
1.015000000000000000e+05 5.162090086804835276e-04 9.431343424509954984e-04 6.494265433544596858e-03
1.016000000000000000e+05 4.450863308056891843e-04 8.173587550730420856e-04 6.510596883374811239e-03
1.017000000000000000e+05 4.198604801179872323e-04 1.015259510204351984e-03 6.468213370910557911e-03
1.018000000000000000e+05 3.868410771443149890e-04 9.100527123277295238e-04 6.472755925220599962e-03
1.019000000000000000e+05 5.068379675893753752e-04 1.076983915704364005e-03 6.545952871150157067e-03
1.020000000000000000e+05 3.359376064380765331e-04 7.587874689313168705e-04 6.559538197419662389e-03
1.021000000000000000e+05 2.187538476155007072e-04 4.324402426554513693e-04 6.522981937975467007e-03
1.022000000000000000e+05 4.177920876484936610e-04 7.596201256168493010e-04 6.596847572082760805e-03
1.023000000000000000e+05 4.679253595289986981e-04 1.010012551582208963e-03 6.529682289508766113e-03
1.024000000000000000e+05 2.045328274423389298e-04 4.465067093569188503e-04 6.286761357173986653e-03
1.025000000000000000e+05 2.119266125679931598e-04 4.390568430091192770e-04 6.204150028521464126e-03
1.026000000000000000e+05 4.999131652347289442e-04 7.243106007295864457e-04 6.312268066419655585e-03
1.027000000000000000e+05 3.683521102791119731e-04 5.150568194694817026e-04 6.461465564729896964e-03
1.028000000000000000e+05 2.170829202064383442e-04 4.737325337170065001e-04 6.532642648716042652e-03
1.029000000000000000e+05 2.991456977516774099e-04 5.103668414906514100e-04 6.578413720125702961e-03
1.030000000000000000e+05 1.555815322758476518e-04 3.343246184874665294e-04 6.551825060396379574e-03
1.031000000000000000e+05 1.834281692623734514e-04 3.156670600791538356e-04 6.401096390183019791e-03
1.032000000000000000e+05 2.589727954958320755e-04 4.692388461005978645e-04 6.293786418533226304e-03
1.033000000000000000e+05 1.380234847833854486e-04 3.902533688515440538e-04 6.296453171469880428e-03
1.034000000000000000e+05 2.209063391498261586e-04 4.253305946876262053e-04 6.210091995892540358e-03
1.035000000000000000e+05 3.261666747571200994e-04 6.185277066234695989e-04 5.999678254759644412e-03
1.036000000000000000e+05 2.462413334336395476e-04 4.210493348840533764e-04 6.070155397938449375e-03
1.037000000000000000e+05 3.700857348917499165e-04 8.010711240894110435e-04 6.431202577184813411e-03
1.038000000000000000e+05 1.816840424458772071e-04 4.668255477291273839e-04 6.645495042174036360e-03
1.039000000000000000e+05 1.886079068855297039e-04 4.146453200720573440e-04 6.586930141257558990e-03
1.040000000000000000e+05 1.234102231197310370e-04 4.294465416609287781e-04 6.350853788545207483e-03
1.041000000000000000e+05 3.523369665169714601e-04 5.764873126348586327e-04 6.234793314373615440e-03
1.042000000000000000e+05 3.663856839720138966e-04 7.901017492161184833e-04 6.233844465571633867e-03
1.043000000000000000e+05 2.871398126210473328e-04 8.688151132590056849e-04 6.173185655211236265e-03
1.044000000000000000e+05 3.831649346002349507e-04 6.633708231360713886e-04 6.104425480901128943e-03
1.045000000000000000e+05 3.953297078406721801e-04 6.396032688328430124e-04 6.189169830801291919e-03
1.046000000000000000e+05 2.839101468965158498e-04 6.025813785836163158e-04 6.340221744876027229e-03
1.047000000000000000e+05 4.604304768678043128e-04 8.539881405541871820e-04 6.436283228902594036e-03
1.048000000000000000e+05 3.481609756397201910e-04 9.059846185811206570e-04 6.630919724451729384e-03
1.049000000000000000e+05 3.034240934995250175e-04 1.076280523624563619e-03 6.823246446757276831e-03
1.050000000000000000e+05 3.520787151548880264e-04 6.736639260701742307e-04 6.774331487439682123e-03
1.051000000000000000e+05 2.987039828115387388e-04 5.686975385626744442e-04 6.663089555533956154e-03
1.052000000000000000e+05 3.332403811171363861e-04 5.228730972491662729e-04 6.648445559786835164e-03
1.053000000000000000e+05 3.364793249664268029e-04 6.415500129933792220e-04 6.652453241263936792e-03
1.054000000000000000e+05 3.734188059311364244e-04 8.633239178025267288e-04 6.644211441653660385e-03
1.055000000000000000e+05 4.101445792345252347e-04 1.191991022922936003e-03 6.655244775583660059e-03
1.056000000000000000e+05 5.146677934780383851e-04 1.713176422343729716e-03 6.733983164606480165e-03
1.057000000000000000e+05 6.870916482024352206e-04 1.813805453600460943e-03 6.719839170074716483e-03
1.058000000000000000e+05 6.082476283863682415e-04 1.154674825775575155e-03 6.579998532230214858e-03
1.059000000000000000e+05 4.539221940291623611e-04 8.100991653757598498e-04 6.451006701313650830e-03
1.060000000000000000e+05 2.806589044356266882e-04 5.801278112318990904e-04 6.374078065293683690e-03
1.061000000000000000e+05 4.934496502805169049e-04 1.003616872610663992e-03 6.391232857624665024e-03
1.062000000000000000e+05 7.357646617738074907e-04 1.366074376050057521e-03 6.610205264724877509e-03
1.063000000000000000e+05 9.823879190797250166e-04 1.812471480918253532e-03 6.900781765632012579e-03
1.064000000000000000e+05 4.460050237681100621e-04 1.698930168735254473e-03 6.960296048162997393e-03
1.065000000000000000e+05 6.376370874640905836e-04 1.454005796640778052e-03 6.818237171933527740e-03
1.066000000000000000e+05 3.913286044987494827e-04 7.341466689685183580e-04 6.825102960073023244e-03
1.067000000000000000e+05 4.378603280018851865e-04 9.718526759723896541e-04 6.873107651036649765e-03
1.068000000000000000e+05 1.858032834670267711e-04 5.006074817777064062e-04 6.856186841556230309e-03
1.069000000000000000e+05 2.650319191265758378e-04 6.248371239196085641e-04 6.896508359624155086e-03
1.070000000000000000e+05 5.143937961760176175e-04 9.072685516877962777e-04 6.874165680194719782e-03
1.071000000000000000e+05 4.076454259525777793e-04 6.809243840794421479e-04 6.907513999629699870e-03
1.072000000000000000e+05 1.107450952597920091e-04 2.466206898512545917e-04 7.076756785664791057e-03
1.073000000000000000e+05 1.146857822903737598e-04 2.699920207935345776e-04 7.177730739590007514e-03
1.074000000000000000e+05 3.142944133995503875e-04 5.457869931508423089e-04 7.270737816575856619e-03
1.075000000000000000e+05 1.714745428569499491e-04 7.739763662894076635e-04 7.373773901259777011e-03
1.076000000000000000e+05 4.528841461848990071e-04 8.463699313704846697e-04 7.349721250530549463e-03
1.077000000000000000e+05 3.837533286499585083e-04 6.182487278689249161e-04 7.276501886526063820e-03
1.078000000000000000e+05 1.987273895815988567e-04 4.430842668160100972e-04 7.172895204550312764e-03
1.079000000000000000e+05 2.922666087199878374e-04 5.860009768809603878e-04 7.061130016367944857e-03
1.080000000000000000e+05 3.260198934028242512e-04 6.007767166505001422e-04 7.107210409742300075e-03
1.081000000000000000e+05 3.028839413684357787e-04 6.054619644443107185e-04 7.110844696950907422e-03
1.082000000000000000e+05 3.045071694109625568e-04 5.382232433718912162e-04 7.021700257024721462e-03
1.083000000000000000e+05 3.803788887429002466e-04 5.974649556282300017e-04 7.061161283302805521e-03
1.084000000000000000e+05 2.058887105962602104e-04 2.982638806149654973e-04 7.109032523079070014e-03
1.085000000000000000e+05 3.745956374929448537e-04 7.037207246994321014e-04 7.039410225677446634e-03
1.086000000000000000e+05 3.084503669584419752e-04 5.678250379473814488e-04 7.065016286119676914e-03
1.087000000000000000e+05 1.633991426789873844e-04 2.849229686133188458e-04 7.086734700833971501e-03
1.088000000000000000e+05 2.239448940883079567e-04 5.161387983057524192e-04 7.060718855509809377e-03
1.089000000000000000e+05 2.505147795508798694e-04 6.209678034913880540e-04 7.127400107010949462e-03
1.090000000000000000e+05 4.197781175315625987e-04 8.264178143351811820e-04 7.252899358208242733e-03
1.091000000000000000e+05 2.723787491249411025e-04 6.251837483493300623e-04 7.340465766845089175e-03
1.092000000000000000e+05 1.958305295224841563e-04 3.053559661560633492e-04 7.376621663188098928e-03
1.093000000000000000e+05 2.971439463253840868e-04 5.314060282244044767e-04 7.467259177996991674e-03
1.094000000000000000e+05 3.933532756439451009e-04 7.594899742388886918e-04 7.576598145664229303e-03
1.095000000000000000e+05 2.912939953636445659e-04 5.562749351924337407e-04 7.522286681052417143e-03
1.096000000000000000e+05 3.401177533699601893e-04 5.150245424638752456e-04 7.423966440961704376e-03
1.097000000000000000e+05 1.832931386069299243e-04 3.617232664158056415e-04 7.349159677676920729e-03
1.098000000000000000e+05 1.501587882028520074e-04 3.268866177678509538e-04 7.281720136030361661e-03
1.099000000000000000e+05 3.935571182950977839e-04 8.258096532239847173e-04 7.178846111944435504e-03
1.100000000000000000e+05 6.088462595715115472e-04 1.089653096153980066e-03 7.039236304414329612e-03
1.101000000000000000e+05 4.664349831182074482e-04 7.434723428735032572e-04 7.060069105489681640e-03
1.102000000000000000e+05 5.816605614163443058e-04 7.704757632912666299e-04 7.039154286279596107e-03
1.103000000000000000e+05 1.651120243593724030e-04 4.131725930629449525e-04 6.958763654597699584e-03
1.104000000000000000e+05 3.463099218570407298e-04 5.933858135297809602e-04 6.908176576142809056e-03
1.105000000000000000e+05 2.893882151469339206e-04 5.021038988027590536e-04 6.818702113421888471e-03
1.106000000000000000e+05 2.129682575028810088e-04 4.197590128471708273e-04 6.821624249155329271e-03
1.107000000000000000e+05 1.346402072330138422e-04 3.156432732835667831e-04 6.895233180711413459e-03
1.108000000000000000e+05 4.436903771651767511e-04 8.182931126681971395e-04 6.785207419516476809e-03
1.109000000000000000e+05 5.970848869940158926e-04 1.107822387361462844e-03 6.642350687450537458e-03
1.110000000000000000e+05 3.252067498952853838e-04 5.707690764425663033e-04 6.618893754272203549e-03
1.111000000000000000e+05 2.540671445831034839e-04 5.479799146567466972e-04 6.578888625884039658e-03
1.112000000000000000e+05 1.655468084713219296e-04 3.245969134680103466e-04 6.634462608390886973e-03
1.113000000000000000e+05 7.082531095350345224e-05 1.440361648946120177e-04 6.689138715097758640e-03
1.114000000000000000e+05 1.857872726349759848e-04 5.888913420906242979e-04 6.767996055007527260e-03
1.115000000000000000e+05 2.583080411894811412e-04 8.801992267375964921e-04 6.897075288767729254e-03
1.116000000000000000e+05 2.283609179536873895e-04 5.366771757767552914e-04 6.998732911545804680e-03
1.117000000000000000e+05 1.421307899304507724e-04 3.138006636256920889e-04 7.138579608241333967e-03
1.118000000000000000e+05 2.349178441132830295e-04 7.378807279646336717e-04 7.238233789592434138e-03
1.119000000000000000e+05 3.707114293315825690e-04 6.982215962319160071e-04 7.250541542673141771e-03
1.120000000000000000e+05 6.334885109331445108e-04 1.057695248748204316e-03 7.266159529421738553e-03
1.121000000000000000e+05 4.664012103090956277e-04 8.733964606069703415e-04 7.231528763375944142e-03
1.122000000000000000e+05 3.855569509416340371e-04 7.548497244725151101e-04 7.174424232864379247e-03
1.123000000000000000e+05 3.955793462702616656e-04 6.957780132855031011e-04 7.167138013296811550e-03
1.124000000000000000e+05 4.352317949128364089e-04 6.264932195350295802e-04 7.200966951520382069e-03
1.125000000000000000e+05 2.217247598187083515e-04 5.011058385589973671e-04 7.179139848700307261e-03
1.126000000000000000e+05 1.950207365448508937e-04 5.811953333325851206e-04 7.145890568136840752e-03
1.127000000000000000e+05 3.584766941450504008e-04 7.406040034335023559e-04 7.124244028397787656e-03
1.128000000000000000e+05 4.333295220836520106e-04 8.061309409214236291e-04 7.121001110732419828e-03
1.129000000000000000e+05 2.047199159091097481e-04 5.379411929178519458e-04 7.154453426051712861e-03
1.130000000000000000e+05 3.343880429621222741e-04 5.905790008416782200e-04 7.204075124650745343e-03
1.131000000000000000e+05 2.315662431918302788e-04 3.770208711215321598e-04 7.294599133921869823e-03
1.132000000000000000e+05 1.495217647666437916e-04 2.913647812099774692e-04 7.329536891816187949e-03
1.133000000000000000e+05 3.332023915517011090e-04 6.444459746935181713e-04 7.274657940167443375e-03
1.134000000000000000e+05 4.223009255568616407e-04 5.783424229715856263e-04 7.266593387233960186e-03
1.135000000000000000e+05 4.558351974807989954e-04 7.227215091778465411e-04 7.323382632145119045e-03
1.136000000000000000e+05 3.912610817283779241e-04 5.352667703061621263e-04 7.299058882746040089e-03
1.137000000000000000e+05 2.489387487788711356e-04 3.665192521225225583e-04 7.200849505551265399e-03
1.138000000000000000e+05 2.424634150805723976e-04 4.080645648444763962e-04 7.090105675643017420e-03
1.139000000000000000e+05 3.333069440298042085e-04 5.366401424959903882e-04 7.058084159873195471e-03
1.140000000000000000e+05 2.089003444424473652e-04 4.747382187421820762e-04 7.159438972996914549e-03
1.141000000000000000e+05 3.065326006517305954e-04 6.532857690487239855e-04 7.303411256043572733e-03
1.142000000000000000e+05 3.300939576397869668e-04 6.733914533372381550e-04 7.420741830986876328e-03
1.143000000000000000e+05 2.752866046241931805e-04 5.061732707689935509e-04 7.376491603535812250e-03
1.144000000000000000e+05 5.935694453049018479e-04 1.010846575090082466e-03 7.328802456589152484e-03
1.145000000000000000e+05 3.269305257656849109e-04 6.135428755419712957e-04 7.403756490180858629e-03
1.146000000000000000e+05 5.360138787754500922e-04 8.708932315249010014e-04 7.415054982709505700e-03
1.147000000000000000e+05 3.812709370097071976e-04 7.092050496551706787e-04 7.340423327807502063e-03
1.148000000000000000e+05 4.474697319684162525e-04 7.404835166819343298e-04 7.344124828119092015e-03
1.149000000000000000e+05 2.060981487567083853e-04 4.163204879751736948e-04 7.423452482158682426e-03
1.150000000000000000e+05 5.108737845354186305e-04 8.045636924224643105e-04 7.492468466550260622e-03
1.151000000000000000e+05 4.362462102809683620e-04 6.578250850389089771e-04 7.411611572297771913e-03
1.152000000000000000e+05 4.075482176236029305e-04 8.837315619199129571e-04 7.407642610161836727e-03
1.153000000000000000e+05 6.618139220214850141e-04 1.621929931695200409e-03 7.564220023324177630e-03
1.154000000000000000e+05 7.550441981508107178e-04 1.487922193816246935e-03 7.501457799045510751e-03
1.155000000000000000e+05 4.082805207964784397e-04 8.955986722761983057e-04 7.301212640145030366e-03
1.156000000000000000e+05 3.227307595769545248e-04 6.409550942383501065e-04 7.326614667904930538e-03
1.157000000000000000e+05 3.768934453501314452e-04 7.186177529460565858e-04 7.456888470834930130e-03
1.158000000000000000e+05 2.588105017021814780e-04 6.032805366985999340e-04 7.389768797041893107e-03
1.159000000000000000e+05 3.239470158564704272e-04 6.150008788440818053e-04 7.273254814347876289e-03
1.160000000000000000e+05 3.928301742678998523e-04 7.093719165737755183e-04 7.356506823934104607e-03
1.161000000000000000e+05 4.442743833119157729e-04 8.300112053296372638e-04 7.441362927070681484e-03
1.162000000000000000e+05 4.073395298562279554e-04 8.045585948697770579e-04 7.446106857056664433e-03
1.163000000000000000e+05 3.466143787016762179e-04 7.148579121247222723e-04 7.453480635341638849e-03
1.164000000000000000e+05 2.169182099880677048e-04 4.658526955480862472e-04 7.461763796051318343e-03
1.165000000000000000e+05 3.246550947950078633e-04 5.681201610729250465e-04 7.404057267704634848e-03
1.166000000000000000e+05 3.077933005117203247e-04 5.394808180898356259e-04 7.248317784801626244e-03
1.167000000000000000e+05 3.999049729565473318e-04 6.717349383499405038e-04 7.113064187049783320e-03
1.168000000000000000e+05 3.603791060826635681e-04 5.792978633519987181e-04 6.961036261616396388e-03
1.169000000000000000e+05 2.446329994208237130e-04 4.756631216642154616e-04 6.757758515836329374e-03
1.170000000000000000e+05 5.074972337503792785e-04 9.580388922515135908e-04 6.518725690257369879e-03
1.171000000000000000e+05 8.344188461662680953e-04 1.464465991072911970e-03 6.165291660706316741e-03
1.172000000000000000e+05 1.137653654280578255e-03 1.992625016087714099e-03 5.731078460853186035e-03
1.173000000000000000e+05 9.084072630483148655e-04 1.689455991929982026e-03 5.366369631315421121e-03
1.174000000000000000e+05 5.732464424364966393e-04 1.242778667259760404e-03 5.067742249444336794e-03
1.175000000000000000e+05 3.986760498156816795e-04 6.597693803521292866e-04 4.849609655984223923e-03
1.176000000000000000e+05 5.668069896080599884e-04 1.334912719406404838e-03 4.728290234998962574e-03
1.177000000000000000e+05 1.046053709376489321e-03 2.236763108256267351e-03 4.785492237408459776e-03
1.178000000000000000e+05 1.527113304287784721e-03 3.334409827943229151e-03 4.817533132288493239e-03
1.179000000000000000e+05 2.107069019916463920e-03 3.986913623348480387e-03 4.854061208532736878e-03
1.180000000000000000e+05 2.091596165605815339e-03 4.329309965463929225e-03 4.424406865937548748e-03
1.181000000000000000e+05 1.332983538702052842e-03 3.284345942422310042e-03 3.471331207619074519e-03
1.182000000000000000e+05 7.751139436501799321e-04 2.261150953219147677e-03 2.696500321336605874e-03
1.183000000000000000e+05 3.893020667145423181e-04 1.311927598775790510e-03 2.019333711227547234e-03
1.184000000000000000e+05 1.885190238452890809e-04 6.764088197737971094e-04 1.695923933041803330e-03
1.185000000000000000e+05 4.667298191902069168e-05 1.014934925695030066e-04 1.518221206882508457e-03
1.186000000000000000e+05 6.779893805807500097e-05 1.433701543044601373e-04 1.440308089237784649e-03
1.187000000000000000e+05 1.225464523583554878e-04 2.140298760320673288e-04 1.377291349683290892e-03
1.188000000000000000e+05 4.599382678081029643e-05 1.027167070487740048e-04 1.395613315646695388e-03
1.189000000000000000e+05 1.157165024391261943e-04 3.262508229949078343e-04 1.429344467882018212e-03
1.190000000000000000e+05 2.407172772305671629e-04 4.764253585514185291e-04 1.545974361681845804e-03
1.191000000000000000e+05 3.556825749112674240e-04 6.741071798193527288e-04 1.656657872326464716e-03
1.192000000000000000e+05 3.034903122591074698e-04 8.262267420847567087e-04 1.757032390726375251e-03
1.193000000000000000e+05 2.684028136615190709e-04 6.094961151689648124e-04 1.759515572435120479e-03
1.194000000000000000e+05 2.981354841703482816e-04 1.090280397605400972e-03 1.636317651043684655e-03
1.195000000000000000e+05 2.608275881940413671e-04 8.877437003377433924e-04 1.473044183251062287e-03
1.196000000000000000e+05 2.306004102051617977e-04 5.087352364535994986e-04 1.278014486414230785e-03
1.197000000000000000e+05 2.430277598550877483e-04 6.723449004441646101e-04 1.342913165153640162e-03
1.198000000000000000e+05 4.376740822383579262e-04 8.712631424412260739e-04 1.510510496096946573e-03
1.199000000000000000e+05 5.431131582606313953e-04 8.902443778323035264e-04 1.851545641004576689e-03
