9.000000000000000000e+04 1.912624233039894486e-05 3.855241988706708438e-05 1.931841820720703372e-04
9.010000000000000000e+04 1.549063582496825343e-05 2.798233963503910459e-05 1.921939978477025862e-04
9.020000000000000000e+04 1.896699071507240621e-05 3.879662780932087310e-05 1.912038136233350249e-04
9.030000000000000000e+04 1.512965915426316469e-05 3.229161295626324017e-05 1.946409539896067596e-04
9.040000000000000000e+04 1.384266603859801996e-05 5.204431701285358158e-05 1.984282639660553177e-04
9.050000000000000000e+04 1.131817083356676402e-05 3.798376553656049944e-05 2.042389402882226960e-04
9.060000000000000000e+04 1.876534178195913985e-05 3.536408398293632341e-05 2.104162739752430723e-04
9.070000000000000000e+04 1.638369065817051550e-05 3.268649419000785013e-05 2.081110039045439247e-04
9.080000000000000000e+04 1.744290316218566426e-05 4.062069038946090568e-05 2.033912413703987433e-04
9.090000000000000000e+04 1.565158458811653796e-05 3.507977426138556313e-05 1.982092921206248621e-04
9.100000000000000000e+04 1.617183669827516272e-05 4.556223840002831052e-05 1.928986341093986653e-04
9.110000000000000000e+04 1.250751346612081192e-05 4.237298690689281721e-05 1.951368047268861713e-04
9.120000000000000000e+04 1.522418426764477807e-05 3.709587146591327702e-05 2.017181698584288722e-04
9.130000000000000000e+04 1.458696959496291116e-05 3.620317795999779069e-05 2.086146788048369438e-04
9.140000000000000000e+04 1.686278798931738080e-05 3.549607484336540580e-05 2.155538618396437602e-04
9.150000000000000000e+04 1.435156783542021670e-05 3.553376344133919945e-05 2.325285748004702355e-04
9.160000000000000000e+04 2.074655545038705477e-05 4.900006202300836392e-05 2.603649978008460873e-04
9.170000000000000000e+04 2.326161932277980710e-05 4.950467791354741997e-05 2.906573388706535353e-04
9.180000000000000000e+04 2.406293644366847310e-05 4.646952192921040021e-05 3.235565103816394751e-04
9.190000000000000000e+04 2.759504873705014450e-05 5.440901257090248987e-05 3.499646119316908379e-04
9.200000000000000000e+04 3.202567554873514888e-05 8.125163077424632377e-05 3.651379555714295171e-04
9.210000000000000000e+04 3.552796318214226663e-05 1.240352966499495466e-04 3.899167024904623110e-04
9.220000000000000000e+04 2.990734505477530376e-05 1.328888317136143809e-04 4.390085346456282342e-04
9.230000000000000000e+04 4.127344697804955333e-05 1.640701725872397397e-04 4.755650666877721711e-04
9.240000000000000000e+04 3.197448918200375845e-05 1.456434039443702368e-04 4.619282906363112546e-04
9.250000000000000000e+04 4.922413984424778288e-05 1.535377108883006223e-04 4.485190474563401607e-04
9.260000000000000000e+04 2.650960294504867924e-05 9.330710133256142104e-05 4.375814002219529470e-04
9.270000000000000000e+04 3.432084767588159226e-05 6.866093203249134299e-05 4.270977763651518343e-04
9.280000000000000000e+04 3.427000316379424103e-05 5.966524263753542187e-05 4.243432107849483465e-04
9.290000000000000000e+04 5.271639044536989820e-05 9.547039237615539010e-05 4.222764797410834682e-04
9.300000000000000000e+04 3.335972468697476646e-05 6.341010633236041517e-05 4.246356056208896220e-04
9.310000000000000000e+04 4.045548975816978809e-05 7.737758874223221338e-05 4.267156991063434908e-04
9.320000000000000000e+04 3.471031376943618536e-05 6.668152671408615877e-05 4.273771154440328575e-04
9.330000000000000000e+04 3.739238111872709644e-05 7.367553446069167490e-05 4.283828294023517497e-04
9.340000000000000000e+04 3.269508837410410726e-05 6.440624254113418287e-05 4.306031256062507122e-04
9.350000000000000000e+04 3.166429419572945082e-05 6.877830143775222555e-05 4.328253244015561451e-04
9.360000000000000000e+04 3.148182658446871049e-05 7.704671128736488442e-05 4.300297412711602974e-04
9.370000000000000000e+04 3.701880732889572872e-05 8.785259216083205923e-05 4.265379088942718015e-04
9.380000000000000000e+04 3.060851599641026136e-05 7.833052321546540983e-05 4.280676134804231115e-04
9.390000000000000000e+04 4.355140157532715354e-05 8.899410119803753466e-05 4.313015773836152938e-04
9.400000000000000000e+04 3.772126380330369190e-05 8.107197519122524062e-05 4.368180995514010356e-04
9.410000000000000000e+04 3.859183739230424457e-05 9.615425327414562186e-05 4.431727033821584311e-04
9.420000000000000000e+04 3.137913376262765506e-05 8.654273337430561878e-05 4.437407153402566783e-04
9.430000000000000000e+04 2.832032118214964245e-05 6.978865295886036487e-05 4.387482886282777260e-04
9.440000000000000000e+04 2.766438994636946343e-05 5.979897646920682899e-05 4.346068425819382816e-04
9.450000000000000000e+04 2.247038091281937334e-05 5.580902284876653298e-05 4.326538382715473027e-04
9.460000000000000000e+04 2.562885811780276019e-05 5.921410922779069084e-05 4.303379414980737679e-04
9.470000000000000000e+04 2.478584908696261939e-05 4.631165649916270128e-05 4.272498745942362682e-04
9.480000000000000000e+04 2.211570367643755442e-05 5.373040855340902857e-05 4.249443982743652723e-04
9.490000000000000000e+04 2.191124341375426865e-05 4.631512032207338314e-05 4.240827877232304990e-04
9.500000000000000000e+04 2.725373661643996871e-05 5.656333321655025248e-05 4.244107530933532600e-04
9.510000000000000000e+04 2.663817195549004688e-05 4.899063767900720383e-05 4.286265513715347862e-04
9.520000000000000000e+04 3.496020779939612967e-05 9.050537342916573818e-05 4.332296981882621236e-04
9.530000000000000000e+04 3.171808449738990326e-05 1.443272391037703955e-04 4.399388456467192773e-04
9.540000000000000000e+04 4.329194666780777261e-05 1.971733076236752082e-04 4.467840588323784053e-04
9.550000000000000000e+04 3.626648264752147183e-05 1.719321982671839950e-04 4.531035422540525344e-04
9.560000000000000000e+04 3.737496268524305746e-05 1.528531373320144078e-04 4.587233116557726600e-04
9.570000000000000000e+04 3.521824930566340786e-05 1.201098049816659314e-04 4.580445987013690877e-04
9.580000000000000000e+04 4.478564170025677331e-05 9.972375331044019790e-05 4.566772016383234480e-04
9.590000000000000000e+04 3.295849063239097553e-05 7.779178799312486733e-05 4.561395699429400021e-04
9.600000000000000000e+04 4.610386573860458673e-05 1.090799330401913772e-04 4.557684180693214078e-04
9.610000000000000000e+04 2.891424965184016338e-05 6.743929337374579081e-05 4.585351148177786978e-04
9.620000000000000000e+04 5.107608405051426671e-05 1.036676409078008928e-04 4.622697036073267142e-04
9.630000000000000000e+04 3.239150115473820061e-05 1.024941674580347553e-04 4.682748483449168534e-04
9.640000000000000000e+04 4.172744279927031574e-05 1.726980731929752188e-04 4.733506476613044559e-04
9.650000000000000000e+04 3.958973219120841009e-05 1.629397426513269566e-04 4.853272615572235492e-04
9.660000000000000000e+04 4.289620512778439133e-05 1.455411263095018198e-04 5.005343016868437625e-04
9.670000000000000000e+04 4.241658488539107753e-05 1.052639536758283832e-04 4.946893788105585299e-04
9.680000000000000000e+04 3.597153549836628337e-05 8.728936017115055106e-05 4.791584776831526722e-04
9.690000000000000000e+04 5.617111838799725577e-05 9.562444276769532878e-05 4.713586253838912207e-04
9.700000000000000000e+04 3.910738272629778753e-05 7.869554863490615991e-05 4.676131604498671209e-04
9.710000000000000000e+04 5.119941644931544399e-05 9.598184752227921935e-05 4.615141958145804247e-04
9.720000000000000000e+04 4.900313542092739295e-05 9.363216292505784511e-05 4.542717330743995387e-04
9.730000000000000000e+04 5.094562960839926465e-05 9.183786974765545614e-05 4.518381480475719024e-04
9.740000000000000000e+04 5.023762777354637667e-05 9.646758186995161828e-05 4.577027569128656534e-04
9.750000000000000000e+04 5.694898921977241835e-05 1.156080669238803999e-04 4.644052485435394648e-04
9.760000000000000000e+04 3.989121014844905890e-05 1.979981548216213543e-04 4.701299510857242397e-04
9.770000000000000000e+04 4.663444509736498550e-05 3.162203097152935368e-04 4.755614870980117152e-04
9.780000000000000000e+04 5.245032194611847420e-05 2.514383244676217572e-04 4.775517439656562198e-04
9.790000000000000000e+04 5.275020106762192459e-05 1.641033357535765500e-04 4.797137282828144189e-04
9.800000000000000000e+04 4.782654262537155542e-05 1.045565110465854273e-04 4.804224367434912417e-04
9.810000000000000000e+04 4.055637283486532600e-05 9.927457186391104148e-05 4.802948879548557819e-04
9.820000000000000000e+04 4.133872806486369031e-05 1.397226750999107630e-04 4.842309574642514824e-04
9.830000000000000000e+04 4.594686660247396855e-05 1.710650148935636801e-04 4.924750226763872744e-04
9.840000000000000000e+04 4.070182789911165437e-05 1.163534851839671423e-04 5.080915635742422982e-04
9.850000000000000000e+04 4.766510909446253393e-05 1.101060610336911279e-04 5.237614308790123491e-04
9.860000000000000000e+04 3.424665406803609809e-05 1.070204537254610538e-04 5.382987835161614446e-04
9.870000000000000000e+04 4.298113125445564200e-05 1.494075143616937010e-04 5.520657251755650176e-04
9.880000000000000000e+04 3.369827953340063294e-05 1.710105749753382601e-04 5.704635746539690527e-04
9.890000000000000000e+04 7.135502836945624948e-05 2.326670223624565997e-04 5.928971848994004767e-04
9.900000000000000000e+04 4.258018962302449230e-05 1.401474944448311867e-04 6.232624984021113267e-04
9.910000000000000000e+04 5.053286650605077340e-05 1.000904669143484922e-04 6.508485045007238439e-04
9.920000000000000000e+04 5.192955821207035499e-05 1.065885161735419685e-04 6.670531201079486772e-04
9.930000000000000000e+04 5.760526553673817485e-05 1.315420029625452569e-04 6.825465981069306484e-04
9.940000000000000000e+04 6.168192615277085650e-05 1.285210547958808708e-04 6.842338289419159971e-04
9.950000000000000000e+04 6.192881176797959859e-05 1.289625045288420339e-04 6.812083012051395933e-04
9.960000000000000000e+04 5.298215833873082779e-05 1.107319005257619048e-04 6.860478228559059848e-04
9.970000000000000000e+04 5.093444930121958543e-05 8.858605007759439657e-05 6.906171916323945552e-04
9.980000000000000000e+04 5.765386130819464584e-05 1.170046515931539785e-04 6.848267359855618073e-04
9.990000000000000000e+04 4.130008748512437045e-05 1.016017979817482710e-04 6.771683262345251988e-04
1.000000000000000000e+05 4.820319627641691217e-05 1.100531992810695496e-04 6.764144319316298592e-04
1.001000000000000000e+05 5.614935241702136755e-05 1.353471701102771730e-04 6.772346469877567462e-04
1.002000000000000000e+05 4.085518335613757927e-05 1.939855542638880756e-04 6.789888169557098396e-04
1.003000000000000000e+05 4.433010553490360130e-05 2.938837135055998636e-04 6.806940818314848648e-04
1.004000000000000000e+05 6.040785858804707375e-05 2.997453797724932084e-04 6.787523142575685583e-04
1.005000000000000000e+05 5.210539842332643883e-05 1.924441806530482416e-04 6.759855343592734503e-04
1.006000000000000000e+05 7.161308360414367531e-05 1.327558715527030805e-04 6.723360309400104769e-04
1.007000000000000000e+05 5.496444477792153567e-05 1.076976651783046043e-04 6.712446172221932629e-04
1.008000000000000000e+05 5.245209383401047264e-05 1.083381677484841895e-04 6.792086775327264760e-04
1.009000000000000000e+05 5.005709205558271906e-05 9.681329030342665249e-05 6.956797871709888108e-04
1.010000000000000000e+05 4.607118949534060211e-05 9.881227178736755670e-05 7.051635118498058913e-04
1.011000000000000000e+05 4.758862663556504436e-05 1.058032975806691076e-04 7.024361596580164843e-04
1.012000000000000000e+05 6.108248354984204941e-05 1.371256267440227683e-04 7.045413460985835378e-04
1.013000000000000000e+05 4.605308024200162938e-05 1.165733936079524618e-04 7.187568823502462267e-04
1.014000000000000000e+05 5.351411132455965395e-05 1.329730793348515025e-04 7.272032224662766794e-04
1.015000000000000000e+05 5.706208162761328227e-05 1.133191030685288267e-04 7.314878963947976480e-04
1.016000000000000000e+05 6.246341092386439517e-05 1.183601316658446480e-04 7.426687437019656099e-04
1.017000000000000000e+05 4.267612344984177564e-05 1.176413286040732401e-04 7.327875179341409315e-04
1.018000000000000000e+05 5.477303629049235217e-05 1.215052384064967432e-04 7.066209331622313322e-04
1.019000000000000000e+05 5.980089525046191484e-05 1.315492666703350216e-04 6.888587036557569090e-04
1.020000000000000000e+05 5.638334679016355350e-05 1.452602332247261274e-04 6.860060446520196758e-04
1.021000000000000000e+05 5.071483286570716269e-05 1.357238687466341210e-04 6.992602610936656188e-04
1.022000000000000000e+05 5.015449099408431956e-05 1.160609075301465964e-04 7.086429887030042292e-04
1.023000000000000000e+05 3.613925040133814711e-05 8.061341994101370746e-05 7.140778304154360955e-04
1.024000000000000000e+05 3.953242967684499412e-05 7.978386183131035581e-05 7.189708374118816822e-04
1.025000000000000000e+05 5.110500061250783984e-05 1.162087775981863851e-04 7.160730248421450644e-04
1.026000000000000000e+05 8.198415332754511141e-05 1.539966859749971771e-04 7.120258571920222521e-04
1.027000000000000000e+05 5.491311550844272995e-05 1.415259541333678929e-04 7.101570988155461294e-04
1.028000000000000000e+05 4.557548836004159803e-05 1.079120068386307287e-04 7.054855867714830177e-04
1.029000000000000000e+05 4.355458656439277054e-05 9.938392362187156454e-05 7.066728337796086010e-04
1.030000000000000000e+05 4.156928984778182450e-05 7.742507061353845216e-05 7.112975629252179990e-04
1.031000000000000000e+05 5.829358672156570616e-05 1.215577203313120700e-04 7.042117511360230066e-04
1.032000000000000000e+05 4.467493494381689131e-05 1.208591449729626332e-04 6.895552800441620209e-04
1.033000000000000000e+05 3.761226409076977913e-05 8.117631383189815534e-05 6.813661015866536753e-04
1.034000000000000000e+05 3.956406736667860378e-05 9.503916770017405580e-05 6.774975217999113257e-04
1.035000000000000000e+05 4.764778912240777171e-05 1.077474492238684415e-04 6.664035651004265046e-04
1.036000000000000000e+05 4.359070837048318291e-05 9.095170880680906750e-05 6.499037030021860475e-04
1.037000000000000000e+05 3.541515159775562860e-05 9.817298251607142583e-05 6.388146880594830056e-04
1.038000000000000000e+05 3.498559981646761751e-05 1.075964203684863897e-04 6.345804694239896284e-04
1.039000000000000000e+05 4.513745693114840692e-05 1.111770173669844337e-04 6.381224308924464796e-04
1.040000000000000000e+05 5.284035977980736185e-05 1.086986983410445596e-04 6.533329628244925096e-04
1.041000000000000000e+05 3.610238414181708450e-05 1.023055871028442226e-04 6.644435313901470757e-04
1.042000000000000000e+05 3.540525564453859617e-05 7.896557163882174119e-05 6.618047445054626998e-04
1.043000000000000000e+05 5.490087932036389739e-05 9.260670333005236159e-05 6.598817153317566853e-04
1.044000000000000000e+05 5.928692653701494574e-05 1.128919151049812128e-04 6.649741663950016523e-04
1.045000000000000000e+05 6.373900713835440896e-05 1.137209791413623791e-04 6.716483187446456449e-04
1.046000000000000000e+05 5.895275513448849578e-05 1.337561412994419394e-04 6.788445192576085443e-04
1.047000000000000000e+05 7.640641821080734752e-05 1.548618679348025403e-04 6.878177751510781632e-04
1.048000000000000000e+05 5.726248483235230665e-05 1.442804035549748046e-04 7.018919208867541734e-04
1.049000000000000000e+05 8.523294773030805002e-05 1.316824262340010468e-04 7.145156898153040385e-04
1.050000000000000000e+05 4.995230506868106324e-05 1.041850545960383220e-04 7.305543855426919683e-04
1.051000000000000000e+05 4.618518852878591811e-05 1.076142602856464603e-04 7.464437943018461478e-04
1.052000000000000000e+05 5.257968350858314641e-05 1.040884366348969773e-04 7.457989641582363129e-04
1.053000000000000000e+05 4.517466607602434441e-05 9.436098010509651277e-05 7.363955519541470329e-04
1.054000000000000000e+05 5.341642198169170054e-05 9.164265017334275072e-05 7.280992473427125647e-04
1.055000000000000000e+05 5.005425372837078463e-05 1.250578853087419302e-04 7.319743178919781851e-04
1.056000000000000000e+05 4.288151243239440771e-05 9.994624578871778332e-05 7.355087026457312639e-04
1.057000000000000000e+05 5.041852073660172458e-05 9.138487965502277779e-05 7.272540093610582474e-04
1.058000000000000000e+05 3.311645059425410119e-05 7.240527090944482921e-05 7.204462355415272752e-04
1.059000000000000000e+05 4.608800204834685374e-05 1.396106869561961105e-04 7.215048134309510509e-04
1.060000000000000000e+05 4.663684581019972991e-05 1.548720423703807674e-04 7.227122923863301285e-04
1.061000000000000000e+05 4.756862366302953404e-05 1.603522256875101288e-04 7.204120947283146293e-04
1.062000000000000000e+05 4.429766414180806317e-05 1.279998134119868063e-04 7.211086585202603838e-04
1.063000000000000000e+05 5.200785957989951993e-05 1.242237359236063625e-04 7.264080932523576603e-04
1.064000000000000000e+05 5.252845521373794308e-05 1.039716337117038919e-04 7.317081569895811334e-04
1.065000000000000000e+05 4.154738288932415587e-05 9.820870169447467983e-05 7.333836623131470295e-04
1.066000000000000000e+05 5.857870181391828038e-05 1.145080347272471556e-04 7.351599616185485559e-04
1.067000000000000000e+05 5.616745905486137704e-05 1.665205141955917838e-04 7.440459840694390366e-04
1.068000000000000000e+05 6.434071372615301869e-05 1.745193885062955351e-04 7.564304902535202817e-04
1.069000000000000000e+05 4.824177702952186283e-05 1.466510596252360932e-04 7.635517940300886501e-04
1.070000000000000000e+05 5.258257437962168390e-05 1.621737999907505584e-04 7.713272442598558681e-04
1.071000000000000000e+05 4.476881836527315996e-05 1.555469289160304721e-04 7.844568173239382372e-04
1.072000000000000000e+05 4.398589333703506292e-05 1.657039013470374897e-04 7.957117610021887267e-04
1.073000000000000000e+05 6.301791730261815157e-05 2.181720367673801401e-04 8.051512464111106352e-04
1.074000000000000000e+05 8.824740218780471792e-05 2.555678313230129797e-04 8.167412586075768191e-04
1.075000000000000000e+05 5.906967954813252715e-05 1.733177127887426151e-04 8.202794222147700206e-04
1.076000000000000000e+05 5.922881046760181296e-05 1.738074173198194327e-04 8.059797392097584707e-04
1.077000000000000000e+05 5.020463928175013159e-05 1.449253591855987570e-04 7.791304280882064334e-04
1.078000000000000000e+05 4.396680872928502952e-05 1.301301273114664932e-04 7.578062632186848870e-04
1.079000000000000000e+05 4.756986143283166088e-05 1.526188755985890579e-04 7.516072998646124723e-04
1.080000000000000000e+05 5.815257402751454908e-05 1.491347634960060948e-04 7.503131194580499623e-04
1.081000000000000000e+05 4.746200184281600728e-05 1.113543000774251798e-04 7.531509788451940923e-04
1.082000000000000000e+05 5.490693455787419575e-05 1.234631589120463706e-04 7.512241593123302440e-04
1.083000000000000000e+05 5.902849703186914456e-05 1.204794686818942348e-04 7.419049027971893725e-04
1.084000000000000000e+05 5.139748882542730275e-05 1.148206392880317612e-04 7.383642100199221689e-04
1.085000000000000000e+05 5.640716431597203335e-05 1.477503241389141551e-04 7.438024044180362821e-04
1.086000000000000000e+05 7.182219401698046457e-05 1.785589209336680772e-04 7.493520771558802133e-04
1.087000000000000000e+05 5.979925906917076678e-05 1.428487478708750360e-04 7.630130152138072048e-04
1.088000000000000000e+05 4.377294692043981906e-05 1.115971115896985909e-04 7.814614378863147777e-04
1.089000000000000000e+05 4.694859044474918985e-05 1.175472476947884721e-04 8.038940550439140726e-04
1.090000000000000000e+05 6.538616493736082100e-05 1.444933107814980709e-04 8.266698352855312085e-04
1.091000000000000000e+05 6.906100096395139352e-05 2.002502006825091461e-04 8.445460926636291039e-04
1.092000000000000000e+05 6.728011694846249002e-05 2.695023471759809119e-04 8.545860218208409850e-04
1.093000000000000000e+05 5.613987365811197276e-05 2.227950995305090758e-04 8.400507234077132443e-04
1.094000000000000000e+05 6.322526628381864959e-05 1.170809165074328641e-04 8.155010366379350333e-04
1.095000000000000000e+05 6.269939802328006965e-05 1.107571968779083550e-04 7.960905281447716803e-04
1.096000000000000000e+05 7.547114455375006966e-05 1.569874463930131907e-04 7.777747851457314813e-04
1.097000000000000000e+05 6.900813522350487950e-05 1.694771158893981387e-04 7.565563531395574437e-04
1.098000000000000000e+05 4.195008077081767688e-05 1.288991232448772218e-04 7.376581698563042374e-04
1.099000000000000000e+05 4.480645551935302263e-05 1.428498378521126820e-04 7.247407699305207906e-04
1.100000000000000000e+05 4.956885425924954444e-05 1.226816959254542266e-04 7.139119413740265983e-04
1.101000000000000000e+05 4.768009539643340566e-05 1.162125955405430731e-04 7.026819910231789151e-04
1.102000000000000000e+05 3.244908340606519025e-05 7.877194410841942187e-05 6.884348053775559079e-04
1.103000000000000000e+05 3.948430365677063018e-05 1.065460527297797501e-04 6.760626845045328683e-04
1.104000000000000000e+05 4.685110300380686179e-05 1.099965311426644729e-04 6.726033130418637230e-04
1.105000000000000000e+05 3.920922523189217506e-05 9.678207413276775084e-05 6.710255726375852518e-04
1.106000000000000000e+05 3.241682202278280567e-05 9.091941342715065613e-05 6.630320914798902088e-04
1.107000000000000000e+05 4.898463244668472150e-05 1.077227590574775544e-04 6.534470363114406504e-04
1.108000000000000000e+05 3.975785519073123803e-05 1.090139766307436512e-04 6.480690406148813905e-04
1.109000000000000000e+05 4.196496865390981611e-05 9.680946015826858656e-05 6.440958463056896096e-04
1.110000000000000000e+05 4.683782214643869568e-05 9.950784693815684871e-05 6.449972533866723395e-04
1.111000000000000000e+05 5.934315668512830932e-05 1.025674384586762900e-04 6.473778506809729077e-04
1.112000000000000000e+05 5.139754321243836504e-05 1.000308962489553435e-04 6.492532260090814848e-04
1.113000000000000000e+05 4.334884395519318472e-05 9.105433221025878605e-05 6.485373039587576062e-04
1.114000000000000000e+05 3.833130484667216648e-05 8.327466528712046748e-05 6.515991396323087470e-04
1.115000000000000000e+05 5.251355906625381192e-05 1.259726487203876493e-04 6.586640517068139550e-04
1.116000000000000000e+05 5.388187887421806623e-05 1.037643357895179407e-04 6.630638755277437060e-04
1.117000000000000000e+05 4.315649244491408850e-05 9.959028151756759914e-05 6.665997380570829302e-04
1.118000000000000000e+05 3.407030549156930127e-05 7.087859758466753552e-05 6.938744671445889935e-04
1.119000000000000000e+05 5.293461507148477033e-05 1.154986037171022543e-04 7.278846008310045634e-04
1.120000000000000000e+05 3.972068454452548115e-05 1.368574440006875559e-04 7.227948268939773544e-04
1.121000000000000000e+05 5.188084071720095933e-05 1.765652072594635531e-04 7.033143067644526212e-04
1.122000000000000000e+05 3.983657696567002686e-05 1.498727008930781724e-04 7.217883800534755697e-04
1.123000000000000000e+05 6.698734624371535402e-05 1.422982150912839886e-04 7.554284267866418802e-04
1.124000000000000000e+05 5.545286943240692549e-05 1.467045096084125403e-04 7.640366397048335397e-04
1.125000000000000000e+05 6.229851123934829205e-05 1.931560486699058794e-04 7.595194547320046046e-04
1.126000000000000000e+05 4.806483573914401963e-05 1.645440377796503683e-04 7.466929687031188855e-04
1.127000000000000000e+05 6.213891048401575749e-05 1.666228313152199551e-04 7.314834284934840789e-04
1.128000000000000000e+05 6.284214659084343298e-05 1.155695825975677814e-04 7.207068348179102154e-04
1.129000000000000000e+05 4.346572460303037375e-05 9.976302427685765101e-05 7.161150958267396881e-04
1.130000000000000000e+05 6.184322007036862322e-05 1.099113730787524331e-04 7.187265660992300364e-04
1.131000000000000000e+05 7.029787260898374968e-05 1.411761170398104790e-04 7.243781270555630335e-04
1.132000000000000000e+05 8.227227132019850064e-05 1.513547907771703362e-04 7.215424075344045902e-04
1.133000000000000000e+05 3.918385797894736317e-05 1.085938480282571360e-04 7.107020357388207704e-04
1.134000000000000000e+05 4.577098357752985153e-05 1.270706696823663794e-04 7.032764012512180904e-04
1.135000000000000000e+05 6.719660769360794386e-05 1.771693755192012623e-04 6.968364043010886414e-04
1.136000000000000000e+05 1.235916477614104180e-04 2.520618871727274644e-04 6.924836194599392125e-04
1.137000000000000000e+05 8.520108545852439833e-05 1.748176822719368266e-04 6.949294611395849053e-04
1.138000000000000000e+05 6.329285453965274692e-05 1.178306302061019051e-04 6.955546369779474136e-04
1.139000000000000000e+05 5.199360081084949178e-05 9.132203162783968792e-05 7.026914372491617619e-04
1.140000000000000000e+05 6.599437246679286037e-05 1.184372918823103048e-04 7.118882721800755004e-04
1.141000000000000000e+05 5.773288793375159957e-05 1.634239853749084020e-04 7.126431516120825893e-04
1.142000000000000000e+05 6.541831888432056343e-05 2.094433506071906531e-04 7.132795561413815761e-04
1.143000000000000000e+05 4.677394935266999780e-05 1.521399468692471004e-04 7.219233168252502456e-04
1.144000000000000000e+05 5.180939329935813336e-05 1.333055200923127619e-04 7.304247319799149658e-04
1.145000000000000000e+05 3.824065343605953342e-05 1.413828974205674468e-04 7.159775663566316428e-04
1.146000000000000000e+05 6.771403047392012247e-05 2.571304343920409463e-04 6.976271515429354614e-04
1.147000000000000000e+05 4.860513058255536145e-05 1.726345241212436533e-04 6.867525333899319410e-04
1.148000000000000000e+05 4.350554423202001621e-05 9.033706891643637250e-05 6.787464912026004412e-04
1.149000000000000000e+05 3.757826810162751257e-05 8.220341199585256674e-05 6.742250809141548014e-04
1.150000000000000000e+05 4.609811495287496896e-05 1.069552234450690288e-04 6.696311853951974168e-04
1.151000000000000000e+05 4.513381858887641467e-05 9.664245650907747533e-05 6.782459971139475708e-04
1.152000000000000000e+05 5.444838106752618485e-05 1.189421655753339618e-04 6.918875173423801690e-04
1.153000000000000000e+05 6.096004658882306273e-05 1.157133030567394612e-04 7.073275584530827132e-04
1.154000000000000000e+05 5.576659292866347796e-05 1.357703715591765566e-04 7.236375299643608722e-04
1.155000000000000000e+05 5.063686204519722307e-05 1.257001323429740016e-04 7.428168783464505695e-04
1.156000000000000000e+05 6.098982110016800979e-05 1.507280745002435775e-04 7.624904720600445907e-04
1.157000000000000000e+05 6.626184548161329069e-05 1.543878380171205111e-04 7.707344131063029874e-04
1.158000000000000000e+05 6.038082311270642679e-05 1.394991876518350028e-04 7.722751723345112462e-04
1.159000000000000000e+05 7.101418407599944648e-05 1.402333794565530090e-04 7.875478136536107282e-04
1.160000000000000000e+05 5.172155258620174650e-05 1.812477342177530506e-04 8.211278993944004815e-04
1.161000000000000000e+05 5.589875620246444275e-05 2.049276449566751280e-04 8.473384630556263925e-04
1.162000000000000000e+05 3.710636172396574242e-05 1.392957190658207760e-04 8.514924369757665779e-04
1.163000000000000000e+05 6.332546873014316749e-05 1.544786141279944373e-04 8.389045346887737424e-04
1.164000000000000000e+05 4.543877389974742154e-05 1.303759716104832154e-04 7.957359519886421026e-04
1.165000000000000000e+05 4.977231803843186388e-05 1.282390929967866392e-04 7.537796473441707749e-04
1.166000000000000000e+05 4.462295171689899514e-05 1.108974162955057635e-04 7.161823665479082317e-04
1.167000000000000000e+05 5.426043499769735330e-05 1.495150747894118809e-04 6.782782027636855482e-04
1.168000000000000000e+05 4.667415502601266440e-05 1.218039927316464256e-04 6.348537182659601654e-04
1.169000000000000000e+05 4.501444492953506852e-05 1.252061472832504763e-04 5.910731064854856959e-04
1.170000000000000000e+05 3.945666362268750605e-05 8.784417750630230809e-05 5.598012197723387443e-04
1.171000000000000000e+05 6.312200277364739699e-05 1.612880264753952181e-04 5.292180964786655792e-04
1.172000000000000000e+05 5.373317061054807761e-05 3.090231290953141495e-04 4.930689989047302426e-04
1.173000000000000000e+05 6.184295306063127776e-05 4.778376216745040838e-04 4.569120970046757955e-04
1.174000000000000000e+05 9.060640586791996734e-05 6.656496683886054585e-04 4.469564062481508229e-04
1.175000000000000000e+05 1.244463509016163652e-04 8.588295172674324188e-04 4.395415318903720769e-04
1.176000000000000000e+05 9.400759433775588651e-05 7.599340880496685546e-04 4.451841787187252558e-04
1.177000000000000000e+05 8.278287836819609759e-05 6.406044496292135487e-04 4.521051294986638629e-04
1.178000000000000000e+05 6.013957221494406263e-05 4.672743467459338309e-04 3.884864074682493071e-04
1.179000000000000000e+05 6.996954931378168382e-05 3.066837814516709280e-04 3.086082115724437386e-04
1.180000000000000000e+05 5.617102912309753036e-05 1.898683867695671575e-04 2.457896623244007830e-04
1.181000000000000000e+05 3.214447969393445883e-05 9.599807540818457749e-05 1.878064920644116208e-04
1.182000000000000000e+05 1.776474079702271150e-05 4.360934867619144402e-05 1.612551933589919447e-04
1.183000000000000000e+05 1.411163734263201348e-05 2.636949410693252495e-05 1.518365630351428696e-04
1.184000000000000000e+05 1.004856749755268981e-05 2.099679371165655306e-05 1.466041668774302443e-04
1.185000000000000000e+05 1.163718418675116170e-05 2.817448335878274587e-05 1.444547970731089280e-04
1.186000000000000000e+05 1.110709229908550294e-05 3.194300462539909221e-05 1.405270296251852173e-04
1.187000000000000000e+05 1.272661361143858326e-05 3.736183017129685599e-05 1.349065300642497483e-04
1.188000000000000000e+05 1.535874429220828049e-05 4.041437983522429126e-05 1.305136610739876676e-04
1.189000000000000000e+05 1.376180490105057463e-05 3.549815293603864801e-05 1.277092438951977051e-04
1.190000000000000000e+05 1.081789429633062138e-05 2.802760741318578361e-05 1.259431805851057851e-04
1.191000000000000000e+05 8.500686199509218635e-06 2.099283094829085250e-05 1.260479675059166178e-04
1.192000000000000000e+05 7.105777030245709553e-06 2.329756491803753747e-05 1.253054171533349130e-04
1.193000000000000000e+05 5.738930531507308486e-06 1.520777903992990177e-05 1.224925095686904715e-04
1.194000000000000000e+05 8.982376394949377705e-06 1.870322957712879217e-05 1.205692440743747423e-04
1.195000000000000000e+05 7.167066420830201672e-06 1.541213157256410358e-05 1.217063727262563430e-04
1.196000000000000000e+05 1.067504407846010860e-05 2.003803044425159858e-05 1.235161136288600659e-04
1.197000000000000000e+05 1.105470391409590935e-05 2.133811938622958543e-05 1.294667535867697922e-04
1.198000000000000000e+05 1.185681861916429349e-05 2.694049967672410635e-05 1.354652773605380790e-04
1.199000000000000000e+05 1.027324589251686648e-05 3.263289646192587341e-05 1.418033795242285022e-04
