9.000000000000000000e+04 3.927398638876560401e-05 1.165247554691391620e-04 1.953698395744764347e-04
9.010000000000000000e+04 2.727387921263224515e-05 6.382439479204587420e-05 2.019413654318617693e-04
9.020000000000000000e+04 2.402354475204238147e-05 7.212591839684666817e-05 2.085128912892472122e-04
9.030000000000000000e+04 3.217548008939787908e-05 5.698435673340680697e-05 2.243343116353376226e-04
9.040000000000000000e+04 4.366629367297372765e-05 8.637207702176199391e-05 2.404126734950034886e-04
9.050000000000000000e+04 2.969753357404965972e-05 9.866686629062389148e-05 2.480079474782272901e-04
9.060000000000000000e+04 4.221623065913559418e-05 1.741036777248428763e-04 2.551184735827977937e-04
9.070000000000000000e+04 2.667601766198323125e-05 1.246110171050212874e-04 2.378562402173257072e-04
9.080000000000000000e+04 3.247625892721693955e-05 8.791140822066363138e-05 2.184434692515564713e-04
9.090000000000000000e+04 2.767878049844105280e-05 1.084648014506906812e-04 2.112915705684326499e-04
9.100000000000000000e+04 4.171577927268381968e-05 1.560770017999077333e-04 2.056258382225996449e-04
9.110000000000000000e+04 3.294662153458671619e-05 1.662096452429372400e-04 2.085413864600191454e-04
9.120000000000000000e+04 3.840687278908866669e-05 1.882789788670257683e-04 2.127977597885726631e-04
9.130000000000000000e+04 3.231958301064150009e-05 1.458869305482832506e-04 2.197043922738073319e-04
9.140000000000000000e+04 4.007968899943177479e-05 1.071008894335774087e-04 2.271239781442061759e-04
9.150000000000000000e+04 4.091448764282346853e-05 9.801900908520434774e-05 2.348304598181794359e-04
9.160000000000000000e+04 5.417242002845831274e-05 1.099071383718123432e-04 2.426038838463201149e-04
9.170000000000000000e+04 4.825932557153735374e-05 8.060802682447980988e-05 2.679813297868545983e-04
9.180000000000000000e+04 5.173915257107109325e-05 9.933250720881459800e-05 2.982150576342581009e-04
9.190000000000000000e+04 3.854055800851362984e-05 1.015185129553224639e-04 3.144599900991608128e-04
9.200000000000000000e+04 4.466332480970985203e-05 1.506884850326142833e-04 3.262085240482610351e-04
9.210000000000000000e+04 5.624221426948710321e-05 1.431916729140883071e-04 3.532774591831146400e-04
9.220000000000000000e+04 6.313199833947127524e-05 1.196560928686202317e-04 3.860206169793576258e-04
9.230000000000000000e+04 6.443023869400339677e-05 1.321293320260454192e-04 3.968348334406169653e-04
9.240000000000000000e+04 7.021648370510012336e-05 1.356828709203905265e-04 3.983714208755347931e-04
9.250000000000000000e+04 5.599068569223320186e-05 1.064982661829882039e-04 3.935209742055514751e-04
9.260000000000000000e+04 4.775444357859898615e-05 8.889354366934450625e-05 3.856047511652158609e-04
9.270000000000000000e+04 4.779025150300183003e-05 9.073339548197042808e-05 3.831724009983992910e-04
9.280000000000000000e+04 5.616964730658464619e-05 1.320804810703054134e-04 3.837104819714048953e-04
9.290000000000000000e+04 6.251377916711314299e-05 1.177869793331564404e-04 3.852872873927582994e-04
9.300000000000000000e+04 5.850219341438887832e-05 1.854474353009264776e-04 3.874963598696279442e-04
9.310000000000000000e+04 4.631638554015071654e-05 1.957223291574343351e-04 3.884737990723260677e-04
9.320000000000000000e+04 5.778548485317109738e-05 2.247078093624660334e-04 3.886114883153613691e-04
9.330000000000000000e+04 4.736453236329736874e-05 2.425796638249461123e-04 3.893514657916500622e-04
9.340000000000000000e+04 5.405884658298904443e-05 2.155872916486189323e-04 3.905503295408933591e-04
9.350000000000000000e+04 4.315698846413539057e-05 2.169414549275322859e-04 3.925426175355763961e-04
9.360000000000000000e+04 5.215036459471807107e-05 2.772421540806014944e-04 3.952093161388827488e-04
9.370000000000000000e+04 4.233744824226284452e-05 2.658025954346172350e-04 3.982458396523340773e-04
9.380000000000000000e+04 5.713607433112659773e-05 2.534151227543228187e-04 4.016327236069757909e-04
9.390000000000000000e+04 6.478175334657221935e-05 3.080950825613915176e-04 4.033936865218492348e-04
9.400000000000000000e+04 4.612338504529156849e-05 2.898700557460818106e-04 4.034383994503008483e-04
9.410000000000000000e+04 5.474976145733445598e-05 2.999380668157875223e-04 4.058287722323633464e-04
9.420000000000000000e+04 6.592710430152333130e-05 3.393245362065773550e-04 4.109787448422037512e-04
9.430000000000000000e+04 8.402975934138166153e-05 4.269065996903244255e-04 4.146262096860729458e-04
9.440000000000000000e+04 6.423148233304686386e-05 5.307549761160764573e-04 4.163016330871045475e-04
9.450000000000000000e+04 7.525218093261761996e-05 5.519438426296238969e-04 4.160218243664218934e-04
9.460000000000000000e+04 6.147016572111119702e-05 3.818948832358776916e-04 4.128743418672245567e-04
9.470000000000000000e+04 6.027634709671031822e-05 2.511057397210386568e-04 4.100289737564356178e-04
9.480000000000000000e+04 4.808507838408666770e-05 1.705734919450154125e-04 4.076799364266038323e-04
9.490000000000000000e+04 5.330850543808869288e-05 1.286827839080415328e-04 4.064205056372736978e-04
9.500000000000000000e+04 7.942116061554650849e-05 1.358645455236921632e-04 4.071726561534848147e-04
9.510000000000000000e+04 8.365488105486438295e-05 1.512425705348675593e-04 4.086242198508532441e-04
9.520000000000000000e+04 5.477191090944401927e-05 1.223288277973942151e-04 4.115328943423003476e-04
9.530000000000000000e+04 5.366439310995049566e-05 1.397062319390329961e-04 4.142344874831786934e-04
9.540000000000000000e+04 4.317798758200660754e-05 1.058578074539427379e-04 4.164466156136207393e-04
9.550000000000000000e+04 5.093205811916378485e-05 1.164682437484054083e-04 4.166585820866081156e-04
9.560000000000000000e+04 4.885275528227747471e-05 1.130096753111793336e-04 4.114701120844672932e-04
9.570000000000000000e+04 6.940388802737710965e-05 1.346350782913023972e-04 4.080230243996888460e-04
9.580000000000000000e+04 4.094991110110361016e-05 1.005571976287716711e-04 4.099935705911495138e-04
9.590000000000000000e+04 5.144240712444316660e-05 1.324424472715699094e-04 4.102473504000286311e-04
9.600000000000000000e+04 3.653656547604103690e-05 8.757771665569239611e-05 4.042778520720514577e-04
9.610000000000000000e+04 4.516361892171154432e-05 1.256696598473418247e-04 4.007935867432335176e-04
9.620000000000000000e+04 4.802627723068920128e-05 1.113918334003274999e-04 4.079603199822413504e-04
9.630000000000000000e+04 7.188975052656792564e-05 1.315868451651975896e-04 4.139457235876461082e-04
9.640000000000000000e+04 5.825205091394543375e-05 1.228339622042000866e-04 4.138275907527673089e-04
9.650000000000000000e+04 7.771063366787461443e-05 1.577205682357222302e-04 4.160888177051129356e-04
9.660000000000000000e+04 6.385103977502823739e-05 1.722445078028461045e-04 4.335779472956868114e-04
9.670000000000000000e+04 6.892174431112900630e-05 1.985720606647784804e-04 4.486018218289984866e-04
9.680000000000000000e+04 4.566374897451276702e-05 2.200416075607487571e-04 4.432873421398999072e-04
9.690000000000000000e+04 7.247119680523238022e-05 3.658770015697693462e-04 4.384559267008493336e-04
9.700000000000000000e+04 5.480830342288137841e-05 3.819176072257863186e-04 4.390992394290121848e-04
9.710000000000000000e+04 7.938645232596973182e-05 4.341900910408044408e-04 4.397709201353241885e-04
9.720000000000000000e+04 5.667045111597106017e-05 3.340080525299442119e-04 4.409390404592476611e-04
9.730000000000000000e+04 7.040425715201678808e-05 4.795779378065209903e-04 4.419639172496595513e-04
9.740000000000000000e+04 5.244611450079561012e-05 4.627271538212572892e-04 4.378320268336585372e-04
9.750000000000000000e+04 7.901312718021927467e-05 4.904015251666382679e-04 4.337001364176576858e-04
9.760000000000000000e+04 6.493377347912003723e-05 3.430812911518846828e-04 4.358752392193861180e-04
9.770000000000000000e+04 6.803381010344678511e-05 6.081498636220331478e-04 4.380503420211148756e-04
9.780000000000000000e+04 5.211370133259443736e-05 3.984388131850177860e-04 4.350998551052886500e-04
9.790000000000000000e+04 5.219370256277848204e-05 1.920678872625736634e-04 4.320069906973081223e-04
9.800000000000000000e+04 5.642552504507981730e-05 2.104738806855981537e-04 4.336576197265836342e-04
9.810000000000000000e+04 9.582111110696965627e-05 2.814536999088339373e-04 4.355793055237016731e-04
9.820000000000000000e+04 5.174307219883998764e-05 2.112169960620274736e-04 4.390038772226231931e-04
9.830000000000000000e+04 8.578883719730952392e-05 3.894654247548969711e-04 4.425610565011151541e-04
9.840000000000000000e+04 7.068938120670360077e-05 3.772528704154244823e-04 4.455367504880756134e-04
9.850000000000000000e+04 7.624639594775621879e-05 3.685676035296339128e-04 4.484419614093959399e-04
9.860000000000000000e+04 5.419361318277285530e-05 3.085788118225498301e-04 4.563734265789144338e-04
9.870000000000000000e+04 7.414218768190747322e-05 2.868892324865725523e-04 4.650902439747142724e-04
9.880000000000000000e+04 6.411587103697584215e-05 2.071377753378787312e-04 4.764452468564285103e-04
9.890000000000000000e+04 7.398805811764289737e-05 1.435911209044572778e-04 4.883108662838030927e-04
9.900000000000000000e+04 7.091956729589788278e-05 1.551197326325523930e-04 5.099668962929846446e-04
9.910000000000000000e+04 8.510384894773492023e-05 1.927180974293102051e-04 5.339073554379209809e-04
9.920000000000000000e+04 6.199926653376074733e-05 1.274833712745888307e-04 5.521107372744926212e-04
9.930000000000000000e+04 5.852119736649138634e-05 1.174608065508092169e-04 5.687314770949627660e-04
9.940000000000000000e+04 5.417637250160558821e-05 1.071684464233600177e-04 5.746469612737524924e-04
9.950000000000000000e+04 7.117871683660198772e-05 1.702337497035284189e-04 5.771214704248610588e-04
9.960000000000000000e+04 7.890945283988912151e-05 1.512161897750216762e-04 5.684406034866143313e-04
9.970000000000000000e+04 8.443510299755525514e-05 1.745468888703617877e-04 5.556281157745329323e-04
9.980000000000000000e+04 6.117387309685423311e-05 1.528044837579464440e-04 5.641687290585465893e-04
9.990000000000000000e+04 7.859030956098753910e-05 2.884680856017088303e-04 5.817433466101404544e-04
1.000000000000000000e+05 6.713251789534468560e-05 2.644016070718848864e-04 5.798575676276639763e-04
1.001000000000000000e+05 1.024461950495016301e-04 2.242957882848505414e-04 5.686307983088356851e-04
1.002000000000000000e+05 9.616003531658697673e-05 1.663207540747705824e-04 5.622641677999071436e-04
1.003000000000000000e+05 7.587712079601426941e-05 1.446069768448054885e-04 5.585301124796748871e-04
1.004000000000000000e+05 6.441818716766526971e-05 1.246578681009968175e-04 5.615948801254252347e-04
1.005000000000000000e+05 6.265689118544945629e-05 1.178880419741567013e-04 5.687980617504698883e-04
1.006000000000000000e+05 5.963457263307076796e-05 1.206784811252954595e-04 5.786381089277443457e-04
1.007000000000000000e+05 8.123282236366044257e-05 1.460495880566089252e-04 5.902760189815387101e-04
1.008000000000000000e+05 1.065177275229481184e-04 2.103610778399279176e-04 5.988684949046381174e-04
1.009000000000000000e+05 1.060358282801448669e-04 3.194232849826528133e-04 6.051406400614941453e-04
1.010000000000000000e+05 8.560259788959086180e-05 3.013676048063610021e-04 6.092798852575771014e-04
1.011000000000000000e+05 7.152121183655855714e-05 1.985721962220119959e-04 6.116061654870026806e-04
1.012000000000000000e+05 8.413927417816910274e-05 2.036563945519881706e-04 6.408241618050699012e-04
1.013000000000000000e+05 8.424405872482667972e-05 1.805169929613248490e-04 6.955185207334340248e-04
1.014000000000000000e+05 7.426944953493799101e-05 1.714191124942690200e-04 7.030193760547362187e-04
1.015000000000000000e+05 7.062165424828216465e-05 1.417872490548754538e-04 6.607048664574829326e-04
1.016000000000000000e+05 7.248090334759050776e-05 1.504935418078077363e-04 6.283511129820400394e-04
1.017000000000000000e+05 7.813094251839583504e-05 1.592075254132473833e-04 6.077158961204920384e-04
1.018000000000000000e+05 7.146365400099931493e-05 1.615048423963463950e-04 5.977300109368534039e-04
1.019000000000000000e+05 4.979659752662784957e-05 1.100968447130671376e-04 6.017213735804730285e-04
1.020000000000000000e+05 5.847809023774809198e-05 1.275001565749163445e-04 6.077500925443547752e-04
1.021000000000000000e+05 6.420103197390556946e-05 1.435715706041662369e-04 6.167669341112875982e-04
1.022000000000000000e+05 6.553795315341183567e-05 1.650669233402403749e-04 6.176379856494782503e-04
1.023000000000000000e+05 6.209145359806710583e-05 1.392624366225164853e-04 6.051266678547367840e-04
1.024000000000000000e+05 6.289802649932121729e-05 1.279774023410456098e-04 5.939495175385580989e-04
1.025000000000000000e+05 5.772351501985334594e-05 1.318955146364395124e-04 5.852354456443413381e-04
1.026000000000000000e+05 6.240571239602495275e-05 1.441716499692457555e-04 5.839829441449510567e-04
1.027000000000000000e+05 6.382891122496260443e-05 1.291688691425529932e-04 5.982753809681206573e-04
1.028000000000000000e+05 5.598126743080555998e-05 1.268015346038834680e-04 6.116857445496232852e-04
1.029000000000000000e+05 6.769451497775648939e-05 1.377653159494395506e-04 6.230112077417308564e-04
1.030000000000000000e+05 7.608761159140541366e-05 1.628866111747989199e-04 6.241960642315998956e-04
1.031000000000000000e+05 5.603971769733463726e-05 2.067566108878264326e-04 5.980012826254221120e-04
1.032000000000000000e+05 6.606954581753969168e-05 2.422683672707682872e-04 5.749039297048326317e-04
1.033000000000000000e+05 6.034898480647790144e-05 1.424511756732874763e-04 5.614430215838538563e-04
1.034000000000000000e+05 7.470580392767643381e-05 1.625484280108369941e-04 5.511452597337942148e-04
1.035000000000000000e+05 6.650116261199418835e-05 1.310093733772921027e-04 5.523139031158152273e-04
1.036000000000000000e+05 8.432543958266589803e-05 1.633943105640172397e-04 5.542592753596739530e-04
1.037000000000000000e+05 6.801465309137430526e-05 1.522237980001135216e-04 5.595334855828366059e-04
1.038000000000000000e+05 6.830282064703070179e-05 1.473139299688981576e-04 5.653936348768661118e-04
1.039000000000000000e+05 4.564124156908810296e-05 1.010609567849819019e-04 5.742811360370394342e-04
1.040000000000000000e+05 8.729111537243033382e-05 1.687575182506357218e-04 5.803411034585504889e-04
1.041000000000000000e+05 4.800394681890444212e-05 1.424917065838026591e-04 5.683048549526299037e-04
1.042000000000000000e+05 6.731858778555386679e-05 1.854479228494111892e-04 5.578523953166257456e-04
1.043000000000000000e+05 5.469581515912022140e-05 1.129248095160549159e-04 5.604661938574291569e-04
1.044000000000000000e+05 8.319683905545137382e-05 1.612077229548254166e-04 5.634823059370878615e-04
1.045000000000000000e+05 5.665812912401130014e-05 1.307998104833769373e-04 5.710579714571077138e-04
1.046000000000000000e+05 8.073989621437108102e-05 1.621452638693904628e-04 5.785225700229991138e-04
1.047000000000000000e+05 6.500051506067798090e-05 1.224622618875843665e-04 5.840434968916424340e-04
1.048000000000000000e+05 8.766613375427558322e-05 1.610219346579000281e-04 5.895992278746111119e-04
1.049000000000000000e+05 8.094081224171729289e-05 2.176760358553519797e-04 5.964079069732729308e-04
1.050000000000000000e+05 8.146488569430745084e-05 3.426852501360702933e-04 6.032165860719350750e-04
1.051000000000000000e+05 6.343078384545843777e-05 2.033572184946916706e-04 6.100847821955313229e-04
1.052000000000000000e+05 7.500731504722244966e-05 1.872493806204457607e-04 6.169529783191273539e-04
1.053000000000000000e+05 7.177539349425437511e-05 1.423684225537889727e-04 6.256937636221521389e-04
1.054000000000000000e+05 8.187126369215260227e-05 1.840716208894194747e-04 6.344865652912716611e-04
1.055000000000000000e+05 5.601422138292724492e-05 1.300914655334807274e-04 6.316659955343142778e-04
1.056000000000000000e+05 6.390041613521426755e-05 1.774366886620387445e-04 6.281818045530087507e-04
1.057000000000000000e+05 5.693669579439112303e-05 1.381139367363416358e-04 6.228922913579388590e-04
1.058000000000000000e+05 8.024504474933385166e-05 2.131151065864930446e-04 6.174434850263607263e-04
1.059000000000000000e+05 9.117161510409919119e-05 1.755085876210461153e-04 6.246604448639984757e-04
1.060000000000000000e+05 1.143763740778550812e-04 2.365156208214956330e-04 6.334126490857835750e-04
1.061000000000000000e+05 6.737477118447807514e-05 1.438606546693453137e-04 6.221646199718876584e-04
1.062000000000000000e+05 1.075985921046138018e-04 1.900791640023274595e-04 6.077915543992892756e-04
1.063000000000000000e+05 7.354730524987591889e-05 1.559127811585983309e-04 6.165998256205415615e-04
1.064000000000000000e+05 8.822732587121235974e-05 1.812376343963859006e-04 6.298948071889900026e-04
1.065000000000000000e+05 6.525126668599371196e-05 1.460360986252977030e-04 6.232360364529708442e-04
1.066000000000000000e+05 8.437476783888927471e-05 1.912097779649933344e-04 6.119213901792420768e-04
1.067000000000000000e+05 8.385464366555581920e-05 1.534908970792191185e-04 6.353687701260714001e-04
1.068000000000000000e+05 9.220538811428044892e-05 2.090150780518157739e-04 6.684056745475411504e-04
1.069000000000000000e+05 7.093340696091886884e-05 1.471597167157197641e-04 6.644315138683369289e-04
1.070000000000000000e+05 8.396935978011112103e-05 1.830338631751329131e-04 6.485609394067762832e-04
1.071000000000000000e+05 7.127873130672993975e-05 1.546897950840187604e-04 6.557390315665512573e-04
1.072000000000000000e+05 6.599963240975083127e-05 1.705377541751642786e-04 6.714536669194133816e-04
1.073000000000000000e+05 5.327045819812745338e-05 1.507007620615404215e-04 7.130729421744725878e-04
1.074000000000000000e+05 9.500292274798897638e-05 2.187073729692906024e-04 7.656518727727708350e-04
1.075000000000000000e+05 8.933879769527724134e-05 1.858453183391287327e-04 7.570397397425122953e-04
1.076000000000000000e+05 1.108875597619148230e-04 2.007065893827664812e-04 7.190558961705542347e-04
1.077000000000000000e+05 8.599209661598616623e-05 1.659773674162371782e-04 6.985512497170283603e-04
1.078000000000000000e+05 8.107352841038909484e-05 2.164780253602165139e-04 6.875145017026517173e-04
1.079000000000000000e+05 7.927306776231055844e-05 2.195759272552554996e-04 6.740924998582984665e-04
1.080000000000000000e+05 1.028078449770419020e-04 2.172572369917784123e-04 6.592186043783073183e-04
1.081000000000000000e+05 7.722433449444373113e-05 1.764443283868370304e-04 6.434105882661895256e-04
1.082000000000000000e+05 6.465999698531874323e-05 1.295694348681145601e-04 6.269656717230761948e-04
1.083000000000000000e+05 5.899147936595013769e-05 1.327288961368757857e-04 6.203575701047075661e-04
1.084000000000000000e+05 8.454494412647728385e-05 1.605725324698909807e-04 6.212441846194757030e-04
1.085000000000000000e+05 9.204600708643260239e-05 1.588774371305707580e-04 6.273384470150586119e-04
1.086000000000000000e+05 1.010338781753771908e-04 1.845656111944900171e-04 6.378592101093341800e-04
1.087000000000000000e+05 1.000479534317166332e-04 1.808202423190703474e-04 6.482410903412967563e-04
1.088000000000000000e+05 7.089594603893877457e-05 2.288352379166497469e-04 6.584913973352785922e-04
1.089000000000000000e+05 8.547645987865785250e-05 2.549785572588697969e-04 6.891184910877217688e-04
1.090000000000000000e+05 8.642754147320343746e-05 1.865705484353902526e-04 7.412544153074367712e-04
1.091000000000000000e+05 8.826863711059319394e-05 1.802938869514039135e-04 7.643533131556811333e-04
1.092000000000000000e+05 8.373283537772759511e-05 2.259290941153686404e-04 7.532910035080786016e-04
1.093000000000000000e+05 9.989429382249736828e-05 2.463691406919750774e-04 7.348429126858086391e-04
1.094000000000000000e+05 9.648047368255826314e-05 2.099759347183940972e-04 7.067009840717867249e-04
1.095000000000000000e+05 9.538837804911389374e-05 2.186939361679083324e-04 6.840923140999342900e-04
1.096000000000000000e+05 9.729261241382127726e-05 1.780976707811989228e-04 6.695990901365994619e-04
1.097000000000000000e+05 1.049039353068819064e-04 2.091538590990166518e-04 6.558840559185629901e-04
1.098000000000000000e+05 7.253013022824714336e-05 1.397678781322590248e-04 6.434474762820879953e-04
1.099000000000000000e+05 5.829100227983552863e-05 1.317230189922031407e-04 6.320727142586159185e-04
1.100000000000000000e+05 5.090921321817491046e-05 1.050358337948668766e-04 6.226582309053022577e-04
1.101000000000000000e+05 6.179231284172482293e-05 1.360912679693771247e-04 6.184282985827395558e-04
1.102000000000000000e+05 7.405797130968793957e-05 1.693231564963028736e-04 6.249995142409129787e-04
1.103000000000000000e+05 9.281992463447798561e-05 1.889343447020054145e-04 6.214919589266425758e-04
1.104000000000000000e+05 7.852421209037202098e-05 1.545711658491102100e-04 5.941618540411481913e-04
1.105000000000000000e+05 8.303505610267580264e-05 1.580693099769977313e-04 5.701299071382715661e-04
1.106000000000000000e+05 4.916710276520804435e-05 1.023107497582207738e-04 5.550029867884625438e-04
1.107000000000000000e+05 7.509701178445577895e-05 1.373114725217635659e-04 5.454083541330620065e-04
1.108000000000000000e+05 7.654237829442613918e-05 1.448781638870055063e-04 5.530252831936047003e-04
1.109000000000000000e+05 8.248104640470161307e-05 1.708358814320890331e-04 5.590109813786299205e-04
1.110000000000000000e+05 7.224431511384762136e-05 2.284154880990135056e-04 5.590834676399065485e-04
1.111000000000000000e+05 8.640964469081393630e-05 3.175350180257284537e-04 5.621793466218305210e-04
1.112000000000000000e+05 7.964062415940532935e-05 1.625238578226374971e-04 5.782326229779574450e-04
1.113000000000000000e+05 8.152693618189541143e-05 1.576594427668673217e-04 5.904924345816555710e-04
1.114000000000000000e+05 5.686787777219720879e-05 1.330094170321816961e-04 5.831526782978006069e-04
1.115000000000000000e+05 1.010098825306270771e-04 1.965269442163895190e-04 5.850398264730529525e-04
1.116000000000000000e+05 7.911823955329081587e-05 1.954234241044432033e-04 6.459791631865566914e-04
1.117000000000000000e+05 1.132933973716004558e-04 2.989918524829251502e-04 6.968278891505653647e-04
1.118000000000000000e+05 6.614268311033299347e-05 2.400513161274417384e-04 6.644290764312634628e-04
1.119000000000000000e+05 8.209020716512809186e-05 2.398329209501071264e-04 6.355806292414931764e-04
1.120000000000000000e+05 6.629905908621185843e-05 1.582800860760328124e-04 6.469696580530854982e-04
1.121000000000000000e+05 9.202268731166838873e-05 1.795794529657006701e-04 6.611928904763028376e-04
1.122000000000000000e+05 1.092788425077780403e-04 2.106523137435457665e-04 7.250146861030161514e-04
1.123000000000000000e+05 1.264233833635281705e-04 2.637916619501275064e-04 7.858749026982624845e-04
1.124000000000000000e+05 9.150254021140244529e-05 1.916275037509504453e-04 7.401182741609023180e-04
1.125000000000000000e+05 8.193437476377912407e-05 1.742075976023819755e-04 6.943616456235420431e-04
1.126000000000000000e+05 8.279296749054377777e-05 1.356838831616409818e-04 6.545932156778406846e-04
1.127000000000000000e+05 9.795295234243809115e-05 1.985748820960883112e-04 6.148247857321399766e-04
1.128000000000000000e+05 7.741272592068316680e-05 1.427593738264008308e-04 6.249396601146320384e-04
1.129000000000000000e+05 7.436233879404101615e-05 1.531763687790173994e-04 6.364401818395756761e-04
1.130000000000000000e+05 6.963464828760789968e-05 1.348721273833563238e-04 6.701410605239777225e-04
1.131000000000000000e+05 1.131709655518243693e-04 2.076153392776565031e-04 7.051105310346368399e-04
1.132000000000000000e+05 8.455182559921809761e-05 1.647528269619965994e-04 6.788909878433335276e-04
1.133000000000000000e+05 1.019687331287961931e-04 2.786186792445511295e-04 6.472724140312693985e-04
1.134000000000000000e+05 6.514741517782863135e-05 1.971243276253111226e-04 6.389741644383951360e-04
1.135000000000000000e+05 9.674120359636178938e-05 1.944628464479650600e-04 6.335026208114830385e-04
1.136000000000000000e+05 6.386077597901823957e-05 1.272807280706919663e-04 6.149472699163386485e-04
1.137000000000000000e+05 6.892622454757245474e-05 1.349847650914928667e-04 5.943475741355318210e-04
1.138000000000000000e+05 5.513211125682943286e-05 1.101674455148027743e-04 6.041178565644207818e-04
1.139000000000000000e+05 1.150821698005573702e-04 2.003802386460063877e-04 6.197661992919591308e-04
1.140000000000000000e+05 6.637014855678617913e-05 1.326745502452606482e-04 6.302877206796141758e-04
1.141000000000000000e+05 7.538167201493492595e-05 1.277427871409789412e-04 6.396129837546296387e-04
1.142000000000000000e+05 7.613719998803795009e-05 2.765959359602690633e-04 6.355701403911288589e-04
1.143000000000000000e+05 7.474855255896529528e-05 4.728584372576804130e-04 6.278395435273462222e-04
1.144000000000000000e+05 6.210135935967055470e-05 3.767811997430748055e-04 6.346411808312756508e-04
1.145000000000000000e+05 7.178150961335318103e-05 2.126837793466070754e-04 6.461138934033967525e-04
1.146000000000000000e+05 7.161211854583491004e-05 1.353010028763139850e-04 6.346197262877840408e-04
1.147000000000000000e+05 6.277486360682909411e-05 1.275847964669413670e-04 6.146193074359736566e-04
1.148000000000000000e+05 4.957325986565765986e-05 1.016522111742054367e-04 5.944882069004652977e-04
1.149000000000000000e+05 4.853647254552566955e-05 1.287368090891110933e-04 5.743018179603143246e-04
1.150000000000000000e+05 4.955767666234896923e-05 1.099481845610321591e-04 5.706822382590911492e-04
1.151000000000000000e+05 5.454928846206096894e-05 1.266193825964670016e-04 5.750147269925508968e-04
1.152000000000000000e+05 5.572865666628483081e-05 1.192069281398459683e-04 6.097963166947016189e-04
1.153000000000000000e+05 8.023101260507285379e-05 1.677936565017628485e-04 6.610711694215591931e-04
1.154000000000000000e+05 8.409850992515614364e-05 1.746379553249837813e-04 6.763098749033362401e-04
1.155000000000000000e+05 6.683025579343703209e-05 1.448245429551270336e-04 6.696135342359317523e-04
1.156000000000000000e+05 8.912149454965226369e-05 1.631986115082490179e-04 6.669993232791014475e-04
1.157000000000000000e+05 8.804638446726546861e-05 1.685532785857058249e-04 6.671683825794792657e-04
1.158000000000000000e+05 7.753766932844588511e-05 1.763805754546937318e-04 7.003087562004390362e-04
1.159000000000000000e+05 8.518423021053160311e-05 2.177330108109531634e-04 7.585701312085063770e-04
1.160000000000000000e+05 9.301306014634382318e-05 2.134825181088475729e-04 8.016748742055228001e-04
1.161000000000000000e+05 7.995166431030910782e-05 2.579942695386903007e-04 8.318964799931470545e-04
1.162000000000000000e+05 8.587046541639459501e-05 2.638795614115848221e-04 8.065710103525317249e-04
1.163000000000000000e+05 9.026115261921154823e-05 1.430690819103382213e-04 7.286219955693634285e-04
1.164000000000000000e+05 8.584540066068678619e-05 1.608268877856848999e-04 6.716286014417478193e-04
1.165000000000000000e+05 6.848247212574000518e-05 1.535677566666997446e-04 6.367550291172241732e-04
1.166000000000000000e+05 6.378187714836083995e-05 1.440287136209818979e-04 6.105003003401591414e-04
1.167000000000000000e+05 4.975999430529057764e-05 1.075892703751023553e-04 5.943853875012808548e-04
1.168000000000000000e+05 6.823503450046600107e-05 1.436520552862335714e-04 5.713900731110374770e-04
1.169000000000000000e+05 5.542634627667407691e-05 1.152209692960726845e-04 5.393642316846258790e-04
1.170000000000000000e+05 6.257786997342096053e-05 1.358591995482509715e-04 5.102228927388471023e-04
1.171000000000000000e+05 5.247573533331313525e-05 1.438919666242434794e-04 4.853121574313304007e-04
1.172000000000000000e+05 6.085729312243207860e-05 1.636866996069887329e-04 4.603043873382445163e-04
1.173000000000000000e+05 5.757196601100932499e-05 2.086999792132954255e-04 4.351372029545801622e-04
1.174000000000000000e+05 7.928565509013465540e-05 4.190189309136512375e-04 4.327791734118132815e-04
1.175000000000000000e+05 1.076150900005284385e-04 7.414037640694679226e-04 4.725303528060922063e-04
1.176000000000000000e+05 1.380608020282809360e-04 8.305769036989537474e-04 4.805219996415237759e-04
1.177000000000000000e+05 1.056569628917007056e-04 3.666338866562789947e-04 4.223479536460053715e-04
1.178000000000000000e+05 8.753446710864761166e-05 3.260954006176761729e-04 3.575027796420502941e-04
1.179000000000000000e+05 6.018268545923666744e-05 2.375901635020245080e-04 2.768894848908851460e-04
1.180000000000000000e+05 5.393744588205314438e-05 1.779680347878947067e-04 2.114546636629512533e-04
1.181000000000000000e+05 3.682245869255959645e-05 1.284728875505507944e-04 1.870017209477422681e-04
1.182000000000000000e+05 2.806116581046216342e-05 9.440403472338107092e-05 1.670375526484393339e-04
1.183000000000000000e+05 1.833839850187666556e-05 8.137735223392734540e-05 1.610384603097366016e-04
1.184000000000000000e+05 2.088055703478505494e-05 7.541008301911993755e-05 1.553458416284328372e-04
1.185000000000000000e+05 2.011433515697807562e-05 4.726445033878092839e-05 1.507641899551998802e-04
1.186000000000000000e+05 2.096697333361994924e-05 3.719655466892786790e-05 1.463500152180570186e-04
1.187000000000000000e+05 1.401584827418920695e-05 2.935906016035972742e-05 1.426535987784428351e-04
1.188000000000000000e+05 2.006158555624396500e-05 3.931218834917843625e-05 1.399616881954832365e-04
1.189000000000000000e+05 2.138417772937895424e-05 4.663726517297576177e-05 1.424597245385737765e-04
1.190000000000000000e+05 2.923910340094157260e-05 6.711431241903269621e-05 1.444020037065559675e-04
1.191000000000000000e+05 2.183044747340502233e-05 4.828836496686773124e-05 1.427874369538464374e-04
1.192000000000000000e+05 2.082154052944192122e-05 6.441338055779717011e-05 1.406132008162271627e-04
1.193000000000000000e+05 1.492613200264911264e-05 3.942880453572402788e-05 1.338216922531040474e-04
1.194000000000000000e+05 1.895799281591966040e-05 4.476231416632507848e-05 1.274964527713348293e-04
1.195000000000000000e+05 1.399786902360384579e-05 2.720591160595074145e-05 1.264555962115779188e-04
1.196000000000000000e+05 1.478687739963591391e-05 3.843249684725225167e-05 1.257687526360391642e-04
1.197000000000000000e+05 1.391234809073345466e-05 5.437943775411217698e-05 1.312771362843265807e-04
1.198000000000000000e+05 2.777914887734866066e-05 1.000184132857692584e-04 1.368643377192184450e-04
1.199000000000000000e+05 1.598662303113298393e-05 5.737910953164572373e-05 1.452889794718680147e-04
