9.000000000000000000e+04 1.444827590098136352e-05 4.328545566114103777e-05 1.580959797735968591e-04
9.010000000000000000e+04 1.545254700870325347e-05 3.698456080036997893e-05 1.551818033411694149e-04
9.020000000000000000e+04 2.156949535951123236e-05 4.177957644637905494e-05 1.583229194050906816e-04
9.030000000000000000e+04 2.666865500497005853e-05 9.090622068072808592e-05 1.745915940013699648e-04
9.040000000000000000e+04 2.483613343613193963e-05 7.698677160045691993e-05 2.008566745404176250e-04
9.050000000000000000e+04 2.804232376460929306e-05 7.494947747236095550e-05 2.329324000182283246e-04
9.060000000000000000e+04 1.408020561613590764e-05 3.600603483083357785e-05 1.980996417518432104e-04
9.070000000000000000e+04 1.645598147585760848e-05 4.073070727865095485e-05 1.681301165011057778e-04
9.080000000000000000e+04 1.485549371275482109e-05 3.309847067740646085e-05 1.633630285200963605e-04
9.090000000000000000e+04 1.252760820998256473e-05 2.729510987945296414e-05 1.566882612152442199e-04
9.100000000000000000e+04 2.153215452717824048e-05 4.418597890036389661e-05 1.483263829254446921e-04
9.110000000000000000e+04 1.303320391601899410e-05 3.466978373817570657e-05 1.494059773850548313e-04
9.120000000000000000e+04 2.036226983108033704e-05 4.084638949476376130e-05 1.526584923538607398e-04
9.130000000000000000e+04 1.444265053071497090e-05 4.962531302738488310e-05 1.595455093615713181e-04
9.140000000000000000e+04 1.616349215775096898e-05 5.901275882034290213e-05 1.665792604408714570e-04
9.150000000000000000e+04 1.654866239980323978e-05 5.526613359536518061e-05 1.738895158872226585e-04
9.160000000000000000e+04 1.966502564526893078e-05 5.937869489006737580e-05 1.971548532228602061e-04
9.170000000000000000e+04 2.309859149974611658e-05 6.976549554740479431e-05 2.277441509355795121e-04
9.180000000000000000e+04 2.215488030559060757e-05 5.264675739017075961e-05 2.678734157769923859e-04
9.190000000000000000e+04 2.422035349384089702e-05 8.090911553603087744e-05 2.912860578229359222e-04
9.200000000000000000e+04 4.285771431107717952e-05 1.963778953731864759e-04 2.952384542875389237e-04
9.210000000000000000e+04 4.446296880047717398e-05 1.292732622810306687e-04 3.351181063383793174e-04
9.220000000000000000e+04 5.300824295345098192e-05 1.169257315134742347e-04 3.815114885739391863e-04
9.230000000000000000e+04 4.651681402238582027e-05 1.030973023588124316e-04 3.843375024730099807e-04
9.240000000000000000e+04 4.947334338329284790e-05 8.781157055534171817e-05 3.719937769961384781e-04
9.250000000000000000e+04 3.838679581065680170e-05 7.266356090223290935e-05 3.517691742989356219e-04
9.260000000000000000e+04 3.761300950795879935e-05 7.189173843121648977e-05 3.463091382981203455e-04
9.270000000000000000e+04 3.477122129469655291e-05 7.732060996851512161e-05 3.457969742865297570e-04
9.280000000000000000e+04 4.057093124843906594e-05 8.601866535855556654e-05 3.463906116773248617e-04
9.290000000000000000e+04 3.813478508620611260e-05 1.015331031540663486e-04 3.449843840735079175e-04
9.300000000000000000e+04 2.947858123228456985e-05 1.284813402839044124e-04 3.417899250580904076e-04
9.310000000000000000e+04 3.247564353762685038e-05 1.115730777026428876e-04 3.406067925995120353e-04
9.320000000000000000e+04 3.150302900507920842e-05 8.583452121023211080e-05 3.405221702256363788e-04
9.330000000000000000e+04 2.857027091394048410e-05 7.636171854325587028e-05 3.397943785687690312e-04
9.340000000000000000e+04 5.181226376149185298e-05 9.563112182462920772e-05 3.400100846338322967e-04
9.350000000000000000e+04 4.473744932910207186e-05 9.684052997784541039e-05 3.423466754346601794e-04
9.360000000000000000e+04 2.466403916793059696e-05 5.947030978230776832e-05 3.446597473129926108e-04
9.370000000000000000e+04 2.751318514737074788e-05 6.569676195149328976e-05 3.483324782939095491e-04
9.380000000000000000e+04 2.498332829237805185e-05 7.183437959256197677e-05 3.514294500528834689e-04
9.390000000000000000e+04 3.394023753938322716e-05 6.645072654977034112e-05 3.517170749755723887e-04
9.400000000000000000e+04 2.464044113381278194e-05 6.469046721669041797e-05 3.512744851686958525e-04
9.410000000000000000e+04 4.221340745217305908e-05 1.082808967599809837e-04 3.560596337825701948e-04
9.420000000000000000e+04 3.466134954234581815e-05 1.284617943732164732e-04 3.625967192305621202e-04
9.430000000000000000e+04 3.168087059443960591e-05 1.221894881454320403e-04 3.590781887658650064e-04
9.440000000000000000e+04 3.418224427341817620e-05 6.588140906268157015e-05 3.504484898575408185e-04
9.450000000000000000e+04 3.770780148570782248e-05 7.097108198661082785e-05 3.471587464907096047e-04
9.460000000000000000e+04 3.113244529159728225e-05 6.701560339951868591e-05 3.454631969353628290e-04
9.470000000000000000e+04 2.899461415394911923e-05 7.531983516804237767e-05 3.402529123723282219e-04
9.480000000000000000e+04 4.591100704517340602e-05 8.626335988616329374e-05 3.344046609454501230e-04
9.490000000000000000e+04 2.908887827401582769e-05 5.653984788531716838e-05 3.344711630871880447e-04
9.500000000000000000e+04 3.583294548957830471e-05 6.775881077722119630e-05 3.365562663315593535e-04
9.510000000000000000e+04 3.932438380252554610e-05 7.676768290390550845e-05 3.405113743107767029e-04
9.520000000000000000e+04 3.224199411772809718e-05 7.069611449495477899e-05 3.468942519449740415e-04
9.530000000000000000e+04 3.464157036312914524e-05 7.810459772910016652e-05 3.542899908088483602e-04
9.540000000000000000e+04 3.189632401536586937e-05 7.671733843855058554e-05 3.629573533147478076e-04
9.550000000000000000e+04 4.031086141689907334e-05 1.204299008505982957e-04 3.697557529042473428e-04
9.560000000000000000e+04 4.542097492283116763e-05 1.184223894306399424e-04 3.677760071429588017e-04
9.570000000000000000e+04 3.364025965133427042e-05 1.000239001571078977e-04 3.632065635393693899e-04
9.580000000000000000e+04 4.127194629980875454e-05 8.465648770258237714e-05 3.612942456613963500e-04
9.590000000000000000e+04 3.275361990532336563e-05 6.451075758972358394e-05 3.602776982392553616e-04
9.600000000000000000e+04 4.104322398912156871e-05 8.296514792027531509e-05 3.586769909612687649e-04
9.610000000000000000e+04 3.311715710095067180e-05 6.600538118007155891e-05 3.637611311843061911e-04
9.620000000000000000e+04 3.977180662250145429e-05 8.603080146104701183e-05 3.822573268875601479e-04
9.630000000000000000e+04 3.061838378170617320e-05 7.723029812647578098e-05 4.017260247096678333e-04
9.640000000000000000e+04 5.111586931934075694e-05 1.272904688195897129e-04 4.016016101093427323e-04
9.650000000000000000e+04 3.615565454913798960e-05 1.679079493954339767e-04 4.098364185433175282e-04
9.660000000000000000e+04 3.764490011711683600e-05 1.298277316000338117e-04 4.353688843170408691e-04
9.670000000000000000e+04 5.528465805441120902e-05 1.129472154493134611e-04 4.356570454118306474e-04
9.680000000000000000e+04 4.141652346596774075e-05 9.199532155048994542e-05 4.052406978430349478e-04
9.690000000000000000e+04 2.704573768923940191e-05 6.997631275232964491e-05 3.873758272129589086e-04
9.700000000000000000e+04 2.732547263403940904e-05 6.981795020584490117e-05 3.823407381919465367e-04
9.710000000000000000e+04 3.513001333707550062e-05 8.078228506811543485e-05 3.774396566828201846e-04
9.720000000000000000e+04 3.273871521460031001e-05 8.247319846655938418e-05 3.723310787988169689e-04
9.730000000000000000e+04 2.840672536331235532e-05 7.727940560712560783e-05 3.726927747244177989e-04
9.740000000000000000e+04 3.327554510225671754e-05 8.217830575938528392e-05 3.772525447775683925e-04
9.750000000000000000e+04 3.460444450996484319e-05 7.343624808268576186e-05 3.788480240390297072e-04
9.760000000000000000e+04 3.555230970561152649e-05 7.314872397241970478e-05 3.804952251199240128e-04
9.770000000000000000e+04 3.856205014791843884e-05 7.855267752295512756e-05 3.847855986512472366e-04
9.780000000000000000e+04 2.781864957604153954e-05 7.880346501201859408e-05 3.879404207553288826e-04
9.790000000000000000e+04 3.699544430405872107e-05 7.987434724004527191e-05 3.877761671757802130e-04
9.800000000000000000e+04 3.887770146223577762e-05 7.848058235304449740e-05 3.881188648760052992e-04
9.810000000000000000e+04 3.462824568166965062e-05 7.170004122173675261e-05 3.934114261957657229e-04
9.820000000000000000e+04 3.714360279715166495e-05 6.997300208787905285e-05 3.982642505102776767e-04
9.830000000000000000e+04 3.382171220944751866e-05 6.971786306645696247e-05 4.047085891118581882e-04
9.840000000000000000e+04 4.350472564833317898e-05 7.880367693208667652e-05 4.116125455679897670e-04
9.850000000000000000e+04 5.344676298453922628e-05 1.143912825379845275e-04 4.200220268205166578e-04
9.860000000000000000e+04 6.583775574916600698e-05 1.157824509261956721e-04 4.324407664031457805e-04
9.870000000000000000e+04 5.720171805717117397e-05 1.022053571974342436e-04 4.427978738087605197e-04
9.880000000000000000e+04 5.521198619529003350e-05 1.020644340117333082e-04 4.567287587451252634e-04
9.890000000000000000e+04 6.396113489246212916e-05 1.274371665267263749e-04 4.739865076918216595e-04
9.900000000000000000e+04 4.657400599297837609e-05 1.195344058256817324e-04 4.940471440616992643e-04
9.910000000000000000e+04 4.688262560669203671e-05 1.050616657040361014e-04 5.154054926787620750e-04
9.920000000000000000e+04 6.588933831014944517e-05 1.317325352495702707e-04 5.259123593472305900e-04
9.930000000000000000e+04 5.929729914050862680e-05 1.530930497389766968e-04 5.414169267826534097e-04
9.940000000000000000e+04 7.083320035102300778e-05 1.511576322586350037e-04 5.495414118130599601e-04
9.950000000000000000e+04 7.996885870257321735e-05 1.468034818226330988e-04 5.553432037547460657e-04
9.960000000000000000e+04 6.681269780522362117e-05 1.612300657869124298e-04 5.646754688602871261e-04
9.970000000000000000e+04 5.795302614532409774e-05 1.407397701041975023e-04 5.476868812672512589e-04
9.980000000000000000e+04 5.296023828145593514e-05 1.235939744984819303e-04 5.303340639047577146e-04
9.990000000000000000e+04 8.199089206131548796e-05 1.604464566232318627e-04 5.394789852114571490e-04
1.000000000000000000e+05 5.821484905011364494e-05 1.364469665351516385e-04 5.564928385662057430e-04
1.001000000000000000e+05 5.001668051011533018e-05 1.416177317040232409e-04 5.412001467542464864e-04
1.002000000000000000e+05 3.654557300475391214e-05 1.442323875820231138e-04 5.260171864692210746e-04
1.003000000000000000e+05 5.337720427038772841e-05 1.481294029724947192e-04 5.236646376046065563e-04
1.004000000000000000e+05 5.656831472674261028e-05 1.323178601292360245e-04 5.263569617651463238e-04
1.005000000000000000e+05 5.186867371086660702e-05 1.096086881753037686e-04 5.310035230182817310e-04
1.006000000000000000e+05 6.204217524938531597e-05 1.940079096595730915e-04 5.366932537494221696e-04
1.007000000000000000e+05 4.937046544928531174e-05 2.220838442155356751e-04 5.485022118178365736e-04
1.008000000000000000e+05 4.558510824985309660e-05 1.597841990931431764e-04 5.604118733207948296e-04
1.009000000000000000e+05 6.074255903502402427e-05 1.316881289460383395e-04 5.646384328974223465e-04
1.010000000000000000e+05 5.338168040984415854e-05 1.142185822331901780e-04 5.682745502693464876e-04
1.011000000000000000e+05 7.432105829353321744e-05 1.351541264108516898e-04 5.682946225406544476e-04
1.012000000000000000e+05 6.888638823848215222e-05 1.408780210939450470e-04 5.830967343930270382e-04
1.013000000000000000e+05 1.027704849942024257e-04 2.043496062020042211e-04 6.313587986816895188e-04
1.014000000000000000e+05 8.047393745436843236e-05 1.923979924245125452e-04 6.346685995976901994e-04
1.015000000000000000e+05 8.633144823891336379e-05 1.788700166932094505e-04 6.062062214254806828e-04
1.016000000000000000e+05 1.173334972385215802e-04 1.977712741757528623e-04 6.441831158402036355e-04
1.017000000000000000e+05 9.497576350973912021e-05 1.930078705140009752e-04 6.474159833619205729e-04
1.018000000000000000e+05 7.442168757554833407e-05 1.314051306752834396e-04 5.821766969155469772e-04
1.019000000000000000e+05 5.083066448322828747e-05 1.117269435253348282e-04 5.537753188225833000e-04
1.020000000000000000e+05 6.380117146556618657e-05 1.259065043114223313e-04 5.745920485480838103e-04
1.021000000000000000e+05 6.772869898840619060e-05 1.515054650766815055e-04 5.917506551185357450e-04
1.022000000000000000e+05 5.514791547430461863e-05 1.567968095240058340e-04 5.797663837669509487e-04
1.023000000000000000e+05 5.879109707327692062e-05 1.814909729747884917e-04 5.728046842531708338e-04
1.024000000000000000e+05 5.736379624522985193e-05 1.724357738186139749e-04 5.759487478736501163e-04
1.025000000000000000e+05 5.345875256729010379e-05 1.179390633617477709e-04 5.765003294561058152e-04
1.026000000000000000e+05 5.502516781656868836e-05 1.380057045067983488e-04 5.739717487824102593e-04
1.027000000000000000e+05 5.395582944954610983e-05 1.790318970859435758e-04 5.783436903562255704e-04
1.028000000000000000e+05 7.749068134088490760e-05 1.755083800461942770e-04 5.907996844881127077e-04
1.029000000000000000e+05 9.102740317363492047e-05 1.527655233551956796e-04 6.039777944754075615e-04
1.030000000000000000e+05 7.087689108630000710e-05 1.220995780150148369e-04 5.977623317612782263e-04
1.031000000000000000e+05 7.307129357519233284e-05 1.453663467715415663e-04 5.762562554341305867e-04
1.032000000000000000e+05 7.022749303842249760e-05 1.373632798605345872e-04 5.558933622495589207e-04
1.033000000000000000e+05 6.134330594733685381e-05 1.387052103097656227e-04 5.443114918708960234e-04
1.034000000000000000e+05 4.608195178981006057e-05 1.051574985555586358e-04 5.353730790464381354e-04
1.035000000000000000e+05 5.823233810430287691e-05 1.479492909527604493e-04 5.252417154515629785e-04
1.036000000000000000e+05 5.920580748854857404e-05 1.330056555791908190e-04 5.221039708232428668e-04
1.037000000000000000e+05 6.304973787810830418e-05 1.209953543817790110e-04 5.247454331973672647e-04
1.038000000000000000e+05 5.085535669744196919e-05 1.024568271258903041e-04 5.211877272470533725e-04
1.039000000000000000e+05 4.881175352251630609e-05 1.057046395165975859e-04 5.230772262854713108e-04
1.040000000000000000e+05 4.913850699820145398e-05 1.297376890121330418e-04 5.452551895328108019e-04
1.041000000000000000e+05 4.892701678455826843e-05 1.264727392585147329e-04 5.489597445474229693e-04
1.042000000000000000e+05 4.620586732822313993e-05 1.028438924692931609e-04 5.351621002980060625e-04
1.043000000000000000e+05 4.466095675811161594e-05 9.865245248165974232e-05 5.307863984670103605e-04
1.044000000000000000e+05 4.959411334401291321e-05 9.680724379265758048e-05 5.310370951161917695e-04
1.045000000000000000e+05 5.757831077240457883e-05 1.283373665367470409e-04 5.352594754455185190e-04
1.046000000000000000e+05 5.977006129609060449e-05 1.335349588951132002e-04 5.390642619487555614e-04
1.047000000000000000e+05 5.312495752495514662e-05 1.472390596858481329e-04 5.463863249317718607e-04
1.048000000000000000e+05 6.784375443486028107e-05 1.462476356506030198e-04 5.495409109433313467e-04
1.049000000000000000e+05 4.639238420714518300e-05 9.492090905207403295e-05 5.492569756198908927e-04
1.050000000000000000e+05 4.876461116337541066e-05 1.205112528038290980e-04 5.548819995877555741e-04
1.051000000000000000e+05 5.786986808610429956e-05 1.189463362849255612e-04 5.633079377148662381e-04
1.052000000000000000e+05 4.932443747999982163e-05 1.039876618154002719e-04 5.689494907188238828e-04
1.053000000000000000e+05 5.140224070909608142e-05 1.142514986077067729e-04 5.728979420191736586e-04
1.054000000000000000e+05 5.951338624679081493e-05 1.105886868178231064e-04 5.757980622065163919e-04
1.055000000000000000e+05 5.942522331797760269e-05 1.028337678486683114e-04 5.882827639709036589e-04
1.056000000000000000e+05 5.259710112206724721e-05 1.249331831030973863e-04 5.934611066588954629e-04
1.057000000000000000e+05 7.241763779088170733e-05 1.272690533824071685e-04 5.742780658771959573e-04
1.058000000000000000e+05 7.815728288969694178e-05 1.317281688686827192e-04 5.675918222234808096e-04
1.059000000000000000e+05 5.998843670489725603e-05 1.594192456726579435e-04 5.754412359166636952e-04
1.060000000000000000e+05 7.422873089909447046e-05 1.547870127297663314e-04 5.795378120516911672e-04
1.061000000000000000e+05 7.408209380478365629e-05 1.940433408314396488e-04 5.734295975082940103e-04
1.062000000000000000e+05 8.596671577863773282e-05 1.778194115836803451e-04 5.649472148856466000e-04
1.063000000000000000e+05 7.418913190350602538e-05 1.631913202408957894e-04 5.681717297355432785e-04
1.064000000000000000e+05 7.941225829513967605e-05 1.577252177287986933e-04 5.861739352518599523e-04
1.065000000000000000e+05 6.412318845713208416e-05 1.347120672990715284e-04 5.958767748196093636e-04
1.066000000000000000e+05 5.519959949889499586e-05 1.256570647848207845e-04 5.874022641575040284e-04
1.067000000000000000e+05 8.136398658611032012e-05 1.728716816061132448e-04 5.965627535429424795e-04
1.068000000000000000e+05 6.296899251200026391e-05 1.608992940565600726e-04 6.159270024899210841e-04
1.069000000000000000e+05 4.614952569986200022e-05 1.348434252770364019e-04 6.181181929116606787e-04
1.070000000000000000e+05 5.688037498438754634e-05 1.394627032596945388e-04 6.193584915247208559e-04
1.071000000000000000e+05 6.833458088239283221e-05 1.356241305775671927e-04 6.277978645092670501e-04
1.072000000000000000e+05 6.331815957920806232e-05 1.278667000842150176e-04 6.338964214171744892e-04
1.073000000000000000e+05 9.462074958345001018e-05 1.694963754657771672e-04 6.523776888447193213e-04
1.074000000000000000e+05 7.547980790042953941e-05 1.753255234401527056e-04 6.752770405150029798e-04
1.075000000000000000e+05 9.934476309672775080e-05 1.749876511670552101e-04 6.651247914493923618e-04
1.076000000000000000e+05 6.639727137706865224e-05 1.304820711606218984e-04 6.389993560556211970e-04
1.077000000000000000e+05 6.569829752249686707e-05 1.281118196101334317e-04 6.184286725877054421e-04
1.078000000000000000e+05 5.650693105435763888e-05 1.290778964910618441e-04 6.044090158720268708e-04
1.079000000000000000e+05 7.267005902076597006e-05 1.301662947512195528e-04 5.912218688312172133e-04
1.080000000000000000e+05 6.437896759750767750e-05 1.170849286114784490e-04 5.861388008800962274e-04
1.081000000000000000e+05 6.543273497529344170e-05 1.411375406095631384e-04 5.979942531370956160e-04
1.082000000000000000e+05 6.375141026349767388e-05 1.186559911524862109e-04 5.928251833331088429e-04
1.083000000000000000e+05 4.507355153186495822e-05 1.005455439596223072e-04 5.704794574390043569e-04
1.084000000000000000e+05 4.251056126816426736e-05 9.563339650196767648e-05 5.651752306356191188e-04
1.085000000000000000e+05 5.135547790656566549e-05 1.354866780666925128e-04 5.674475617601972824e-04
1.086000000000000000e+05 4.855977862576227495e-05 1.136824570030267167e-04 5.794042486646862247e-04
1.087000000000000000e+05 4.593412520079674915e-05 1.089844672552414554e-04 5.994269305104623193e-04
1.088000000000000000e+05 4.900857051205092033e-05 1.103585038353527411e-04 6.092173756284250709e-04
1.089000000000000000e+05 5.229743076997717469e-05 1.705017333943615026e-04 6.231871235340969957e-04
1.090000000000000000e+05 6.124936325545694664e-05 2.013185728968061930e-04 6.596652295820314800e-04
1.091000000000000000e+05 6.523239153414042441e-05 2.074268710235816328e-04 6.968084496089206646e-04
1.092000000000000000e+05 6.797504792934306976e-05 1.874020695063414706e-04 6.909637806579030719e-04
1.093000000000000000e+05 5.091567906768403821e-05 1.509848176670147745e-04 6.592976324488621477e-04
1.094000000000000000e+05 7.475188448976698066e-05 1.542144385341754015e-04 6.321315823043819823e-04
1.095000000000000000e+05 6.168068758067224086e-05 1.348511371168983073e-04 6.151619252376448830e-04
1.096000000000000000e+05 6.095781408436756407e-05 1.355671711262246932e-04 6.019896183395474646e-04
1.097000000000000000e+05 5.925627539224735327e-05 1.112094897657661631e-04 5.904504359324192451e-04
1.098000000000000000e+05 6.961782205663685427e-05 1.156004072573195473e-04 5.790919869642758254e-04
1.099000000000000000e+05 5.088069486335251336e-05 1.156561555823688251e-04 5.713270481676241321e-04
1.100000000000000000e+05 6.574512956773292775e-05 1.362857095183814260e-04 5.641784584736914436e-04
1.101000000000000000e+05 5.307867302651962920e-05 1.110408164342024375e-04 5.608678007443498913e-04
1.102000000000000000e+05 3.704253315959832749e-05 8.555767054053314054e-05 5.555684377375878129e-04
1.103000000000000000e+05 5.854733558855330488e-05 1.126547169748274993e-04 5.469994488190735391e-04
1.104000000000000000e+05 5.558550127133848797e-05 1.090351272322174396e-04 5.395375133362613918e-04
1.105000000000000000e+05 4.457086805721135938e-05 1.023694061010486716e-04 5.336734684243210581e-04
1.106000000000000000e+05 5.064361796803433860e-05 1.160217925105786526e-04 5.236905711137446705e-04
1.107000000000000000e+05 3.759679457937054525e-05 9.834086100270769898e-05 5.120883369815107909e-04
1.108000000000000000e+05 4.441021712505241080e-05 1.075247000033296703e-04 5.070341780651463522e-04
1.109000000000000000e+05 4.661669859431160582e-05 9.869594959057120375e-05 5.129505406273596928e-04
1.110000000000000000e+05 4.784012351850049777e-05 1.072243803399815709e-04 5.181182381215158070e-04
1.111000000000000000e+05 5.588709188677137363e-05 1.256981740986554022e-04 5.217492297449030690e-04
1.112000000000000000e+05 5.037111403875284277e-05 1.091918115358746525e-04 5.320727711495938043e-04
1.113000000000000000e+05 6.813810550437799729e-05 1.446114180470530852e-04 5.408570142277002377e-04
1.114000000000000000e+05 5.310822859643318534e-05 1.761274215382459219e-04 5.427774650067314008e-04
1.115000000000000000e+05 5.623993427301499180e-05 1.623766920287485335e-04 5.469926604047678151e-04
1.116000000000000000e+05 5.228202556633850060e-05 1.035800944363348720e-04 5.638644341520339517e-04
1.117000000000000000e+05 6.613711814399889088e-05 1.419374107847998050e-04 5.817833047137797040e-04
1.118000000000000000e+05 7.756606742263067941e-05 1.553454504859379248e-04 5.914860924278864248e-04
1.119000000000000000e+05 6.831618391689615877e-05 1.361828591138325830e-04 6.304964960120541589e-04
1.120000000000000000e+05 7.636536678305770685e-05 1.727442239916852917e-04 6.603679447748277359e-04
1.121000000000000000e+05 8.093195089337295450e-05 1.504149432627591067e-04 6.228583087407729701e-04
1.122000000000000000e+05 9.088300970112525579e-05 1.683020131367867454e-04 6.220709385500867820e-04
1.123000000000000000e+05 7.234562021583162712e-05 1.354401698499007635e-04 6.776881331680526151e-04
1.124000000000000000e+05 8.360256718510541800e-05 1.961772306415486816e-04 6.739496973865963551e-04
1.125000000000000000e+05 8.610923960371600315e-05 1.853324230095316659e-04 6.454163399182548952e-04
1.126000000000000000e+05 5.987741693589353469e-05 1.501142838792763343e-04 6.517242620442779966e-04
1.127000000000000000e+05 7.381871567064038873e-05 1.440043092980513488e-04 6.252739067084027783e-04
1.128000000000000000e+05 6.297917833599116482e-05 1.197741272686436579e-04 5.878930811641250396e-04
1.129000000000000000e+05 6.717514476391802259e-05 1.564673439714100349e-04 5.948806642274108089e-04
1.130000000000000000e+05 8.538896762436316585e-05 1.721263835208063520e-04 6.203708695080843195e-04
1.131000000000000000e+05 6.556672395830137699e-05 1.380324341011778108e-04 6.115809922435350805e-04
1.132000000000000000e+05 6.931593919042489029e-05 1.246160885485215163e-04 5.987878617391644400e-04
1.133000000000000000e+05 5.329197221559190192e-05 1.153605593005524932e-04 6.018855786500296135e-04
1.134000000000000000e+05 6.341409779092870187e-05 1.138683561310357278e-04 5.889908467434778073e-04
1.135000000000000000e+05 8.308656692921788291e-05 1.417314722867104746e-04 5.827328157825939058e-04
1.136000000000000000e+05 6.785285083705356289e-05 1.499613934397754384e-04 5.957538761417059247e-04
1.137000000000000000e+05 6.796068648885539212e-05 1.473049026902000522e-04 5.833902619881129901e-04
1.138000000000000000e+05 5.348566812819657412e-05 1.289102716632564358e-04 5.516268712479001531e-04
1.139000000000000000e+05 6.710674377270341075e-05 1.546192980433797352e-04 5.610583315931315547e-04
1.140000000000000000e+05 6.267894788949523316e-05 1.842034583030502121e-04 5.945812696679085053e-04
1.141000000000000000e+05 6.422017689385061973e-05 1.343179798983563673e-04 6.042479660880203766e-04
1.142000000000000000e+05 4.911489127442129551e-05 1.238621891665692100e-04 6.083736023867659546e-04
1.143000000000000000e+05 6.810745289422513726e-05 1.294616645808295899e-04 5.990506906395219773e-04
1.144000000000000000e+05 4.833991841136583718e-05 9.495379967115042102e-05 5.864095355949503104e-04
1.145000000000000000e+05 6.271303633114896654e-05 1.156938204801326656e-04 5.687136173447940877e-04
1.146000000000000000e+05 6.673238559262511475e-05 1.137149660263094041e-04 5.566653751878396965e-04
1.147000000000000000e+05 5.210617117533996711e-05 9.831160882741308681e-05 5.599295125195015823e-04
1.148000000000000000e+05 3.272868197678026683e-05 8.131818778237193731e-05 5.548662069513029876e-04
1.149000000000000000e+05 4.296794792436864872e-05 8.560249290471438378e-05 5.408752718295132319e-04
1.150000000000000000e+05 3.606483213839241191e-05 1.005799940373789400e-04 5.358827231439939080e-04
1.151000000000000000e+05 4.463632730953746245e-05 8.598027482092625642e-05 5.413370613359528346e-04
1.152000000000000000e+05 4.030240064247414718e-05 9.114011251876966320e-05 5.669392898497308333e-04
1.153000000000000000e+05 5.147685456923065291e-05 1.098306130885808767e-04 5.997867227660354369e-04
1.154000000000000000e+05 5.410029472416235264e-05 1.323936787629463119e-04 6.039842926518269352e-04
1.155000000000000000e+05 5.027400302413031694e-05 1.041634349885171016e-04 6.068623141413304663e-04
1.156000000000000000e+05 5.985493214615076728e-05 1.080730246198396754e-04 6.201795103836196983e-04
1.157000000000000000e+05 8.167289385089670107e-05 1.450378568992457748e-04 6.168943792845227271e-04
1.158000000000000000e+05 5.357072363810805749e-05 1.300124847950015483e-04 6.317483978139931287e-04
1.159000000000000000e+05 5.005799512376469390e-05 1.107673659656414769e-04 6.782877315241448270e-04
1.160000000000000000e+05 7.266876903066110845e-05 1.267807159302712866e-04 7.190097027164340333e-04
1.161000000000000000e+05 1.062680408735258838e-04 2.095375781382291134e-04 7.656336488351322619e-04
1.162000000000000000e+05 7.960142801271565503e-05 2.032312561662472919e-04 7.520686277120371306e-04
1.163000000000000000e+05 7.336002908500270561e-05 1.628720739725654813e-04 6.769279510351616661e-04
1.164000000000000000e+05 7.611987278656397616e-05 1.348724047886423489e-04 6.165404552057323229e-04
1.165000000000000000e+05 4.449337832417357957e-05 1.013706508660843766e-04 5.843945314325802495e-04
1.166000000000000000e+05 5.872994875598380998e-05 1.241160229190615754e-04 5.643868387950593977e-04
1.167000000000000000e+05 4.969211685445639338e-05 1.042467037588950228e-04 5.504357803712902090e-04
1.168000000000000000e+05 5.842981815524128826e-05 1.137136209835032125e-04 5.331812653412851613e-04
1.169000000000000000e+05 5.069183036570355794e-05 1.632286107497586724e-04 4.946073641735074201e-04
1.170000000000000000e+05 3.645637806791327071e-05 2.133279015065161111e-04 4.633109516630224008e-04
1.171000000000000000e+05 6.159707500773801709e-05 1.205350559448297798e-04 4.567303294994336238e-04
1.172000000000000000e+05 7.551270955741035042e-05 1.682842674215371073e-04 4.301284521350595886e-04
1.173000000000000000e+05 8.058589180642616650e-05 2.923809150697512715e-04 3.893528335059426326e-04
1.174000000000000000e+05 9.765212736136824351e-05 5.000403459987782292e-04 4.038731508007611611e-04
1.175000000000000000e+05 1.184816955835731956e-04 6.116484628877890892e-04 4.294626991800679842e-04
1.176000000000000000e+05 1.461137464240037844e-04 5.530756593592479594e-04 4.432976776524180608e-04
1.177000000000000000e+05 1.148997522006423347e-04 3.706168066537609217e-04 4.163736298968517390e-04
1.178000000000000000e+05 9.150100242480863500e-05 2.026659471093477478e-04 3.520278803952529931e-04
1.179000000000000000e+05 6.929708596164929515e-05 1.565400375714178351e-04 2.603222440716681011e-04
1.180000000000000000e+05 4.066871734881294387e-05 9.251612547756738933e-05 1.844375782102363869e-04
1.181000000000000000e+05 2.500506414717293380e-05 6.612587376553957135e-05 1.522913022770795157e-04
1.182000000000000000e+05 1.706454146719995951e-05 4.262451554682437839e-05 1.347877567486621697e-04
1.183000000000000000e+05 1.640575287779891191e-05 3.230728978523213397e-05 1.275436051982169617e-04
1.184000000000000000e+05 1.585818043040183032e-05 2.849844263919193931e-05 1.217662235152613932e-04
1.185000000000000000e+05 1.519867063743757718e-05 3.090379331969437269e-05 1.170368106293333212e-04
1.186000000000000000e+05 1.186119301078740679e-05 2.503253749043497247e-05 1.139365559655548045e-04
1.187000000000000000e+05 1.058633012560394686e-05 2.340947508489131404e-05 1.108880023826631581e-04
1.188000000000000000e+05 1.306850801089797388e-05 2.850902346495562650e-05 1.083171812706558884e-04
1.189000000000000000e+05 1.168799860085880814e-05 2.734642369669356668e-05 1.087338335006672526e-04
1.190000000000000000e+05 1.508529708534252797e-05 3.087506827011038163e-05 1.097922891094785805e-04
1.191000000000000000e+05 1.368913515138609209e-05 2.866114870740457394e-05 1.104503132534859775e-04
1.192000000000000000e+05 1.376303227619159034e-05 3.332449686080732072e-05 1.100680669892438002e-04
1.193000000000000000e+05 1.316015028911374403e-05 2.859303895628669857e-05 1.079683108872969244e-04
1.194000000000000000e+05 9.676193599753152015e-06 2.014726612742468522e-05 1.060469896986545262e-04
1.195000000000000000e+05 1.261168457350190825e-05 2.750015321992873305e-05 1.043530432187931363e-04
1.196000000000000000e+05 9.501967612163505811e-06 2.545181336570040485e-05 1.049900792299243208e-04
1.197000000000000000e+05 1.080058435394323627e-05 2.384696572678889016e-05 1.082465960044419191e-04
1.198000000000000000e+05 1.299892241593744171e-05 2.492535380895938041e-05 1.159251563572201253e-04
1.199000000000000000e+05 8.286898437052383441e-06 1.992515311289891583e-05 1.220239768447224551e-04
