9.000000000000000000e+04 2.181288938300369996e-05 5.508576358394842287e-05 1.796764058666163084e-04
9.010000000000000000e+04 1.700496643341966197e-05 3.684705017883074395e-05 1.786865816288795566e-04
9.020000000000000000e+04 1.767471969819098352e-05 3.979332244467208117e-05 1.776967573911428862e-04
9.030000000000000000e+04 1.237947998353517462e-05 4.327409529774315939e-05 1.826196280286016655e-04
9.040000000000000000e+04 1.945535051878910645e-05 7.113583579874212161e-05 1.876113065607318406e-04
9.050000000000000000e+04 1.591874455014047340e-05 4.998757230618891111e-05 1.973510244314135588e-04
9.060000000000000000e+04 2.706145870963138603e-05 4.794558309603738568e-05 2.072625514211557751e-04
9.070000000000000000e+04 1.510350352615648741e-05 3.132170631404661829e-05 1.977287726290177458e-04
9.080000000000000000e+04 1.935653061683673321e-05 4.242764697936541891e-05 1.872268091248643852e-04
9.090000000000000000e+04 1.345986260476629711e-05 2.918010005782244870e-05 1.838372299078645919e-04
9.100000000000000000e+04 2.214995389460965741e-05 4.333483093363181288e-05 1.809437926024273270e-04
9.110000000000000000e+04 2.134920745126267223e-05 3.959243431394163216e-05 1.834317527690387936e-04
9.120000000000000000e+04 1.908401869908822601e-05 3.819548488719466889e-05 1.863549869444919369e-04
9.130000000000000000e+04 1.206958032743017661e-05 3.685284064974066100e-05 1.941449547022607047e-04
9.140000000000000000e+04 2.178529079332252260e-05 5.989787960075724756e-05 2.025366783841762671e-04
9.150000000000000000e+04 2.291766787943937296e-05 7.710987801645347093e-05 2.194356285065481862e-04
9.160000000000000000e+04 2.618670994564115768e-05 9.799697062914356242e-05 2.374229039118241251e-04
9.170000000000000000e+04 1.765420045519224424e-05 7.444374593198598445e-05 2.689771065029006791e-04
9.180000000000000000e+04 1.841135657335951333e-05 5.340283181947227172e-05 3.020474672717695123e-04
9.190000000000000000e+04 2.157887155828286298e-05 5.346518146424119331e-05 3.140022673454459859e-04
9.200000000000000000e+04 2.963003727218289788e-05 9.772509697448221325e-05 3.231273869150342844e-04
9.210000000000000000e+04 2.968534105470514587e-05 8.871748150817993775e-05 3.629520800467158823e-04
9.220000000000000000e+04 3.425727237904829239e-05 8.951321179183753486e-05 4.075654183931957724e-04
9.230000000000000000e+04 2.488538026805358055e-05 7.172054864334245208e-05 4.170665833504025506e-04
9.240000000000000000e+04 4.012819101139534616e-05 9.673559158940417445e-05 4.196410014131422839e-04
9.250000000000000000e+04 4.170551690553411751e-05 1.068112910179162584e-04 4.096370160517136911e-04
9.260000000000000000e+04 5.448557126429271055e-05 1.119650894752139705e-04 3.972238837984580712e-04
9.270000000000000000e+04 2.815024191099558225e-05 7.233503060590450694e-05 3.902515110754563570e-04
9.280000000000000000e+04 3.519099730329663424e-05 7.798885663967675521e-05 3.846888389424606950e-04
9.290000000000000000e+04 2.781927639681678298e-05 6.065813225374755945e-05 3.866757865977850698e-04
9.300000000000000000e+04 4.530727893835339096e-05 8.236642537016547298e-05 3.901599241966714521e-04
9.310000000000000000e+04 3.345643366101764497e-05 7.437167437946947323e-05 3.919422420080471156e-04
9.320000000000000000e+04 3.251318842166733922e-05 9.111865170384280494e-05 3.927636856355680352e-04
9.330000000000000000e+04 2.694444530069978845e-05 6.859503992713756769e-05 3.910826346422961882e-04
9.340000000000000000e+04 3.049174311138276149e-05 7.291693714879928174e-05 3.899783471301643202e-04
9.350000000000000000e+04 4.006726105398612098e-05 7.972245370481395978e-05 3.902091374483096552e-04
9.360000000000000000e+04 4.290045067147411038e-05 7.857222686065770678e-05 3.910000925729203210e-04
9.370000000000000000e+04 4.104098371580732580e-05 7.535871399451664647e-05 3.919811791111880799e-04
9.380000000000000000e+04 3.762707020497159426e-05 7.556884169686599231e-05 3.914078190942868918e-04
9.390000000000000000e+04 3.158676857845891129e-05 8.787896231570899944e-05 3.933469995309010650e-04
9.400000000000000000e+04 2.464196907939994767e-05 1.063901922876362154e-04 3.969403818773529049e-04
9.410000000000000000e+04 3.101066180943937980e-05 9.808855610554195964e-05 3.995090171200732488e-04
9.420000000000000000e+04 4.808621342017121124e-05 1.752351501636198049e-04 4.032276563345659945e-04
9.430000000000000000e+04 3.496689732289192483e-05 2.368871729632363141e-04 4.026811486883469021e-04
9.440000000000000000e+04 3.409276025119386535e-05 3.193083695890584404e-04 3.977066862670289391e-04
9.450000000000000000e+04 3.215273919080391700e-05 2.473030460519155772e-04 3.941900773856315860e-04
9.460000000000000000e+04 3.087945238598879079e-05 1.103219919706124527e-04 3.926614339143507802e-04
9.470000000000000000e+04 3.477483193856979477e-05 6.981314604478922178e-05 3.911437464649213341e-04
9.480000000000000000e+04 4.757050323170081054e-05 9.142145306542675967e-05 3.916636443992160019e-04
9.490000000000000000e+04 4.385789201770000411e-05 1.022496445149542678e-04 3.986440938822034168e-04
9.500000000000000000e+04 4.164426810538562635e-05 1.009134252631424099e-04 4.064380375156428416e-04
9.510000000000000000e+04 4.045958162760324422e-05 9.786857344689232603e-05 4.106842742839760928e-04
9.520000000000000000e+04 3.774659895627911982e-05 8.266753896155694305e-05 4.124640707276900080e-04
9.530000000000000000e+04 2.951755340879216264e-05 7.113661437371793369e-05 4.154502376376066836e-04
9.540000000000000000e+04 3.170869709876502620e-05 8.512778303372596717e-05 4.195031193880144468e-04
9.550000000000000000e+04 3.684027272602904968e-05 1.209159475597425064e-04 4.209232045348640567e-04
9.560000000000000000e+04 3.179251518031978767e-05 1.683588687146367552e-04 4.193975185217240485e-04
9.570000000000000000e+04 3.277285423514543321e-05 1.434640088667517278e-04 4.159881429731572956e-04
9.580000000000000000e+04 3.987797221457768096e-05 7.739038773438858482e-05 4.136775926723666318e-04
9.590000000000000000e+04 3.852074568472702324e-05 9.314248979856444262e-05 4.109733137470950601e-04
9.600000000000000000e+04 2.926208349865645373e-05 7.196391663649199947e-05 4.068676937302960744e-04
9.610000000000000000e+04 2.765780104913939750e-05 6.668488943586205241e-05 4.091252140173745524e-04
9.620000000000000000e+04 3.529688920192859637e-05 8.825357084428796023e-05 4.205767470592528716e-04
9.630000000000000000e+04 3.678543630050425074e-05 9.786482752792007326e-05 4.323084929654689643e-04
9.640000000000000000e+04 3.640325524331851619e-05 1.161240979793075573e-04 4.421149108071275430e-04
9.650000000000000000e+04 4.851143527976388989e-05 1.600748946861367669e-04 4.557685621843248131e-04
9.660000000000000000e+04 6.429900423137645477e-05 1.223593430992757683e-04 4.670116407142224863e-04
9.670000000000000000e+04 5.753915559131192155e-05 1.102313433775592108e-04 4.638632947540886637e-04
9.680000000000000000e+04 4.111335353143775106e-05 7.089699772873869158e-05 4.510489953741452038e-04
9.690000000000000000e+04 3.006564242078428465e-05 6.363084968593636908e-05 4.439819827694219709e-04
9.700000000000000000e+04 2.705658080408626914e-05 7.262835209519277399e-05 4.426783317867844674e-04
9.710000000000000000e+04 3.488416258816585827e-05 7.774396420410351321e-05 4.421064658689987043e-04
9.720000000000000000e+04 4.516138850683032750e-05 8.141094076793677298e-05 4.425840098790137750e-04
9.730000000000000000e+04 4.885015967303745496e-05 9.077184275376777448e-05 4.398312811051704021e-04
9.740000000000000000e+04 3.098504064017441493e-05 6.367979972408396383e-05 4.336898914296902240e-04
9.750000000000000000e+04 4.307690196176847640e-05 9.984549969640929513e-05 4.308139710800933954e-04
9.760000000000000000e+04 3.963666448421234844e-05 1.111470748374985824e-04 4.377539028372819129e-04
9.770000000000000000e+04 4.237126388562036409e-05 1.098747468237610213e-04 4.456480360596532962e-04
9.780000000000000000e+04 3.914141731462623865e-05 9.898983101202884051e-05 4.475777233096225383e-04
9.790000000000000000e+04 3.853900005188512327e-05 8.867771144416107532e-05 4.497854239364043908e-04
9.800000000000000000e+04 4.094162499407414009e-05 8.849646164769828715e-05 4.533351969333260603e-04
9.810000000000000000e+04 3.957463928649522554e-05 9.099279177738082763e-05 4.567301203544978788e-04
9.820000000000000000e+04 3.724232596269335402e-05 8.285827942736584710e-05 4.584845234021009538e-04
9.830000000000000000e+04 4.301090568659441619e-05 1.187378943086444985e-04 4.632799403074299902e-04
9.840000000000000000e+04 4.808723510824899298e-05 1.081990934702259832e-04 4.740116255437452062e-04
9.850000000000000000e+04 4.405374651610409389e-05 9.090925250130699273e-05 4.849553860544425585e-04
9.860000000000000000e+04 4.934079379183964461e-05 1.103059862550897986e-04 4.950292426694369741e-04
9.870000000000000000e+04 4.248405983489519878e-05 1.158820305731742407e-04 5.058552637568571085e-04
9.880000000000000000e+04 4.216351208974773159e-05 1.061243337571518282e-04 5.187710965531557809e-04
9.890000000000000000e+04 7.498492793537735353e-05 1.264431391688984737e-04 5.388699835385014902e-04
9.900000000000000000e+04 6.910442055182302885e-05 1.541696721860832779e-04 5.629687972215870933e-04
9.910000000000000000e+04 4.037808987769283837e-05 9.825050888418785690e-05 5.771359737434234548e-04
9.920000000000000000e+04 4.001382974934170229e-05 8.438006399026306854e-05 5.865472450667527865e-04
9.930000000000000000e+04 7.639957127743507784e-05 1.490136885104660115e-04 6.038839019350012317e-04
9.940000000000000000e+04 5.806292329032299460e-05 1.770183136539308765e-04 6.199878816105095425e-04
9.950000000000000000e+04 4.536244186387954156e-05 1.357533310637489650e-04 6.237630611588846491e-04
9.960000000000000000e+04 6.685327218446915527e-05 1.331288637032965357e-04 6.230890372245632318e-04
9.970000000000000000e+04 6.280626605190695391e-05 1.204959924909227570e-04 6.190067160590534846e-04
9.980000000000000000e+04 6.129024075334811583e-05 1.339387328121209933e-04 6.156182557952711003e-04
9.990000000000000000e+04 7.925707592213360100e-05 1.659363919530823950e-04 6.180988858376687111e-04
1.000000000000000000e+05 6.383838533210767392e-05 1.832323197147132238e-04 6.157962393314575901e-04
1.001000000000000000e+05 6.876576868429572307e-05 2.330195673112155823e-04 6.080205954914055582e-04
1.002000000000000000e+05 5.568180593444984391e-05 1.891113919740398681e-04 6.046014763794102780e-04
1.003000000000000000e+05 3.572804239676747370e-05 1.295472670463363634e-04 6.122339216186761281e-04
1.004000000000000000e+05 5.073202240223593801e-05 1.529459099433164767e-04 6.246086449542950694e-04
1.005000000000000000e+05 5.217875271576542361e-05 1.719942447560962161e-04 6.307293739334802205e-04
1.006000000000000000e+05 6.193518142255172772e-05 1.745281996767840795e-04 6.358511357781590012e-04
1.007000000000000000e+05 4.641938296459223890e-05 1.269791176278090147e-04 6.481770855505869034e-04
1.008000000000000000e+05 4.902388763458598569e-05 9.407361727356967993e-05 6.582674812393805169e-04
1.009000000000000000e+05 4.732107766172147147e-05 1.078023347996326202e-04 6.592354819232728669e-04
1.010000000000000000e+05 8.151602767116506582e-05 1.551435820171379910e-04 6.572481215886554103e-04
1.011000000000000000e+05 5.416972475292213506e-05 1.253645540756427763e-04 6.591133491919983585e-04
1.012000000000000000e+05 5.682892206145754698e-05 1.543100796454504502e-04 6.657489644084471679e-04
1.013000000000000000e+05 3.811552011936394316e-05 9.400806590775421471e-05 6.723142039268097114e-04
1.014000000000000000e+05 5.545427868650326490e-05 1.039948788354110682e-04 6.738517177081072970e-04
1.015000000000000000e+05 5.200688711269336583e-05 1.161451981046294959e-04 6.780306990524960498e-04
1.016000000000000000e+05 4.988763039723146438e-05 1.044773131065336027e-04 6.930817459567562315e-04
1.017000000000000000e+05 5.785851016206313476e-05 1.260416384777128876e-04 6.947293977553854272e-04
1.018000000000000000e+05 4.985276676730424159e-05 1.302854416177091478e-04 6.693290345307716625e-04
1.019000000000000000e+05 3.982434378997971001e-05 1.159596770642156794e-04 6.433365762751661445e-04
1.020000000000000000e+05 6.483688976784325337e-05 1.623127236054149134e-04 6.414259475245806530e-04
1.021000000000000000e+05 4.998578284896480154e-05 1.655574680563220947e-04 6.569779808251101447e-04
1.022000000000000000e+05 5.853641847725662810e-05 1.603059272398424341e-04 6.665492056492525142e-04
1.023000000000000000e+05 6.463105912653016767e-05 1.435875239759180260e-04 6.689607733074653907e-04
1.024000000000000000e+05 4.779152453051401135e-05 1.770140066975917775e-04 6.701624097846212462e-04
1.025000000000000000e+05 6.026310594739502438e-05 1.445740235520014561e-04 6.711220353798832841e-04
1.026000000000000000e+05 8.595750447291082303e-05 1.426479735800220260e-04 6.721387859634956425e-04
1.027000000000000000e+05 5.186838468267031960e-05 1.038964540654117039e-04 6.684514103533534301e-04
1.028000000000000000e+05 5.471737287026702274e-05 1.090500257251735862e-04 6.657430247839567867e-04
1.029000000000000000e+05 6.336034819779160724e-05 1.075613655315713155e-04 6.624361823979959835e-04
1.030000000000000000e+05 6.652454902981834190e-05 1.568280673333849852e-04 6.544654944397409026e-04
1.031000000000000000e+05 4.948182825335997650e-05 1.485713453565905588e-04 6.469597258329325053e-04
1.032000000000000000e+05 6.956574133706340795e-05 1.663063054594386301e-04 6.385538709089381027e-04
1.033000000000000000e+05 4.262588432888889112e-05 1.022468913761741087e-04 6.274762793307522889e-04
1.034000000000000000e+05 6.018047349646931093e-05 1.376511442180605900e-04 6.166014439775778337e-04
1.035000000000000000e+05 7.042825754472478803e-05 1.815525590427869698e-04 6.090685922762634512e-04
1.036000000000000000e+05 5.757036767580978043e-05 1.366713827274240733e-04 6.068794891425398959e-04
1.037000000000000000e+05 8.421888302935552715e-05 1.459928149364401150e-04 6.094509242407711433e-04
1.038000000000000000e+05 8.156578224360910324e-05 1.523634311993727350e-04 6.073147907718518283e-04
1.039000000000000000e+05 7.085084772845851725e-05 1.322598720724917163e-04 5.999727976427430285e-04
1.040000000000000000e+05 4.918473965105077048e-05 1.000610673208341588e-04 6.055777484850950222e-04
1.041000000000000000e+05 4.166152353602358121e-05 1.238086626901063400e-04 6.150416365827451578e-04
1.042000000000000000e+05 5.622616406678309503e-05 1.196419225163882329e-04 6.110546048474550882e-04
1.043000000000000000e+05 4.949985642399307856e-05 1.100171283835608494e-04 6.060837191614900071e-04
1.044000000000000000e+05 7.485392735409992018e-05 1.449226691457495718e-04 6.022965938677837198e-04
1.045000000000000000e+05 5.087950938532622217e-05 1.054432758877938249e-04 5.996065187170309492e-04
1.046000000000000000e+05 7.881421175752001494e-05 1.292737708428191076e-04 6.075149772062932857e-04
1.047000000000000000e+05 6.747875244405350959e-05 1.309316053439395092e-04 6.246845980683279594e-04
1.048000000000000000e+05 8.496029895179444454e-05 1.914449332761227569e-04 6.360389603219431800e-04
1.049000000000000000e+05 4.412119296963847113e-05 1.043145048423912979e-04 6.411825409628437627e-04
1.050000000000000000e+05 4.851767943758994017e-05 1.126724891409812673e-04 6.457374972037970831e-04
1.051000000000000000e+05 4.719246614201999448e-05 1.107901285722295110e-04 6.385907636272559074e-04
1.052000000000000000e+05 4.636236235832139584e-05 1.070091718007390317e-04 6.335273732382232540e-04
1.053000000000000000e+05 3.872790779795639172e-05 8.579340491604429443e-05 6.387402460370324902e-04
1.054000000000000000e+05 5.721177066416534198e-05 1.300219855932127503e-04 6.378416508285200855e-04
1.055000000000000000e+05 6.646397807960136364e-05 1.228147548414435354e-04 6.418890414066852432e-04
1.056000000000000000e+05 6.806165227902334029e-05 1.557922321804922549e-04 6.544280065491392450e-04
1.057000000000000000e+05 6.161868425872947617e-05 1.304551854873453424e-04 6.615478264876162610e-04
1.058000000000000000e+05 4.413137477713108357e-05 1.068573239769594332e-04 6.614374716123742242e-04
1.059000000000000000e+05 4.622838125215218176e-05 1.171847137641479327e-04 6.647587253403336883e-04
1.060000000000000000e+05 4.954443578614740103e-05 1.928274816362858827e-04 6.710730660124249137e-04
1.061000000000000000e+05 5.469932631876721352e-05 1.492968139781014354e-04 6.616989919788814761e-04
1.062000000000000000e+05 4.504123278995626149e-05 1.149221682661516041e-04 6.512671440667029818e-04
1.063000000000000000e+05 5.746214889460735022e-05 1.592392516526316059e-04 6.575493065656748664e-04
1.064000000000000000e+05 7.077214674616456955e-05 1.607068066539602512e-04 6.677255706517673571e-04
1.065000000000000000e+05 7.575349137731255539e-05 1.587397452457289240e-04 6.665016355810805034e-04
1.066000000000000000e+05 8.963528318854197072e-05 1.510609855648826962e-04 6.566216343189609913e-04
1.067000000000000000e+05 5.113522619921897355e-05 1.077144014461411600e-04 6.623148522052933144e-04
1.068000000000000000e+05 6.787358544675734916e-05 1.408068396277858568e-04 6.826561717009858041e-04
1.069000000000000000e+05 6.660157558716235920e-05 1.202416865418268503e-04 6.962348137523687681e-04
1.070000000000000000e+05 6.501127478815622342e-05 1.558799217639094932e-04 7.015697650641705219e-04
1.071000000000000000e+05 5.075227366612127672e-05 1.366974630485580161e-04 7.072795383407254072e-04
1.072000000000000000e+05 6.364480197911285501e-05 1.227005744651091636e-04 7.227603827579902589e-04
1.073000000000000000e+05 8.971667124575591172e-05 1.799592079304817953e-04 7.550028669024537453e-04
1.074000000000000000e+05 1.092948937528468107e-04 1.800500519518417669e-04 7.807517042873651824e-04
1.075000000000000000e+05 8.897154452649645631e-05 1.810848028969580959e-04 7.690272916671669077e-04
1.076000000000000000e+05 8.627501020082642674e-05 1.628476057308331486e-04 7.435588580767771251e-04
1.077000000000000000e+05 4.729007928497524875e-05 1.027797403413847682e-04 7.358647013457463720e-04
1.078000000000000000e+05 5.398992272619953982e-05 1.118662221409782087e-04 7.282448718486550813e-04
1.079000000000000000e+05 5.048244370092357276e-05 1.242652196240770935e-04 7.062664986502432659e-04
1.080000000000000000e+05 8.270487887128744574e-05 1.368536606993007564e-04 6.959760200945279895e-04
1.081000000000000000e+05 4.537249671569115999e-05 1.221818857500504146e-04 7.067150987110597379e-04
1.082000000000000000e+05 4.738174172216262463e-05 1.673536009978446662e-04 7.046825132343329488e-04
1.083000000000000000e+05 5.549197475156035248e-05 1.339212865201266965e-04 6.829050265953764357e-04
1.084000000000000000e+05 5.783640566939219577e-05 1.182269344827447961e-04 6.727767123501529698e-04
1.085000000000000000e+05 5.179993647096744602e-05 9.131591522764390470e-05 6.791982153733420969e-04
1.086000000000000000e+05 6.704399463835402154e-05 1.214080881060301082e-04 6.874892051113320026e-04
1.087000000000000000e+05 6.814348205784503173e-05 1.075128921051660353e-04 6.993312011670669215e-04
1.088000000000000000e+05 5.851699706906207318e-05 1.013211748320786386e-04 7.184797593952340364e-04
1.089000000000000000e+05 6.444311464246464932e-05 2.087979171259503114e-04 7.417127632166691745e-04
1.090000000000000000e+05 7.255415407590596125e-05 2.313095169977208562e-04 7.664999324195442658e-04
1.091000000000000000e+05 5.933739164005796731e-05 2.054103771490716846e-04 7.834557710155041132e-04
1.092000000000000000e+05 6.603564706371401177e-05 1.542479880345168754e-04 7.740038773303707827e-04
1.093000000000000000e+05 6.918189608619610374e-05 1.165152933302562215e-04 7.423030354251580710e-04
1.094000000000000000e+05 4.306230632963241149e-05 1.022480191369625098e-04 7.172902585785231617e-04
1.095000000000000000e+05 4.316971901612985836e-05 9.617203376399902949e-05 7.073049966395759513e-04
1.096000000000000000e+05 7.593155682860341059e-05 1.596713837114442473e-04 6.994554986074053406e-04
1.097000000000000000e+05 7.836986798884649618e-05 1.707110015402200313e-04 6.933640958065793829e-04
1.098000000000000000e+05 5.573832460007463029e-05 1.175008240534909003e-04 6.932687666298532718e-04
1.099000000000000000e+05 4.889107481451451798e-05 1.393787814602024354e-04 6.838872161575283931e-04
1.100000000000000000e+05 4.545636095076410321e-05 1.442467533593526580e-04 6.664949745737007176e-04
1.101000000000000000e+05 5.389643884257046443e-05 1.574439213644658999e-04 6.598325939606432093e-04
1.102000000000000000e+05 3.824985061927474363e-05 9.089944020224214206e-05 6.576250612925284593e-04
1.103000000000000000e+05 5.138145662884343549e-05 1.087885098859978604e-04 6.477099030790810274e-04
1.104000000000000000e+05 4.759088838430516281e-05 1.007276724601671941e-04 6.329000788550907938e-04
1.105000000000000000e+05 5.394437601666897050e-05 1.088719697730795161e-04 6.207439307530746454e-04
1.106000000000000000e+05 5.839816149154982046e-05 1.114237878174033618e-04 6.133449221313216470e-04
1.107000000000000000e+05 6.322255225454226617e-05 1.179419449118971957e-04 6.025044511455354430e-04
1.108000000000000000e+05 5.849149109259977903e-05 1.085018449366087403e-04 5.903428110063655733e-04
1.109000000000000000e+05 4.629734304851401434e-05 8.842516845962769805e-05 5.834698767732227976e-04
1.110000000000000000e+05 4.668896089111366360e-05 1.069683609144782450e-04 5.827951218702972667e-04
1.111000000000000000e+05 3.619075192698407387e-05 9.970667582503891374e-05 5.946227836073081103e-04
1.112000000000000000e+05 4.301052381395305182e-05 9.601658463626418834e-05 6.156041075642599723e-04
1.113000000000000000e+05 4.350224446997264481e-05 1.275212288410846597e-04 6.297927545575054574e-04
1.114000000000000000e+05 4.631189051905188880e-05 1.663981333811934615e-04 6.326984300596306000e-04
1.115000000000000000e+05 4.148073960448810278e-05 1.853870445091331063e-04 6.348043309027397683e-04
1.116000000000000000e+05 4.785683901531272155e-05 1.363942555539834336e-04 6.325985670661084291e-04
1.117000000000000000e+05 6.649183431463735316e-05 1.268455255758407655e-04 6.256082394008474984e-04
1.118000000000000000e+05 6.043808615834760697e-05 1.234605517190721620e-04 6.353661992771811838e-04
1.119000000000000000e+05 6.197172142047931067e-05 1.314598377770777489e-04 6.637046414175340903e-04
1.120000000000000000e+05 4.247971182112732138e-05 1.012683645479343269e-04 6.834830130283981592e-04
1.121000000000000000e+05 4.579739602975649651e-05 9.837918060020362995e-05 6.767447712145471502e-04
1.122000000000000000e+05 8.824259394836205059e-05 1.838605114106484128e-04 6.732112962710645960e-04
1.123000000000000000e+05 5.397556613529451170e-05 1.681904049812643718e-04 6.952557274817532064e-04
1.124000000000000000e+05 6.642639278277675304e-05 1.666809099019289728e-04 7.050503912188958548e-04
1.125000000000000000e+05 5.814088958677309654e-05 1.268693726894616972e-04 6.895886915723136151e-04
1.126000000000000000e+05 5.392064389412795644e-05 1.404816639139095519e-04 6.714324558443853690e-04
1.127000000000000000e+05 5.951379701751261398e-05 1.684536275399367306e-04 6.565992162610083480e-04
1.128000000000000000e+05 7.630293676404848163e-05 1.850793535499632800e-04 6.469577460421117475e-04
1.129000000000000000e+05 5.457969175614977870e-05 1.592390822948955460e-04 6.432240372204381775e-04
1.130000000000000000e+05 5.938952222750014560e-05 1.385458188505523693e-04 6.465828724182535623e-04
1.131000000000000000e+05 5.027206983311918211e-05 1.248678856951284267e-04 6.588491857896945896e-04
1.132000000000000000e+05 5.289923244389152339e-05 1.223028599819746525e-04 6.696663538317639865e-04
1.133000000000000000e+05 5.751962838094852853e-05 1.479066463211430385e-04 6.715508253969591475e-04
1.134000000000000000e+05 6.480761728379987215e-05 1.194279549787955527e-04 6.639971597069919268e-04
1.135000000000000000e+05 7.203873413667296558e-05 1.479091745425643173e-04 6.577163866968003701e-04
1.136000000000000000e+05 5.665878691292394048e-05 1.408657093246194411e-04 6.631374965732383161e-04
1.137000000000000000e+05 5.172593279119971996e-05 1.110743967847761110e-04 6.666754337525996298e-04
1.138000000000000000e+05 6.539575666583685980e-05 1.166556614500155421e-04 6.571480340315243203e-04
1.139000000000000000e+05 5.642863856271059832e-05 8.893308883704538308e-05 6.457919316110328350e-04
1.140000000000000000e+05 6.382353449903321093e-05 1.358873161430197577e-04 6.449299227443613123e-04
1.141000000000000000e+05 5.558583722968047161e-05 1.186726861495879986e-04 6.506182240255314669e-04
1.142000000000000000e+05 5.021809580280068262e-05 1.021823775616476689e-04 6.556352470966150944e-04
1.143000000000000000e+05 5.885927631813349468e-05 1.086459636907372234e-04 6.607807517875603992e-04
1.144000000000000000e+05 6.329695913965302078e-05 1.418727594301672163e-04 6.578216498951773355e-04
1.145000000000000000e+05 5.373365650434224448e-05 1.001790609218289330e-04 6.414840016130349005e-04
1.146000000000000000e+05 5.773124281873028528e-05 1.125513965772385102e-04 6.283879262369607187e-04
1.147000000000000000e+05 4.470700801761907060e-05 1.038794510856317103e-04 6.260422148622179096e-04
1.148000000000000000e+05 4.398737650406414276e-05 8.343614198415109928e-05 6.258925387986941005e-04
1.149000000000000000e+05 4.248470985433164173e-05 1.193086377586817385e-04 6.201817304568909683e-04
1.150000000000000000e+05 8.081196398671496549e-05 1.793417717269110701e-04 6.187493243510565734e-04
1.151000000000000000e+05 5.617874609877525349e-05 1.045152298149258901e-04 6.337670590536817906e-04
1.152000000000000000e+05 5.266069753797405096e-05 1.172030946996733105e-04 6.471895976363507266e-04
1.153000000000000000e+05 6.662187408633141617e-05 1.222640007813455493e-04 6.521005077882066321e-04
1.154000000000000000e+05 7.270745690089535328e-05 1.243291733023841163e-04 6.582041615589162174e-04
1.155000000000000000e+05 5.920434258148573291e-05 1.196865076333085767e-04 6.650243083548379279e-04
1.156000000000000000e+05 7.548397913785238975e-05 1.303524053942608325e-04 6.730093169005180002e-04
1.157000000000000000e+05 5.137845282624951479e-05 1.085213782573491489e-04 6.874165219321016432e-04
1.158000000000000000e+05 4.379269615185866962e-05 1.033658339881174002e-04 6.986920158563499766e-04
1.159000000000000000e+05 5.169877924974088448e-05 9.937163544678341651e-05 7.065208393748221216e-04
1.160000000000000000e+05 6.812524314094849879e-05 1.269050831422104206e-04 7.321593718157587589e-04
1.161000000000000000e+05 4.617888720531986187e-05 1.136453686002446197e-04 7.855618339094385142e-04
1.162000000000000000e+05 8.501036823479665976e-05 1.532613195374195499e-04 8.019339717811660700e-04
1.163000000000000000e+05 6.003042966671960894e-05 1.247181622924891341e-04 7.375242271747669892e-04
1.164000000000000000e+05 7.012033513168706295e-05 1.331281676459006779e-04 6.855323143816819103e-04
1.165000000000000000e+05 5.165346364864739030e-05 1.039661689891342505e-04 6.663493140428750376e-04
1.166000000000000000e+05 5.744965836171702939e-05 1.311026130509427125e-04 6.460450606667114942e-04
1.167000000000000000e+05 4.011064337207056497e-05 8.782922957163263444e-05 6.180960796751118307e-04
1.168000000000000000e+05 5.696216982245734008e-05 1.078379675492227661e-04 5.865045529747381099e-04
1.169000000000000000e+05 6.490218154610831588e-05 1.006849983461624944e-04 5.486178392353685323e-04
1.170000000000000000e+05 6.909405081285149809e-05 1.107951941098278873e-04 5.179444608406240163e-04
1.171000000000000000e+05 7.306781776332326806e-05 1.489846497767107988e-04 5.091589960198760660e-04
1.172000000000000000e+05 9.430314000269087241e-05 2.601521474599394809e-04 4.925839267475542365e-04
1.173000000000000000e+05 8.643433007034863639e-05 3.968317821982740297e-04 4.573377499553267240e-04
1.174000000000000000e+05 1.097463006492554126e-04 5.673811773275397449e-04 4.322602002655561034e-04
1.175000000000000000e+05 1.128734720455169750e-04 7.078774175400381202e-04 4.284250432556474552e-04
1.176000000000000000e+05 1.125692340305056130e-04 7.169545562885811787e-04 4.216794346973473987e-04
1.177000000000000000e+05 1.060601397311221783e-04 5.803774269660025688e-04 4.180310050079909527e-04
1.178000000000000000e+05 1.002055198339580179e-04 4.269442594159394240e-04 4.034863704267782191e-04
1.179000000000000000e+05 7.884622434448183143e-05 2.906104904251914623e-04 3.214748720083806838e-04
1.180000000000000000e+05 7.146161010610884833e-05 1.998707993904058622e-04 2.421741573480801516e-04
1.181000000000000000e+05 3.945587501564691547e-05 1.024145227667114830e-04 1.947476690958975271e-04
1.182000000000000000e+05 1.829282905707184815e-05 4.115819320520651414e-05 1.536854649290823242e-04
1.183000000000000000e+05 9.998726628734309072e-06 2.708108608416234797e-05 1.451771934695981125e-04
1.184000000000000000e+05 1.286804690292099964e-05 2.781298525865691135e-05 1.370102821084491138e-04
1.185000000000000000e+05 8.420924124839291886e-06 1.858418823829933444e-05 1.297745600620930646e-04
1.186000000000000000e+05 1.575757208991784277e-05 3.007384085587614677e-05 1.230206494912561852e-04
1.187000000000000000e+05 1.011426908390170433e-05 2.229008164016219214e-05 1.200799758075657593e-04
1.188000000000000000e+05 1.294936447358541437e-05 2.696422523700185508e-05 1.172649129632605134e-04
1.189000000000000000e+05 9.856394105351077672e-06 2.147366576121129968e-05 1.155460747310202083e-04
1.190000000000000000e+05 1.167207239379269466e-05 2.353008987462082066e-05 1.140940952072044747e-04
1.191000000000000000e+05 8.017314138393115321e-06 1.861510862185438743e-05 1.158586149198333290e-04
1.192000000000000000e+05 1.076067172228022800e-05 2.412229653784279428e-05 1.173786169244941561e-04
1.193000000000000000e+05 9.271912162090028566e-06 1.790939066836791599e-05 1.150488829304672508e-04
1.194000000000000000e+05 1.711770198738286073e-05 3.551342791015324452e-05 1.127444670851918709e-04
1.195000000000000000e+05 1.147751782506841356e-05 2.339860306086138887e-05 1.114040356998797718e-04
1.196000000000000000e+05 1.117482654808054721e-05 2.103392274392849415e-05 1.102141979793716650e-04
1.197000000000000000e+05 8.239645712919115104e-06 1.627716478006712092e-05 1.128322434242431173e-04
1.198000000000000000e+05 1.169502590077005648e-05 2.143131704411507419e-05 1.155258065359153138e-04
1.199000000000000000e+05 8.439047758451712327e-06 1.826067136441098231e-05 1.237237046052708928e-04
