9.000000000000000000e+04 9.822810656433089271e-04 9.539617711287788019e-04 9.810918380168487472e-04 8.966055122961726857e-04 9.688041325347720870e-04 9.409919185998302793e-04 1.147218668118050013e-03
9.010000000000000000e+04 9.232173323354664861e-04 8.060909973926504331e-04 1.065523471393063550e-03 9.822613220747797216e-04 9.159547012133408299e-04 9.673517753911601083e-04 1.028570853595146307e-03
9.020000000000000000e+04 1.284576131850078762e-03 1.065469042267862482e-03 1.353758725671972210e-03 1.261970786060985679e-03 1.267959611443821716e-03 1.314719174958265758e-03 1.299914181965032339e-03
9.030000000000000000e+04 1.289434572709606845e-03 1.082009490945505265e-03 1.495080442886972732e-03 1.309856096229680559e-03 1.552947530829839337e-03 1.632678007851752705e-03 1.613640217356738680e-03
9.040000000000000000e+04 1.290600206837950667e-03 1.118216322836325816e-03 1.572333917778537173e-03 1.297486907225786504e-03 1.556870428509020930e-03 1.708862473471071388e-03 1.701299933531203162e-03
9.050000000000000000e+04 1.501974552758113474e-03 1.505695290738550893e-03 1.866334651514143508e-03 1.993880336364256718e-03 1.460006150524698195e-03 1.617963519794579814e-03 1.666434157833393548e-03
9.060000000000000000e+04 1.011431714699276025e-03 8.923129631100094189e-04 1.088383777357532136e-03 1.257287600803390273e-03 1.210921857010931408e-03 1.314793226147636072e-03 1.378719067815354499e-03
9.070000000000000000e+04 9.131480983180850297e-04 9.186892540431627939e-04 9.128700736218302910e-04 1.041966571529236987e-03 1.017462041956905408e-03 1.053173866806127873e-03 1.123415973757779926e-03
9.080000000000000000e+04 7.992982890063351836e-04 8.249546597572636085e-04 7.926101340979203923e-04 9.028788017151822762e-04 9.275809414665893730e-04 8.860637730623143350e-04 9.988435445424852319e-04
9.090000000000000000e+04 7.155023986893363410e-04 7.336624907022589338e-04 6.801357049878784108e-04 7.403191415042744685e-04 9.319016367586360067e-04 8.059371147623222093e-04 8.330881412635184101e-04
9.100000000000000000e+04 7.129624109075023957e-04 7.157971170108886130e-04 6.932320003206398967e-04 7.999157380092251305e-04 8.019538988364021152e-04 8.394260810438886099e-04 8.584406198055673579e-04
9.110000000000000000e+04 7.605716501913851405e-04 7.064624449976310153e-04 8.805796683372603580e-04 7.387863358714523519e-04 8.655782166647164270e-04 8.483870683555413137e-04 8.751883494402909903e-04
9.120000000000000000e+04 7.214632808772741173e-04 7.555588872250777266e-04 8.019264685627989185e-04 7.439181991101469779e-04 8.910349286684217515e-04 8.410366940573863002e-04 8.577859727636637970e-04
9.130000000000000000e+04 7.746633119619491994e-04 8.150819511304247976e-04 8.336601163119177361e-04 7.812797310179480639e-04 8.645414589853602731e-04 8.356358361079279469e-04 8.783351175627091868e-04
9.140000000000000000e+04 7.699373126096111008e-04 7.706566453408825006e-04 8.837078706126386910e-04 8.106540146635028959e-04 8.611724483812105251e-04 8.955628353518964085e-04 9.355401669151696244e-04
9.150000000000000000e+04 7.663475519437516759e-04 7.306233341656822276e-04 8.577995437096799444e-04 7.856388128914670995e-04 8.741212383257101343e-04 9.263463248906700148e-04 8.866973341361568785e-04
9.160000000000000000e+04 7.747921815747796847e-04 7.729620632921237969e-04 8.478428926732608497e-04 8.404408098795793309e-04 8.705242645103401875e-04 9.347954354014643237e-04 8.552054215180611733e-04
9.170000000000000000e+04 7.973116490927644384e-04 7.998919984090165428e-04 8.915928645726227744e-04 8.637498110438027827e-04 9.136413925438488558e-04 9.553395194610002925e-04 1.066163901581760384e-03
9.180000000000000000e+04 8.416631384678003583e-04 8.745855441562542252e-04 9.131211945653482358e-04 9.107829695431811541e-04 1.017675265896888278e-03 1.048510986102448505e-03 1.686198479633495978e-03
9.190000000000000000e+04 9.256908845997111447e-04 9.418038552432522574e-04 9.522794204589069434e-04 9.959413193165384589e-04 1.133273527283023630e-03 1.094406793011077619e-03 1.874038616066592885e-03
9.200000000000000000e+04 1.016812560172138027e-03 9.418932167861582142e-04 1.006810356840711403e-03 1.092809775082479026e-03 1.090156494237158038e-03 1.099083459295049090e-03 1.701758840826363009e-03
9.210000000000000000e+04 1.037458159343571974e-03 9.623469455666043906e-04 1.019319493283435451e-03 1.078540505757360482e-03 1.133947787613986350e-03 1.136558512552534456e-03 1.302622675634240853e-03
9.220000000000000000e+04 1.040962222730475216e-03 1.074786405964753234e-03 1.157985605261163068e-03 1.154072629378513626e-03 1.184089617616889420e-03 1.236726592122659556e-03 1.286015953914624969e-03
9.230000000000000000e+04 1.056906482481143397e-03 9.566525801725011885e-04 1.102594624297162070e-03 1.215311434095636559e-03 1.173224889517746191e-03 1.224373425791816907e-03 1.236803262455429212e-03
9.240000000000000000e+04 1.059782917480208775e-03 9.383156666720556720e-04 1.067815953751110811e-03 1.234394143581509732e-03 1.222367357665276114e-03 1.189376069431888859e-03 1.190858075486722709e-03
9.250000000000000000e+04 1.049582737800948016e-03 9.997429112583891379e-04 1.072865449340809673e-03 1.259689917031997248e-03 1.190511907295580245e-03 1.192556290679219625e-03 1.166388645676664018e-03
9.260000000000000000e+04 1.054262424662595708e-03 1.048623565617462419e-03 1.029180416802314866e-03 1.156375057285808760e-03 1.104305274220994523e-03 1.191028024945566888e-03 1.143372853320638030e-03
9.270000000000000000e+04 1.068168830577786001e-03 1.039530075183577561e-03 1.051926337762992825e-03 1.118676342035883429e-03 1.067068333646277716e-03 1.063162530910968925e-03 1.160881554051278490e-03
9.280000000000000000e+04 1.083068419359788613e-03 9.923378720124256293e-04 9.588520568022451456e-04 1.066350298318279348e-03 1.201816725224429854e-03 1.203864653943028003e-03 1.165009955340451766e-03
9.290000000000000000e+04 1.066355006384544536e-03 9.537842031331990105e-04 1.006309596281348235e-03 1.000133775516003900e-03 1.160788369024407874e-03 1.248765270434734707e-03 1.162228037659514355e-03
9.300000000000000000e+04 9.963749493209080824e-04 1.063835742274204512e-03 1.080815313300776109e-03 1.001743945359013328e-03 1.185411114689682594e-03 1.230562280068636183e-03 1.240646317183207630e-03
9.310000000000000000e+04 1.007492905202806831e-03 1.054592213383734539e-03 1.047439440897517332e-03 1.115246982850474043e-03 1.234465166083234750e-03 1.186933569263739921e-03 1.229477521626729745e-03
9.320000000000000000e+04 1.068905831940280974e-03 1.001128636201628922e-03 1.184212927077541713e-03 1.181196402134519286e-03 1.241747705179352705e-03 1.078060662970347500e-03 1.257765203788970606e-03
9.330000000000000000e+04 1.054153096806941968e-03 9.927521033464225229e-04 1.113014170856550539e-03 1.178221201758985299e-03 1.086557584039544956e-03 1.130523321833169521e-03 1.307875385427568343e-03
9.340000000000000000e+04 1.043691128457386024e-03 9.506386989715340415e-04 1.115911458147498267e-03 1.168098922624708847e-03 1.075066392816792504e-03 1.188312661495839837e-03 1.297731608982193334e-03
9.350000000000000000e+04 1.058279099743186877e-03 9.446599166779392131e-04 1.144801972162184499e-03 1.295755647985527429e-03 1.110917584993571924e-03 1.195330312864654847e-03 1.216663148772326479e-03
9.360000000000000000e+04 1.063207541246519432e-03 9.923128525674087836e-04 1.124192396887251132e-03 1.089361430664538381e-03 1.156390656454252481e-03 1.132944101845064812e-03 1.232674640674937374e-03
9.370000000000000000e+04 1.065781744530196196e-03 1.039684717980752463e-03 1.022358526162754112e-03 1.134711716762374333e-03 1.187240312629904383e-03 1.102361381992277923e-03 1.267051936758490163e-03
9.380000000000000000e+04 1.152429677411580342e-03 1.038099947898342944e-03 1.161584656272864838e-03 1.146315390573539404e-03 1.210481810794718270e-03 1.158847040020802386e-03 1.212936026027358182e-03
9.390000000000000000e+04 1.067670517359470316e-03 9.871198646832840193e-04 1.151589538491176300e-03 1.080112046220412956e-03 1.165871950089449136e-03 1.236475717973541848e-03 1.220466538524367589e-03
9.400000000000000000e+04 1.055782298040624850e-03 1.063392722974818927e-03 1.609280768355467184e-03 1.133471987653249810e-03 1.147330172442325184e-03 1.280454803036131829e-03 1.286818556015501339e-03
9.410000000000000000e+04 1.092628529590328407e-03 1.082684147346347353e-03 2.098157764614550294e-03 1.132492998820482403e-03 1.161254123237100448e-03 1.370626698943068142e-03 1.318055690594393137e-03
9.420000000000000000e+04 1.064301098904437510e-03 1.095181431937328979e-03 1.156578142372750645e-03 1.172834558069462589e-03 1.191168010127368823e-03 1.250540779962878426e-03 1.255923192132932112e-03
9.430000000000000000e+04 1.191275176259418622e-03 1.089746029532595931e-03 1.130202650545074480e-03 1.177180802643425358e-03 1.232991056742753630e-03 1.144653600836582127e-03 1.214539636974333895e-03
9.440000000000000000e+04 1.063235702110615789e-03 1.083733328297250631e-03 1.044070413398993447e-03 1.145630834325740352e-03 1.231959036778343744e-03 1.117965333075210703e-03 1.241018763336463682e-03
9.450000000000000000e+04 1.068898923951325589e-03 1.118067480384619169e-03 1.015442429167685411e-03 1.155698719439912517e-03 1.162443827123281308e-03 1.142442399740501357e-03 1.292978455173234573e-03
9.460000000000000000e+04 1.048107003058740272e-03 1.071210216814047359e-03 1.041286163473928396e-03 1.160396704673219686e-03 1.074750855775033487e-03 1.114405792774837483e-03 1.346970274406868824e-03
9.470000000000000000e+04 1.011458619286118065e-03 1.043022946532828898e-03 1.053759838388835385e-03 1.152019656291572523e-03 1.103785144854072886e-03 1.142276581271140607e-03 1.378449014770304244e-03
9.480000000000000000e+04 1.026752336680620799e-03 1.012315609529829347e-03 1.019486666495592877e-03 1.103989342892993178e-03 1.201261360584216691e-03 1.175413233245421176e-03 1.276174240827189282e-03
9.490000000000000000e+04 1.044881175559387232e-03 1.016947927455650940e-03 1.084162741819662832e-03 1.069812327374141097e-03 1.156950705941175647e-03 1.169601659914308459e-03 1.162800304103006740e-03
9.500000000000000000e+04 1.057869777430848557e-03 1.053515063269529683e-03 1.106008193205578177e-03 1.183079966930311502e-03 1.126671631779429215e-03 1.278716239659239990e-03 1.106583005045846078e-03
9.510000000000000000e+04 1.064371358892040155e-03 1.002237359596522704e-03 1.121756547394758656e-03 1.107253558380690527e-03 1.204401129036939029e-03 1.216099392689182820e-03 1.208090379072793543e-03
9.520000000000000000e+04 1.164129249610701541e-03 1.048902436651077052e-03 1.179807040185361063e-03 1.179610203176915603e-03 1.297878580363491128e-03 1.179421959624717305e-03 1.260487382051457550e-03
9.530000000000000000e+04 1.685817963467251771e-03 1.032881614591376956e-03 1.192415154558278123e-03 1.211274073004298601e-03 1.386207876396761780e-03 1.209977713155700393e-03 1.276807585823239773e-03
9.540000000000000000e+04 2.247146893752983727e-03 1.052883085819092835e-03 1.077343603600487221e-03 1.144145295143167776e-03 1.359537732396990566e-03 1.217043461537851024e-03 1.275559506403274460e-03
9.550000000000000000e+04 1.088378967244925518e-03 1.098103234704885748e-03 1.031899175495987501e-03 1.050899952468867336e-03 1.247774424765951250e-03 1.235660517411710452e-03 1.282532650468615892e-03
9.560000000000000000e+04 1.069252730069362089e-03 1.113873014535780599e-03 1.030263659873480739e-03 1.166515666976034211e-03 1.124556849318650645e-03 1.191766647506120472e-03 1.285714885078831056e-03
9.570000000000000000e+04 1.025296425697927623e-03 1.162642511230636789e-03 1.043669488482798155e-03 1.148236432718840105e-03 1.167310767758416917e-03 1.164184992464598967e-03 1.290832238276580111e-03
9.580000000000000000e+04 9.991860225803351689e-04 1.087964807150283968e-03 1.089302663791895474e-03 1.136291767453769582e-03 1.268521383405605760e-03 1.229570762162937288e-03 1.263900380844523979e-03
9.590000000000000000e+04 1.051236855404880273e-03 1.090018993759801985e-03 1.150913558432703010e-03 1.173736511358494921e-03 1.293132412178050377e-03 1.200219885820397918e-03 1.188487333788045171e-03
9.600000000000000000e+04 1.128677253709437379e-03 1.073007446261642827e-03 1.120805233724667333e-03 1.206450827031874812e-03 1.227118481714326763e-03 1.175192574874977733e-03 1.326544339665318688e-03
9.610000000000000000e+04 1.027365563599220164e-03 1.028440660771411152e-03 1.063625473231748176e-03 1.162271753309171646e-03 1.137762588459320830e-03 1.197836203542654385e-03 1.326399300608679466e-03
9.620000000000000000e+04 1.103241065358903433e-03 1.067769826353106915e-03 1.038047407497643543e-03 1.170841318053501227e-03 1.326959100203777518e-03 1.264044910274086334e-03 1.356472854523562430e-03
9.630000000000000000e+04 1.166610512846400979e-03 1.047907051548342683e-03 1.085823017050430378e-03 1.218834774714111892e-03 1.365420409813573053e-03 1.307053351021430316e-03 1.472475673574603862e-03
9.640000000000000000e+04 1.128511623311891912e-03 1.075514255056487286e-03 1.189118674240307108e-03 1.257264690128457761e-03 1.364039778364973653e-03 1.364712983191746680e-03 1.438452693303715222e-03
9.650000000000000000e+04 1.151784565567107567e-03 1.136361874624933904e-03 1.238727784248441592e-03 1.201480944522197863e-03 1.384364986241095425e-03 1.391467829637294375e-03 1.449309554122667426e-03
9.660000000000000000e+04 1.260658450961817155e-03 1.168342240087892657e-03 1.258717975695842822e-03 1.291081414278659901e-03 1.367298457126349225e-03 1.377230371255062404e-03 1.425767309209812362e-03
9.670000000000000000e+04 1.223684645721584766e-03 1.131982712015289086e-03 1.223222363485943539e-03 1.291928898173430726e-03 1.314124388394291836e-03 1.318496865701394198e-03 1.345445504919080522e-03
9.680000000000000000e+04 1.078801265029269256e-03 1.068283313633489138e-03 1.115345321146222254e-03 1.243422277044510483e-03 1.221585189210977257e-03 1.218212700141165514e-03 1.216197265453181379e-03
9.690000000000000000e+04 1.085273013585334343e-03 1.047761472047457464e-03 1.131823056053935048e-03 1.192827463036000421e-03 1.142566702850246127e-03 1.228313736687833757e-03 1.204885304640967991e-03
9.700000000000000000e+04 1.107063661343378426e-03 1.048401524495498486e-03 1.189175029794533808e-03 1.195277399598102886e-03 1.127804480978552822e-03 1.263430252124140207e-03 1.230135853737669574e-03
9.710000000000000000e+04 1.137777733463986567e-03 1.073609002050384493e-03 1.237084578285435653e-03 1.175654168217108364e-03 1.132849462908508843e-03 1.287587839436993417e-03 1.260152553748189290e-03
9.720000000000000000e+04 1.156035882009384718e-03 1.084991337057151064e-03 1.235822176629564409e-03 1.097420962108431111e-03 1.149260585240761707e-03 1.312278961492624072e-03 1.259723863715370628e-03
9.730000000000000000e+04 1.116630578874547438e-03 1.043923326601812421e-03 1.184096452493079181e-03 1.059347272043549559e-03 1.201026660501708018e-03 1.276693725644622700e-03 1.328715945534435748e-03
9.740000000000000000e+04 1.134604842841855981e-03 1.024420844529156955e-03 1.187506134898125721e-03 1.081608612981332105e-03 1.249555015209169060e-03 1.219567108482342644e-03 1.330900053242042380e-03
9.750000000000000000e+04 1.121830067603068635e-03 1.022534988486810707e-03 1.144231579068632132e-03 1.105786524068037542e-03 1.215118330656849615e-03 1.188090243009543197e-03 1.294816645823325873e-03
9.760000000000000000e+04 1.124770126501062209e-03 1.050907450273273975e-03 1.126852170936932379e-03 1.145273041179818924e-03 1.244919124140239468e-03 1.229272395584844182e-03 1.263073463770691095e-03
9.770000000000000000e+04 1.111221185371792262e-03 1.081316533228360256e-03 1.143792238253702170e-03 1.161272728464005999e-03 1.269385033316290743e-03 1.239130821706585983e-03 1.256622048664113962e-03
9.780000000000000000e+04 1.087981934764359034e-03 1.068833819352798002e-03 1.176789279322158852e-03 1.199026789597503872e-03 1.260945404175679765e-03 1.220529983663206372e-03 1.286918561336193633e-03
9.790000000000000000e+04 1.097114241860583806e-03 9.746543210063441558e-04 1.178198039209317526e-03 1.252078692310583862e-03 1.212724281790737539e-03 1.192283596934863013e-03 1.330726220562876731e-03
9.800000000000000000e+04 1.109119681752816300e-03 9.746833721734429485e-04 1.203884789006152848e-03 1.262274168386881773e-03 1.150823089127992783e-03 1.186047630415931016e-03 1.373758422785982102e-03
9.810000000000000000e+04 1.161790418768659074e-03 1.057274410302602849e-03 1.166329527598513509e-03 1.277141059512424152e-03 1.254837535329470606e-03 1.285986761522631876e-03 1.435422531773758057e-03
9.820000000000000000e+04 1.152889300590661994e-03 1.124998056627498364e-03 1.098411335431437059e-03 1.169230180155841469e-03 1.234448055497854111e-03 1.284971670459141100e-03 1.404604500687095352e-03
9.830000000000000000e+04 1.095457062571229649e-03 1.143980133549768203e-03 1.069997602062287877e-03 1.097715655241736712e-03 1.185463011625281131e-03 1.256432394318614905e-03 1.354409851864500376e-03
9.840000000000000000e+04 1.069435836119036077e-03 1.117214798642495290e-03 1.157865611412020298e-03 1.127542695356809500e-03 1.210606542189015611e-03 1.264878685907858602e-03 1.310110028253133304e-03
9.850000000000000000e+04 1.136503084197619442e-03 1.081348900566561199e-03 1.136972816253249002e-03 1.229427596749858680e-03 1.167897100431060375e-03 1.374415971955893949e-03 1.253884250611510525e-03
9.860000000000000000e+04 1.133009125074266842e-03 1.149148080106438853e-03 1.165557297919305336e-03 1.262227073196172961e-03 1.298811308211863559e-03 1.336868044098050686e-03 1.344508542145594811e-03
9.870000000000000000e+04 1.221639395289124408e-03 1.156957446590917149e-03 1.140178032410768668e-03 1.309789842781047212e-03 1.327395016195041929e-03 1.266609801764155205e-03 1.352746104639059727e-03
9.880000000000000000e+04 1.250671977204640415e-03 1.115012243815969011e-03 1.134334166452008073e-03 1.277801971614357613e-03 1.267998092283817088e-03 1.247406251491129953e-03 1.279205146912173671e-03
9.890000000000000000e+04 1.253271258219445638e-03 1.103153486627193348e-03 1.242905726314054785e-03 1.197741059254083841e-03 1.258314935039866675e-03 1.294980571836031047e-03 1.246691705057657515e-03
9.900000000000000000e+04 1.264087702422710385e-03 1.190948114097448770e-03 1.256657552839538904e-03 1.226876238706309285e-03 1.185814227326482170e-03 1.282905222767868371e-03 1.348473692142814623e-03
9.910000000000000000e+04 1.284260891616341698e-03 1.211587190084664886e-03 1.222197634001127593e-03 1.212631719903785278e-03 1.258202524214900586e-03 1.289264623276752293e-03 1.397973591082337860e-03
9.920000000000000000e+04 1.242825989404563840e-03 1.225927774929536258e-03 1.286617759399775150e-03 1.267224934807087812e-03 1.312050092933535368e-03 1.342543165081928891e-03 1.390456560856983452e-03
9.930000000000000000e+04 1.202149603356642655e-03 1.212077880711825290e-03 1.369141850676789361e-03 1.297943196279092992e-03 1.294877034287749123e-03 1.416880173605094412e-03 1.346719355725722661e-03
9.940000000000000000e+04 1.293248040002358294e-03 1.224302798466500846e-03 1.386905177376540231e-03 1.285180328753786046e-03 1.294125768808430032e-03 1.465181955242723325e-03 1.392211451430272907e-03
9.950000000000000000e+04 1.287403082634728168e-03 1.283260848976917456e-03 1.378944645495564555e-03 1.282436668236260242e-03 1.421768668208185519e-03 1.378686636716048002e-03 1.421170169469766808e-03
9.960000000000000000e+04 1.248855137402636248e-03 1.352280184816275974e-03 1.250307598857710797e-03 1.287458804284665565e-03 1.508998266444184968e-03 1.406440823250162172e-03 1.438191411011257486e-03
9.970000000000000000e+04 1.317256928123511145e-03 1.352677883277628819e-03 1.277873039689854384e-03 1.357563621058047870e-03 1.543907894638144995e-03 1.449292232654970187e-03 1.448960539927761360e-03
9.980000000000000000e+04 1.384085497187639326e-03 1.311771452176875141e-03 1.343052417170440731e-03 1.421679676069866234e-03 1.541265939105395007e-03 1.448173767691653601e-03 1.455620337754457783e-03
9.990000000000000000e+04 1.258463689230097503e-03 1.274627346646379751e-03 1.344469405270617242e-03 1.434145919831355132e-03 1.571358601687171787e-03 1.412348793315900287e-03 1.537860793102729376e-03
1.000000000000000000e+05 1.287681649106955191e-03 1.196930552425014282e-03 1.254128040253492133e-03 1.374711695851524654e-03 1.487992289881819551e-03 1.420049937003727697e-03 1.531434952306299927e-03
1.001000000000000000e+05 1.268426712987039866e-03 1.099559379246300766e-03 1.238599612993544329e-03 1.352988133117751695e-03 1.503423594737647194e-03 1.377702393949674928e-03 1.391205971381818040e-03
1.002000000000000000e+05 1.235526737114712396e-03 1.218189962021749969e-03 1.260725786127115094e-03 1.362321400792776893e-03 1.530167159772234100e-03 1.341358374679330924e-03 1.345088952563770843e-03
1.003000000000000000e+05 1.248128657499825676e-03 1.191215661851138374e-03 1.263099618716560790e-03 1.345192569903835541e-03 1.391583746139029741e-03 1.429085163528560996e-03 1.399928622488435300e-03
1.004000000000000000e+05 1.188067449335609418e-03 1.181555122778494551e-03 1.252083556675105290e-03 1.310719689036637329e-03 1.497547852473130612e-03 1.325082937497509957e-03 1.481824166636682826e-03
1.005000000000000000e+05 1.263415545788918121e-03 1.192557098098860537e-03 1.280470003472982017e-03 1.334657784335367648e-03 1.507689134008947593e-03 1.323856378827535088e-03 1.534134357077425936e-03
1.006000000000000000e+05 1.239374488306969413e-03 1.244515644143330546e-03 1.392873260699636776e-03 1.335959786437394652e-03 1.493859538744617653e-03 1.372171129004441182e-03 1.448022741633041201e-03
1.007000000000000000e+05 1.262634215082887590e-03 1.355234885869498066e-03 1.406079655424414144e-03 1.338786132720435566e-03 1.489064759339268776e-03 1.419105004935132964e-03 1.369363055470489273e-03
1.008000000000000000e+05 1.284216847070680442e-03 1.464990227534290019e-03 1.373914831006098304e-03 1.359864600632152863e-03 1.494859692294683027e-03 1.395600917918972264e-03 1.358780348581056134e-03
1.009000000000000000e+05 1.254824857845381622e-03 1.385264107947662077e-03 1.342609481864773593e-03 1.399170372705014999e-03 1.554774442581395881e-03 1.418378541323360139e-03 1.388272084895107944e-03
1.010000000000000000e+05 1.245557519224929546e-03 1.300391254443857177e-03 1.341221978466274663e-03 1.439926036556298146e-03 1.629371534715764840e-03 1.422359312967150452e-03 1.392287151993128885e-03
1.011000000000000000e+05 1.254199720539422294e-03 1.344479340145111716e-03 1.325614667576839861e-03 1.444117555194967661e-03 1.669690958874429443e-03 1.424612941406553854e-03 1.704190669671314887e-03
1.012000000000000000e+05 1.381280725619126338e-03 1.495948037053826786e-03 1.403664965915018973e-03 1.431154467851901337e-03 1.659469656732482420e-03 1.480475249400926103e-03 1.697834218170411486e-03
1.013000000000000000e+05 1.505893632162805078e-03 1.565471477638395769e-03 1.480234514027091918e-03 1.446860339872715158e-03 1.697760622095407720e-03 1.629530826346964724e-03 1.588608831380520668e-03
1.014000000000000000e+05 1.539591762641501693e-03 1.609112970456494027e-03 1.463656381559912383e-03 1.502406354328383658e-03 1.578243443584176342e-03 1.559577183746094220e-03 1.631068738406638843e-03
1.015000000000000000e+05 1.461111624452798461e-03 1.386975103740547980e-03 1.344923044187564453e-03 1.574311312015241882e-03 1.551641076748607124e-03 1.453349736534528293e-03 1.514491055924334362e-03
1.016000000000000000e+05 1.344433221315873093e-03 1.313100196743171005e-03 1.300886785561295063e-03 1.766647011868247800e-03 1.571112808127010565e-03 1.439476837880560803e-03 1.524718001532349111e-03
1.017000000000000000e+05 1.450915882600066703e-03 1.355577360626214608e-03 1.329249174046472776e-03 1.721820782981850571e-03 1.525804441009692269e-03 1.459129263245689768e-03 1.560304283977642387e-03
1.018000000000000000e+05 1.438738771313614060e-03 1.440391986993175407e-03 1.321766962561169486e-03 1.621651594358273748e-03 1.631507052431111458e-03 1.534220112922386487e-03 1.559516843636601924e-03
1.019000000000000000e+05 1.503680993950114566e-03 1.777779358163638452e-03 1.307679267065638010e-03 1.534895063185545650e-03 1.674303077667899271e-03 1.504307304131489824e-03 1.559078723854005364e-03
1.020000000000000000e+05 1.486295304917174299e-03 1.890868719640452023e-03 1.294049893968830843e-03 1.417243454837498065e-03 1.663411756417208006e-03 1.432489953479904304e-03 1.630774171701703619e-03
1.021000000000000000e+05 1.348140699375448455e-03 1.918765546741719400e-03 1.253830716087329456e-03 1.243904553288918257e-03 1.619416605160726476e-03 1.519366360931599137e-03 1.751664166640240017e-03
1.022000000000000000e+05 1.273880277960223219e-03 1.775002216152501413e-03 1.365841824148262889e-03 1.294871852838133620e-03 1.580591916205516300e-03 1.527230356026405052e-03 1.873419060959932280e-03
1.023000000000000000e+05 1.350929115236758783e-03 1.621579241094503465e-03 1.473628450640555084e-03 1.374654907372338834e-03 1.627909712531965588e-03 1.491543740782358103e-03 1.835959250755825681e-03
1.024000000000000000e+05 1.264229876219219537e-03 1.702588541844916262e-03 1.496412297720154001e-03 1.421553758706472744e-03 1.612043518812882048e-03 1.440869627935721870e-03 1.767543353360031882e-03
1.025000000000000000e+05 1.314783405544057678e-03 1.792794561592803843e-03 1.442786894824513036e-03 1.507658936583218144e-03 1.581864813644675823e-03 1.416977493544292928e-03 1.713035182838292371e-03
1.026000000000000000e+05 1.400823335648804149e-03 1.749827347658458035e-03 1.381869697414285589e-03 1.382889445527418770e-03 1.567430016935123308e-03 1.563091042286216589e-03 1.708235550950033214e-03
1.027000000000000000e+05 1.428842481845287674e-03 1.672376425079485224e-03 1.396254228623421828e-03 1.400709850855009478e-03 1.528988438091588619e-03 1.572526501116621811e-03 1.812975972061471337e-03
1.028000000000000000e+05 1.395102616092197718e-03 1.618328188664450639e-03 1.425654604019104639e-03 1.459336094080122478e-03 1.540095809543358353e-03 1.527978730859663519e-03 1.858593020997889372e-03
1.029000000000000000e+05 1.330009479355964263e-03 1.563461753804360225e-03 1.371166346207934334e-03 1.514515329226043911e-03 1.501303627010917852e-03 1.479814804702922872e-03 1.820153693646118977e-03
1.030000000000000000e+05 1.285039429974987012e-03 1.407753953657019759e-03 1.330584608757571369e-03 1.579525922825213190e-03 1.447664477397709237e-03 1.485431678478298014e-03 1.732274055999360541e-03
1.031000000000000000e+05 1.368937208806810793e-03 1.451172756806418020e-03 1.399826245909865452e-03 1.452211923573868118e-03 1.435445730924532091e-03 1.622690006721281934e-03 1.644534041142914392e-03
1.032000000000000000e+05 1.400922018321887601e-03 1.518153796046866179e-03 1.404551751046761001e-03 1.386963007563663192e-03 1.421792713744014693e-03 1.612644871117985138e-03 1.763725001159561871e-03
1.033000000000000000e+05 1.360000035301785464e-03 1.454533140889719420e-03 1.311383070634090106e-03 1.357965964654064351e-03 1.473395054291442826e-03 1.523904772558808129e-03 1.664084667085186922e-03
1.034000000000000000e+05 1.345131738152159466e-03 1.321594846547791873e-03 1.315957033529432463e-03 1.357952305570560118e-03 1.530929034525977664e-03 1.434121606668275735e-03 1.580164645568185285e-03
1.035000000000000000e+05 1.261650104854520260e-03 1.247824046888622784e-03 1.314167118447080685e-03 1.398198261904661389e-03 1.561517648191997803e-03 1.382032126384356808e-03 1.683252777660144712e-03
1.036000000000000000e+05 1.309011326024829428e-03 1.324502913310672070e-03 1.259502575404256161e-03 1.393593339406594672e-03 1.541493403666930077e-03 1.375005196926103570e-03 1.690837909088079060e-03
1.037000000000000000e+05 1.337803035973283853e-03 1.236508437501238023e-03 1.313591644011231300e-03 1.364700452805279974e-03 1.422761984650884517e-03 1.365178046469392448e-03 1.631224601794931291e-03
1.038000000000000000e+05 1.381154251227984485e-03 1.284488207913660109e-03 1.364677087130422573e-03 1.387364822069329798e-03 1.427421317373849538e-03 1.392176683578992416e-03 1.581352931267865402e-03
1.039000000000000000e+05 1.405373749831764730e-03 1.368634548641802645e-03 1.340023988907723153e-03 1.451875682252722023e-03 1.504015492146550332e-03 1.582932786372530680e-03 1.574462292460012368e-03
1.040000000000000000e+05 1.360610709053553880e-03 1.387939970474955098e-03 1.315410891128261607e-03 1.462966283494801208e-03 1.572291983765475732e-03 1.527138200837813327e-03 1.591639812483309742e-03
1.041000000000000000e+05 1.322476887268522489e-03 1.309237881214676737e-03 1.336336928025938682e-03 1.330052961770446891e-03 1.467329008036414272e-03 1.488589347461808038e-03 1.595392282034446526e-03
1.042000000000000000e+05 1.377389724407469471e-03 1.385634330106763493e-03 1.402381160794811564e-03 1.264636760695924409e-03 1.530509233187560183e-03 1.456997769287843303e-03 1.640914660099271512e-03
1.043000000000000000e+05 1.454232696156943470e-03 1.359830556823221452e-03 1.377756855154852692e-03 1.260764706077388986e-03 1.447194489012928412e-03 1.413243276962613442e-03 1.670332737987248201e-03
1.044000000000000000e+05 1.522708506649059516e-03 1.330314679349023843e-03 1.457792149826290119e-03 1.296363474238415277e-03 1.372414831966651573e-03 1.418814896890486154e-03 1.474887636733264017e-03
1.045000000000000000e+05 1.530124611135068660e-03 1.323872173942327582e-03 1.487472927579478821e-03 1.333239392019999097e-03 1.482475149799462356e-03 1.408627393352209064e-03 1.494417895130986532e-03
1.046000000000000000e+05 1.459144322880310055e-03 1.339329053431569713e-03 1.442567053185797197e-03 1.348587545352632677e-03 1.498535260078501545e-03 1.423751585541988603e-03 1.562136303276437811e-03
1.047000000000000000e+05 1.409947959154364376e-03 1.352468948315728144e-03 1.378890128118445127e-03 1.312645100687052317e-03 1.441668877573283689e-03 1.462935203523092319e-03 1.642044711062963123e-03
1.048000000000000000e+05 1.536547163749313024e-03 1.312126734610212335e-03 1.386534048306940943e-03 1.271757832090790463e-03 1.421881668478428484e-03 1.485725788882780087e-03 1.711069936834073817e-03
1.049000000000000000e+05 1.627871383252212220e-03 1.290329833206852470e-03 1.366965076322832536e-03 1.252802475464353128e-03 1.456901270314276417e-03 1.610225304555541227e-03 1.669163853522806452e-03
1.050000000000000000e+05 1.582445590311357553e-03 1.340491825571393661e-03 1.342403119383056651e-03 1.263186728541219666e-03 1.517237759893892658e-03 1.559165654363704658e-03 1.722526721047828481e-03
1.051000000000000000e+05 1.503923839704806448e-03 1.367515495303723303e-03 1.335446749652325358e-03 1.326604551419255634e-03 1.468463211233031213e-03 1.505323591431591669e-03 1.814318625203179903e-03
1.052000000000000000e+05 1.491906334549349686e-03 1.323475961404358206e-03 1.361320876202439878e-03 1.336228435584079074e-03 1.509711439971569329e-03 1.628797483405753331e-03 1.875487176118102207e-03
1.053000000000000000e+05 1.437941964289866795e-03 1.430103617223188201e-03 1.411195961735254439e-03 1.373726540859042692e-03 1.553044261939680619e-03 1.742587341245761985e-03 1.817721409739334265e-03
1.054000000000000000e+05 1.497581108862730678e-03 1.385701944707209846e-03 1.393652666124592116e-03 1.423455984577468286e-03 1.558491976733799049e-03 1.753659360198457076e-03 1.935186708261453590e-03
1.055000000000000000e+05 1.456964120013978618e-03 1.345705718185031836e-03 1.401952409775662333e-03 1.372462841582646961e-03 1.561078154541721682e-03 1.674022771641877402e-03 2.080230598235912817e-03
1.056000000000000000e+05 1.442538004510792067e-03 1.356339969292642920e-03 1.418408526112529319e-03 1.362878457734117846e-03 1.461249021728093685e-03 1.562827497291108172e-03 2.158186561785921907e-03
1.057000000000000000e+05 1.449650083643415572e-03 1.383688427668370875e-03 1.435626899973287043e-03 1.359598249331022682e-03 1.433357609950540066e-03 1.574895361231564827e-03 2.132074943673258755e-03
1.058000000000000000e+05 1.428525336214156059e-03 1.367438591326527574e-03 1.489009605759784253e-03 1.331178966131936524e-03 1.457681889538802377e-03 1.594924235360961574e-03 2.122986134477457265e-03
1.059000000000000000e+05 1.354260530759974742e-03 1.422413526862521252e-03 1.389447088590986578e-03 1.301307499609803860e-03 1.490322464348511986e-03 1.673854972611981849e-03 2.125616188806034486e-03
1.060000000000000000e+05 1.400904619028567680e-03 1.290787118932786633e-03 1.475370842775496245e-03 1.348800882951939903e-03 1.489161619421301057e-03 1.712789494369015061e-03 2.188915045178533268e-03
1.061000000000000000e+05 1.375038217328096142e-03 1.252248971850553668e-03 1.496882138678904892e-03 1.431613870272995144e-03 1.446879416240709308e-03 1.613610155829377744e-03 2.502091446167678448e-03
1.062000000000000000e+05 1.303464514813196034e-03 1.292156748471199766e-03 1.411035432114882875e-03 1.468888184669578465e-03 1.470044722579355720e-03 1.573526720808360053e-03 2.750589017631649077e-03
1.063000000000000000e+05 1.297430100589572286e-03 1.355551194920892339e-03 1.381517642029336671e-03 1.489540864823959542e-03 1.514024952857575277e-03 1.629739046080142363e-03 2.771158614487731660e-03
1.064000000000000000e+05 1.371889394344892512e-03 1.407229828162879061e-03 1.412080357278230891e-03 1.517165528162919873e-03 1.467018682120529386e-03 1.677258778009108574e-03 2.628321830260063694e-03
1.065000000000000000e+05 1.390370995153673806e-03 1.401237861252435093e-03 1.431374493272741244e-03 1.570032370857753212e-03 1.496514220730416588e-03 1.679009842286737506e-03 2.521076091431450651e-03
1.066000000000000000e+05 1.493023189012909280e-03 1.371666870640565836e-03 1.405124671397610251e-03 1.534255903596232987e-03 1.557804200227653341e-03 1.659901010363661836e-03 2.590832803046463038e-03
1.067000000000000000e+05 1.491434524727434279e-03 1.373700864893973982e-03 1.377407204812673529e-03 1.486963331223563767e-03 1.576567913753742015e-03 1.700166541766937869e-03 2.671047742932282712e-03
1.068000000000000000e+05 1.412331813736308547e-03 1.406069592346897686e-03 1.413564265254285950e-03 1.451898357473789579e-03 1.545723705395780564e-03 1.668301359794024941e-03 2.706954253357068962e-03
1.069000000000000000e+05 1.399880046720894129e-03 1.422005262574421898e-03 1.465460124573427555e-03 1.437917926910126706e-03 1.551990174506474428e-03 1.699980212693312422e-03 2.649689442873070892e-03
1.070000000000000000e+05 1.467882900528989266e-03 1.314514216260919896e-03 1.442870311198470598e-03 1.438992224924963686e-03 1.589536103321025681e-03 1.944636699081398043e-03 2.795449551361860446e-03
1.071000000000000000e+05 1.467909555982740413e-03 1.371205808119227692e-03 1.424611809316339746e-03 1.454867359053020268e-03 1.643739140834773495e-03 1.880834810416137474e-03 3.026115958132746548e-03
1.072000000000000000e+05 1.488240078657707783e-03 1.386587066835115456e-03 1.437849989698333645e-03 1.448311941544896606e-03 1.714940888348650801e-03 1.845543877766099442e-03 3.255174113355400155e-03
1.073000000000000000e+05 1.465531551984174249e-03 1.386978791570881624e-03 1.472183639298713098e-03 1.476958861832805862e-03 1.776681225728357237e-03 1.871236041915753717e-03 3.403072187805235814e-03
1.074000000000000000e+05 1.533417211213278881e-03 1.393775565491657716e-03 1.440141696184869986e-03 1.511638996768068085e-03 1.656244654447963779e-03 1.932795964539166592e-03 3.317894242050777043e-03
1.075000000000000000e+05 1.577663438398938878e-03 1.407345255670709814e-03 1.492476808815440146e-03 1.436381210621111076e-03 1.650204096562172922e-03 1.889746286309510479e-03 3.404226951550076794e-03
1.076000000000000000e+05 1.538269918868200590e-03 1.383835490798430686e-03 1.634042740996116943e-03 1.359528896172357282e-03 1.651838128176547592e-03 1.868889839915050151e-03 3.480867596364054829e-03
1.077000000000000000e+05 1.462600139198366907e-03 1.294831428000071125e-03 1.682738633456979825e-03 1.375109207629209842e-03 1.649338082750724434e-03 1.803560481572634260e-03 3.467806680352842133e-03
1.078000000000000000e+05 1.410525310031974849e-03 1.274657926128728398e-03 1.577678792908319624e-03 1.408879702204832943e-03 1.657767516193401919e-03 1.721239750089961990e-03 3.368964739472127962e-03
1.079000000000000000e+05 1.423644126438375563e-03 1.340275142059380682e-03 1.474272026132632512e-03 1.423515172090938485e-03 1.629507122014371570e-03 1.672818295788885534e-03 3.252104179118742427e-03
1.080000000000000000e+05 1.391223923126405420e-03 1.412861428639285589e-03 1.374296291917854367e-03 1.418607644457787814e-03 1.655282402071199359e-03 1.763841650682223313e-03 3.117232695565117818e-03
1.081000000000000000e+05 1.385754044590315273e-03 1.331108477757649965e-03 1.392020575650782573e-03 1.528334452576433260e-03 1.609722349864304257e-03 1.762073205725645355e-03 2.979922914063805415e-03
1.082000000000000000e+05 1.416130360343614792e-03 1.310424567248016058e-03 1.460634866505479282e-03 1.485557843412187076e-03 1.505472646315936637e-03 1.709531881163568788e-03 2.881792077848661753e-03
1.083000000000000000e+05 1.422018472807322961e-03 1.312936296995086518e-03 1.517602301194534431e-03 1.490095646737414365e-03 1.516209891767661367e-03 1.647981257265008961e-03 2.889093013462292175e-03
1.084000000000000000e+05 1.369043765138702306e-03 1.335266298643493499e-03 1.520189528980462647e-03 1.570355553301873777e-03 1.485708067069010582e-03 1.652413151095404129e-03 2.880649356687946423e-03
1.085000000000000000e+05 1.402636538765154742e-03 1.375184355867135021e-03 1.596399061083010043e-03 1.583335114832718155e-03 1.471247628636400276e-03 1.593039052389903483e-03 2.857693604699437350e-03
1.086000000000000000e+05 1.399216531662571825e-03 1.416704341764451341e-03 1.507644218168415016e-03 1.479850426426754153e-03 1.488620839543576329e-03 1.643282925003826172e-03 2.844620446102623119e-03
1.087000000000000000e+05 1.402643913829063928e-03 1.404487313673814190e-03 1.450646249819917454e-03 1.436736314594229446e-03 1.519012787327816798e-03 1.736559481994206415e-03 2.898535824637048577e-03
1.088000000000000000e+05 1.416365365490462056e-03 1.379256680768683975e-03 1.465179304768905689e-03 1.492135855119668120e-03 1.417040756652656382e-03 1.741646203013189715e-03 2.927673826207338216e-03
1.089000000000000000e+05 1.445219753080577690e-03 1.338790167680107722e-03 1.529591180025683013e-03 1.596570069714701307e-03 1.452776596460199614e-03 1.717641548846506440e-03 3.021951127341172046e-03
1.090000000000000000e+05 1.635684728481298818e-03 1.347801510571485948e-03 1.668428869320371993e-03 1.612937926018065665e-03 1.540823719878845746e-03 1.682191294712940014e-03 3.248434104733506286e-03
1.091000000000000000e+05 1.614737667827204331e-03 1.375301760916254916e-03 1.688502548466419778e-03 1.594844205020837756e-03 1.653412556003850320e-03 1.702517375239061574e-03 3.224895049223580699e-03
1.092000000000000000e+05 1.551046727682870927e-03 1.331995348492359850e-03 1.579165061723036834e-03 1.479115025972377057e-03 1.761097374678112417e-03 1.769375729153596340e-03 3.125080111877744180e-03
1.093000000000000000e+05 1.573258821734319817e-03 1.259447079825657279e-03 1.500892541699594233e-03 1.430285672437646254e-03 1.640349285869283254e-03 1.676343827535825082e-03 2.960378572960220556e-03
1.094000000000000000e+05 1.584574196592470870e-03 1.373648298348618913e-03 1.546996110481680797e-03 1.457726252926879211e-03 1.659143723511394752e-03 1.686070381919906307e-03 2.757684526202984661e-03
1.095000000000000000e+05 1.535486627736650390e-03 1.408060696869124512e-03 1.534631708306567538e-03 1.415641700895580975e-03 1.614933985890715023e-03 1.718724393149703147e-03 2.653509397574673780e-03
1.096000000000000000e+05 1.849530582248072076e-03 1.383160323443976929e-03 1.356941498066884140e-03 1.437179636589018495e-03 1.506128362382564518e-03 1.702042742214479728e-03 2.468546960014858689e-03
1.097000000000000000e+05 3.126764667567447260e-03 1.340158049592498441e-03 1.352319234203864249e-03 1.494524369627598824e-03 1.507989151330527697e-03 1.553698905796594256e-03 2.306763245458364007e-03
1.098000000000000000e+05 2.932285612625993524e-03 1.270464902926019771e-03 1.447098483834879891e-03 1.552064555576184368e-03 1.483987345043361918e-03 1.557780577750425338e-03 2.200196616162414676e-03
1.099000000000000000e+05 2.214792381288418956e-03 1.317178406233295712e-03 1.500485751896401014e-03 1.563902196248051924e-03 1.539225605728532188e-03 1.599334074267650622e-03 2.143232581502326015e-03
1.100000000000000000e+05 1.616530231710173104e-03 1.329735299136266397e-03 1.337749419258707452e-03 1.473852639704892895e-03 1.556841364016399703e-03 1.589258323084941039e-03 2.045746097257501728e-03
1.101000000000000000e+05 1.391534959188604455e-03 1.344465212288576024e-03 1.431162300866987069e-03 1.492709925677525567e-03 1.483084229121603382e-03 1.491691241092076275e-03 1.902905048844068638e-03
1.102000000000000000e+05 1.417184093474310692e-03 1.346959384929923443e-03 1.461642652988994449e-03 1.510707308364116815e-03 1.451814026582563030e-03 1.399408017618830212e-03 1.758654414046393645e-03
1.103000000000000000e+05 1.340180210361815918e-03 1.324185707349137672e-03 1.494569228239961065e-03 1.478151769294044730e-03 1.490624298445738030e-03 1.398345378769831312e-03 1.700476161965591140e-03
1.104000000000000000e+05 1.285294188942486850e-03 1.331264641111522132e-03 1.485018816514573677e-03 1.405564697468333511e-03 1.465324059039659283e-03 1.453742079562129075e-03 1.676897594606676940e-03
1.105000000000000000e+05 1.341221670241887895e-03 1.247683876701783301e-03 1.337832064665722383e-03 1.363681889359653248e-03 1.412853071605433327e-03 1.511042474003476428e-03 1.652826655621877786e-03
1.106000000000000000e+05 1.379424938775523002e-03 1.294645526569881966e-03 1.325293457898636283e-03 1.413884778464978694e-03 1.399154925951421767e-03 1.492430019085584994e-03 1.608334498763934776e-03
1.107000000000000000e+05 1.302101397459442048e-03 1.294082101275174446e-03 1.365594325685249308e-03 1.335035644776522579e-03 1.387267777914870511e-03 1.451919545439396856e-03 1.525136648002337189e-03
1.108000000000000000e+05 1.226184096452512598e-03 1.276472201639540635e-03 1.400713244095776406e-03 1.273838963386339030e-03 1.316891138178209048e-03 1.467076340414066610e-03 1.513069472448278548e-03
1.109000000000000000e+05 1.370190645124120220e-03 1.403136406206130721e-03 1.391458511882380381e-03 1.287672143012164950e-03 1.347110781257306999e-03 1.489303370676179836e-03 1.486535137356173944e-03
1.110000000000000000e+05 1.386427006385519689e-03 1.388168261120887887e-03 1.337277809490999185e-03 1.344585525997421321e-03 1.447805180713145979e-03 1.483011244317895133e-03 1.508455477076300899e-03
1.111000000000000000e+05 1.444166837299451760e-03 1.333560005805456503e-03 1.387051694835752125e-03 1.391828942536355290e-03 1.449133754332360266e-03 1.439620498019393699e-03 1.605977011302415569e-03
1.112000000000000000e+05 1.524758722524894704e-03 1.304871678837180460e-03 1.415827647164625419e-03 1.366019518119049184e-03 1.501667709431984661e-03 1.435324659445837538e-03 1.607656096112181207e-03
1.113000000000000000e+05 1.565246962735857570e-03 1.338540897726026154e-03 1.390070214458335182e-03 1.300280019318775107e-03 1.519428624163741493e-03 1.502779700338994356e-03 1.601371059930456519e-03
1.114000000000000000e+05 1.546870745952264904e-03 1.388791714529507074e-03 1.355591777805981255e-03 1.272673281044479129e-03 1.549075431618125156e-03 1.564915102035368275e-03 1.591855548420771779e-03
1.115000000000000000e+05 1.661792152714970270e-03 1.307951280656805644e-03 1.346792759334909922e-03 1.406202206540780632e-03 1.603325988125389300e-03 1.469246705838733172e-03 1.595257896665670198e-03
1.116000000000000000e+05 1.519549367091498288e-03 1.246143853917813966e-03 1.337228398874691507e-03 1.476669055860722847e-03 1.614456954615852953e-03 1.530910308806881885e-03 1.675991121564728709e-03
1.117000000000000000e+05 1.445023407839099872e-03 1.294920163862648245e-03 1.362357106585842820e-03 1.452951289369511711e-03 1.524286822215873858e-03 1.532364258472404973e-03 1.686640115023176414e-03
1.118000000000000000e+05 1.407231190362869888e-03 1.304279839953183381e-03 1.379060702490049733e-03 1.403061459579624292e-03 1.497507980538498188e-03 1.512213661586365434e-03 1.684168403380228735e-03
1.119000000000000000e+05 1.357990370090784082e-03 1.282272608431579523e-03 1.429562862703593132e-03 1.373702424322080810e-03 1.503677879242529183e-03 1.507345542717286905e-03 1.676040706932540236e-03
1.120000000000000000e+05 1.344076768797132547e-03 1.288632470958072512e-03 1.502630114904119664e-03 1.390267346746446161e-03 1.495272255537761922e-03 1.541631189765113250e-03 1.648319442110778195e-03
1.121000000000000000e+05 1.459031065661278020e-03 1.318796483474452214e-03 1.518927899050875191e-03 1.462843546831837970e-03 1.555409770925748154e-03 1.556926342725465555e-03 1.593874584335276245e-03
1.122000000000000000e+05 1.395176475438318631e-03 1.304381448434698519e-03 1.434714593426343133e-03 1.505406525268317705e-03 1.561452881543796360e-03 1.621429320684370954e-03 1.648630099298749449e-03
1.123000000000000000e+05 1.431244144338595682e-03 1.412073535287763568e-03 1.391260705671398118e-03 1.541213664588035040e-03 1.602959857340061946e-03 1.683229579821105253e-03 1.746500287111947070e-03
1.124000000000000000e+05 1.464131513621080589e-03 1.405095507311293320e-03 1.494993977678026661e-03 1.574812044270739722e-03 1.661897296684300028e-03 1.603964003955269096e-03 1.770429342071341318e-03
1.125000000000000000e+05 1.456842474170654206e-03 1.311473645887567888e-03 1.616419309144367022e-03 1.592038440743780061e-03 1.659151684858633331e-03 1.600720180560563817e-03 1.831556186708786262e-03
1.126000000000000000e+05 1.477836612159528747e-03 1.353209200034852146e-03 1.520659104920634407e-03 1.423054983749959083e-03 1.581559200051371262e-03 1.603986107621484377e-03 1.786719194048677715e-03
1.127000000000000000e+05 1.337261483104245155e-03 1.320463565643992601e-03 1.406090899324738842e-03 1.426675980556919810e-03 1.625065771132909887e-03 1.601129174747432417e-03 1.717138846311150498e-03
1.128000000000000000e+05 1.419497937921021264e-03 1.331562166002694773e-03 1.393444745521641792e-03 1.494206293856102956e-03 1.650489731276402056e-03 1.591340071953017445e-03 1.701219130668656576e-03
1.129000000000000000e+05 1.480473655379992842e-03 1.441895834166761602e-03 1.442975790493778712e-03 1.558483221977772365e-03 1.620181146839428906e-03 1.628940876753078503e-03 1.790945308275355280e-03
1.130000000000000000e+05 1.497095000646641747e-03 1.480936165900441793e-03 1.481435616268299543e-03 1.593876498891014584e-03 1.673232318128707163e-03 1.690528946475755362e-03 1.758884263920629763e-03
1.131000000000000000e+05 1.490480946063165064e-03 1.401157634629641470e-03 1.461804130326224997e-03 1.400881757052232623e-03 1.747619172994865780e-03 1.718692026086991904e-03 1.693483891282114920e-03
1.132000000000000000e+05 1.493505910392307337e-03 1.419913112590597730e-03 1.493888041757631497e-03 1.526600860301787627e-03 1.735829792730847910e-03 1.683250365423095930e-03 1.655573876552267430e-03
1.133000000000000000e+05 1.538459789702753761e-03 1.425134164420097322e-03 1.519069375848212857e-03 1.584683267327827985e-03 1.668187914336985911e-03 1.556598263934880211e-03 1.730846382687371669e-03
1.134000000000000000e+05 1.564062281732327099e-03 1.493159305524614268e-03 1.464728369172307951e-03 1.478891831115184026e-03 1.598783158620367597e-03 1.499016334980737960e-03 1.731850626793587792e-03
1.135000000000000000e+05 1.455684379534946280e-03 1.471753355411492244e-03 1.466621832284526221e-03 1.403102798945368452e-03 1.619834782794758168e-03 1.521162843299918126e-03 1.696313392673794379e-03
1.136000000000000000e+05 1.404828820990412916e-03 1.375698389734042416e-03 1.562423836152666921e-03 1.516675005580010076e-03 1.601701659501572140e-03 1.541516818546168933e-03 1.654474384797343690e-03
1.137000000000000000e+05 1.439800413597035937e-03 1.310839923669691572e-03 1.529200579522399777e-03 1.541054416045063670e-03 1.585623266342922307e-03 1.494378875991601071e-03 1.666881196429852684e-03
1.138000000000000000e+05 1.456047232347664573e-03 1.419601295815127971e-03 1.580037064521085154e-03 1.520451762498658101e-03 1.595742818340396786e-03 1.434450732699696796e-03 1.708235438458260806e-03
1.139000000000000000e+05 1.396993378910390713e-03 1.536254630050659566e-03 1.550201391746173878e-03 1.512365524065492064e-03 1.648835298878292529e-03 1.575599669684487562e-03 1.772716345071089243e-03
1.140000000000000000e+05 1.495032970189325234e-03 1.567261387560747081e-03 1.565192245619490864e-03 1.587581926836835813e-03 1.575157675248913848e-03 1.689040273415818574e-03 1.851481018617693415e-03
1.141000000000000000e+05 1.528649521897823332e-03 1.540711916788723010e-03 1.638173268591391679e-03 1.558070759899851969e-03 1.607469462160064817e-03 1.707245771757323659e-03 1.929900446588506645e-03
1.142000000000000000e+05 1.501655525893707665e-03 1.497356536379526549e-03 1.651484255183599016e-03 1.476454371540581595e-03 1.596012065223467204e-03 1.648813345819214035e-03 1.798455304323614721e-03
1.143000000000000000e+05 1.477019085407503974e-03 1.472206568137450705e-03 1.567892635386034135e-03 1.454200978690984485e-03 1.521060323688567563e-03 1.674440060345713582e-03 1.730979063048437459e-03
1.144000000000000000e+05 1.488400346114973453e-03 1.459599997519117013e-03 1.584531419790163051e-03 1.497399447777015289e-03 1.543901931440252485e-03 1.562129511674724934e-03 1.715089978450631001e-03
1.145000000000000000e+05 1.416565307047859632e-03 1.521280917150195488e-03 1.527582926904069542e-03 1.506759294718622430e-03 1.568278888274578448e-03 1.452829150844701846e-03 1.716386615350384880e-03
1.146000000000000000e+05 1.453959932597502589e-03 1.503390442764683272e-03 1.439424355247357484e-03 1.541408944951327660e-03 1.543461362081841384e-03 1.481915225580766621e-03 1.586001233981796689e-03
1.147000000000000000e+05 1.482173574805951575e-03 1.441751197559385314e-03 1.454153424836927052e-03 1.508538247635966010e-03 1.531742822371358727e-03 1.513057751062289562e-03 1.564608472152758398e-03
1.148000000000000000e+05 1.447331749687349360e-03 1.409161123479061965e-03 1.461706102467946354e-03 1.522397258131276757e-03 1.569438303436368519e-03 1.474635796268742314e-03 1.587974592357593775e-03
1.149000000000000000e+05 1.408462915996707386e-03 1.457904951300605231e-03 1.542940170741934069e-03 1.553695899467158860e-03 1.527903766894600935e-03 1.513980990566932139e-03 1.620241719015031671e-03
1.150000000000000000e+05 1.436434243661742580e-03 1.399088518086686987e-03 1.544271959777283529e-03 1.429603962344670525e-03 1.614313265972173138e-03 1.614911926253747437e-03 1.731424728319992928e-03
1.151000000000000000e+05 1.500573496840285764e-03 1.369529961909061490e-03 1.492437205566754695e-03 1.583981311379380761e-03 1.619736351156564856e-03 1.591828451615749998e-03 1.786878597075396711e-03
1.152000000000000000e+05 1.575620920298351864e-03 1.479090596399430238e-03 1.455783471373398421e-03 1.622115567962754664e-03 1.560871418082667361e-03 1.622219323891128375e-03 1.866552886539715175e-03
1.153000000000000000e+05 1.513451181201809059e-03 1.533112789092218970e-03 1.466377918374564375e-03 1.620754741743024282e-03 1.527667579597444822e-03 1.631541916045235350e-03 1.937791710797702720e-03
1.154000000000000000e+05 1.517924911673119081e-03 1.382987348703360693e-03 1.483348302696287525e-03 1.618813428960386288e-03 1.434173133349784949e-03 1.612046456543111484e-03 1.733941822433911250e-03
1.155000000000000000e+05 1.556597435097308935e-03 1.521844204472362931e-03 1.573897872403706667e-03 1.617372812447001986e-03 1.540986607859344071e-03 1.569935319687292431e-03 1.777344074265979363e-03
1.156000000000000000e+05 1.550133617352816850e-03 1.620521131422133360e-03 1.646090401811989507e-03 1.580578062275161391e-03 1.646572995513092110e-03 1.589020103971892960e-03 1.813656768825677680e-03
1.157000000000000000e+05 1.524084697281258109e-03 1.608059070266603741e-03 1.658381748418393236e-03 1.585235271833638441e-03 1.663953474018532025e-03 1.626228133546959260e-03 1.829479327849965666e-03
1.158000000000000000e+05 1.532084598987616415e-03 1.550608914683561943e-03 1.693891288294721315e-03 1.605635168121519315e-03 1.601826165704330453e-03 1.728163138535005958e-03 1.918418553789893793e-03
1.159000000000000000e+05 1.500831119324106582e-03 1.512084309704450364e-03 1.545383985809730505e-03 1.634446282254609561e-03 1.648027507190497109e-03 1.863505785975115613e-03 1.812174588498752497e-03
1.160000000000000000e+05 1.519448622221509409e-03 1.531690172231486066e-03 1.540852099573102475e-03 1.682714949465434527e-03 1.668200210628333676e-03 1.885177920565569336e-03 1.778595459846168307e-03
1.161000000000000000e+05 1.597376748018673439e-03 1.601532211517936325e-03 1.521301029553068836e-03 1.778974568886895063e-03 1.688770430503303173e-03 1.778430925953922159e-03 1.812538350643853402e-03
1.162000000000000000e+05 1.645508665913794329e-03 1.492129313756606008e-03 1.448711463930474211e-03 1.775708262841603925e-03 1.707881628381637158e-03 1.615043007702560412e-03 1.871392215701819404e-03
1.163000000000000000e+05 1.504739687245308351e-03 1.393138621943007657e-03 1.413635125854163571e-03 1.678971755863706717e-03 1.573425473970595668e-03 1.556027356688737765e-03 1.901316930406161954e-03
1.164000000000000000e+05 1.431040408338199585e-03 1.350994413739178227e-03 1.491553178187392205e-03 1.571024996033858982e-03 1.690546644187377939e-03 1.745322991156056207e-03 1.881709434381612566e-03
1.165000000000000000e+05 1.514301901926534558e-03 1.383003977978944626e-03 1.577298396408550931e-03 1.610332154979227928e-03 1.763163059886474785e-03 1.806874112922599637e-03 1.842411583526098713e-03
1.166000000000000000e+05 1.532689603865616639e-03 1.508985596914872796e-03 1.534337729967956507e-03 1.679516637349812722e-03 1.720163736535658015e-03 1.680088306528222664e-03 1.802794881721083223e-03
1.167000000000000000e+05 1.533795689997267996e-03 1.535796707895759668e-03 1.448627192163898150e-03 1.654862148501565645e-03 1.573201126598593787e-03 1.649272342714453625e-03 1.670633317419756856e-03
1.168000000000000000e+05 1.562145228912956109e-03 1.542694038223421226e-03 1.480216910882856248e-03 1.698424914651482185e-03 1.766373236587449186e-03 1.749700739308980004e-03 1.687842225863228889e-03
1.169000000000000000e+05 1.560626466979704108e-03 1.461444880213729923e-03 1.548409771864038336e-03 1.731084425146751926e-03 1.696985760281709580e-03 1.686055769399167530e-03 1.714677287633038002e-03
1.170000000000000000e+05 1.405430557156408296e-03 1.357739212754721560e-03 1.433113862571779376e-03 1.432543432464758546e-03 1.529779004290862145e-03 1.535121238249573467e-03 1.693048016168611320e-03
1.171000000000000000e+05 1.272345126725043900e-03 1.331496619262090980e-03 1.359024359710307023e-03 1.333282501152284688e-03 1.412852061217451495e-03 1.481888547859859474e-03 1.685147889176033488e-03
1.172000000000000000e+05 1.364109106555727417e-03 1.369847768882197052e-03 1.609213255432896802e-03 1.718634964234141450e-03 1.530922238236137297e-03 1.757923763050777289e-03 1.769949451279290674e-03
1.173000000000000000e+05 1.923736692976832276e-03 2.202247447374571475e-03 2.175923001252344762e-03 2.323049488999624854e-03 2.220983762279563414e-03 2.545330253548789331e-03 2.081701527072355850e-03
1.174000000000000000e+05 2.462465797928285564e-03 2.166797983441207630e-03 2.130932851825163236e-03 2.746573727205175400e-03 2.177511213729288204e-03 2.601741541622635927e-03 2.437039275180580365e-03
1.175000000000000000e+05 2.073596639440822807e-03 2.150656754680473851e-03 2.358860570475838393e-03 2.454854315074380018e-03 2.282670280045171179e-03 2.560442302731835706e-03 2.178478810236605424e-03
1.176000000000000000e+05 1.986020565787110538e-03 2.111911219688301575e-03 2.008240077138669262e-03 2.457489320101926503e-03 2.790304411260693430e-03 2.592964848073368161e-03 3.191576188514878409e-03
1.177000000000000000e+05 1.402615901691357065e-03 1.195311604930131060e-03 1.636219956290189785e-03 1.844583453354816695e-03 1.911157276428652888e-03 2.680957795419245532e-03 3.283459899707930844e-03
1.178000000000000000e+05 1.063104557070554011e-03 1.136870464563155417e-03 1.513917809254349987e-03 1.384666662795543601e-03 1.875907143707281760e-03 2.453073142407278737e-03 2.729129442788347931e-03
1.179000000000000000e+05 1.155535517662926916e-03 1.161111080849119978e-03 1.239123294566225756e-03 1.414064517728719737e-03 1.836602084807853127e-03 2.049483407641870727e-03 2.528214977582501476e-03
1.180000000000000000e+05 1.313157754131372493e-03 1.209651155236362132e-03 1.616279633075738730e-03 1.836898208801076909e-03 1.658378035565979914e-03 1.723861220810086721e-03 2.013543932144378629e-03
1.181000000000000000e+05 1.010853606000993452e-03 1.099513267295056844e-03 1.334822445821737431e-03 1.392832031076850826e-03 1.351925913243391848e-03 1.433519276422594736e-03 1.513250419591015417e-03
1.182000000000000000e+05 9.089908977306159019e-04 8.298496478557084409e-04 1.000971198303968971e-03 1.138735973916076135e-03 9.916237881390879173e-04 1.079581169427643169e-03 1.103891051237223088e-03
1.183000000000000000e+05 7.441893291563627831e-04 7.606724673215444149e-04 8.544328658259432979e-04 9.838612696841753189e-04 8.220931688641068113e-04 9.045079271369812612e-04 8.482354894518117890e-04
1.184000000000000000e+05 7.176738536076115137e-04 7.849211274239866745e-04 7.938833456083065152e-04 9.023513675831917706e-04 7.889981433787553308e-04 8.244032166661251736e-04 7.812821765530273029e-04
1.185000000000000000e+05 7.691171022243608549e-04 7.561229181788351773e-04 7.881978339111173808e-04 9.332419336517909893e-04 8.076117768565644998e-04 7.861788384419281977e-04 7.596934894395305496e-04
1.186000000000000000e+05 7.958527085075888571e-04 7.053376670729029916e-04 7.590642177359331741e-04 8.562534144878822381e-04 7.454721743789102448e-04 7.558085167994479199e-04 7.541785729999039151e-04
1.187000000000000000e+05 7.347127230368606307e-04 6.756584297762665376e-04 7.369084599429087234e-04 8.120982340393804620e-04 7.572417019781666446e-04 7.144479679852724485e-04 7.575816306065288105e-04
1.188000000000000000e+05 6.858233410466588057e-04 7.011902614189183865e-04 7.703477455653468756e-04 8.315702191306691311e-04 7.962267932035374963e-04 8.223650209140896108e-04 8.604389811271730398e-04
1.189000000000000000e+05 7.572647091207449855e-04 7.703800381676621529e-04 8.670802159427860043e-04 8.908027749740329718e-04 8.021995163513258136e-04 8.670787797480728268e-04 8.657780923683594792e-04
1.190000000000000000e+05 7.607650958635670283e-04 7.099611137840687028e-04 7.631059592743280823e-04 9.112688851696576411e-04 7.964838480168159049e-04 9.034912058782833613e-04 9.398774764250786284e-04
1.191000000000000000e+05 8.083466732751744786e-04 7.904461686507441819e-04 8.979932011155731218e-04 9.489007155496767196e-04 1.004108750921851043e-03 1.055603283752417406e-03 1.096911214308141655e-03
1.192000000000000000e+05 8.289463565173204413e-04 8.025282881070969340e-04 9.691332589632022879e-04 9.034305476357630061e-04 1.008484534076500936e-03 9.988042133283261959e-04 1.159291504357420205e-03
1.193000000000000000e+05 7.183449128412937573e-04 7.056706810543467460e-04 8.866927115042446414e-04 8.106933048328892081e-04 9.069739746136538244e-04 8.676489690355645166e-04 9.688775262769972830e-04
1.194000000000000000e+05 6.410708740511642228e-04 6.519507621408566003e-04 6.915634588586138309e-04 7.106618183856066966e-04 7.804415650926068131e-04 7.472011573254413747e-04 7.914509602387842860e-04
1.195000000000000000e+05 5.571954738046122103e-04 5.811114518106056791e-04 6.481407409051685546e-04 6.474468273780461559e-04 6.994695228251646526e-04 6.785253196090519244e-04 6.759663678372214695e-04
1.196000000000000000e+05 5.564493014163780608e-04 5.826602934350344444e-04 5.881093496620502532e-04 5.810051314502330750e-04 6.365106517477318090e-04 6.203483343552775725e-04 6.166612614006910338e-04
1.197000000000000000e+05 6.871518466673484215e-04 7.476115863909761627e-04 7.387130466612436622e-04 7.877545731055364368e-04 1.041526619846235837e-03 9.767963432766775273e-04 1.008116578149263146e-03
1.198000000000000000e+05 1.045693497635986772e-03 1.182985107428454917e-03 1.254651883422250357e-03 1.268365459157612786e-03 1.585467912770685550e-03 1.468973852879030140e-03 1.552935541349649866e-03
1.199000000000000000e+05 1.498584274008612528e-03 1.657989990262352057e-03 1.818179209056075898e-03 1.723585756433864682e-03 1.913087254370446962e-03 1.822473662181779480e-03 1.893781976891566752e-03
