9.000000000000000000e+04 4.350078850984573364e-02 5.286840349435806274e-02 4.437671974301338196e-02 5.587896332144737244e-02
9.010000000000000000e+04 4.571639512976005681e-02 5.450008124113086411e-02 4.772190344830341824e-02 5.731022119522090341e-02
9.020000000000000000e+04 4.793200174967438693e-02 5.615220323205001585e-02 5.083923978110142794e-02 5.878590280810983698e-02
9.030000000000000000e+04 4.982342943549157577e-02 5.804965615272519863e-02 5.275599572807546794e-02 6.044760882854461476e-02
9.040000000000000000e+04 5.170585215091715731e-02 5.982345923781388908e-02 5.461923917134602069e-02 6.211839780211451945e-02
9.050000000000000000e+04 5.343406746784852557e-02 6.091718822717663573e-02 5.636825400094183647e-02 6.380366273224351292e-02
9.060000000000000000e+04 5.515347093343737905e-02 6.180017650127411083e-02 5.840017519891252396e-02 6.451374679803847934e-02
9.070000000000000000e+04 5.653174728155135886e-02 6.198069572448730580e-02 6.074039179831743768e-02 6.451276148358980889e-02
9.080000000000000000e+04 5.787992417812343887e-02 6.254735291004183406e-02 6.201998467246690877e-02 6.461636245250702848e-02
9.090000000000000000e+04 5.877738028764720873e-02 6.398282051086420785e-02 6.269787754863496987e-02 6.475101247429847218e-02
9.100000000000000000e+04 5.962020357449843849e-02 6.605802029371243833e-02 6.246607787907124121e-02 6.720391362905495103e-02
9.110000000000000000e+04 6.092252939939495071e-02 6.915679156780232817e-02 6.200335625559090513e-02 6.999552781383176769e-02
9.120000000000000000e+04 6.229665249586108233e-02 7.270107239484782657e-02 6.303399592638014859e-02 7.414287298917771052e-02
9.130000000000000000e+04 6.456779062747958209e-02 7.676511436700825253e-02 6.434121116995800138e-02 7.856455534696589471e-02
9.140000000000000000e+04 6.701254457235333861e-02 8.124270468950288426e-02 6.723671436309815175e-02 8.349707245826715196e-02
9.150000000000000000e+04 7.020812630653371078e-02 8.607476502656964679e-02 7.040323354303845704e-02 8.886089995503425321e-02
9.160000000000000000e+04 7.357890119155230391e-02 9.166920453310034578e-02 7.428041686614347827e-02 9.458894511063921373e-02
9.170000000000000000e+04 7.763867000738773616e-02 9.774013102054585067e-02 7.842589572072020121e-02 1.013865247368815337e-01
9.180000000000000000e+04 8.188850611448303396e-02 1.049495023488997009e-01 8.291902512311945250e-02 1.085698381066322743e-01
9.190000000000000000e+04 8.692872524261491263e-02 1.126648491621017878e-01 8.812777832150470170e-02 1.174236624936260409e-01
9.200000000000000000e+04 9.222299605607992001e-02 1.208109468221666843e-01 9.382345080375660562e-02 1.264655292034144451e-01
9.210000000000000000e+04 9.830139458179466827e-02 1.290862697362904210e-01 1.012633573263883868e-01 1.359298661351203974e-01
9.220000000000000000e+04 1.046702107787130104e-01 1.356189900636673717e-01 1.092704944312576087e-01 1.445227330923082032e-01
9.230000000000000000e+04 1.111715565125147298e-01 1.418348735570905128e-01 1.189829418311517811e-01 1.512050697207450167e-01
9.240000000000000000e+04 1.177289724349978584e-01 1.449474412202834406e-01 1.287557464838026411e-01 1.557697844505309959e-01
9.250000000000000000e+04 1.233054002126060394e-01 1.478013992309570312e-01 1.372718128065270327e-01 1.582672968506814160e-01
9.260000000000000000e+04 1.284109536806743723e-01 1.484312212467193692e-01 1.448837533593179960e-01 1.590854456027348818e-01
9.270000000000000000e+04 1.320431756973266813e-01 1.489965224266052157e-01 1.495215959846973863e-01 1.591797307133674677e-01
9.280000000000000000e+04 1.348773431777953724e-01 1.487875735759735252e-01 1.529225707054138184e-01 1.586078685522079590e-01
9.290000000000000000e+04 1.366104622681935110e-01 1.485414791107178001e-01 1.544102653861046393e-01 1.579547047615051658e-01
9.300000000000000000e+04 1.376733779907226007e-01 1.480910837650299128e-01 1.551361992955207769e-01 1.572984606027603149e-01
9.310000000000000000e+04 1.382519423961639238e-01 1.476586180925369418e-01 1.552442605793476205e-01 1.566354852914809970e-01
9.320000000000000000e+04 1.385002672672271673e-01 1.472859179973602106e-01 1.549417718251546450e-01 1.559549504518508989e-01
9.330000000000000000e+04 1.385862678289413452e-01 1.470429104566574052e-01 1.544729395210743261e-01 1.554806640744209323e-01
9.340000000000000000e+04 1.385485927263895578e-01 1.470917111635208219e-01 1.538248003522555418e-01 1.552390682697296076e-01
9.350000000000000000e+04 1.385238359371821215e-01 1.473466813564300315e-01 1.531559464832147055e-01 1.554795508583386998e-01
9.360000000000000000e+04 1.385100597143173184e-01 1.479315227270126265e-01 1.526704519987106545e-01 1.559654551744460993e-01
9.370000000000000000e+04 1.386489240328470929e-01 1.485438907146453824e-01 1.523340704540411539e-01 1.567199036478996166e-01
9.380000000000000000e+04 1.389323951800664203e-01 1.491883730888366733e-01 1.526326214273770465e-01 1.575083076953887606e-01
9.390000000000000000e+04 1.392971801757812711e-01 1.496768438816070690e-01 1.530954964458942358e-01 1.580709263682365529e-01
9.400000000000000000e+04 1.397477964560190911e-01 1.500315904617309792e-01 1.538639565308888568e-01 1.584746311108271299e-01
9.410000000000000000e+04 1.402230185270309515e-01 1.501136100292205788e-01 1.545976337790488930e-01 1.583777569731076584e-01
9.420000000000000000e+04 1.407271885871887174e-01 1.500251752138137828e-01 1.552977854013443126e-01 1.581625294685363725e-01
9.430000000000000000e+04 1.410938515265782456e-01 1.495958155393600497e-01 1.558101493616898814e-01 1.577927850683530087e-01
9.440000000000000000e+04 1.412800363699595052e-01 1.490149337053298939e-01 1.562294809023539177e-01 1.570117292801538611e-01
9.450000000000000000e+04 1.413361817598342840e-01 1.484223216772079246e-01 1.560992412269115448e-01 1.559854686260223333e-01
9.460000000000000000e+04 1.412016026178995742e-01 1.478261905908584417e-01 1.558550164103507940e-01 1.552887735764185706e-01
9.470000000000000000e+04 1.410167692104975223e-01 1.476251220703125033e-01 1.549616386493047060e-01 1.546729830900827884e-01
9.480000000000000000e+04 1.407493752241134599e-01 1.474958831071853660e-01 1.540696620941162387e-01 1.547301065921783403e-01
9.490000000000000000e+04 1.405394681294759029e-01 1.478410661220550537e-01 1.532325049241383685e-01 1.549102404713630921e-01
9.500000000000000000e+04 1.404356906811396466e-01 1.482257843017578125e-01 1.525731459259986877e-01 1.555679440498352051e-01
9.510000000000000000e+04 1.404414761066436756e-01 1.490393877029419223e-01 1.523156107962131411e-01 1.564228281378746144e-01
9.520000000000000000e+04 1.406755175193150909e-01 1.498699861764908325e-01 1.523389856020609390e-01 1.575764705737432436e-01
9.530000000000000000e+04 1.410045977433522779e-01 1.509045255184173484e-01 1.526839283605416764e-01 1.587975356976191743e-01
9.540000000000000000e+04 1.415583151578903298e-01 1.518709343671798273e-01 1.534160298109054632e-01 1.600653839111328414e-01
9.550000000000000000e+04 1.421146750450134333e-01 1.524626255035400335e-01 1.543796673417091314e-01 1.609203154842058781e-01
9.560000000000000000e+04 1.426781696081161344e-01 1.529215598106384300e-01 1.555274720986684345e-01 1.616609009106953487e-01
9.570000000000000000e+04 1.431930035352706743e-01 1.529379713535308771e-01 1.567256350815296739e-01 1.617128881812095742e-01
9.580000000000000000e+04 1.435564488172531294e-01 1.529054236412048240e-01 1.576828080415725863e-01 1.616952474912007609e-01
9.590000000000000000e+04 1.438612256447474314e-01 1.527627176046371382e-01 1.585393276810646013e-01 1.614182380835215147e-01
9.600000000000000000e+04 1.439533293247222956e-01 1.527381420135497936e-01 1.586523681879043746e-01 1.612516105175018366e-01
9.610000000000000000e+04 1.440296504894892360e-01 1.529025751352310059e-01 1.586753534277280109e-01 1.612799908717473252e-01
9.620000000000000000e+04 1.440383323033650742e-01 1.534853005409240467e-01 1.584470216433207235e-01 1.617862053712209591e-01
9.630000000000000000e+04 1.441146212816238337e-01 1.545560336112976330e-01 1.582111430168151867e-01 1.626767647266388062e-01
9.640000000000000000e+04 1.445402139425277788e-01 1.559451609849930309e-01 1.579649831851323294e-01 1.643850616614023485e-01
9.650000000000000000e+04 1.450547844171524714e-01 1.576071977615357278e-01 1.583323818941911321e-01 1.663703342278797515e-01
9.660000000000000000e+04 1.461388128995895763e-01 1.586417216062545876e-01 1.591389593482017695e-01 1.679080629348754794e-01
9.670000000000000000e+04 1.472257167100906594e-01 1.592840498685836603e-01 1.610441233714420828e-01 1.691420649488766803e-01
9.680000000000000000e+04 1.483363419771194514e-01 1.591933465003967374e-01 1.633306149641671201e-01 1.685758183399836130e-01
9.690000000000000000e+04 1.493844532966613625e-01 1.587768512964248535e-01 1.648115609586238428e-01 1.678513723611831654e-01
9.700000000000000000e+04 1.497240732113520045e-01 1.583494782447814886e-01 1.660872374971707754e-01 1.667988091707229004e-01
9.710000000000000000e+04 1.500413525104522805e-01 1.579188418388366433e-01 1.655637713770071739e-01 1.661036050319671387e-01
9.720000000000000000e+04 1.499676710367202626e-01 1.579115134477615257e-01 1.649401766061783237e-01 1.657408279180526689e-01
9.730000000000000000e+04 1.498939841985702515e-01 1.579811501502990656e-01 1.639633502066135395e-01 1.659660738706588701e-01
9.740000000000000000e+04 1.498201042413711548e-01 1.584145087003707708e-01 1.632888455192247901e-01 1.664305156469344793e-01
9.750000000000000000e+04 1.497462242841720581e-01 1.588781774044036865e-01 1.631068326532840729e-01 1.671229302883148193e-01
9.760000000000000000e+04 1.498813768227895138e-01 1.593649446964263972e-01 1.632560722033182532e-01 1.678400880098343262e-01
9.770000000000000000e+04 1.500165293614069695e-01 1.598594743013382335e-01 1.636876291533311267e-01 1.685612392425537287e-01
9.780000000000000000e+04 1.504236435890197732e-01 1.604471516609191906e-01 1.642009687423706121e-01 1.692578119039535589e-01
9.790000000000000000e+04 1.508383123079936050e-01 1.610958570241927679e-01 1.647494605183601191e-01 1.698939622441927866e-01
9.800000000000000000e+04 1.512848158677419230e-01 1.620802164077758400e-01 1.651734570662180546e-01 1.707115054130554921e-01
9.810000000000000000e+04 1.517331385612487871e-01 1.631343042850494363e-01 1.655845887959003782e-01 1.717240458726883301e-01
9.820000000000000000e+04 1.523937161763509185e-01 1.644208204746246682e-01 1.664004122217496162e-01 1.730708618958791134e-01
9.830000000000000000e+04 1.530730221668878954e-01 1.658860719203949230e-01 1.672505081693331230e-01 1.745788464943567320e-01
9.840000000000000000e+04 1.540819174051284435e-01 1.677534776926039861e-01 1.682589668035507358e-01 1.765622329711914185e-01
9.850000000000000000e+04 1.551307628552118234e-01 1.700552254915235761e-01 1.692893378436565732e-01 1.786913841962815830e-01
9.860000000000000000e+04 1.566453192631403202e-01 1.730519205331801369e-01 1.703627368807792419e-01 1.819614243507385598e-01
9.870000000000000000e+04 1.582326430082321433e-01 1.766086679697036199e-01 1.718814282119273951e-01 1.855781409144400540e-01
9.880000000000000000e+04 1.605393119653066303e-01 1.808188098669052668e-01 1.738509092728297567e-01 1.902183783054349486e-01
9.890000000000000000e+04 1.629852090279260979e-01 1.853303647041322499e-01 1.767044932643573318e-01 1.951858634750045784e-01
9.900000000000000000e+04 1.662692427635191761e-01 1.901002734899523705e-01 1.800207853317260243e-01 2.005601972341537476e-01
9.910000000000000000e+04 1.697488417228061319e-01 1.945660746097566118e-01 1.844353022178014667e-01 2.055546609560648386e-01
9.920000000000000000e+04 1.737095725536345892e-01 1.988418084383010154e-01 1.890975389877957713e-01 2.103341039021808245e-01
9.930000000000000000e+04 1.778030294179917814e-01 2.022421604394912253e-01 1.943685792386532774e-01 2.139282402396202043e-01
9.940000000000000000e+04 1.816258804003398897e-01 2.052534538507461703e-01 1.996007238825161789e-01 2.172431047757467371e-01
9.950000000000000000e+04 1.853617509206136327e-01 2.070388644933700839e-01 2.044854226211708370e-01 2.189875895778338466e-01
9.960000000000000000e+04 1.884873706102370983e-01 2.084565103054047408e-01 2.089075034856797963e-01 2.203899496793746970e-01
9.970000000000000000e+04 1.913869714736937400e-01 2.086258292198181208e-01 2.122212290267150026e-01 2.205568594733874066e-01
9.980000000000000000e+04 1.933290670315424564e-01 2.085681796073913519e-01 2.147206467390060658e-01 2.203847126166025294e-01
9.990000000000000000e+04 1.948660641908646352e-01 2.085277819633483964e-01 2.162406942248345232e-01 2.197239252924918784e-01
1.000000000000000000e+05 1.957168926795324060e-01 2.084888219833374023e-01 2.167426447073618478e-01 2.194392581780751639e-01
1.001000000000000000e+05 1.962383602062861276e-01 2.089228135347366566e-01 2.166031940778096465e-01 2.194028304020563813e-01
1.002000000000000000e+05 1.967002946138382002e-01 2.093988901376724610e-01 2.162726092338562167e-01 2.201359534263610807e-01
1.003000000000000000e+05 1.971299819151560440e-01 2.103799873590469216e-01 2.158858976761500181e-01 2.210672940810521903e-01
1.004000000000000000e+05 1.976815245548884103e-01 2.114049285650252685e-01 2.163434410095214644e-01 2.223911807934443319e-01
1.005000000000000000e+05 1.983072400093079113e-01 2.126710116863250455e-01 2.168871313333511353e-01 2.237592086195945573e-01
1.006000000000000000e+05 1.990882049004237542e-01 2.140029805898666371e-01 2.176779776811599565e-01 2.253056410948434674e-01
1.007000000000000000e+05 1.999750216801961522e-01 2.155545687675476385e-01 2.185394108792145518e-01 2.269083373745281740e-01
1.008000000000000000e+05 2.010424000024795821e-01 2.169429379701614535e-01 2.196108829975128018e-01 2.286054116487503118e-01
1.009000000000000000e+05 2.022473490238189675e-01 2.179640644788741755e-01 2.209775388240814153e-01 2.297671022017796771e-01
1.010000000000000000e+05 2.033429195483525409e-01 2.186426073312759399e-01 2.227671444416045587e-01 2.305187116066614583e-01
1.011000000000000000e+05 2.043455183506011630e-01 2.187730163335800115e-01 2.243020893633365376e-01 2.306311792135238570e-01
1.012000000000000000e+05 2.051487916707992465e-01 2.185595232248306319e-01 2.256453541914622274e-01 2.305407446622848577e-01
1.013000000000000000e+05 2.057632303237915128e-01 2.179448109865188554e-01 2.264358533918857663e-01 2.299360578258832222e-01
1.014000000000000000e+05 2.061211317777633667e-01 2.168812066316604115e-01 2.270219686627387712e-01 2.291247439384460349e-01
1.015000000000000000e+05 2.062082439661026001e-01 2.154328376054762961e-01 2.271426543593406677e-01 2.272449453671772368e-01
1.016000000000000000e+05 2.059623622894287132e-01 2.147667962312698187e-01 2.271251932779947413e-01 2.257557404041289906e-01
1.017000000000000000e+05 2.053247231245041160e-01 2.145897096395492643e-01 2.255505767464637823e-01 2.250337728857993713e-01
1.018000000000000000e+05 2.048008986314137914e-01 2.159475761651992454e-01 2.239189767837524991e-01 2.260351755221684800e-01
1.019000000000000000e+05 2.044264558951060240e-01 2.179876440763473533e-01 2.220711749792098622e-01 2.285641107956567775e-01
1.020000000000000000e+05 2.045598089694976307e-01 2.201273411512374156e-01 2.213656634092331377e-01 2.314815670251846313e-01
1.021000000000000000e+05 2.054379292329152340e-01 2.222969269752500532e-01 2.226210834085941281e-01 2.345479562878610147e-01
1.022000000000000000e+05 2.065282817681630689e-01 2.234984767436980491e-01 2.246500338117281559e-01 2.361421787738800515e-01
1.023000000000000000e+05 2.079673016071319491e-01 2.245240199565886885e-01 2.273715637624264818e-01 2.374383974075317261e-01
1.024000000000000000e+05 2.092602938413619662e-01 2.246263182163238392e-01 2.295950961112976640e-01 2.373992486794789525e-01
1.025000000000000000e+05 2.102836966514586847e-01 2.246516793966293335e-01 2.315918616950511655e-01 2.371377547581990930e-01
1.026000000000000000e+05 2.110893112421035611e-01 2.238885813951492221e-01 2.326611539721488986e-01 2.363604199886321922e-01
1.027000000000000000e+05 2.114412003755569425e-01 2.230898338556289162e-01 2.335566255946953940e-01 2.353027213613192170e-01
1.028000000000000000e+05 2.116015628973642870e-01 2.218632918596267767e-01 2.335124764839808242e-01 2.339578207333883053e-01
1.029000000000000000e+05 2.113092261552810547e-01 2.205738276243210672e-01 2.333194889128208382e-01 2.324514499306678805e-01
1.030000000000000000e+05 2.108506898085276415e-01 2.189382910728455145e-01 2.323767965038617822e-01 2.308714260657627748e-01
1.031000000000000000e+05 2.099434145291646514e-01 2.173167234659195146e-01 2.313065312802792539e-01 2.289820797244707107e-01
1.032000000000000000e+05 2.089231073856354370e-01 2.157417190074920332e-01 2.299714922904968484e-01 2.270674550533294811e-01
1.033000000000000000e+05 2.075511455535888339e-01 2.140722817182540427e-01 2.284699199100335143e-01 2.253722112377483933e-01
1.034000000000000000e+05 2.061420206228891105e-01 2.121903705596924483e-01 2.267912740508714331e-01 2.235978827873864316e-01
1.035000000000000000e+05 2.045981794595717884e-01 2.102951139211655662e-01 2.251751139760016507e-01 2.216042742133139676e-01
1.036000000000000000e+05 2.030401746431986232e-01 2.083785045146942794e-01 2.235934698581695246e-01 2.196756780147552379e-01
1.037000000000000000e+05 2.014214684565862334e-01 2.067677992582321322e-01 2.216115639607112164e-01 2.178240701556206083e-01
1.038000000000000000e+05 1.998111689090729115e-01 2.055139821767806851e-01 2.195318841934205401e-01 2.165261185169219948e-01
1.039000000000000000e+05 1.982443036635716249e-01 2.048120886087417547e-01 2.174426671365897457e-01 2.155255007743834827e-01
1.040000000000000000e+05 1.967449814081191350e-01 2.045832723379135132e-01 2.154293139775594057e-01 2.154224405686060717e-01
1.041000000000000000e+05 1.956779342889785334e-01 2.050743561983108809e-01 2.139609937369823800e-01 2.155339801311492998e-01
1.042000000000000000e+05 1.947048987944920706e-01 2.060153776407241677e-01 2.127389500538508227e-01 2.169231333335240319e-01
1.043000000000000000e+05 1.945074592034022054e-01 2.072443395853042492e-01 2.121433054407437513e-01 2.184014284610747425e-01
1.044000000000000000e+05 1.943767029047012151e-01 2.086012750864028875e-01 2.121954321861267145e-01 2.201799911260604870e-01
1.045000000000000000e+05 1.950016905864079553e-01 2.101457923650741078e-01 2.130662699540455951e-01 2.219460402925809428e-01
1.046000000000000000e+05 1.956576750675836640e-01 2.117465841770170831e-01 2.143157670895258216e-01 2.236949280897775894e-01
1.047000000000000000e+05 1.968561035394668646e-01 2.133392262458800037e-01 2.158164158463478366e-01 2.253375735878944408e-01
1.048000000000000000e+05 1.980592904488246153e-01 2.149303865432738436e-01 2.174755640824635738e-01 2.269135572512945287e-01
1.049000000000000000e+05 1.994337811072667832e-01 2.165557289123534734e-01 2.191845629612604041e-01 2.285393865903219135e-01
1.050000000000000000e+05 2.008082717657089233e-01 2.181839197874069214e-01 2.208187878131866455e-01 2.301771193742752075e-01
1.051000000000000000e+05 2.022038016716638797e-01 2.193840003013610984e-01 2.224554050465425425e-01 2.315907199184100429e-01
1.052000000000000000e+05 2.035993315776188639e-01 2.205125999450683605e-01 2.241944007078806589e-01 2.328364690144857085e-01
1.053000000000000000e+05 2.048851698637007834e-01 2.207834291458129761e-01 2.259094551205634849e-01 2.333793401718139982e-01
1.054000000000000000e+05 2.061679611603417783e-01 2.209634923934936657e-01 2.275483886400858913e-01 2.335046895345052054e-01
1.055000000000000000e+05 2.068598886330922093e-01 2.206443428993225264e-01 2.288101394971212010e-01 2.329646135369936588e-01
1.056000000000000000e+05 2.075180524587631192e-01 2.204556685686111517e-01 2.295032149553298817e-01 2.326501435041427590e-01
1.057000000000000000e+05 2.077494569619496578e-01 2.207019114494323808e-01 2.295879998306433467e-01 2.325001778205235681e-01
1.058000000000000000e+05 2.079432062307993434e-01 2.209472435712814264e-01 2.291914998491604849e-01 2.329496663808822976e-01
1.059000000000000000e+05 2.081698626279830933e-01 2.211905264854431008e-01 2.290754257142543771e-01 2.335771179199218894e-01
1.060000000000000000e+05 2.084005077679951801e-01 2.210829794406891369e-01 2.290696044762929318e-01 2.334913720687230576e-01
1.061000000000000000e+05 2.084609601895014430e-01 2.204141044616699519e-01 2.295854405562083034e-01 2.332453392942746839e-01
1.062000000000000000e+05 2.084948199987411432e-01 2.198124957084655884e-01 2.301443180441856140e-01 2.322802340984344571e-01
1.063000000000000000e+05 2.082866746187209961e-01 2.192893642187118408e-01 2.299203501641750302e-01 2.316185069084167325e-01
1.064000000000000000e+05 2.080316895246505648e-01 2.197171014547348589e-01 2.294957578182220681e-01 2.315216904878616422e-01
1.065000000000000000e+05 2.078310877084732222e-01 2.209598690271378230e-01 2.282498590648174841e-01 2.326497450470924322e-01
1.066000000000000000e+05 2.076431753238042188e-01 2.232285660505295699e-01 2.273172226548195174e-01 2.348121351003647772e-01
1.067000000000000000e+05 2.083167300621668327e-01 2.261384689807891257e-01 2.269516991078853740e-01 2.379540563623111782e-01
1.068000000000000000e+05 2.092279309034347778e-01 2.289603418111800792e-01 2.278769594430923862e-01 2.414492511749267711e-01
1.069000000000000000e+05 2.109556335210800715e-01 2.317430901527404996e-01 2.300161712865036179e-01 2.443980897466342950e-01
1.070000000000000000e+05 2.129457831382751687e-01 2.340403765439986461e-01 2.329707399010660096e-01 2.471943140029908836e-01
1.071000000000000000e+05 2.151967132091522072e-01 2.361920243501661465e-01 2.363181622326374631e-01 2.491872382164002642e-01
1.072000000000000000e+05 2.175442286332447683e-01 2.377828806638716541e-01 2.391619849205016413e-01 2.510284137725830589e-01
1.073000000000000000e+05 2.196953892707824707e-01 2.392717748880385797e-01 2.419058282673357263e-01 2.525369095802306729e-01
1.074000000000000000e+05 2.217634767293930886e-01 2.394306582212448187e-01 2.442075014114379605e-01 2.532125174999236839e-01
1.075000000000000000e+05 2.232963045438131344e-01 2.394787073135375977e-01 2.464645368357499811e-01 2.530750681956608905e-01
1.076000000000000000e+05 2.245722077290217555e-01 2.375596493482589333e-01 2.484902385870617070e-01 2.515342042843499715e-01
1.077000000000000000e+05 2.249231326580047596e-01 2.355989444255827958e-01 2.498573115468025185e-01 2.493884202837943764e-01
1.078000000000000000e+05 2.247730276981989572e-01 2.331384760141372858e-01 2.497779840230941739e-01 2.466089594364166970e-01
1.079000000000000000e+05 2.238444578647613425e-01 2.306426835060121083e-01 2.488231333593527439e-01 2.437458910544714752e-01
1.080000000000000000e+05 2.224420398473738736e-01 2.279526084661484542e-01 2.468904256820679266e-01 2.408118307590484675e-01
1.081000000000000000e+05 2.205392289161680619e-01 2.255498784780502475e-01 2.444603750606378356e-01 2.381393074989318348e-01
1.082000000000000000e+05 2.182952409982680253e-01 2.241049653291702082e-01 2.417406101028123921e-01 2.361490547657013050e-01
1.083000000000000000e+05 2.162286812067031327e-01 2.233878463506698830e-01 2.385441656410693945e-01 2.353247576951980613e-01
1.084000000000000000e+05 2.142973047494888261e-01 2.243082642555236372e-01 2.352220847209295640e-01 2.358158977826436686e-01
1.085000000000000000e+05 2.130715320507685362e-01 2.258069545030592373e-01 2.330786950886249431e-01 2.377754122018815308e-01
1.086000000000000000e+05 2.124455225467682118e-01 2.282308804988860129e-01 2.312939199805259805e-01 2.404824626445770663e-01
1.087000000000000000e+05 2.126670181751250666e-01 2.308512228727340465e-01 2.319079189002513919e-01 2.437155913313231448e-01
1.088000000000000000e+05 2.136914134025572898e-01 2.337007176876068348e-01 2.330067586898803278e-01 2.470278205474220612e-01
1.089000000000000000e+05 2.152148067951200894e-01 2.364383357763291393e-01 2.354168726503849673e-01 2.501462212204935143e-01
1.090000000000000000e+05 2.172649204730987271e-01 2.390800595283509855e-01 2.382619584600131901e-01 2.530012468496958822e-01
1.091000000000000000e+05 2.194180744886398138e-01 2.405458551645279219e-01 2.416849354406197803e-01 2.550266410907109371e-01
1.092000000000000000e+05 2.216924524307250510e-01 2.412766957283019875e-01 2.451045650243759422e-01 2.558747601509094305e-01
1.093000000000000000e+05 2.235393744707107055e-01 2.403223043680191295e-01 2.485218584040802259e-01 2.551858810583750303e-01
1.094000000000000000e+05 2.248252606391905883e-01 2.386189210414886297e-01 2.506227014462153457e-01 2.532322128613788692e-01
1.095000000000000000e+05 2.253816306591034102e-01 2.361184209585190652e-01 2.522811308503150607e-01 2.505245357751845758e-01
1.096000000000000000e+05 2.248680436611175670e-01 2.333787858486177647e-01 2.515430561701456624e-01 2.473182849089305135e-01
1.097000000000000000e+05 2.238318868478138823e-01 2.303819322586061757e-01 2.504621074100333855e-01 2.440026596188546726e-01
1.098000000000000000e+05 2.219372224807739380e-01 2.273383116722108299e-01 2.479995456337928117e-01 2.407366514205932506e-01
1.099000000000000000e+05 2.198410401741664189e-01 2.244741129875183761e-01 2.453612984220187310e-01 2.375904043515522368e-01
1.100000000000000000e+05 2.173728247483572573e-01 2.216248661279678345e-01 2.421247710784277807e-01 2.349091122547785349e-01
1.101000000000000000e+05 2.148455005884171709e-01 2.189375418424605590e-01 2.389369066059591207e-01 2.322210571169854021e-01
1.102000000000000000e+05 2.121950332323709887e-01 2.162471419572828957e-01 2.358262847860654599e-01 2.295227549473446427e-01
1.103000000000000000e+05 2.095328450202940951e-01 2.135198348760605214e-01 2.329675045609473361e-01 2.266471463441850076e-01
1.104000000000000000e+05 2.068429529666900302e-01 2.108582907915116655e-01 2.303181207180021450e-01 2.236485087871551425e-01
1.105000000000000000e+05 2.041925827662150195e-01 2.085584431886673695e-01 2.274262634416419626e-01 2.211324671904244810e-01
1.106000000000000000e+05 2.016489215691885106e-01 2.066119533777237005e-01 2.244331998626390434e-01 2.187500675519305215e-01
1.107000000000000000e+05 1.992395728826523438e-01 2.058433228731155196e-01 2.214531698822975736e-01 2.180125755071639637e-01
1.108000000000000000e+05 1.972480853398640710e-01 2.054369527101516657e-01 2.184961235523225076e-01 2.175295273462931611e-01
1.109000000000000000e+05 1.954908726612726300e-01 2.058456683158874367e-01 2.163718412816524883e-01 2.181003501017888535e-01
1.110000000000000000e+05 1.945829063653945756e-01 2.065098464488982488e-01 2.145550191402435247e-01 2.189087867736816406e-01
1.111000000000000000e+05 1.938628365596135328e-01 2.075827646255492820e-01 2.141012702385584610e-01 2.201370080312093636e-01
1.112000000000000000e+05 1.939480374256769835e-01 2.086114621162414307e-01 2.141152667999267345e-01 2.214367540677389112e-01
1.113000000000000000e+05 1.941254895925521584e-01 2.095885688066482788e-01 2.150229912996292070e-01 2.227940309047699297e-01
1.114000000000000000e+05 1.947795734802882095e-01 2.103162455558776900e-01 2.161012964447339424e-01 2.236452599366505756e-01
1.115000000000000000e+05 1.954232215881347989e-01 2.108301252126693892e-01 2.173481019834677119e-01 2.243250856796900061e-01
1.116000000000000000e+05 1.960000807046890503e-01 2.110089838504791149e-01 2.184946411848067982e-01 2.245724540948867698e-01
1.117000000000000000e+05 1.965551062424977791e-01 2.109784543514251764e-01 2.195901188254356651e-01 2.246970566113789813e-01
1.118000000000000000e+05 1.969300047556559186e-01 2.108652698993682961e-01 2.202560610572497080e-01 2.241995511452356815e-01
1.119000000000000000e+05 1.972850358486175626e-01 2.107153499126434293e-01 2.208290441334247456e-01 2.239183363318443254e-01
1.120000000000000000e+05 1.974149028460184807e-01 2.118038058280944380e-01 2.203051428000132317e-01 2.240857243537902610e-01
1.121000000000000000e+05 1.975758175055185584e-01 2.132637745141981733e-01 2.197740103801091305e-01 2.255706565578777245e-01
1.122000000000000000e+05 1.982800662517547607e-01 2.156775712966917113e-01 2.193240505456924561e-01 2.282812112569808927e-01
1.123000000000000000e+05 1.990082120895386442e-01 2.182647913694380493e-01 2.195878288149833435e-01 2.311887055635453714e-01
1.124000000000000000e+05 2.005966532230377408e-01 2.195123732089996060e-01 2.215121406316757913e-01 2.341763108968737683e-01
1.125000000000000000e+05 2.021850943565368652e-01 2.206483185291290283e-01 2.239997386932374157e-01 2.347451001405716220e-01
1.126000000000000000e+05 2.036138077576954974e-01 2.207304304838180464e-01 2.271482592821121305e-01 2.349904817342758079e-01
1.127000000000000000e+05 2.050425211588541019e-01 2.208124649524688676e-01 2.290606690446535254e-01 2.346227326989173967e-01
1.128000000000000000e+05 2.057686245441436301e-01 2.208935695886611872e-01 2.302142781019209938e-01 2.343351137638091941e-01
1.129000000000000000e+05 2.064752109845478800e-01 2.208676016330719249e-01 2.304313906033833848e-01 2.342444813251495228e-01
1.130000000000000000e+05 2.066858957211176462e-01 2.202527344226837269e-01 2.303830395142237308e-01 2.338190337022145182e-01
1.131000000000000000e+05 2.068682432174682728e-01 2.194261103868484497e-01 2.306205926835536990e-01 2.330336597561835921e-01
1.132000000000000000e+05 2.065792808930079216e-01 2.178936302661895474e-01 2.308142864704131880e-01 2.314844109614690171e-01
1.133000000000000000e+05 2.062487324078877970e-01 2.164103573560714477e-01 2.304333394765853693e-01 2.295668653647105761e-01
1.134000000000000000e+05 2.054276585578918846e-01 2.150378006696701538e-01 2.297011473774910051e-01 2.281323677301406727e-01
1.135000000000000000e+05 2.045471270879110348e-01 2.140033990144729892e-01 2.279570348560810977e-01 2.268284007906913591e-01
1.136000000000000000e+05 2.035441120465596720e-01 2.135100454092025979e-01 2.263020773728689206e-01 2.264094483852386319e-01
1.137000000000000000e+05 2.025219589471816684e-01 2.134584230184554954e-01 2.247716747224330902e-01 2.262033179402351268e-01
1.138000000000000000e+05 2.019247992833455296e-01 2.139221537113189797e-01 2.236270600557326849e-01 2.266255189975102391e-01
1.139000000000000000e+05 2.014098964134852232e-01 2.143563109636306974e-01 2.227656301856040244e-01 2.272258516152699526e-01
1.140000000000000000e+05 2.013215184211731013e-01 2.147651195526123213e-01 2.227417886257171686e-01 2.280476450920105036e-01
1.141000000000000000e+05 2.013326629002888946e-01 2.146467179059982078e-01 2.230180828770001733e-01 2.281955771644910147e-01
1.142000000000000000e+05 2.013372677564621016e-01 2.141988098621368519e-01 2.237765631079673689e-01 2.279620782534281243e-01
1.143000000000000000e+05 2.013400685787200828e-01 2.137249487638473722e-01 2.245358690619468911e-01 2.271078601479529502e-01
1.144000000000000000e+05 2.011536182959874353e-01 2.132395529747009300e-01 2.243486016988754383e-01 2.261392484108606660e-01
1.145000000000000000e+05 2.009063373009363773e-01 2.127317100763320978e-01 2.240724064409732597e-01 2.256383871038754596e-01
1.146000000000000000e+05 2.006269073486328103e-01 2.122171330451965710e-01 2.234709891676902871e-01 2.251843017339706376e-01
1.147000000000000000e+05 2.003355703751246164e-01 2.121801519393920754e-01 2.229154931008816010e-01 2.248991294701893906e-01
1.148000000000000000e+05 2.001065011819203598e-01 2.122300064563751310e-01 2.224367833137512185e-01 2.250321475664774917e-01
1.149000000000000000e+05 1.999037760496139571e-01 2.132192206382751143e-01 2.220310954749584176e-01 2.257678517699241993e-01
1.150000000000000000e+05 2.000012944142023907e-01 2.142867147922515869e-01 2.216891969243685589e-01 2.269989897807439261e-01
1.151000000000000000e+05 2.002429296573003115e-01 2.155481255054474132e-01 2.219746938844521789e-01 2.285571141044298316e-01
1.152000000000000000e+05 2.008439475297927879e-01 2.168969362974167980e-01 2.225377994775772361e-01 2.301744437217712325e-01
1.153000000000000000e+05 2.016396309932072806e-01 2.192945480346679410e-01 2.234263209501902436e-01 2.318070231874784504e-01
1.154000000000000000e+05 2.028569002946218058e-01 2.218603461980817870e-01 2.243757220109303396e-01 2.348632490634918746e-01
1.155000000000000000e+05 2.043307870626450418e-01 2.253511697053908192e-01 2.257028833031654580e-01 2.381436705589293767e-01
1.156000000000000000e+05 2.064601282278698269e-01 2.285964030027389515e-01 2.273388022184373303e-01 2.423617398738859008e-01
1.157000000000000000e+05 2.090363701184591860e-01 2.310230022668838812e-01 2.304633739590644936e-01 2.457566638787586633e-01
1.158000000000000000e+05 2.116055440902710472e-01 2.330752438306808727e-01 2.338151288032531416e-01 2.477708280086517445e-01
1.159000000000000000e+05 2.141693329811096280e-01 2.342851805686950173e-01 2.376254569490751922e-01 2.490450955430666968e-01
1.160000000000000000e+05 2.163501580556233261e-01 2.351025134325027410e-01 2.406241168578466538e-01 2.497526337703069865e-01
1.161000000000000000e+05 2.182054638862609142e-01 2.352916800975799472e-01 2.427806709706783195e-01 2.499343901872634888e-01
1.162000000000000000e+05 2.196324739853540431e-01 2.339118582010269454e-01 2.448777718345323540e-01 2.499492317438125610e-01
1.163000000000000000e+05 2.206537302335102591e-01 2.307015496492385576e-01 2.469429025550681778e-01 2.465399286150931624e-01
1.164000000000000000e+05 2.206096845865250511e-01 2.255094408988950194e-01 2.480510252714156760e-01 2.423266255855560380e-01
1.165000000000000000e+05 2.194411536057790379e-01 2.186186462640758443e-01 2.489343961079915346e-01 2.343821217616395280e-01
1.166000000000000000e+05 2.168479659159978368e-01 2.106157863140103170e-01 2.456872679789859903e-01 2.259450554847710624e-01
1.167000000000000000e+05 2.125787115097046986e-01 2.019178855419160312e-01 2.418733739852900744e-01 2.165404558181759087e-01
1.168000000000000000e+05 2.073210849364601482e-01 1.919177186489107179e-01 2.351109252373375369e-01 2.063358962535857544e-01
1.169000000000000000e+05 2.007662198940917131e-01 1.813387668132781516e-01 2.279359139502049048e-01 1.954222813248637225e-01
1.170000000000000000e+05 1.934089988470082400e-01 1.680758118629459563e-01 2.197426632046703132e-01 1.817212015390396174e-01
1.171000000000000000e+05 1.848749889930089985e-01 1.540076559782039556e-01 2.105352779726192280e-01 1.669515935579928556e-01
1.172000000000000000e+05 1.755884335438408772e-01 1.377769103646289961e-01 2.000775899489720955e-01 1.491033993164694038e-01
1.173000000000000000e+05 1.650655531883240268e-01 1.211529666185386794e-01 1.872628919780248979e-01 1.309078127145768822e-01
1.174000000000000000e+05 1.540845727920535368e-01 1.041176900267604954e-01 1.729244704047827597e-01 1.121873329083132448e-01
1.175000000000000000e+05 1.422578692436224090e-01 8.704813569784164429e-02 1.572021469473829092e-01 9.384577721357430236e-02
1.176000000000000000e+05 1.305079662799840667e-01 7.324574530124632055e-02 1.410591173171993340e-01 7.638332545757293979e-02
1.177000000000000000e+05 1.189180645346641085e-01 5.996130108833284261e-02 1.243556351711355007e-01 6.221180205543826169e-02
1.178000000000000000e+05 1.074867483973499516e-01 5.289221107959755225e-02 1.076543806493289596e-01 5.141147355238621930e-02
1.179000000000000000e+05 9.643027096986757363e-02 4.660662025213251763e-02 9.145085953176027016e-02 4.628103666007518657e-02
1.180000000000000000e+05 8.572211911280959440e-02 4.463027492165571458e-02 7.618969529867147816e-02 4.373686611652361639e-02
1.181000000000000000e+05 7.595444629589746810e-02 4.281406059861184166e-02 6.382627848535799009e-02 4.315198448797066128e-02
1.182000000000000000e+05 6.662794545292882731e-02 4.153161630034444413e-02 5.458651542663585376e-02 4.275770783424377719e-02
1.183000000000000000e+05 5.867397964000689581e-02 4.017594292759892743e-02 4.993757682541997978e-02 4.136511633793506226e-02
1.184000000000000000e+05 5.162298008799533905e-02 3.865550413727765477e-02 4.668994948267933542e-02 3.990038519104309456e-02
1.185000000000000000e+05 4.784523323178280219e-02 3.723686560988433841e-02 4.452376887202267458e-02 3.823563046753399031e-02
1.186000000000000000e+05 4.430380269885061256e-02 3.598110750317577711e-02 4.252446616689364162e-02 3.679382870594659349e-02
1.187000000000000000e+05 4.177515640854839035e-02 3.492570862174035340e-02 4.058880334099126269e-02 3.561605018874011708e-02
1.188000000000000000e+05 3.937972083687786562e-02 3.410406216979025573e-02 3.891267463564870854e-02 3.477697700262069591e-02
1.189000000000000000e+05 3.767254064480458908e-02 3.345577374100683343e-02 3.729235806812845194e-02 3.411980112393694226e-02
1.190000000000000000e+05 3.605001866817467149e-02 3.295607790350910810e-02 3.615270095566906067e-02 3.364347467819848309e-02
1.191000000000000000e+05 3.496930927038187364e-02 3.235346391797063598e-02 3.512404311448333316e-02 3.319514811038971197e-02
1.192000000000000000e+05 3.392097453276314567e-02 3.168652608990670666e-02 3.453265512983003799e-02 3.259784966707231918e-02
1.193000000000000000e+05 3.313973074158032411e-02 3.060834392905237636e-02 3.403280030936002565e-02 3.181423213332898459e-02
1.194000000000000000e+05 3.234888292849065483e-02 2.934738650918006231e-02 3.369429208338259318e-02 3.040301345288753607e-02
1.195000000000000000e+05 3.144918953378998683e-02 2.824246957898143146e-02 3.300433966020738935e-02 2.904864965627589057e-02
1.196000000000000000e+05 3.054498674968883845e-02 2.718436479568490244e-02 3.199188550313313700e-02 2.777225827177367753e-02
1.197000000000000000e+05 2.956186965107918466e-02 2.733920879662034287e-02 3.047446390613919517e-02 2.702821832150220996e-02
1.198000000000000000e+05 2.859712392091749711e-02 2.771458894014356897e-02 2.872048098593962817e-02 2.661820280055203145e-02
1.199000000000000000e+05 2.829374745488166115e-02 3.034478954970830020e-02 2.740157722805942192e-02 2.905463393777618988e-02
