9.000000000000000000e+04 6.418609619140625000e-02 6.770581752061843872e-02 7.155968248844146729e-02 7.543321698904037476e-02 7.897412031888961792e-02 8.324564248323440552e-02 8.973196893930435181e-02
9.010000000000000000e+04 6.153321579098697258e-02 6.465929153064869928e-02 6.799003981053823586e-02 7.213708609342575628e-02 7.463649044434238211e-02 7.927492914100502108e-02 8.624953009188165987e-02
9.020000000000000000e+04 5.895081534981719967e-02 6.093844441076113477e-02 6.421116091310966056e-02 6.861387491226196567e-02 7.627933849891010976e-02 8.126815512776379424e-02 8.743928675850250187e-02
9.030000000000000000e+04 6.916842840612016929e-02 6.685680095106388832e-02 7.028372157365148087e-02 7.426587939262389859e-02 8.683852463960625712e-02 9.112063482403823245e-02 9.579444929957457722e-02
9.040000000000000000e+04 8.374766329924321351e-02 8.075408409039225299e-02 8.507582008838739107e-02 8.879069536924362460e-02 1.018315720558166382e-01 1.058441556493441155e-01 1.112519608934720433e-01
9.050000000000000000e+04 8.776326378186474764e-02 9.224732803801712067e-02 9.817346557974743204e-02 1.021812185645103455e-01 1.015681907534599221e-01 1.048105442275603927e-01 1.111858918021122605e-01
9.060000000000000000e+04 7.356209933757824893e-02 8.267878994345628785e-02 8.706954270601315049e-02 9.052370637655257624e-02 8.938710570335364758e-02 9.415729701518976702e-02 1.021285513043401205e-01
9.070000000000000000e+04 6.572011470794708599e-02 7.178313724696656906e-02 7.660668820142790825e-02 8.043601959943771917e-02 8.252207696437836859e-02 8.711340236167100515e-02 9.410084749261522774e-02
9.080000000000000000e+04 6.614418566226953899e-02 6.874955793221791678e-02 7.294980108737943170e-02 7.638310641050338745e-02 8.177776058514904522e-02 8.600222915410998814e-02 9.175142804781616368e-02
9.090000000000000000e+04 6.956657595932479177e-02 7.088025830686091322e-02 7.507781676948063754e-02 7.858590334653854648e-02 8.548416316509224733e-02 8.963989950716486077e-02 9.520134136080733722e-02
9.100000000000000000e+04 7.382136459151905639e-02 7.507056693236018041e-02 7.940682098269462308e-02 8.302133530378341675e-02 9.027959952751762884e-02 9.464081103603014244e-02 1.000734900434811225e-01
9.110000000000000000e+04 7.815068619946646811e-02 7.950016011794414084e-02 8.411241404712206660e-02 8.777291029691695889e-02 9.524417430162432363e-02 9.960209717353175896e-02 1.052843817820152406e-01
9.120000000000000000e+04 8.234350681304944408e-02 8.397931158542609742e-02 8.870945811271681303e-02 9.245518594980239868e-02 9.997530251741425233e-02 1.044722732901573747e-01 1.104251340031625755e-01
9.130000000000000000e+04 8.605555333197136003e-02 8.805522645513211288e-02 9.294299811124819011e-02 9.682549089193344394e-02 1.043410944938660267e-01 1.091445706288018819e-01 1.151382369299732839e-01
9.140000000000000000e+04 8.934024100502352406e-02 9.163628950715078936e-02 9.669030725955982120e-02 1.007699653506279047e-01 1.083144120375315045e-01 1.130920391281443477e-01 1.193400658667087416e-01
9.150000000000000000e+04 9.231528788805007379e-02 9.482304193079484078e-02 9.998853094875828629e-02 1.043035611510276794e-01 1.116219729185103371e-01 1.165750999003648813e-01 1.233715109527110249e-01
9.160000000000000000e+04 9.514446576436345893e-02 9.777699987093609046e-02 1.031437522172926197e-01 1.073991164565086393e-01 1.149727630615232643e-01 1.200696498155594399e-01 1.272984246412913190e-01
9.170000000000000000e+04 9.807569262882062655e-02 1.006405945618949055e-01 1.062192987650631554e-01 1.106966242194175748e-01 1.187620929876962578e-01 1.240271277228990193e-01 1.311592323084673495e-01
9.180000000000000000e+04 1.016676965355871598e-01 1.039366973936557553e-01 1.100026077032087990e-01 1.148311689496040316e-01 1.240586882829671084e-01 1.290540087223050192e-01 1.369937816262248864e-01
9.190000000000000000e+04 1.092341287930806148e-01 1.106866355488699410e-01 1.167405840754507512e-01 1.213005959987640409e-01 1.334210006395978587e-01 1.396262419223787410e-01 1.470459151764712535e-01
9.200000000000000000e+04 1.217741390069327079e-01 1.213309288024903565e-01 1.273754179477691595e-01 1.324655115604400635e-01 1.469699184099834410e-01 1.525705188512804789e-01 1.597340057293570037e-01
9.210000000000000000e+04 1.326454904675486157e-01 1.332745750248430783e-01 1.410558722913266561e-01 1.458162248134612926e-01 1.582510435581206132e-01 1.644649755954740999e-01 1.731085084378719274e-01
9.220000000000000000e+04 1.395077625910442487e-01 1.426437541842461576e-01 1.497671708464625162e-01 1.548342317342758234e-01 1.657247259219486457e-01 1.726102921366690357e-01 1.809767986337345869e-01
9.230000000000000000e+04 1.422738846143086766e-01 1.467014171183107785e-01 1.538859347999097238e-01 1.596670538187026922e-01 1.689158713817596191e-01 1.756582309305668999e-01 1.851397379736107185e-01
9.240000000000000000e+04 1.424080729484557550e-01 1.475111263990402377e-01 1.551074832677841187e-01 1.611585199832916149e-01 1.692264991998672641e-01 1.763156992197036643e-01 1.867062062025070246e-01
9.250000000000000000e+04 1.413841955363751013e-01 1.470266928275426321e-01 1.547596342861652097e-01 1.608487665653228760e-01 1.686129768689473007e-01 1.758532387514909201e-01 1.864930627246698114e-01
9.260000000000000000e+04 1.404608877499898822e-01 1.461656674742699003e-01 1.538939768075943404e-01 1.598686635494232233e-01 1.677300367752710686e-01 1.749631084005038029e-01 1.855597920219103636e-01
9.270000000000000000e+04 1.400396853685379195e-01 1.455128264427185125e-01 1.531778189539909629e-01 1.591318815946579091e-01 1.671263802051544123e-01 1.743714036047458171e-01 1.849857102334499237e-01
9.280000000000000000e+04 1.402867096662521185e-01 1.453313096364338697e-01 1.531862264871597379e-01 1.589572280645370483e-01 1.673271540800730373e-01 1.744857118527094464e-01 1.848011722167333115e-01
9.290000000000000000e+04 1.406689905623594861e-01 1.458988315860430263e-01 1.534363396465778240e-01 1.591651856899261586e-01 1.674041809638341372e-01 1.742190162837505274e-01 1.847796774903932848e-01
9.300000000000000000e+04 1.402022436261176896e-01 1.455181509256362749e-01 1.532047867774963268e-01 1.590779125690460205e-01 1.663508802652359786e-01 1.732600331306457520e-01 1.840723395347595437e-01
9.310000000000000000e+04 1.384468845029671602e-01 1.441752159595489080e-01 1.519242137670516746e-01 1.574900090694427435e-01 1.646449265877406309e-01 1.715085676809150750e-01 1.822134646773338751e-01
9.320000000000000000e+04 1.366722925504047781e-01 1.424898429711659587e-01 1.499078094959258312e-01 1.556245505809784047e-01 1.628485858440398837e-01 1.696897296110788378e-01 1.803618524471918561e-01
9.330000000000000000e+04 1.358400462567805889e-01 1.411830474436283067e-01 1.487705855071544125e-01 1.542999088764190618e-01 1.618342012166976707e-01 1.685708220303058780e-01 1.788995134830474454e-01
9.340000000000000000e+04 1.355753808220227508e-01 1.407319179177284330e-01 1.481521981954574407e-01 1.537385791540145930e-01 1.613929494222005323e-01 1.683445284763971928e-01 1.781811877091725171e-01
9.350000000000000000e+04 1.361417335768539683e-01 1.409108286102612739e-01 1.482811778783798273e-01 1.535671800374984741e-01 1.624993155399958034e-01 1.691788906852403351e-01 1.791129425168037359e-01
9.360000000000000000e+04 1.380629658699034645e-01 1.425243258476256991e-01 1.494772320985792435e-01 1.554753273725509588e-01 1.645649349689482788e-01 1.712973713874817450e-01 1.810512566566466752e-01
9.370000000000000000e+04 1.405915223062037811e-01 1.444809220234552771e-01 1.521457631886004302e-01 1.577404052019119318e-01 1.666106156508128100e-01 1.729268512626488952e-01 1.829280741016069967e-01
9.380000000000000000e+04 1.403538626432419001e-01 1.454676304260889563e-01 1.530335721373557722e-01 1.586936026811599787e-01 1.663098462422688550e-01 1.731321669618288983e-01 1.835288510719934874e-01
9.390000000000000000e+04 1.394382958114147031e-01 1.447510391473770530e-01 1.522903455793857830e-01 1.581259250640869030e-01 1.656536591053008878e-01 1.729511599242687103e-01 1.829414236545562344e-01
9.400000000000000000e+04 1.399573773145675881e-01 1.441373626391092844e-01 1.521457254886627308e-01 1.572881937026977539e-01 1.663442681233088527e-01 1.734187096357346081e-01 1.835947424173355325e-01
9.410000000000000000e+04 1.414952376981576665e-01 1.460968924562135451e-01 1.533090254664421226e-01 1.591648697853088323e-01 1.675955384969711193e-01 1.748841589689254794e-01 1.846156158049901130e-01
9.420000000000000000e+04 1.421390998363493974e-01 1.469823536276817222e-01 1.546889969706534973e-01 1.599148660898208618e-01 1.678800690174103161e-01 1.745780929923057834e-01 1.851657971739769093e-01
9.430000000000000000e+04 1.405715606609979351e-01 1.461214093367258215e-01 1.536647780239581706e-01 1.590149015188217219e-01 1.658807577689489499e-01 1.726771305004755896e-01 1.832873466114202654e-01
9.440000000000000000e+04 1.374672911564510380e-01 1.437261941035586910e-01 1.509650391340253972e-01 1.566095292568206732e-01 1.629197188218433900e-01 1.697281255324680493e-01 1.802624070644376908e-01
9.450000000000000000e+04 1.353740140795708646e-01 1.406928785145282745e-01 1.483145311474799999e-01 1.535111367702484131e-01 1.606207609176635021e-01 1.669566713273525072e-01 1.776470646262168496e-01
9.460000000000000000e+04 1.346108566721280486e-01 1.393522247672080439e-01 1.466479739546776018e-01 1.521772563457489125e-01 1.595449960231780928e-01 1.661344839135805995e-01 1.761423374215762006e-01
9.470000000000000000e+04 1.345894187192122060e-01 1.392804995675881730e-01 1.462807284295558896e-01 1.518566340208053478e-01 1.594992440938949596e-01 1.659521322945753663e-01 1.758946565290292197e-01
9.480000000000000000e+04 1.346191245317459040e-01 1.394723039865493897e-01 1.464882469177246072e-01 1.519824534654617421e-01 1.596478837728500244e-01 1.661524939537048495e-01 1.759294825792312722e-01
9.490000000000000000e+04 1.348447453478972269e-01 1.396773723264535250e-01 1.467998789250850589e-01 1.522243708372116033e-01 1.598248821496963401e-01 1.665456914405027966e-01 1.760630267361799894e-01
9.500000000000000000e+04 1.352723514040311270e-01 1.399412105480829782e-01 1.470588371157646179e-01 1.524885147809982300e-01 1.602466205755869177e-01 1.669529651602109088e-01 1.763700967033704492e-01
9.510000000000000000e+04 1.358805432915687894e-01 1.404689821600914046e-01 1.475677950680256145e-01 1.530873388051986750e-01 1.612209486961363458e-01 1.678406026959418651e-01 1.771569086611270716e-01
9.520000000000000000e+04 1.376269263029099854e-01 1.417295296986897379e-01 1.488329005241394998e-01 1.544711381196975652e-01 1.634875154495240290e-01 1.701801913976667968e-01 1.798108138640721054e-01
9.530000000000000000e+04 1.407893208662669704e-01 1.446936012804508065e-01 1.517203199863434993e-01 1.574019461870193592e-01 1.674792416890463764e-01 1.737894072135290069e-01 1.834799057245254938e-01
9.540000000000000000e+04 1.441488945484161177e-01 1.478274434804915938e-01 1.553415659070017107e-01 1.610953539609908947e-01 1.700820666551590143e-01 1.771640700101851651e-01 1.868739759922028176e-01
9.550000000000000000e+04 1.445141923924287419e-01 1.496003173291683419e-01 1.568800121545791681e-01 1.632205098867416382e-01 1.709886044263839722e-01 1.778195075690746085e-01 1.882177884380023536e-01
9.560000000000000000e+04 1.436885700623194706e-01 1.492755766709645548e-01 1.568954563140869396e-01 1.625743359327316284e-01 1.706259709596633922e-01 1.778136835495630896e-01 1.879185837507247880e-01
9.570000000000000000e+04 1.436874864995479617e-01 1.489770320057868802e-01 1.564209835231304135e-01 1.622769206762313954e-01 1.705235654115676847e-01 1.776102472841739610e-01 1.879203392565250430e-01
9.580000000000000000e+04 1.436430234710375509e-01 1.489038176337877939e-01 1.564813694357871932e-01 1.621762782335281483e-01 1.704070220390955515e-01 1.775119155645370483e-01 1.879919674992561462e-01
9.590000000000000000e+04 1.435349478324254302e-01 1.487131593128045437e-01 1.562467746436596028e-01 1.621199250221252441e-01 1.702378483613332105e-01 1.775483712553977966e-01 1.878668199479579803e-01
9.600000000000000000e+04 1.431705713272094227e-01 1.484733819961547852e-01 1.561002522706985418e-01 1.619548797607421875e-01 1.695681035518645519e-01 1.766928315162658580e-01 1.873180091381072554e-01
9.610000000000000000e+04 1.416328000028926615e-01 1.474777941902478684e-01 1.548105449974536418e-01 1.608010530471801758e-01 1.675598951180775897e-01 1.746683433651923523e-01 1.852118923266728723e-01
9.620000000000000000e+04 1.381837699810661846e-01 1.445516834656397076e-01 1.525340545177459317e-01 1.582139611244201549e-01 1.653579755624135506e-01 1.726452322800954009e-01 1.836160039901733321e-01
9.630000000000000000e+04 1.398548142611979739e-01 1.437667369842529352e-01 1.509564524888994674e-01 1.580366671085357555e-01 1.679782605171201981e-01 1.745402801036833873e-01 1.842229577898978898e-01
9.640000000000000000e+04 1.456733787059779628e-01 1.488355300823848426e-01 1.563139128685000767e-01 1.618897974491119440e-01 1.736753050486242733e-01 1.809463616212210468e-01 1.906784488757452822e-01
9.650000000000000000e+04 1.517118208110330713e-01 1.550608423848946482e-01 1.628794677555566173e-01 1.691715419292449951e-01 1.797158588965733494e-01 1.858824322621028535e-01 1.961599650482339363e-01
9.660000000000000000e+04 1.538728302717209950e-01 1.584906569123268327e-01 1.661946094036102495e-01 1.724085509777069092e-01 1.804519104957580944e-01 1.873017466068268022e-01 1.977017834782599792e-01
9.670000000000000000e+04 1.500835144519806486e-01 1.570313826700051041e-01 1.649353122711183783e-01 1.701946765184402521e-01 1.764507406949995805e-01 1.839925237496695676e-01 1.950964055955411725e-01
9.680000000000000000e+04 1.457429474592208674e-01 1.520753375689191389e-01 1.600736421346665439e-01 1.661155015230178777e-01 1.724899202585220281e-01 1.796365431944527413e-01 1.907321602106094860e-01
9.690000000000000000e+04 1.433083643019198994e-01 1.491372416913509524e-01 1.565596720576286904e-01 1.625483632087707520e-01 1.697289741039276212e-01 1.769063913822173373e-01 1.877834747731685072e-01
9.700000000000000000e+04 1.425777787963549148e-01 1.477735191583632868e-01 1.550582543015480153e-01 1.606623530387878418e-01 1.687159250179926240e-01 1.760661929845809826e-01 1.866241519649823599e-01
9.710000000000000000e+04 1.432212688028813019e-01 1.479937823116779794e-01 1.554345221817493572e-01 1.611965894699096680e-01 1.698317774136860470e-01 1.768196452160676058e-01 1.869813708464305169e-01
9.720000000000000000e+04 1.443610072135925737e-01 1.490554720163345392e-01 1.566115218400955522e-01 1.622785061597823986e-01 1.708110159635543857e-01 1.778184038400650591e-01 1.882146453857421464e-01
9.730000000000000000e+04 1.449177631735802385e-01 1.499924434721470468e-01 1.575814591348171645e-01 1.632235616445541493e-01 1.717670788367589851e-01 1.787514498333136470e-01 1.892860483129819027e-01
9.740000000000000000e+04 1.458641064167022217e-01 1.508602890372276184e-01 1.584114727377892162e-01 1.640441566705703735e-01 1.729330750306447839e-01 1.800938090682029646e-01 1.906217658519744895e-01
9.750000000000000000e+04 1.472593955695628565e-01 1.521407589316368658e-01 1.596321612596511286e-01 1.654496341943740845e-01 1.746448278427124023e-01 1.815229207277297696e-01 1.920220032334328253e-01
9.760000000000000000e+04 1.481021400292714396e-01 1.530670432249705004e-01 1.606375777721404385e-01 1.668065816164016613e-01 1.753990958134333256e-01 1.825345462560653831e-01 1.932192542155583836e-01
9.770000000000000000e+04 1.481611481308937051e-01 1.533275236189365343e-01 1.610155192017555248e-01 1.670451462268829346e-01 1.753641734520594297e-01 1.824924659729003917e-01 1.934893884758154547e-01
9.780000000000000000e+04 1.478882521390914861e-01 1.530842995643615645e-01 1.608340007066726696e-01 1.669107139110565241e-01 1.752676206827163685e-01 1.826023411750793413e-01 1.935850718617439237e-01
9.790000000000000000e+04 1.481336494783560831e-01 1.529814581573009091e-01 1.608479535579681319e-01 1.669976353645324652e-01 1.756868336598079172e-01 1.832186307509739709e-01 1.940901867051919305e-01
9.800000000000000000e+04 1.492593099673589496e-01 1.540524721145630216e-01 1.618494004011154230e-01 1.677492260932922363e-01 1.771567096312841316e-01 1.843837370475132631e-01 1.953232894341151160e-01
9.810000000000000000e+04 1.508049149811268586e-01 1.555841210484504300e-01 1.633390098810196256e-01 1.695269227027892955e-01 1.781661576032638750e-01 1.856123054027557784e-01 1.965321314334869951e-01
9.820000000000000000e+04 1.502486748496691671e-01 1.557008753220240349e-01 1.636662563681602345e-01 1.695622384548187145e-01 1.778233412901560617e-01 1.850199126203854738e-01 1.961183459560076336e-01
9.830000000000000000e+04 1.497083887954552828e-01 1.550959382454554225e-01 1.629785512387752489e-01 1.690169036388397272e-01 1.772865863641102935e-01 1.848375899593035221e-01 1.958110601206620449e-01
9.840000000000000000e+04 1.501699340343474742e-01 1.550080835819244995e-01 1.628795599937439553e-01 1.688491016626358088e-01 1.777655273675917968e-01 1.854085993766784179e-01 1.963301217555999678e-01
9.850000000000000000e+04 1.513447066148121412e-01 1.559462038179238730e-01 1.639556676149369063e-01 1.698134690523147583e-01 1.793456276257833770e-01 1.867131412029267579e-01 1.977864854037761910e-01
9.860000000000000000e+04 1.536272207895914288e-01 1.581287225087482373e-01 1.660654681921004960e-01 1.720743447542190663e-01 1.820348167419435226e-01 1.893864196538925515e-01 2.004863182703655322e-01
9.870000000000000000e+04 1.561833025515079465e-01 1.606578996777533741e-01 1.687047681212424100e-01 1.747070372104644886e-01 1.851442265510560292e-01 1.925675341486930148e-01 2.036428683996201194e-01
9.880000000000000000e+04 1.594023732344309885e-01 1.636975004275640633e-01 1.717831504344939086e-01 1.779375374317169189e-01 1.886792665719986550e-01 1.963126025597251856e-01 2.071749776601789772e-01
9.890000000000000000e+04 1.632253881792228578e-01 1.672637808819613381e-01 1.753271089494227719e-01 1.816377609968185536e-01 1.928566060463587362e-01 2.003108483552930585e-01 2.113037697970866491e-01
9.900000000000000000e+04 1.662382170557976102e-01 1.709090784192084933e-01 1.791735455393791143e-01 1.853255480527877808e-01 1.951853007078170055e-01 2.031545311212539784e-01 2.141047403216362333e-01
9.910000000000000000e+04 1.675523949166140558e-01 1.724036543071270633e-01 1.806660452485084611e-01 1.870434015989303478e-01 1.973113904396691931e-01 2.054119611779848253e-01 2.165496855477493099e-01
9.920000000000000000e+04 1.704481134812039222e-01 1.747837199767430238e-01 1.830794888734818548e-01 1.896018683910369873e-01 1.997966299454370653e-01 2.080975661675133481e-01 2.190040113528570476e-01
9.930000000000000000e+04 1.726724778115748815e-01 1.774686788022518391e-01 1.859172695875168924e-01 1.923061549663543646e-01 2.026541888713837836e-01 2.110257832705973169e-01 2.218421670794485656e-01
9.940000000000000000e+04 1.749691735704738960e-01 1.800338383515675822e-01 1.883407351374627170e-01 1.947876214981079102e-01 2.051131059726080119e-01 2.136389326055844751e-01 2.242297744750976207e-01
9.950000000000000000e+04 1.760304885605971092e-01 1.817899567385514448e-01 1.906898714601991951e-01 1.970037817955017090e-01 2.058925618728001949e-01 2.140591683487097219e-01 2.255855028827985220e-01
9.960000000000000000e+04 1.757633268833160567e-01 1.818860566616058161e-01 1.903545689582825107e-01 1.967452645301818737e-01 2.058974891901016180e-01 2.138887947797775413e-01 2.260311108827590953e-01
9.970000000000000000e+04 1.750248355666796374e-01 1.809538376331328580e-01 1.899382972717285345e-01 1.962629973888397328e-01 2.053750004371007465e-01 2.133930186430613440e-01 2.256782142321267781e-01
9.980000000000000000e+04 1.750794174273808679e-01 1.804113706946372797e-01 1.889587292075157743e-01 1.953363955020904486e-01 2.043298415342968133e-01 2.124939984083175082e-01 2.241136672099431904e-01
9.990000000000000000e+04 1.711754840612410289e-01 1.781866686046124637e-01 1.871265241503715926e-01 1.937593221664428711e-01 2.016444271802904364e-01 2.099759864807129173e-01 2.224085246026516471e-01
1.000000000000000000e+05 1.710371573766072961e-01 1.763937522967656268e-01 1.847407072782516479e-01 1.913400888442993164e-01 2.015479207038879395e-01 2.098708401123682565e-01 2.217301130294799805e-01
1.001000000000000000e+05 1.721562578777472152e-01 1.769901478290557828e-01 1.859404473006725511e-01 1.924711585044860951e-01 2.022690659761429144e-01 2.105071992675463244e-01 2.224282951156298371e-01
1.002000000000000000e+05 1.729253578186035201e-01 1.782896894216538242e-01 1.867749622464180137e-01 1.933637529611587635e-01 2.030132853984832897e-01 2.112686961889267134e-01 2.230616074800491622e-01
1.003000000000000000e+05 1.728706478575865457e-01 1.786416503290335356e-01 1.871435518562793721e-01 1.938057392835617065e-01 2.032073237498601415e-01 2.116935496528943306e-01 2.233365644514560822e-01
1.004000000000000000e+05 1.726935827732086204e-01 1.784546524286270142e-01 1.871274411678314209e-01 1.938264697790145763e-01 2.030084792772929025e-01 2.115453592936198113e-01 2.234202073017756141e-01
1.005000000000000000e+05 1.725431896746158766e-01 1.784157454967498779e-01 1.870090134441853291e-01 1.936967819929122925e-01 2.033290624618530051e-01 2.120146989822387640e-01 2.236939445137977600e-01
1.006000000000000000e+05 1.741186398267745850e-01 1.792715235551197994e-01 1.879295757412910162e-01 1.946616500616073497e-01 2.046607683102289188e-01 2.133231974641482676e-01 2.251863996187846162e-01
1.007000000000000000e+05 1.765741612513860304e-01 1.814427687724431970e-01 1.903364630043505312e-01 1.967611014842987061e-01 2.067601992686590451e-01 2.153576230009396908e-01 2.272996017833551763e-01
1.008000000000000000e+05 1.783126616477966331e-01 1.838576263189314886e-01 1.923975497484206598e-01 1.986566722393035833e-01 2.084665364027023793e-01 2.168833225965499378e-01 2.285509836673736694e-01
1.009000000000000000e+05 1.781226034462451147e-01 1.839706369737784120e-01 1.929399214684963393e-01 1.993114054203033447e-01 2.076022428274154619e-01 2.164247808853785038e-01 2.287671919167042212e-01
1.010000000000000000e+05 1.761632894476255207e-01 1.827958857019742756e-01 1.917175427079200745e-01 1.979898512363433838e-01 2.073133468627929576e-01 2.163755784432093432e-01 2.280375257134437672e-01
1.011000000000000000e+05 1.770808456838131595e-01 1.829246997833251509e-01 1.915552623569965474e-01 1.984134137630462758e-01 2.088750094175337302e-01 2.177063240110874154e-01 2.299116572737694153e-01
1.012000000000000000e+05 1.817364907264708562e-01 1.856133594115574881e-01 1.952764344215394410e-01 2.015508532524108998e-01 2.123095933596292617e-01 2.211103481054304820e-01 2.325778734683991711e-01
1.013000000000000000e+05 1.837204548716545038e-01 1.897201451659203675e-01 1.981220340728760687e-01 2.040750443935394343e-01 2.136287446816762803e-01 2.215700805187225397e-01 2.337853681544461992e-01
1.014000000000000000e+05 1.803214350342753070e-01 1.881787890195846802e-01 1.968263086676597107e-01 2.032336711883545033e-01 2.089347743988034800e-01 2.177259993553159467e-01 2.312958160042765665e-01
1.015000000000000000e+05 1.733710835377376136e-01 1.814246242245034779e-01 1.907784789800648362e-01 1.968492269515991211e-01 2.039811909198760154e-01 2.130093440413474981e-01 2.254541071752708403e-01
1.016000000000000000e+05 1.691093760728835937e-01 1.768556022644042214e-01 1.846370518207553491e-01 1.922840595245361439e-01 2.018757871786753255e-01 2.104882440964380430e-01 2.237215505043665675e-01
1.017000000000000000e+05 1.733136130869389058e-01 1.771693824231625192e-01 1.867644241452215970e-01 1.937059223651886042e-01 2.048387432098387750e-01 2.135007919371129936e-01 2.252012994885445873e-01
1.018000000000000000e+05 1.774670984347662406e-01 1.815654625495276286e-01 1.907972019910811057e-01 1.976163327693939153e-01 2.089044169584908239e-01 2.174142076571784210e-01 2.290086444218955297e-01
1.019000000000000000e+05 1.812713698546093155e-01 1.851850743095079244e-01 1.948900991678237382e-01 2.018236696720123180e-01 2.125657280286153972e-01 2.211120182275772283e-01 2.329258812467255857e-01
1.020000000000000000e+05 1.840079486370087558e-01 1.885396718978882835e-01 1.981119573116302546e-01 2.054431736469268799e-01 2.153018951416016680e-01 2.240151852369308139e-01 2.357980579137801402e-01
1.021000000000000000e+05 1.852970911562442924e-01 1.903464040160179060e-01 2.003793887794017847e-01 2.070484817028045710e-01 2.169581443071365578e-01 2.255818309386570242e-01 2.377067813773949823e-01
1.022000000000000000e+05 1.855133897066117421e-01 1.909804906447728490e-01 2.008370205760002247e-01 2.078889131546020619e-01 2.176627099514007735e-01 2.267132511734962497e-01 2.389311023553212787e-01
1.023000000000000000e+05 1.867746570706367015e-01 1.915954351425171176e-01 2.018954484164715291e-01 2.089695811271667369e-01 2.192232668399810569e-01 2.280654974281788039e-01 2.404724907875061823e-01
1.024000000000000000e+05 1.881087787946064960e-01 1.931512125333150198e-01 2.030231261253357677e-01 2.102052718400955200e-01 2.197880123058954804e-01 2.286629881461461622e-01 2.412146105368931925e-01
1.025000000000000000e+05 1.869369956354300366e-01 1.932013543943564005e-01 2.029355466365812266e-01 2.104204446077346802e-01 2.183422595262527466e-01 2.276287749409677263e-01 2.399326053758463195e-01
1.026000000000000000e+05 1.838339132070541393e-01 1.900354024767877126e-01 2.002714353799817382e-01 2.069590836763381958e-01 2.152153640985488281e-01 2.240334105491637029e-01 2.374369871616363592e-01
1.027000000000000000e+05 1.819968939324220492e-01 1.880720296005408132e-01 1.970166793465615018e-01 2.049996346235275213e-01 2.145364115635553515e-01 2.237326882779598347e-01 2.361031615734100197e-01
1.028000000000000000e+05 1.844685534636179292e-01 1.884853571653366811e-01 1.984903085231780329e-01 2.052218824625015314e-01 2.154219331343969202e-01 2.238596822818120224e-01 2.364470843474070494e-01
1.029000000000000000e+05 1.834866285324096291e-01 1.895838478207586830e-01 1.987399317324161641e-01 2.061631083488464355e-01 2.149772673845291027e-01 2.235479687154293682e-01 2.359296743571758226e-01
1.030000000000000000e+05 1.815473993619281801e-01 1.873371765017509405e-01 1.977270022034645081e-01 2.042180895805358887e-01 2.144580215215682872e-01 2.226871167620023961e-01 2.354575395584105890e-01
1.031000000000000000e+05 1.827374636133511643e-01 1.877163137495518053e-01 1.973272345960140617e-01 2.050236821174621638e-01 2.156890275080998454e-01 2.243442812561988464e-01 2.365000173449516019e-01
1.032000000000000000e+05 1.838958549499511708e-01 1.894718587398529219e-01 1.994540184736252331e-01 2.063799321651458851e-01 2.165916287899016801e-01 2.247751158475875810e-01 2.373154425621032682e-01
1.033000000000000000e+05 1.832447727521261394e-01 1.892596382896105101e-01 1.988193845748900956e-01 2.062410771846771296e-01 2.153431236743926780e-01 2.240627581377824806e-01 2.366871053973833294e-01
1.034000000000000000e+05 1.813022981087367147e-01 1.877652365962663994e-01 1.973874229192732754e-01 2.044269502162933405e-01 2.133952830235162357e-01 2.224436462918919499e-01 2.349955849846202538e-01
1.035000000000000000e+05 1.796362921595573425e-01 1.861738972365856726e-01 1.952319726347922779e-01 2.026229798793792725e-01 2.109633535146712147e-01 2.196099512279033605e-01 2.325801990926262830e-01
1.036000000000000000e+05 1.753737968206405262e-01 1.831011593341826393e-01 1.924450653791429378e-01 1.991448342800140325e-01 2.075091590483983117e-01 2.169443506002426414e-01 2.293630091349283806e-01
1.037000000000000000e+05 1.749007283151149950e-01 1.809883670012156776e-01 1.896350866556168746e-01 1.973724931478500477e-01 2.070546521743138746e-01 2.153234411776066282e-01 2.279086737334728163e-01
1.038000000000000000e+05 1.743256065249442488e-01 1.806495842337608460e-01 1.900307053327560391e-01 1.964460641145706066e-01 2.054748928546906162e-01 2.142222735285760349e-01 2.263833752274512501e-01
1.039000000000000000e+05 1.722907830774782767e-01 1.789810345570246874e-01 1.878189539909363159e-01 1.953097164630889782e-01 2.039110195636749667e-01 2.117620236178238691e-01 2.243679406245549512e-01
1.040000000000000000e+05 1.708008905251823528e-01 1.772868186235427301e-01 1.865189701318740734e-01 1.927116811275482178e-01 2.036069105068840923e-01 2.125255445639292196e-01 2.243243078390757261e-01
1.041000000000000000e+05 1.747579881548884939e-01 1.790710413455963712e-01 1.878469067811966431e-01 1.955160319805145375e-01 2.064140486717224998e-01 2.142907643318175404e-01 2.261349867284297155e-01
1.042000000000000000e+05 1.756713009874025788e-01 1.819188831249874960e-01 1.909521758556365911e-01 1.973253726959228460e-01 2.073269595702489365e-01 2.159375812609990175e-01 2.277260354161262379e-01
1.043000000000000000e+05 1.761028176049391214e-01 1.820353808005650831e-01 1.909398645162582453e-01 1.984932303428649791e-01 2.086201302210489994e-01 2.167624662816525216e-01 2.288984038432439472e-01
1.044000000000000000e+05 1.778639674186706099e-01 1.835615164041519976e-01 1.928005981445313766e-01 1.997276544570922852e-01 2.101884877681731989e-01 2.187752717733383034e-01 2.306790673732758423e-01
1.045000000000000000e+05 1.793173958857854355e-01 1.851911887526512535e-01 1.943126291036606501e-01 2.020912170410156250e-01 2.114905009667078783e-01 2.194699816405772941e-01 2.315979587535064166e-01
1.046000000000000000e+05 1.787628475824991903e-01 1.856940325101216760e-01 1.947274807095527305e-01 2.018299818038940541e-01 2.114485236008961933e-01 2.200546706716219325e-01 2.322945237159729226e-01
1.047000000000000000e+05 1.793441730737686257e-01 1.853599911928177912e-01 1.944767493009566250e-01 2.023874372243881226e-01 2.128840929269790738e-01 2.210286805033684354e-01 2.331335215270519123e-01
1.048000000000000000e+05 1.814204096794129195e-01 1.874646488825479906e-01 1.965865266323089111e-01 2.038191050291061346e-01 2.144088935852051236e-01 2.225852574904759740e-01 2.345746660232544134e-01
1.049000000000000000e+05 1.827120641867320261e-01 1.887861708799998262e-01 1.980514293909072798e-01 2.056539475917816273e-01 2.157222366333008123e-01 2.239267278214295276e-01 2.359126139680545187e-01
1.050000000000000000e+05 1.840743124485015869e-01 1.900795623660087585e-01 1.994659230113029480e-01 2.068943679332733154e-01 2.170327603816986084e-01 2.253001481294631958e-01 2.372287139296531677e-01
1.051000000000000000e+05 1.853310088316598991e-01 1.912723868588606380e-01 2.007070659101009569e-01 2.080099284648895264e-01 2.179091741641362434e-01 2.264934702714284653e-01 2.383686000605423905e-01
1.052000000000000000e+05 1.861172362168629635e-01 1.921293397744496811e-01 2.015520989894866999e-01 2.087699800729751476e-01 2.185984547932942335e-01 2.272216033935546831e-01 2.391529683272043960e-01
1.053000000000000000e+05 1.867330245673657352e-01 1.928075492382049227e-01 2.020822107791900857e-01 2.089401274919509832e-01 2.181836032867431885e-01 2.267033423483371946e-01 2.388586631417274342e-01
1.054000000000000000e+05 1.838171089688937221e-01 1.911056356628735853e-01 2.002142122387884915e-01 2.081561118364333995e-01 2.166611065467198005e-01 2.251677516102790488e-01 2.376445607344308819e-01
1.055000000000000000e+05 1.826479333142439487e-01 1.894908547401427390e-01 1.988349512219429183e-01 2.059238106012344360e-01 2.156553963820139197e-01 2.245111562311649656e-01 2.368778718014558360e-01
1.056000000000000000e+05 1.836570179462433117e-01 1.896408003568650080e-01 1.989865952730177912e-01 2.064513355493545477e-01 2.168722718954086415e-01 2.252672094106674405e-01 2.373403018712998414e-01
1.057000000000000000e+05 1.855409410099189138e-01 1.913099570075671163e-01 2.006518460810183813e-01 2.079140216112136952e-01 2.183377353350321459e-01 2.268642811477183940e-01 2.387051117420196378e-01
1.058000000000000000e+05 1.870021578669548434e-01 1.929699726899465617e-01 2.024030134081840071e-01 2.094565361738204845e-01 2.196067716677983506e-01 2.280710378289223239e-01 2.397930704553921932e-01
1.059000000000000000e+05 1.879561114311217862e-01 1.939471194148063571e-01 2.033165735006332298e-01 2.104550093412399236e-01 2.203143304586411000e-01 2.284862962365150352e-01 2.402232365310192075e-01
1.060000000000000000e+05 1.874462485313415083e-01 1.936947455008824481e-01 2.030638486146926769e-01 2.105170339345932007e-01 2.193316310644149170e-01 2.278563906749089263e-01 2.397995163997013734e-01
1.061000000000000000e+05 1.852371010184288291e-01 1.921385981142520738e-01 2.016392382979392828e-01 2.087556093931198231e-01 2.176456056038537645e-01 2.260760424534480340e-01 2.382861434916656029e-01
1.062000000000000000e+05 1.832583439350128907e-01 1.901545041799545255e-01 1.995642226934432328e-01 2.068987160921096913e-01 2.160289341211318326e-01 2.243230676651002120e-01 2.367802548408508845e-01
1.063000000000000000e+05 1.817717149853706748e-01 1.884968624512354252e-01 1.978042443096637570e-01 2.053358405828475952e-01 2.149416164557139131e-01 2.233084926009178128e-01 2.356788689891497202e-01
1.064000000000000000e+05 1.813491121927897076e-01 1.874857322374978985e-01 1.971303915977477561e-01 2.047352582216262762e-01 2.147983213265736713e-01 2.236958463986714885e-01 2.355153481165568330e-01
1.065000000000000000e+05 1.835072614252567513e-01 1.892646089196205472e-01 1.989295542240144543e-01 2.060440331697463989e-01 2.175899744033812644e-01 2.257264710962771648e-01 2.372484318912030099e-01
1.066000000000000000e+05 1.879420937101047295e-01 1.929705598950385292e-01 2.023976773023609121e-01 2.098522573709487860e-01 2.211667478084565486e-01 2.293001356720922312e-01 2.407079050938291109e-01
1.067000000000000000e+05 1.913471798102062138e-01 1.966317591071128357e-01 2.061838124692441654e-01 2.133754789829254150e-01 2.242786268393199001e-01 2.324305282036460696e-01 2.436318102478982062e-01
1.068000000000000000e+05 1.928838330507278709e-01 1.989903944730758989e-01 2.087642639875411932e-01 2.158033549785614014e-01 2.261878168582915904e-01 2.342954277992247980e-01 2.456625109910964833e-01
1.069000000000000000e+05 1.930979735155900212e-01 1.996227938930193457e-01 2.092611834406852556e-01 2.168644130229950007e-01 2.265630342562993393e-01 2.350691474974155315e-01 2.466052513321240758e-01
1.070000000000000000e+05 1.930741071701049527e-01 1.994589587052663093e-01 2.092475041747093312e-01 2.168260514736175537e-01 2.271468361218770271e-01 2.352392802635827618e-01 2.472511212031046901e-01
1.071000000000000000e+05 1.940389885008338144e-01 2.002955952286719910e-01 2.102745810151100403e-01 2.178186357021331676e-01 2.290353536605834739e-01 2.372019389271734502e-01 2.490004695951938407e-01
1.072000000000000000e+05 1.975221914052962546e-01 2.031991654634474620e-01 2.127482473850251243e-01 2.203882962465286144e-01 2.319099811712899695e-01 2.403641331195829900e-01 2.515063794453937240e-01
1.073000000000000000e+05 2.012831493715444564e-01 2.065847050150236286e-01 2.161784899234772683e-01 2.234224110841750988e-01 2.348487414916356486e-01 2.425762881338596189e-01 2.542158085107803500e-01
1.074000000000000000e+05 2.012410044670105147e-01 2.081069853901862110e-01 2.183073377609254240e-01 2.251261562108993475e-01 2.344873094558716231e-01 2.426569813489915239e-01 2.540532433986663619e-01
1.075000000000000000e+05 1.983351794381935929e-01 2.058561580876509811e-01 2.153817526996136822e-01 2.230225056409835815e-01 2.317807426055272513e-01 2.399693752328557195e-01 2.521325995524723584e-01
1.076000000000000000e+05 1.953268943230311028e-01 2.023497243722278405e-01 2.126046544313432152e-01 2.202137082815170399e-01 2.299670241276422777e-01 2.386001578966776837e-01 2.504062362511952355e-01
1.077000000000000000e+05 1.949149373173713895e-01 2.016351664066314830e-01 2.114286957681178747e-01 2.192451030015945546e-01 2.293780004978179798e-01 2.380909739434718952e-01 2.496303519606589971e-01
1.078000000000000000e+05 1.955617161591848008e-01 2.017292798558870948e-01 2.116317591071129045e-01 2.189178735017776600e-01 2.292999283472697269e-01 2.375609111785889349e-01 2.492401365439097238e-01
1.079000000000000000e+05 1.934733472267785026e-01 2.007290021578470585e-01 2.110244359076023091e-01 2.179798007011413685e-01 2.270482488473257177e-01 2.359648256003858968e-01 2.473550715545813072e-01
1.080000000000000000e+05 1.900272637605667225e-01 1.979408651590348345e-01 2.074849098920822088e-01 2.151252627372741699e-01 2.243612557649614092e-01 2.331552028656005970e-01 2.452560305595397339e-01
1.081000000000000000e+05 1.878884124259154187e-01 1.945374930898348398e-01 2.050508259236812347e-01 2.122748255729675348e-01 2.227027579148610492e-01 2.317489721874396169e-01 2.436435130238532865e-01
1.082000000000000000e+05 1.877926679452260050e-01 1.944792171319325580e-01 2.043296143412590138e-01 2.118423283100128174e-01 2.225867031017939868e-01 2.316620758175849670e-01 2.435398453474044989e-01
1.083000000000000000e+05 1.887650977075099601e-01 1.953335982561111850e-01 2.051115588843823168e-01 2.127050340175628551e-01 2.236679983139038264e-01 2.327107842266558646e-01 2.446154694259166373e-01
1.084000000000000000e+05 1.906670723358790120e-01 1.969914144277571943e-01 2.065820431709290694e-01 2.142518609762191772e-01 2.255879642566045173e-01 2.344461792707443482e-01 2.463698210318883142e-01
1.085000000000000000e+05 1.923928494254748267e-01 1.988877490162848649e-01 2.086690083146096886e-01 2.163833826780319214e-01 2.275699297587076564e-01 2.363300651311874279e-01 2.484801597893238623e-01
1.086000000000000000e+05 1.940983891487122193e-01 2.005942669510841492e-01 2.105577144026757885e-01 2.180862158536910900e-01 2.296828895807265236e-01 2.385177019238471086e-01 2.505338922142983371e-01
1.087000000000000000e+05 1.962159687280655984e-01 2.026175714035830244e-01 2.127273416519165905e-01 2.201045751571655273e-01 2.319694739580153431e-01 2.409125345448651923e-01 2.529952298601470528e-01
1.088000000000000000e+05 1.985959269603093935e-01 2.049601898590723836e-01 2.150469595193862382e-01 2.224310100078582819e-01 2.342204618453980480e-01 2.433464260896048004e-01 2.556404276688894472e-01
1.089000000000000000e+05 2.010555922985075017e-01 2.075493155419827207e-01 2.173329553008079007e-01 2.251318097114562988e-01 2.372647458314896818e-01 2.464418730139732450e-01 2.584635651111602539e-01
1.090000000000000000e+05 2.047830671072009556e-01 2.104927976926168343e-01 2.206496059894561823e-01 2.283470034599304199e-01 2.396133214235306175e-01 2.487698624531427261e-01 2.613605330387751557e-01
1.091000000000000000e+05 2.055916788180669197e-01 2.124744239449501138e-01 2.223774738609791135e-01 2.301953196525573786e-01 2.404173864920934045e-01 2.494945553441842712e-01 2.622588269909223446e-01
1.092000000000000000e+05 2.039335471391678367e-01 2.116613078117370039e-01 2.215308910608290993e-01 2.293758302927017267e-01 2.391728669404983854e-01 2.485531151294707863e-01 2.616734087467193492e-01
1.093000000000000000e+05 2.025900395214557670e-01 2.096587496002515760e-01 2.199024584889411604e-01 2.278299182653427124e-01 2.382838517427444958e-01 2.476033575832843614e-01 2.607747749487559497e-01
1.094000000000000000e+05 2.018479451537132097e-01 2.091149958968162581e-01 2.190365910530089888e-01 2.266070991754531860e-01 2.373904770612716431e-01 2.466003023584684151e-01 2.600782072544098322e-01
1.095000000000000000e+05 2.006230682134627907e-01 2.079115636646746423e-01 2.181370183825493414e-01 2.258650213479995728e-01 2.359394490718840498e-01 2.451185613870620617e-01 2.585632532835006603e-01
1.096000000000000000e+05 1.985688054561614291e-01 2.060845728715259562e-01 2.160873925685883878e-01 2.237241178750991877e-01 2.339883039395013742e-01 2.432583369811374963e-01 2.568929115931192220e-01
1.097000000000000000e+05 1.969992759823798456e-01 2.040963123738765705e-01 2.142038264870644304e-01 2.217994809150695690e-01 2.321585198243458770e-01 2.413095606863498443e-01 2.551940530538557850e-01
1.098000000000000000e+05 1.951113870739935585e-01 2.023654800653458541e-01 2.124180513620377020e-01 2.200518012046814020e-01 2.304105013608932495e-01 2.396065244078636747e-01 2.536055225133895252e-01
1.099000000000000000e+05 1.939093821744123924e-01 2.008726831277211633e-01 2.109023427963256925e-01 2.186506927013397161e-01 2.292841521898905666e-01 2.385505546132723198e-01 2.524648595849673383e-01
1.100000000000000000e+05 1.933376789093017856e-01 2.002100298802057809e-01 2.102826237678527832e-01 2.179746925830841064e-01 2.285106529792149954e-01 2.377546777327854965e-01 2.516137361526489258e-01
1.101000000000000000e+05 1.927215550839901370e-01 1.996987605094909524e-01 2.098265127837657951e-01 2.173492252826690618e-01 2.276808899641035722e-01 2.368113066256045951e-01 2.505193020403384541e-01
1.102000000000000000e+05 1.913209124406179407e-01 1.985273975133895474e-01 2.084112933278083335e-01 2.158633232116699274e-01 2.259251787265140754e-01 2.349388381838798945e-01 2.488901795943577466e-01
1.103000000000000000e+05 1.883925170699755347e-01 1.962183201313017489e-01 2.060634796321390849e-01 2.135863125324249379e-01 2.231693293650943988e-01 2.323306513329345957e-01 2.463366834322612831e-01
1.104000000000000000e+05 1.857869017124175737e-01 1.933480513095856279e-01 2.033628362417219670e-01 2.109294444322586115e-01 2.207818496227264282e-01 2.300657117366789739e-01 2.439079421758652555e-01
1.105000000000000000e+05 1.842556128899256185e-01 1.914191874365011314e-01 2.012538060545920882e-01 2.086458951234817505e-01 2.192340234915415575e-01 2.284873090684413910e-01 2.423107090095679150e-01
1.106000000000000000e+05 1.837485862771670031e-01 1.907225498557090781e-01 2.004992657899855868e-01 2.080435186624526867e-01 2.187204523881276508e-01 2.277559384703636280e-01 2.414385274052619768e-01
1.107000000000000000e+05 1.837526847422122911e-01 1.906351739168167247e-01 2.004041740298271312e-01 2.079357773065567128e-01 2.185312318801879705e-01 2.275376230478286799e-01 2.410926742851734195e-01
1.108000000000000000e+05 1.836477128664651681e-01 1.907625448703766102e-01 2.004544162750244163e-01 2.080766826868057362e-01 2.188353971640268902e-01 2.278462890783945205e-01 2.413116230567296516e-01
1.109000000000000000e+05 1.846535376211008161e-01 1.911373643577100601e-01 2.010017910599708468e-01 2.086597025394439642e-01 2.199785345792769631e-01 2.289508973062036878e-01 2.424748604496320403e-01
1.110000000000000000e+05 1.866414651274680980e-01 1.929516360163689159e-01 2.025468096137046925e-01 2.103177607059478760e-01 2.217930734157562700e-01 2.308669298887252586e-01 2.441783517599105668e-01
1.111000000000000000e+05 1.885776371757189041e-01 1.950033905108768950e-01 2.049120713770389846e-01 2.124353826045989879e-01 2.236879863341649510e-01 2.328080391883849132e-01 2.460388902326424987e-01
1.112000000000000000e+05 1.896168764432271392e-01 1.962323079506556045e-01 2.060391503572464311e-01 2.136493593454361073e-01 2.245854771137237305e-01 2.337007502714792406e-01 2.472210816542307898e-01
1.113000000000000000e+05 1.898584447801113240e-01 1.967732821404933885e-01 2.065912006795406486e-01 2.142745941877365057e-01 2.253492212295531982e-01 2.344719652831553924e-01 2.481389510631561157e-01
1.114000000000000000e+05 1.905743186672528844e-01 1.972348972161611647e-01 2.072741085290908947e-01 2.147826731204986461e-01 2.263143295049666603e-01 2.353800423940022590e-01 2.490394411484399828e-01
1.115000000000000000e+05 1.919159876803557541e-01 1.984518359104792129e-01 2.084269434213637529e-01 2.158018648624420166e-01 2.274270762999852369e-01 2.364956791202226793e-01 2.499495528638362718e-01
1.116000000000000000e+05 1.928279346227646240e-01 1.994877493381500833e-01 2.095011198520659867e-01 2.167061150074005016e-01 2.277175301313400235e-01 2.366122007369995117e-01 2.505253213644027532e-01
1.117000000000000000e+05 1.912748844921587088e-01 1.986478635172048979e-01 2.087339542806148918e-01 2.159106850624084584e-01 2.257239409287770115e-01 2.350363916655382468e-01 2.490319295724232329e-01
1.118000000000000000e+05 1.881484203537304445e-01 1.958329077561695719e-01 2.058955922722817411e-01 2.135750174522400013e-01 2.233189191420872910e-01 2.328685928384463255e-01 2.469808515906332658e-01
1.119000000000000000e+05 1.858833506703376215e-01 1.931819154322147181e-01 2.035328187048435489e-01 2.111565113067626898e-01 2.223184931278228416e-01 2.314297394454478130e-01 2.456499101221562564e-01
1.120000000000000000e+05 1.873361786206561297e-01 1.933934847513833766e-01 2.038104265928268322e-01 2.114105224609375000e-01 2.242919464906054927e-01 2.338033984104790353e-01 2.473580608765283961e-01
1.121000000000000000e+05 1.928326019148030590e-01 1.979875073333582924e-01 2.080208751559258218e-01 2.159930825233459528e-01 2.291572181383765838e-01 2.380825584133465234e-01 2.515987016757329497e-01
1.122000000000000000e+05 1.982494002580642289e-01 2.036264756321905789e-01 2.134301638603212092e-01 2.206511378288268932e-01 2.330348265171051370e-01 2.417275953292846724e-01 2.552067458629608820e-01
1.123000000000000000e+05 2.000992735226949093e-01 2.063746110598246308e-01 2.161277593672276398e-01 2.232797324657440075e-01 2.339766240119933449e-01 2.433033284048240208e-01 2.569602925578752806e-01
1.124000000000000000e+05 1.975794746478397590e-01 2.051214178403218957e-01 2.150577807426450605e-01 2.227438926696777288e-01 2.322802879412968480e-01 2.413535507520041257e-01 2.556248517831167244e-01
1.125000000000000000e+05 1.937535367906093597e-01 2.017675489187241433e-01 2.120298296213148637e-01 2.188786268234252930e-01 2.296379059553146362e-01 2.397734932601451874e-01 2.539352029561997015e-01
1.126000000000000000e+05 1.937436215082805058e-01 2.001949605345726413e-01 2.105335772037507658e-01 2.187087774276733343e-01 2.308160972595214577e-01 2.399786159396171681e-01 2.540120349327723015e-01
1.127000000000000000e+05 1.957484139998752481e-01 2.023068444430829727e-01 2.125398427248000599e-01 2.197417289018631092e-01 2.316658572355905776e-01 2.409905556837717289e-01 2.549939127763112823e-01
1.128000000000000000e+05 1.966291892528534424e-01 2.032293510437011841e-01 2.132053577899932773e-01 2.209420233964919933e-01 2.327744662761687955e-01 2.419971370697020785e-01 2.560687780380249690e-01
1.129000000000000000e+05 1.985255593061447388e-01 2.048599968850611797e-01 2.145018103718757396e-01 2.220631897449493464e-01 2.339872241020202470e-01 2.434236771861712501e-01 2.574993555744490292e-01
1.130000000000000000e+05 1.985656052827835805e-01 2.055461729566256668e-01 2.152785181999206654e-01 2.236477434635162354e-01 2.336837351322174072e-01 2.422805070877075140e-01 2.565656324227650886e-01
1.131000000000000000e+05 1.955787785351277286e-01 2.036498619616031458e-01 2.137590320408343514e-01 2.208906948566436712e-01 2.301751244068145075e-01 2.397797636687756528e-01 2.543151348829270075e-01
1.132000000000000000e+05 1.916068428754806319e-01 1.990264830986658851e-01 2.095185118913649169e-01 2.178795784711837769e-01 2.286438248554865660e-01 2.374445428450902285e-01 2.517658321062724025e-01
1.133000000000000000e+05 1.934809780120849698e-01 1.992649728556473987e-01 2.098231589794159191e-01 2.170479804277420099e-01 2.284174275398254406e-01 2.378259966770807921e-01 2.517491342624028627e-01
1.134000000000000000e+05 1.933110159635543779e-01 1.997353762388229537e-01 2.099844616651534990e-01 2.177810430526733454e-01 2.281313908100128796e-01 2.368058595061302007e-01 2.510712027549744096e-01
1.135000000000000000e+05 1.914058871567248243e-01 1.987267787257830098e-01 2.090768136084081019e-01 2.164154648780822754e-01 2.266028801600137588e-01 2.362928549448649052e-01 2.505445639292399052e-01
1.136000000000000000e+05 1.913118577003480036e-01 1.978253122170766098e-01 2.078270423412322265e-01 2.159026384353637806e-01 2.272313211361567664e-01 2.366645757357279112e-01 2.506541049480437988e-01
1.137000000000000000e+05 1.931750056147575889e-01 1.990554527938366292e-01 2.091824001073836758e-01 2.170531749725341797e-01 2.287303453683853793e-01 2.380866293609143203e-01 2.521707651019096663e-01
1.138000000000000000e+05 1.951132094860075772e-01 2.009802402059236437e-01 2.108601656556128856e-01 2.189187109470367432e-01 2.306057459115982422e-01 2.402217639485995371e-01 2.540809170405070594e-01
1.139000000000000000e+05 1.980312320590021935e-01 2.033270224928855896e-01 2.130203613638877447e-01 2.206630408763885498e-01 2.325172791878382383e-01 2.413517925143241760e-01 2.551812868316968297e-01
1.140000000000000000e+05 1.968750864267349299e-01 2.034761637449264138e-01 2.133780032396316584e-01 2.215621173381805420e-01 2.311822324991226474e-01 2.407918870449066162e-01 2.549984037876127929e-01
1.141000000000000000e+05 1.940234314898650336e-01 2.016650812327860365e-01 2.115968103706836467e-01 2.190371096134185736e-01 2.297598006327946363e-01 2.392584295074144940e-01 2.530181623498599097e-01
1.142000000000000000e+05 1.935396196444829353e-01 2.000750561555226514e-01 2.095918527245522189e-01 2.184563905000686534e-01 2.294805024067561594e-01 2.390324505170186298e-01 2.530778628587722623e-01
1.143000000000000000e+05 1.951020580530166970e-01 2.014717739820479636e-01 2.113396646082401908e-01 2.190616816282272283e-01 2.302617329359054610e-01 2.396949741244316090e-01 2.535141006112098805e-01
1.144000000000000000e+05 1.959326773881911732e-01 2.025205449263254576e-01 2.121203935146332153e-01 2.197302103042602650e-01 2.301105393966038914e-01 2.395066529512405173e-01 2.537326375643412235e-01
1.145000000000000000e+05 1.944005079567431571e-01 2.013793393969535162e-01 2.114161647856234172e-01 2.189747095108032227e-01 2.289055724938710290e-01 2.387839257717132013e-01 2.532092556357383728e-01
1.146000000000000000e+05 1.928841498494147377e-01 1.999218961596488653e-01 2.100340726971625660e-01 2.175029516220092773e-01 2.286660927534103493e-01 2.381192362308502397e-01 2.528472036123275979e-01
1.147000000000000000e+05 1.933004640539487951e-01 1.997621950010458614e-01 2.095199395716192126e-01 2.178091049194335882e-01 2.295872024695077840e-01 2.392027688026427956e-01 2.535316466291745452e-01
1.148000000000000000e+05 1.950640336672465336e-01 2.013796512285868923e-01 2.113697665929794023e-01 2.193502843379974421e-01 2.314259109894433730e-01 2.407990570863087210e-01 2.547777370611826742e-01
1.149000000000000000e+05 1.967611870169639343e-01 2.034584181010722914e-01 2.133350993692874620e-01 2.211525261402130238e-01 2.328004264831541881e-01 2.417315585911273823e-01 2.560633045434951849e-01
1.150000000000000000e+05 1.968757336338361752e-01 2.040550534923871451e-01 2.138496339321136475e-01 2.218107879161834717e-01 2.319962431987126761e-01 2.413391520579658278e-01 2.557057340939839496e-01
1.151000000000000000e+05 1.945456797381242553e-01 2.019488497078419098e-01 2.123375859856604930e-01 2.197521865367889349e-01 2.297169758876163870e-01 2.390017751852671624e-01 2.536458166440327400e-01
1.152000000000000000e+05 1.911367321014404153e-01 1.994492071866989513e-01 2.094953662157058583e-01 2.172317087650298961e-01 2.280884754657745428e-01 2.381079417467117654e-01 2.526543593406677113e-01
1.153000000000000000e+05 1.938217191398144690e-01 1.998513255019984947e-01 2.093419814109802046e-01 2.178524076938629095e-01 2.299136455853779126e-01 2.407508930563923011e-01 2.541552858551343608e-01
1.154000000000000000e+05 1.998420759042106587e-01 2.050934031605725627e-01 2.153264111280445148e-01 2.224354296922683716e-01 2.362320421139396942e-01 2.455769162376717496e-01 2.596132741371792729e-01
1.155000000000000000e+05 2.054670184850694581e-01 2.115688435733319162e-01 2.210915014147758206e-01 2.290200144052505493e-01 2.409807741641995793e-01 2.506403401494026184e-01 2.641569465398791450e-01
1.156000000000000000e+05 2.078823894262313565e-01 2.142932138840356326e-01 2.243672001361846635e-01 2.320303350687026867e-01 2.431637036800384510e-01 2.523769040902454908e-01 2.664818274974823376e-01
1.157000000000000000e+05 2.067713797092439187e-01 2.137929279108842784e-01 2.244468918442726890e-01 2.319535136222839466e-01 2.428078154722848880e-01 2.517742104331653352e-01 2.666365718841551269e-01
1.158000000000000000e+05 2.041876554489133744e-01 2.123301404714584006e-01 2.224297875165939797e-01 2.307595610618591309e-01 2.410729229450225553e-01 2.512194555997848133e-01 2.653756344318389804e-01
1.159000000000000000e+05 2.052856033047040507e-01 2.122808497647445669e-01 2.226397180557251054e-01 2.304181486368179210e-01 2.424188085397084580e-01 2.520522386829058270e-01 2.667703466614088081e-01
1.160000000000000000e+05 2.090208232402800681e-01 2.153084228436151770e-01 2.255479872226714977e-01 2.328986078500747681e-01 2.454668839772541633e-01 2.554018338521320541e-01 2.694173594315848463e-01
1.161000000000000000e+05 2.129167430102825165e-01 2.194447889924051320e-01 2.288163527846336642e-01 2.364851385354995728e-01 2.484557867050170010e-01 2.583306482434270523e-01 2.721993035078049683e-01
1.162000000000000000e+05 2.143646893898645822e-01 2.205275138219197628e-01 2.304990693926810830e-01 2.376778870820999146e-01 2.496527759234111743e-01 2.589475413163503381e-01 2.737820498148599846e-01
1.163000000000000000e+05 2.117370147009689230e-01 2.187070197363694124e-01 2.292781296372411737e-01 2.360655456781387274e-01 2.467645080884296460e-01 2.568670013546943687e-01 2.716350011030833067e-01
1.164000000000000000e+05 2.064632076025006979e-01 2.144578653573989135e-01 2.247180336713788251e-01 2.317476928234100397e-01 2.410088938474652664e-01 2.521183657646181020e-01 2.670233929157255770e-01
1.165000000000000000e+05 2.006520996491110986e-01 2.089951939880849152e-01 2.187292113900179968e-01 2.253347933292388916e-01 2.359315296014149188e-01 2.464587991436326397e-01 2.618731955687202961e-01
1.166000000000000000e+05 1.980138917764027173e-01 2.044045973817507356e-01 2.148148101568220225e-01 2.218940436840057262e-01 2.329245177904764874e-01 2.440213231245677017e-01 2.579238905509312341e-01
1.167000000000000000e+05 1.974699559807777394e-01 2.039819310605525682e-01 2.132266594469546805e-01 2.207720994949340931e-01 2.324767005443573731e-01 2.422121928632259280e-01 2.568244490027426497e-01
1.168000000000000000e+05 1.957707995176317939e-01 2.020168521006900919e-01 2.120286953449251055e-01 2.185333847999572643e-01 2.288367319107057207e-01 2.387559105952583582e-01 2.528318933645881672e-01
1.169000000000000000e+05 1.891252626975381268e-01 1.953880242009959911e-01 2.056257246434689545e-01 2.124796479940414540e-01 2.193874816099800062e-01 2.299581686655686186e-01 2.447139867146808090e-01
1.170000000000000000e+05 1.759827286005022084e-01 1.838027775287634780e-01 1.930579245090484619e-01 2.006499618291854858e-01 2.066900730133048314e-01 2.163341522216796764e-01 2.322911292314523146e-01
1.171000000000000000e+05 1.624777387082576574e-01 1.691576909025508668e-01 1.786785402894018049e-01 1.857467621564865001e-01 1.925090587139124398e-01 2.025612357258795571e-01 2.179323257009178061e-01
1.172000000000000000e+05 1.505067543188729207e-01 1.555268339316041304e-01 1.628885501623148768e-01 1.708218455314636230e-01 1.785506409406659722e-01 1.874746938546503483e-01 2.035985108216602502e-01
1.173000000000000000e+05 1.332815988361828186e-01 1.358665832877157253e-01 1.428556197881683254e-01 1.490463316440582275e-01 1.545139271020890548e-01 1.686151586473007280e-01 1.843431784212593849e-01
1.174000000000000000e+05 1.031508512794950400e-01 1.021396750211703980e-01 1.079562556743601520e-01 1.157112389802932712e-01 1.181972031792016264e-01 1.356768632928523899e-01 1.579537428418792133e-01
1.175000000000000000e+05 5.869281354049698390e-02 6.312108101944033378e-02 6.243228726089169317e-02 6.822748482227325439e-02 8.005414778987567093e-02 9.832636453211260341e-02 1.219461051126308065e-01
1.176000000000000000e+05 2.917964220047168655e-02 3.310003980994229156e-02 3.660343125462629105e-02 4.111898839473723810e-02 4.989152953028590937e-02 6.645691230893190082e-02 8.629963546991120671e-02
1.177000000000000000e+05 2.718458688507482610e-02 2.623892875388298893e-02 2.988143840804673851e-02 3.382524177432059964e-02 3.830292806029256952e-02 4.781373504549243231e-02 6.367692165076610511e-02
1.178000000000000000e+05 3.552968641122204729e-02 3.484652850776889105e-02 3.702037557959515085e-02 3.997543230652809282e-02 4.806709731618605264e-02 5.347475700080416700e-02 5.712252845366898313e-02
1.179000000000000000e+05 4.838236469775403226e-02 4.932852420955916722e-02 5.132168605923631555e-02 5.293353796005249162e-02 6.012269273400320385e-02 6.388079166412370669e-02 6.861400052905089475e-02
1.180000000000000000e+05 5.861794849236804522e-02 5.923291568954832526e-02 6.247636899352073531e-02 6.579832732677459717e-02 6.843720624844230882e-02 7.046537250280372755e-02 7.497641245524105935e-02
1.181000000000000000e+05 5.961493127048013430e-02 6.187843655546485661e-02 6.453778102993963650e-02 6.692960560321807584e-02 6.991981844107314492e-02 7.247891147931419253e-02 7.681548607846098997e-02
1.182000000000000000e+05 5.569470569491378337e-02 5.913376726210116396e-02 6.261768527328959166e-02 6.507948786020278931e-02 6.778488665819153158e-02 7.091059431433670290e-02 7.602184370160096349e-02
1.183000000000000000e+05 5.461476903408762906e-02 5.704854109634963089e-02 6.031221549957986594e-02 6.313396394252776544e-02 6.629459391037625937e-02 6.953912543753780484e-02 7.459999936322377068e-02
1.184000000000000000e+05 5.306901519497226466e-02 5.581015552083651993e-02 5.932174697518333151e-02 6.176225543022155484e-02 6.445096105337151660e-02 6.758161813020709119e-02 7.270136465628943001e-02
1.185000000000000000e+05 5.107218716293559363e-02 5.349306743592010388e-02 5.669021327048520686e-02 5.941681563854217529e-02 6.249058246612546053e-02 6.582876071333884638e-02 7.082687839865679791e-02
1.186000000000000000e+05 4.979569010436536713e-02 5.227400198578834034e-02 5.558992810547345315e-02 5.823741257190704484e-02 6.155998259782790444e-02 6.464384163419401030e-02 6.938298707207039839e-02
1.187000000000000000e+05 4.990574566026537845e-02 5.176877851287522286e-02 5.491441633552310991e-02 5.748507753014564514e-02 6.061715046564739029e-02 6.379296002288657730e-02 6.852345849076899031e-02
1.188000000000000000e+05 4.812009721994406353e-02 5.078480437397953767e-02 5.410547643899921155e-02 5.662706270813942094e-02 5.989244937896730930e-02 6.301153868436813743e-02 6.747949063777912426e-02
1.189000000000000000e+05 4.829049086819092035e-02 5.022850207984447951e-02 5.336509387940164412e-02 5.637885406613350053e-02 6.060024410486207491e-02 6.383469437559435855e-02 6.822619266808038763e-02
1.190000000000000000e+05 5.109473466873167002e-02 5.303415743013233097e-02 5.603453926742076735e-02 5.870417132973670959e-02 6.285328865051260927e-02 6.565012931823717424e-02 6.978492066264155302e-02
1.191000000000000000e+05 5.314518570899964128e-02 5.503532078117132770e-02 5.817630797624590705e-02 6.079254224896431247e-02 6.431866914033894378e-02 6.711433857679403869e-02 7.103634282946577616e-02
1.192000000000000000e+05 5.181198890010502850e-02 5.377620220184326644e-02 5.679374247789373276e-02 5.896823853254318237e-02 6.109782313307116769e-02 6.399826814730974478e-02 6.901370843251532217e-02
1.193000000000000000e+05 4.646055017908386903e-02 4.890724004556699228e-02 5.198295384645431477e-02 5.394849330186844011e-02 5.548238322138783485e-02 5.849459895243275254e-02 6.350389827042816904e-02
1.194000000000000000e+05 3.973364129662476651e-02 4.225047439336732102e-02 4.531155101954917330e-02 4.742869138717651506e-02 4.927245929837235916e-02 5.239044271409556280e-02 5.738418437540543371e-02
1.195000000000000000e+05 3.579741033415018148e-02 3.772919860978905804e-02 4.020641576498780456e-02 4.208236932754516602e-02 4.404595817128835467e-02 4.679710591832844657e-02 5.142074773708975310e-02
1.196000000000000000e+05 3.223911146322874094e-02 3.402971973021836488e-02 3.635227799415610000e-02 3.802435994148254533e-02 3.939761256178248017e-02 4.188705672820418335e-02 4.606410672267259587e-02
1.197000000000000000e+05 2.793156612664447064e-02 2.978642081841835140e-02 3.202021986246129243e-02 3.362865820527076444e-02 3.530907616019244438e-02 3.791445933282390490e-02 4.158197019249173371e-02
1.198000000000000000e+05 2.602209410319717559e-02 2.806662237892556047e-02 3.033198796212668510e-02 3.244045898318290849e-02 3.596271047989546554e-02 3.861780119438935899e-02 4.159093245863938748e-02
1.199000000000000000e+05 3.108266674603003127e-02 3.268216026326109525e-02 3.465906277298907989e-02 3.725703060626983643e-02 4.271172404289272362e-02 4.496260691434051521e-02 4.696781272689595776e-02
