9.000000000000000000e+04 7.301466031292919157e-03 2.924839250224920469e-03 7.915439427824914193e-03 6.220553276817504876e-03
9.010000000000000000e+04 8.261514388092403016e-03 4.510839936510363177e-03 6.027309472010541555e-03 6.012369645967991817e-03
9.020000000000000000e+04 9.159890667836239828e-03 6.056044407605882217e-03 4.139179516196168050e-03 5.804186015118478759e-03
9.030000000000000000e+04 9.318202022912763088e-03 6.091788916677362380e-03 4.410221384065765929e-03 5.856523961950743651e-03
9.040000000000000000e+04 9.433243554213776444e-03 6.054737123842725277e-03 4.710639739332273326e-03 5.928159803426124794e-03
9.050000000000000000e+04 9.310301054749385574e-03 4.707351896696958249e-03 5.983624339002695594e-03 5.025998681167570536e-03
9.060000000000000000e+04 8.888533802882922150e-03 3.500546764260367445e-03 7.283438352311854755e-03 3.968030044711592930e-03
9.070000000000000000e+04 7.470684043009485735e-03 3.933842736763806108e-03 6.273902304323652687e-03 4.205372471129257758e-03
9.080000000000000000e+04 5.953338770376991225e-03 4.196701164566795685e-03 5.167470449567879848e-03 4.780622131340181782e-03
9.090000000000000000e+04 4.212128594036653947e-03 3.010840462417034222e-03 4.384219974793572214e-03 4.902754276452302509e-03
9.100000000000000000e+04 2.959927396868932900e-03 1.981581543215649166e-03 3.619306032216801795e-03 4.852270225336316120e-03
9.110000000000000000e+04 2.490140566377619345e-03 1.985894391473756390e-03 2.911027709195697019e-03 4.450780578157374073e-03
9.120000000000000000e+04 2.276383931704361978e-03 2.002725954494276490e-03 2.206823891178593278e-03 3.864551143576825699e-03
9.130000000000000000e+04 2.361329192152197484e-03 2.086323996247652253e-03 2.079822407647673697e-03 3.521817224793959492e-03
9.140000000000000000e+04 2.344338908499999687e-03 2.165109536705265431e-03 2.003378792830890452e-03 3.350962493632975506e-03
9.150000000000000000e+04 2.239975301333495001e-03 2.222582571424494818e-03 2.077441077723960264e-03 3.189001593492654229e-03
9.160000000000000000e+04 2.585996179865168460e-03 2.282353590097135638e-03 2.167111381846192463e-03 3.035341602304952435e-03
9.170000000000000000e+04 3.213507361958123192e-03 2.350742048595068790e-03 2.115784372476300565e-03 2.841382122856698274e-03
9.180000000000000000e+04 3.982978149286292395e-03 2.456568003688030903e-03 2.047495280280281927e-03 2.597823273241613336e-03
9.190000000000000000e+04 4.815542094496789646e-03 2.683025892253831490e-03 2.101508643449350421e-03 2.489147498320856515e-03
9.200000000000000000e+04 4.856505718332139107e-03 3.027952733256841951e-03 2.172326924149494375e-03 2.601189481990864166e-03
9.210000000000000000e+04 4.659989245754959583e-03 3.704592641084116823e-03 2.656407781242544133e-03 2.621365501534585630e-03
9.220000000000000000e+04 4.569248805059012222e-03 4.096399204814432475e-03 3.204560355605835971e-03 2.437394934131027584e-03
9.230000000000000000e+04 4.497740370159644327e-03 3.789069378488601515e-03 3.583336873588840489e-03 2.340207870336330747e-03
9.240000000000000000e+04 4.222440574944873008e-03 3.429185070880690599e-03 3.932772657395738718e-03 2.515768960740977049e-03
9.250000000000000000e+04 3.930158166370474257e-03 2.955432720494970134e-03 3.945227899667330153e-03 2.717580570505598314e-03
9.260000000000000000e+04 3.537201980673131477e-03 2.619550276640749374e-03 3.892982877964118200e-03 3.045394673198074421e-03
9.270000000000000000e+04 3.162577545601646944e-03 2.548802268424063978e-03 3.771763892486323586e-03 3.381440688139286319e-03
9.280000000000000000e+04 3.007934118040329115e-03 2.508992349674156203e-03 3.635965044747236849e-03 3.788829942569568905e-03
9.290000000000000000e+04 2.860924310541863424e-03 2.522219155724432938e-03 3.443304733908016720e-03 4.166083894569769935e-03
9.300000000000000000e+04 2.755899413389101184e-03 2.652873395415744889e-03 3.237486398549752151e-03 3.699549378528567758e-03
9.310000000000000000e+04 2.683616451891046931e-03 2.963583033356695980e-03 3.261385619205514879e-03 3.233014862487365582e-03
9.320000000000000000e+04 2.720473275908694925e-03 3.146173924601152090e-03 3.343196828772374615e-03 3.233044461966040964e-03
9.330000000000000000e+04 2.801731377711908205e-03 3.152601539137916704e-03 3.474233231550753580e-03 3.249737065570443544e-03
9.340000000000000000e+04 2.982892354532628958e-03 3.078795171254478970e-03 3.618732935036562438e-03 3.212034778255850719e-03
9.350000000000000000e+04 3.038333823747011841e-03 2.905876236851983284e-03 3.356851564671299842e-03 3.168056157373684654e-03
9.360000000000000000e+04 2.892624080791197407e-03 2.709039555226273703e-03 2.974822746384849122e-03 3.063322272525683711e-03
9.370000000000000000e+04 2.750973215667554001e-03 2.485627598908097830e-03 2.760852750487276762e-03 2.945931041018131323e-03
9.380000000000000000e+04 2.614057708014776507e-03 2.412901456571108893e-03 2.600423618359592841e-03 2.902742575450683888e-03
9.390000000000000000e+04 2.496879499068810609e-03 2.490861128215306457e-03 2.505757999645777997e-03 2.883164080864172689e-03
9.400000000000000000e+04 2.396618974728681548e-03 2.548717738657547277e-03 2.433606016154730815e-03 2.881807959019776905e-03
9.410000000000000000e+04 2.444959374377078838e-03 2.588481594018031060e-03 2.381831556898216396e-03 2.888651904909333989e-03
9.420000000000000000e+04 2.586175351518278914e-03 2.559818199811077135e-03 2.337535088186483249e-03 2.910141017457438476e-03
9.430000000000000000e+04 2.561460486456665093e-03 2.475761317859045876e-03 2.509038351669969948e-03 2.940579954074653939e-03
9.440000000000000000e+04 2.462998580416011357e-03 2.436098059839264442e-03 2.765248052089906705e-03 2.894569085963224434e-03
9.450000000000000000e+04 2.433617010561524643e-03 2.428721073770208263e-03 2.716566699929543697e-03 2.786442751509766395e-03
9.460000000000000000e+04 2.424959541562887386e-03 2.402431288104802179e-03 2.540121478116513180e-03 2.739447302126787887e-03
9.470000000000000000e+04 2.531594869699757382e-03 2.363807067920033200e-03 2.439907510882843682e-03 2.757949229605022919e-03
9.480000000000000000e+04 2.659192524588529626e-03 2.360198785921131543e-03 2.373738569966175188e-03 2.753074196492141020e-03
9.490000000000000000e+04 2.910388043847931226e-03 2.377016467863987594e-03 2.433989068673087734e-03 2.715081802541840540e-03
9.500000000000000000e+04 3.171883385138225472e-03 2.450744225633295394e-03 2.554320093141691523e-03 2.692522180034071129e-03
9.510000000000000000e+04 3.204718075383314671e-03 2.554065222832353592e-03 2.677907629390298330e-03 2.699284823267103072e-03
9.520000000000000000e+04 3.247054773757031190e-03 2.565029250132319291e-03 2.803139868558098772e-03 2.749447757716520953e-03
9.530000000000000000e+04 3.403415569674197484e-03 2.533366983632690927e-03 2.836390083305511192e-03 2.913536456608959400e-03
9.540000000000000000e+04 3.444618541486229538e-03 2.602256017224002446e-03 2.820330346817257871e-03 3.034315528384584019e-03
9.550000000000000000e+04 2.852453480719751785e-03 2.712110395296809823e-03 2.867963315455199138e-03 2.989074362879157263e-03
9.560000000000000000e+04 2.463592165173065021e-03 2.612314230517633323e-03 2.951800558585931499e-03 2.931294581811091145e-03
9.570000000000000000e+04 2.752410000359056374e-03 2.437642871862766292e-03 2.995400737847285933e-03 2.795148453476525765e-03
9.580000000000000000e+04 2.969689090357139055e-03 2.363981369233633494e-03 3.014772147466866174e-03 2.669313419517149299e-03
9.590000000000000000e+04 3.026006003682454436e-03 2.321667752957322275e-03 2.820537002689314614e-03 2.682678159622663150e-03
9.600000000000000000e+04 3.185148820089382746e-03 2.438611348079970046e-03 2.490157021043229880e-03 2.696042899728177001e-03
9.610000000000000000e+04 3.508813081426938058e-03 2.598023532909005204e-03 2.329675009843470024e-03 2.826042420469146010e-03
9.620000000000000000e+04 4.036274001687582651e-03 3.285592163277928877e-03 2.283730956247967403e-03 2.956041941210115018e-03
9.630000000000000000e+04 4.801497690691853594e-03 4.092421926510649184e-03 2.695850416478752596e-03 2.868379339267565324e-03
9.640000000000000000e+04 4.934399266825408893e-03 3.908090035705357422e-03 3.434405944034104111e-03 2.764593617126219136e-03
9.650000000000000000e+04 4.525310460498399232e-03 3.537915334767896113e-03 3.983595607551786155e-03 2.721988005743905190e-03
9.660000000000000000e+04 4.089740866974542199e-03 3.497719609252493769e-03 4.390203914617578362e-03 2.689171212083036212e-03
9.670000000000000000e+04 3.637620781452658922e-03 3.507520698194968936e-03 4.180332025425660854e-03 2.962439463194357307e-03
9.680000000000000000e+04 3.302995027715382916e-03 3.324863597471046980e-03 3.480246968125060361e-03 3.315555986854977488e-03
9.690000000000000000e+04 3.020588976993495052e-03 3.119564356786355686e-03 3.058290210498833175e-03 3.388140766739237194e-03
9.700000000000000000e+04 3.027298218670936274e-03 3.258532650448363321e-03 2.869823877290602222e-03 3.353856310899174572e-03
9.710000000000000000e+04 3.120742048068170672e-03 3.427009589911523234e-03 2.854980739037634926e-03 3.322334717164308112e-03
9.720000000000000000e+04 3.064741450340410529e-03 3.397200275344456830e-03 2.993980938086760434e-03 3.292267261379545375e-03
9.730000000000000000e+04 2.981569138589935854e-03 3.356375057775719088e-03 3.037111085314608133e-03 3.183258430640640343e-03
9.740000000000000000e+04 2.846453365667284737e-03 3.114802576755883786e-03 2.990596508761516736e-03 3.018526276404696115e-03
9.750000000000000000e+04 2.707008970980283053e-03 2.867804494021142410e-03 2.963086769155316453e-03 2.975915399744401627e-03
9.760000000000000000e+04 2.725586985305752680e-03 2.824848811691562517e-03 2.954328468670045470e-03 3.047284382154738340e-03
9.770000000000000000e+04 2.738838204000864328e-03 2.781331767816935634e-03 2.916940715855038252e-03 3.080427974811703745e-03
9.780000000000000000e+04 2.688167875131724453e-03 2.717044346775620428e-03 2.849746957874823954e-03 3.066524933926061645e-03
9.790000000000000000e+04 2.668733575368066515e-03 2.661233897102147170e-03 2.875970830810421156e-03 2.964632700531542528e-03
9.800000000000000000e+04 2.821097435684634912e-03 2.758008932049942595e-03 3.004822523625340878e-03 2.718758152122466906e-03
9.810000000000000000e+04 2.891279759809141023e-03 2.842576704671674181e-03 3.000499678970279527e-03 2.550001174797547621e-03
9.820000000000000000e+04 2.687523629960088690e-03 2.784726416822682661e-03 2.841771573480438365e-03 2.552616577659623433e-03
9.830000000000000000e+04 2.613687780508086502e-03 2.744959403979180344e-03 2.749902440589539927e-03 2.597159054167004141e-03
9.840000000000000000e+04 2.832172561949402798e-03 2.858900228682458109e-03 2.739860706998826882e-03 2.773472333559663314e-03
9.850000000000000000e+04 2.901468271584014755e-03 2.949864310266301325e-03 2.716476381180483231e-03 2.907900911942762345e-03
9.860000000000000000e+04 2.732061466327830989e-03 2.889181887261844071e-03 2.675849320791045313e-03 2.841282925480015202e-03
9.870000000000000000e+04 2.647726185009024145e-03 2.861492024847528317e-03 2.617327212343577205e-03 2.784266742145601568e-03
9.880000000000000000e+04 2.662641014950498618e-03 3.009762485580593991e-03 2.534376943054992681e-03 2.810466185923449559e-03
9.890000000000000000e+04 2.840517247741620489e-03 3.121622097116518064e-03 2.677044997181286714e-03 2.839878033287037296e-03
9.900000000000000000e+04 3.158074682975283397e-03 3.072233662207890688e-03 3.145195222791404618e-03 2.959237181051249926e-03
9.910000000000000000e+04 3.209223833079379549e-03 3.034248618944839632e-03 3.416090083924118188e-03 3.078596328815462555e-03
9.920000000000000000e+04 3.093867804977543969e-03 3.039026294352701295e-03 3.386086931447257822e-03 3.018152674481230924e-03
9.930000000000000000e+04 3.101456611132171175e-03 3.012686137445371587e-03 3.389878419250625351e-03 2.951287491500619205e-03
9.940000000000000000e+04 3.163687565845235347e-03 2.886077409744673434e-03 3.448215642243144651e-03 3.316969935412709871e-03
9.950000000000000000e+04 2.972057394178664273e-03 2.853271358830376542e-03 3.454204381317893275e-03 3.732561720889321019e-03
9.960000000000000000e+04 2.704268884598207308e-03 3.083112802918066934e-03 3.370724802424092739e-03 3.616491976867827404e-03
9.970000000000000000e+04 3.085807295267889439e-03 3.223938331950452346e-03 3.300238914311142899e-03 3.389659414200871246e-03
9.980000000000000000e+04 3.585405145983000703e-03 3.146270251301644047e-03 3.253288767989929910e-03 3.180348659354428637e-03
9.990000000000000000e+04 3.614915488977795983e-03 3.149474527238382490e-03 3.225884059057571376e-03 2.976613025178147676e-03
1.000000000000000000e+05 3.605251872995872929e-03 3.327902242443756247e-03 3.236037249421443336e-03 2.967461876046663827e-03
1.001000000000000000e+05 3.425939227707217472e-03 3.448540856895506313e-03 3.246267257980052848e-03 3.045873745185348914e-03
1.002000000000000000e+05 3.241100132608859454e-03 3.458046585282580423e-03 3.256654038364659425e-03 3.154861365089282280e-03
1.003000000000000000e+05 2.989943639794114504e-03 3.446937964092803598e-03 3.258268764085649281e-03 3.282534166016419074e-03
1.004000000000000000e+05 2.806653123635546344e-03 3.400490457914141871e-03 3.240846264791982095e-03 3.450520791305622479e-03
1.005000000000000000e+05 2.996625479086111651e-03 3.393456789900209901e-03 3.307576625511328503e-03 3.651262398889007933e-03
1.006000000000000000e+05 3.088143218338923121e-03 3.446857673738881744e-03 3.568793596038470975e-03 3.681452379297117140e-03
1.007000000000000000e+05 2.851478903599201278e-03 3.396857313320581807e-03 3.725475167566189016e-03 3.528908473446042224e-03
1.008000000000000000e+05 2.748796663508397929e-03 3.204680242048937432e-03 3.624464825281354958e-03 3.542191848728612653e-03
1.009000000000000000e+05 2.947574091377614790e-03 3.110906004537164569e-03 3.498716567242061721e-03 3.790397205617195616e-03
1.010000000000000000e+05 3.126690819495482436e-03 3.138688208728743212e-03 3.307805018922747951e-03 3.881987892348952047e-03
1.011000000000000000e+05 3.274350428011181709e-03 3.129533648875163551e-03 3.169269831934114212e-03 3.676010705782817127e-03
1.012000000000000000e+05 3.215712828424287847e-03 3.079338240082509903e-03 3.178462843570491626e-03 3.473102856673950141e-03
1.013000000000000000e+05 2.916395152717681395e-03 3.047773473173887807e-03 3.219725150236788392e-03 3.278252018390411752e-03
1.014000000000000000e+05 3.058823346540699359e-03 3.034839348149296831e-03 3.358062079696329597e-03 3.143885440690110181e-03
1.015000000000000000e+05 3.579890857103361877e-03 3.185477559560848972e-03 3.435622950861574963e-03 3.241375195225664092e-03
1.016000000000000000e+05 3.694894617463288615e-03 3.483330873764898302e-03 3.315227517868221414e-03 3.305265509925728751e-03
1.017000000000000000e+05 3.556108533946577589e-03 3.431459165020481639e-03 3.301379714854140411e-03 3.159159325653976801e-03
1.018000000000000000e+05 3.394592725287863717e-03 3.096476723412977874e-03 3.662062974797422685e-03 3.036733688305866524e-03
1.019000000000000000e+05 3.222974816566035686e-03 3.022805519275866167e-03 3.888229060228798935e-03 3.233995434426574934e-03
1.020000000000000000e+05 3.140141154194022940e-03 3.139178851480845748e-03 3.602362029776018468e-03 3.431257180547283344e-03
1.021000000000000000e+05 3.083942765726953739e-03 3.021024834948905780e-03 3.358626575716423292e-03 3.630970233016274536e-03
1.022000000000000000e+05 3.024660715131870584e-03 2.749918199675447684e-03 3.289228679145842372e-03 3.830683285485265294e-03
1.023000000000000000e+05 2.964817998695330661e-03 3.122502184587339861e-03 3.302798171238364219e-03 3.890326738536639770e-03
1.024000000000000000e+05 3.422636292572923955e-03 3.870572364607390362e-03 3.691257345438366151e-03 3.939594665705216034e-03
1.025000000000000000e+05 3.923593003976722123e-03 4.145223079458791073e-03 3.953073907971360081e-03 3.643236979948234321e-03
1.026000000000000000e+05 3.694074092248265332e-03 4.173695672422527217e-03 3.586743116636075240e-03 3.291579196123165657e-03
1.027000000000000000e+05 3.476110290010738218e-03 4.045029476253706943e-03 3.370730720758411455e-03 3.207279783219365611e-03
1.028000000000000000e+05 3.396807801664278748e-03 3.843837685100610913e-03 3.978201708692429180e-03 3.192726032295054115e-03
1.029000000000000000e+05 3.358125229125474669e-03 3.797425638106100617e-03 4.421304645328325532e-03 3.378041107287435476e-03
1.030000000000000000e+05 3.542852193528871728e-03 3.814072005398424278e-03 3.862545174051947548e-03 3.639496687390933981e-03
1.031000000000000000e+05 3.731000668845799000e-03 3.941598665825263997e-03 3.372614570864504880e-03 3.615271082761133646e-03
1.032000000000000000e+05 3.930554180541160313e-03 4.108725430942993667e-03 3.353618328285852112e-03 3.440686959850609676e-03
1.033000000000000000e+05 4.057940234109861169e-03 3.978092773809835565e-03 3.326405873008001120e-03 3.398506844045726463e-03
1.034000000000000000e+05 4.022949506893603970e-03 3.755052020116034315e-03 3.235396942654028378e-03 3.449788380315408146e-03
1.035000000000000000e+05 4.052648718575272910e-03 3.835134030504061108e-03 3.152177508185135396e-03 3.318798823392611445e-03
1.036000000000000000e+05 4.185851832493652121e-03 3.996048777980571766e-03 3.138544236956351298e-03 3.017689579490131276e-03
1.037000000000000000e+05 4.292979229460753936e-03 4.090828199516080219e-03 3.150436235415219818e-03 2.839935120218036076e-03
1.038000000000000000e+05 4.369684956651360974e-03 4.170673837774594231e-03 3.429361824452634763e-03 2.814001934337171870e-03
1.039000000000000000e+05 4.230167860332732961e-03 3.881567803698658236e-03 3.716576117824818993e-03 2.811621929638016999e-03
1.040000000000000000e+05 3.905316915291919336e-03 3.523283331059997442e-03 4.107775974669474611e-03 2.847783494145304101e-03
1.041000000000000000e+05 3.918959496203099947e-03 3.818011876794563664e-03 4.437111384978264204e-03 3.044681310113412850e-03
1.042000000000000000e+05 4.144160530834216025e-03 4.211681788949295756e-03 3.804110960284414790e-03 3.598770795994418216e-03
1.043000000000000000e+05 4.291106593504042180e-03 4.384283382258428140e-03 3.205680001824996132e-03 4.015111458130837981e-03
1.044000000000000000e+05 4.403272668635513018e-03 4.530876938056293754e-03 3.308515358406086647e-03 3.998527245641308493e-03
1.045000000000000000e+05 4.653506389587909638e-03 5.174087871018363295e-03 3.403951648179583470e-03 3.909755466010688373e-03
1.046000000000000000e+05 4.945160404286581303e-03 5.859866007737374143e-03 3.286294813894219749e-03 3.474483364102903208e-03
1.047000000000000000e+05 5.125221097059325104e-03 6.173685611492871900e-03 3.173142582359008562e-03 3.074850466818373953e-03
1.048000000000000000e+05 5.284992094936432488e-03 6.466840852305967731e-03 3.279214351330756935e-03 2.984090676268864699e-03
1.049000000000000000e+05 5.171058996112382761e-03 7.107910468376128083e-03 3.385025460776914293e-03 2.903259263030288570e-03
1.050000000000000000e+05 5.034317222563222151e-03 7.758383175669470930e-03 3.452258960435413641e-03 3.100422414497538536e-03
1.051000000000000000e+05 4.963334568878660993e-03 8.136044412380447760e-03 3.519492460093912988e-03 3.297585565964788502e-03
1.052000000000000000e+05 4.915429641622968103e-03 8.523172478011153963e-03 3.541907750242477906e-03 3.366607567947641367e-03
1.053000000000000000e+05 5.144457431513510537e-03 9.260573213671140919e-03 3.564020214651112198e-03 3.431053100306046769e-03
1.054000000000000000e+05 5.276355091830102484e-03 9.999133228000750551e-03 3.964447968385979328e-03 3.477628617634963542e-03
1.055000000000000000e+05 4.874037039489731264e-03 1.075856025838354581e-02 4.372649323956333267e-03 3.522142210152786907e-03
1.056000000000000000e+05 4.619853173725242679e-03 1.149909688184689964e-02 4.556423359053362113e-03 3.450336619614789626e-03
1.057000000000000000e+05 4.859449929880389762e-03 1.201924542458348254e-02 4.732404778856183492e-03 3.354297865940158128e-03
1.058000000000000000e+05 4.951505549847495802e-03 1.252262509547203730e-02 5.002687604394492372e-03 3.612803635171186849e-03
1.059000000000000000e+05 4.711593613391563268e-03 1.288346935565223665e-02 5.277619090778921593e-03 3.984119025326715927e-03
1.060000000000000000e+05 4.831896019905833513e-03 1.322795447495697142e-02 5.051670205617395798e-03 4.107329023643317180e-03
1.061000000000000000e+05 5.528541375172593177e-03 1.346446926448360316e-02 4.793521867999354057e-03 4.118891595632387555e-03
1.062000000000000000e+05 5.829095463133947275e-03 1.371776615848045548e-02 5.129995328596579675e-03 3.990278568261199262e-03
1.063000000000000000e+05 5.667543072572288169e-03 1.406056760965179384e-02 5.513866178906657797e-03 3.776002674614315456e-03
1.064000000000000000e+05 5.512914268106154300e-03 1.436191400291980669e-02 5.521513964584457909e-03 3.599774604634282341e-03
1.065000000000000000e+05 5.364219966007614977e-03 1.447967371118729848e-02 5.493199251437118347e-03 3.454460391383567391e-03
1.066000000000000000e+05 5.349584494688362432e-03 1.449589625027701903e-02 4.931818427249011483e-03 3.419053910245899077e-03
1.067000000000000000e+05 5.418735792606140488e-03 1.413135440495007569e-02 4.310766023466839313e-03 3.501405713515109378e-03
1.068000000000000000e+05 5.205451374391467309e-03 1.378761526364466646e-02 4.230022071941026002e-03 3.595771677966092764e-03
1.069000000000000000e+05 4.866639971229017210e-03 1.351090705751974326e-02 4.218863299872472120e-03 3.707157704091255772e-03
1.070000000000000000e+05 5.152913248948868749e-03 1.325719117624512416e-02 4.067709442497081593e-03 3.647752152725875548e-03
1.071000000000000000e+05 5.626711930933399330e-03 1.306785380455137251e-02 3.896094764961446737e-03 3.263842604128549141e-03
1.072000000000000000e+05 5.526191072086834508e-03 1.295476539952819701e-02 4.027078375339278662e-03 2.977844763904356328e-03
1.073000000000000000e+05 5.321248478543635918e-03 1.302883354906005792e-02 4.207707017327916646e-03 2.948865158159651341e-03
1.074000000000000000e+05 5.467714468124316475e-03 1.293174685524910508e-02 4.403629785661044953e-03 2.962048620188235514e-03
1.075000000000000000e+05 5.643464506298672204e-03 1.246382466752882050e-02 4.602344338961816481e-03 3.136857175347838519e-03
1.076000000000000000e+05 5.721517989831550674e-03 1.192894249496749548e-02 4.572308573726389068e-03 3.322301368296465100e-03
1.077000000000000000e+05 5.768406432933548614e-03 1.126529112078876460e-02 4.496153792657045165e-03 3.574218297426490221e-03
1.078000000000000000e+05 5.441314390865229118e-03 1.058867011131658063e-02 4.498124009549483646e-03 3.806283197449270624e-03
1.079000000000000000e+05 5.123399696615758836e-03 9.889815441341336458e-03 4.517384185007245791e-03 3.770345704524540303e-03
1.080000000000000000e+05 4.855960415369980042e-03 9.132328739788303854e-03 4.550264684598179406e-03 3.734408211599809548e-03
1.081000000000000000e+05 4.674607943108827039e-03 8.284939589816025726e-03 4.586436762521297998e-03 3.733292028214864073e-03
1.082000000000000000e+05 4.780211500796443733e-03 7.633252803465427096e-03 4.634656985372257766e-03 3.732175844829918165e-03
1.083000000000000000e+05 4.690118275403036378e-03 7.250656767094654578e-03 4.686042398839853143e-03 3.818157649845224481e-03
1.084000000000000000e+05 4.159707288077397341e-03 6.914857091865323456e-03 4.407724189155159435e-03 3.910591157705000688e-03
1.085000000000000000e+05 3.856563759591452589e-03 6.636864686281294945e-03 4.035610983228845802e-03 3.665951609479490940e-03
1.086000000000000000e+05 3.917048165249122776e-03 6.326407914348164928e-03 3.708327732612247754e-03 3.367380372280337746e-03
1.087000000000000000e+05 3.856186566630481413e-03 5.979879624249359246e-03 3.394808064766174655e-03 3.336749214493341890e-03
1.088000000000000000e+05 3.653754629689465010e-03 5.492204006900851948e-03 3.333074157816750659e-03 3.376015468726875027e-03
1.089000000000000000e+05 3.757261690701432701e-03 4.863381062302642166e-03 3.354519475449275253e-03 3.296263077810257167e-03
1.090000000000000000e+05 4.123002178530220732e-03 4.593676582142462370e-03 3.497962582379759294e-03 3.171170250645965853e-03
1.091000000000000000e+05 4.150422846071389130e-03 4.647178719976627868e-03 3.684659450970423616e-03 3.137181158536714743e-03
1.092000000000000000e+05 3.966393625932856243e-03 4.539922297839208212e-03 3.832397657591824283e-03 3.151141400666971921e-03
1.093000000000000000e+05 3.762019749016875993e-03 4.302527993820008494e-03 3.965346001798963557e-03 3.330020938481191572e-03
1.094000000000000000e+05 3.548603802422028997e-03 4.094927395168677237e-03 3.932486666277000380e-03 3.625314096778201479e-03
1.095000000000000000e+05 3.581437649772727626e-03 3.908994945875794193e-03 3.832365724827199466e-03 3.819103439921460279e-03
1.096000000000000000e+05 3.688146435307085302e-03 3.888489814654890169e-03 3.689601532446234056e-03 3.918155888921196622e-03
1.097000000000000000e+05 3.829942946881866993e-03 3.975872064785310883e-03 3.528385933412355423e-03 3.988694950401716621e-03
1.098000000000000000e+05 3.978119045009456678e-03 3.817845335591957268e-03 3.384998881980687008e-03 4.024140611858588804e-03
1.099000000000000000e+05 3.774618201807323440e-03 3.516663368459720801e-03 3.249826945620625570e-03 4.122097298047191008e-03
1.100000000000000000e+05 3.541810946827694644e-03 3.385397818496274289e-03 3.391213910076434478e-03 4.322344751978644817e-03
1.101000000000000000e+05 3.365273957791580211e-03 3.342488805460586913e-03 3.668114735931975179e-03 4.479096106834953329e-03
1.102000000000000000e+05 3.208761292444124984e-03 3.356541872276988265e-03 3.536036635565874883e-03 4.539189463746504637e-03
1.103000000000000000e+05 3.292540511360428444e-03 3.396885129794361118e-03 3.191122563390551021e-03 4.531844343190000873e-03
1.104000000000000000e+05 3.409984505655712633e-03 3.463618432366451574e-03 3.121861135357208161e-03 4.312549722019561917e-03
1.105000000000000000e+05 3.712584764535473668e-03 3.541103234775650182e-03 3.204782937943970959e-03 4.095679658794418830e-03
1.106000000000000000e+05 3.876507006003118531e-03 3.618465290760549281e-03 3.503300251418785521e-03 3.890447473706697568e-03
1.107000000000000000e+05 3.578169189430345509e-03 3.695783508736769953e-03 3.927963874455765204e-03 3.709206164222442117e-03
1.108000000000000000e+05 3.341893271740445110e-03 3.463445162959542020e-03 4.065125339346481632e-03 3.735885776634978971e-03
1.109000000000000000e+05 3.245256626536985670e-03 3.135006504293287762e-03 4.024160467124883629e-03 3.763358294790689756e-03
1.110000000000000000e+05 3.141829975575968596e-03 3.049077838379833302e-03 3.918064132740803340e-03 3.813032173755246789e-03
1.111000000000000000e+05 3.027539315402854973e-03 3.027818503867121900e-03 3.769270506494649085e-03 3.862706052719804255e-03
1.112000000000000000e+05 2.973606915983430330e-03 3.062215177097558916e-03 3.573333707540814717e-03 4.233253612166549412e-03
1.113000000000000000e+05 2.990092487443315496e-03 3.109179335947411926e-03 3.344718118414598436e-03 4.615260945916242405e-03
1.114000000000000000e+05 3.131262074256950523e-03 3.188403350019899593e-03 3.158602861414414129e-03 4.241134967314439189e-03
1.115000000000000000e+05 3.379303674230932104e-03 3.273676086946632723e-03 3.003621568646093476e-03 3.779762837287502231e-03
1.116000000000000000e+05 3.439262245150942303e-03 3.453379884053045090e-03 2.968848489624308171e-03 3.415043187499986876e-03
1.117000000000000000e+05 3.381668922912253131e-03 3.647391417550314464e-03 3.027093671239707712e-03 3.070459471095688710e-03
1.118000000000000000e+05 3.420933626325402266e-03 3.622125562389631737e-03 3.086849486097683823e-03 2.988429283786373652e-03
1.119000000000000000e+05 3.503246341139374786e-03 3.571062367386857762e-03 3.147839598848983789e-03 2.989938855734531990e-03
1.120000000000000000e+05 3.429471273529999774e-03 3.317792368004010041e-03 3.095390220860540741e-03 3.117415518423261901e-03
1.121000000000000000e+05 3.308869871193623625e-03 3.047190356817152616e-03 2.945099282109080521e-03 3.301577371945255829e-03
1.122000000000000000e+05 3.159671777576983451e-03 3.133036564028189239e-03 3.001200748167711253e-03 3.332276545007169938e-03
1.123000000000000000e+05 3.005274285545746389e-03 3.238685450039094360e-03 3.245172223732998434e-03 3.269192968899055363e-03
1.124000000000000000e+05 3.259135164943074633e-03 3.269800549747973063e-03 3.280316273317189762e-03 3.268710716405120315e-03
1.125000000000000000e+05 3.547017575292805112e-03 3.298901222800036150e-03 3.114876084787977784e-03 3.319092039347709602e-03
1.126000000000000000e+05 3.574370032893792615e-03 3.565095952003031424e-03 3.133514527496415476e-03 3.312444937285859495e-03
1.127000000000000000e+05 3.580370549591589506e-03 3.816587288704757341e-03 3.338719150513323134e-03 3.244695951290658357e-03
1.128000000000000000e+05 3.330147775451262112e-03 3.524053102857545479e-03 3.405133352318382225e-03 3.296002577029959971e-03
1.129000000000000000e+05 3.124806195070487045e-03 3.244544243546005225e-03 3.323118909216333204e-03 3.515971319393150930e-03
1.130000000000000000e+05 3.166311180367354077e-03 3.199491261876725653e-03 3.335055386733256060e-03 3.646976778581168411e-03
1.131000000000000000e+05 3.205766702275139168e-03 3.149679895502396475e-03 3.453022188948760753e-03 3.608951999736402169e-03
1.132000000000000000e+05 3.238390679552648373e-03 3.044354040902504024e-03 3.416762151265650884e-03 3.684877111002102072e-03
1.133000000000000000e+05 3.292211328510830700e-03 2.984171226182981071e-03 3.196790730762134533e-03 4.059920683807790621e-03
1.134000000000000000e+05 3.393724488750518662e-03 3.307704250446909158e-03 3.223576757350291554e-03 4.347408962603774990e-03
1.135000000000000000e+05 3.396745109644963741e-03 3.556099576195817253e-03 3.560678967402128303e-03 4.299268614362391876e-03
1.136000000000000000e+05 3.242177667586975016e-03 3.308586091745488022e-03 3.643302849745232684e-03 4.255814018927963488e-03
1.137000000000000000e+05 3.017798137867079653e-03 3.101973249429404271e-03 3.387947703100170627e-03 4.241645378536999973e-03
1.138000000000000000e+05 2.711971172541618666e-03 3.113497165162575683e-03 3.216239168949907960e-03 4.231284775373630840e-03
1.139000000000000000e+05 2.598810766110650622e-03 3.129447095737401992e-03 3.161905720074644887e-03 4.272332674782728171e-03
1.140000000000000000e+05 2.650793124446376627e-03 3.164997949182421586e-03 3.102726581972495030e-03 4.313380574191825502e-03
1.141000000000000000e+05 2.829176449892842685e-03 3.170911477742310771e-03 3.036359671517128989e-03 4.000649536875029895e-03
1.142000000000000000e+05 3.086560379783499265e-03 3.065685037982954740e-03 3.014417280870950334e-03 3.687918499558234722e-03
1.143000000000000000e+05 3.190009975384954823e-03 3.017411089816094457e-03 3.062175429925376429e-03 3.590282232325305023e-03
1.144000000000000000e+05 3.225044311302310146e-03 3.152650725669450642e-03 3.155317239084006430e-03 3.508578911024531032e-03
1.145000000000000000e+05 3.351927311731746958e-03 3.269307238027161725e-03 3.323828340915696740e-03 3.692172701248170284e-03
1.146000000000000000e+05 3.506364911514806004e-03 3.333931004597054121e-03 3.382825891352338622e-03 3.918214029315713644e-03
1.147000000000000000e+05 3.560526622181012929e-03 3.396120126272030026e-03 3.249160712482794620e-03 4.187340398761289079e-03
1.148000000000000000e+05 3.596456353007779737e-03 3.452333301386755534e-03 3.157806876949286606e-03 4.467706344218519247e-03
1.149000000000000000e+05 3.572297333145175828e-03 3.454822172994676931e-03 3.145379970331088713e-03 4.293903029283709961e-03
1.150000000000000000e+05 3.543130917391787774e-03 3.340908387004556078e-03 3.245989538489530216e-03 3.947082853247180570e-03
1.151000000000000000e+05 3.314382757760504349e-03 3.445510895165104087e-03 3.570411326705681503e-03 3.864716730831927773e-03
1.152000000000000000e+05 3.140085722646708457e-03 3.970337045923148095e-03 3.786799080785495462e-03 3.921536952427910616e-03
1.153000000000000000e+05 3.619202181742353121e-03 4.014371856425342187e-03 3.775865221370058346e-03 3.885647460458941261e-03
1.154000000000000000e+05 4.068376467010774086e-03 3.234192940774731437e-03 3.741058639982643499e-03 3.784315817738244641e-03
1.155000000000000000e+05 4.352868796229389034e-03 2.874567032788818716e-03 3.652797920266677694e-03 3.783659892797153462e-03
1.156000000000000000e+05 4.436618200149653607e-03 3.159789069888569845e-03 3.573521882383775064e-03 3.876967971117047714e-03
1.157000000000000000e+05 3.851224519742041386e-03 3.303726990014466992e-03 3.515686562511597269e-03 4.063113317579133271e-03
1.158000000000000000e+05 3.586243594049977421e-03 3.253399249301303260e-03 3.545694164899377849e-03 4.363519917139291326e-03
1.159000000000000000e+05 4.042191366467783736e-03 3.497540307078796790e-03 3.799492069235125245e-03 4.483965477907345121e-03
1.160000000000000000e+05 4.198146570500483482e-03 4.105436939462339153e-03 4.014835486444176191e-03 4.309929338833710759e-03
1.161000000000000000e+05 3.874113665116876715e-03 4.435528564261644567e-03 4.125390426232949589e-03 4.125217083844024205e-03
1.162000000000000000e+05 3.759051134146159691e-03 4.456947958411731220e-03 4.261561914104287571e-03 3.916780126818668328e-03
1.163000000000000000e+05 3.887787373323835574e-03 4.482695678684734363e-03 4.472560687164166271e-03 3.803186027083331738e-03
1.164000000000000000e+05 4.710786114431072917e-03 4.512771725080654862e-03 4.615521742750513037e-03 3.987669478830983653e-03
1.165000000000000000e+05 6.128867000049310031e-03 4.899727296490939861e-03 4.544919962933752396e-03 4.249114454369952269e-03
1.166000000000000000e+05 6.953774850828438325e-03 5.607874440414271563e-03 4.807715119967419411e-03 4.879974744107167840e-03
1.167000000000000000e+05 7.407949554833229318e-03 6.264878894566485758e-03 6.198176386936342028e-03 5.501722378671592036e-03
1.168000000000000000e+05 7.902648955043778400e-03 6.880482123665883354e-03 7.422965122075545971e-03 6.044493668405122658e-03
1.169000000000000000e+05 8.415359331345781402e-03 8.032677333926329516e-03 8.042013662712595504e-03 6.573828110122906764e-03
1.170000000000000000e+05 8.884828958367764484e-03 9.575121257758421184e-03 8.761896385094220321e-03 6.726930807400187395e-03
1.171000000000000000e+05 9.341326360605743673e-03 1.230903485228872045e-02 9.881754695062685764e-03 6.880033504677467160e-03
1.172000000000000000e+05 1.128750769374896323e-02 1.581999388423114411e-02 1.110515097400628301e-02 7.303661098223631840e-03
1.173000000000000000e+05 1.350454065069332278e-02 1.782618104480814675e-02 1.277597919030695750e-02 7.736950295207981575e-03
1.174000000000000000e+05 1.531300654451160301e-02 1.895458461375522721e-02 1.400890741111717082e-02 9.559297065358244444e-03
1.175000000000000000e+05 1.708742518306935465e-02 1.866503944809280030e-02 1.317023180710691181e-02 1.154191970933527399e-02
1.176000000000000000e+05 1.668861795505108617e-02 1.763816094043352961e-02 1.284709540444326469e-02 1.332802363646451958e-02
1.177000000000000000e+05 1.627427324805323303e-02 1.626132391842799105e-02 1.520905900879217232e-02 1.507318616425046796e-02
1.178000000000000000e+05 1.567347879330046462e-02 1.472296758210874662e-02 1.714985433950746638e-02 1.558409005171120659e-02
1.179000000000000000e+05 1.541349311267097705e-02 1.668022151882697299e-02 1.665936009061006959e-02 1.570227528088674954e-02
1.180000000000000000e+05 1.702795568972032339e-02 2.006161297419014472e-02 1.642592736303942133e-02 1.595710304845046959e-02
1.181000000000000000e+05 1.684819590600090955e-02 1.589243794649261923e-02 1.785054144802776868e-02 1.627341995828887264e-02
1.182000000000000000e+05 1.068769491971856798e-02 9.026632031988338772e-03 1.842955908177850571e-02 1.646371365044810298e-02
1.183000000000000000e+05 6.067841510077107321e-03 6.473494029816900461e-03 1.285451365374246264e-02 1.657699315402563073e-02
1.184000000000000000e+05 4.914445147877085501e-03 5.258770207335301122e-03 7.777234430893171895e-03 1.648947979129910049e-02
1.185000000000000000e+05 3.912445736561374031e-03 4.204363464664840483e-03 6.837636788657235239e-03 1.623882222470050471e-02
1.186000000000000000e+05 3.152681446660626080e-03 3.192707943277347214e-03 5.856968424280726594e-03 1.568694791069771485e-02
1.187000000000000000e+05 3.006584491129272313e-03 2.573603836882055237e-03 4.480260953548510783e-03 1.481234136733316532e-02
1.188000000000000000e+05 3.576432759028944780e-03 2.043140372581740347e-03 3.282070384640598231e-03 1.367293338814376362e-02
1.189000000000000000e+05 4.528791183159891660e-03 2.942888155794481323e-03 4.121947778226083339e-03 1.215839004153579372e-02
1.190000000000000000e+05 5.809015455489044757e-03 4.110800547915982074e-03 4.961492197312350992e-03 1.056530900563680021e-02
1.191000000000000000e+05 6.910323497230228679e-03 6.587788832499215201e-03 5.796408270859480967e-03 8.823006360084900690e-03
1.192000000000000000e+05 7.899808894853964716e-03 9.263121949273579042e-03 6.639940887238690928e-03 7.241462936875767663e-03
1.193000000000000000e+05 7.861496030387910006e-03 8.269668684611692841e-03 7.635340071033261747e-03 6.081912472316418697e-03
1.194000000000000000e+05 7.366383938326320074e-03 6.844593492721694553e-03 8.523941417404895526e-03 5.131589162884882434e-03
1.195000000000000000e+05 7.487872099509927659e-03 7.221839433821542788e-03 6.867194305192610843e-03 4.983303281443684889e-03
1.196000000000000000e+05 7.794340336667082529e-03 7.753570043463410381e-03 5.298247447470866636e-03 5.319286135703509520e-03
1.197000000000000000e+05 7.872857647061536762e-03 8.817479653817964641e-03 6.912059815030193420e-03 8.681948588094855895e-03
1.198000000000000000e+05 7.909929334408200355e-03 9.910954764212089041e-03 8.525973655594987211e-03 1.168044828673302400e-02
1.199000000000000000e+05 7.963455102365816704e-03 9.700680701463801694e-03 1.014734576206173175e-02 9.762750809708693051e-03
