9.000000000000000000e+04 9.801465272903442383e-02 1.015314981341362000e-01 1.066480204463005066e-01 1.113522276282310486e-01 1.235465332865715027e-01 1.304567754268646240e-01 1.354497969150543213e-01
9.010000000000000000e+04 9.328496895730481464e-02 9.686844746271755513e-02 1.023504135012627131e-01 1.075210312008856445e-01 1.212634536623954928e-01 1.292547186215718680e-01 1.344729498028755243e-01
9.020000000000000000e+04 9.441708534955972620e-02 1.007454057534534902e-01 1.061872139573095120e-01 1.122491823633512964e-01 1.260199630260466219e-01 1.310236205657323294e-01 1.362524434924124173e-01
9.030000000000000000e+04 1.029201492667187468e-01 1.119045764207829696e-01 1.169173064827913194e-01 1.237879139184945576e-01 1.370641797780988713e-01 1.357634812593460083e-01 1.412476681172845638e-01
9.040000000000000000e+04 1.209744498133653728e-01 1.294696331024164926e-01 1.336563774943343996e-01 1.389258683721223686e-01 1.485931158065793289e-01 1.511445492506027222e-01 1.551388055086127260e-01
9.050000000000000000e+04 1.208966699739297268e-01 1.257003049055735178e-01 1.311007857322696590e-01 1.364418327808377684e-01 1.477513343095782083e-01 1.563526193300882883e-01 1.621120572090150869e-01
9.060000000000000000e+04 1.130264186859127606e-01 1.169075801968571249e-01 1.228701245784761947e-01 1.279131376743314064e-01 1.385801613330843451e-01 1.513876914978027344e-01 1.568305701017377318e-01
9.070000000000000000e+04 1.033111363401014865e-01 1.075301781296729570e-01 1.129231211543082897e-01 1.187670566638314301e-01 1.318848192691805810e-01 1.415187915166219168e-01 1.489506147801872293e-01
9.080000000000000000e+04 1.003390763203304697e-01 1.063590705394745345e-01 1.123912069201469105e-01 1.184344951311747246e-01 1.305574828386306119e-01 1.368953138589859009e-01 1.435063809156418291e-01
9.090000000000000000e+04 1.031952707469462188e-01 1.096504658460615844e-01 1.151179656386377148e-01 1.210653835535050599e-01 1.328054541349408257e-01 1.375172585248947144e-01 1.446055300533771737e-01
9.100000000000000000e+04 1.077296018600463617e-01 1.146829674641291347e-01 1.199602574110032877e-01 1.259987721840543640e-01 1.380741804838177544e-01 1.430141280094782419e-01 1.492983773350715637e-01
9.110000000000000000e+04 1.132456817229590268e-01 1.206178704897564458e-01 1.260666602849961349e-01 1.322918238242465905e-01 1.442021936178203290e-01 1.491549015045166016e-01 1.553158335387705702e-01
9.120000000000000000e+04 1.190937793254855381e-01 1.265835195779803912e-01 1.321349543333053822e-01 1.385925573110579345e-01 1.506496858596798882e-01 1.559395790100097656e-01 1.621549546718595303e-01
9.130000000000000000e+04 1.245295575261115145e-01 1.321740488211314291e-01 1.378866350650786998e-01 1.446622778971990986e-01 1.569718676805499091e-01 1.625250975290934152e-01 1.689104981720444543e-01
9.140000000000000000e+04 1.294782604773837553e-01 1.372996389865873967e-01 1.432691597938536843e-01 1.500783572594327486e-01 1.628401052951816419e-01 1.687710781892140799e-01 1.755078956484792119e-01
9.150000000000000000e+04 1.339969269931315932e-01 1.418577581644058228e-01 1.481932342052458274e-01 1.550986409187316839e-01 1.684381723403933773e-01 1.746775209903717041e-01 1.814397908747198418e-01
9.160000000000000000e+04 1.382467367251714874e-01 1.464077472686768910e-01 1.529412448406217706e-01 1.602092037598290830e-01 1.737230503559115402e-01 1.804573535919189453e-01 1.875050693750384967e-01
9.170000000000000000e+04 1.428963696459931432e-01 1.516904036204019535e-01 1.584424412250514946e-01 1.656031715869904775e-01 1.804081273078921577e-01 1.870696842670440674e-01 1.938674643635753814e-01
9.180000000000000000e+04 1.498657795786859648e-01 1.593316227197639767e-01 1.655854427814479057e-01 1.748384219408039564e-01 1.899370074272161424e-01 1.945145130157470703e-01 2.027948826551440042e-01
9.190000000000000000e+04 1.602722554902229202e-01 1.721458971500393065e-01 1.800381880998614959e-01 1.889412450790408649e-01 2.041294485330586717e-01 2.083064417044321603e-01 2.156264916062357317e-01
9.200000000000000000e+04 1.771288176377612822e-01 1.892183572053909302e-01 1.961954504251490206e-01 2.059624473253881261e-01 2.219394296407704859e-01 2.244279136260350638e-01 2.318045496940612793e-01
9.210000000000000000e+04 1.917817617952826403e-01 2.036957353353503752e-01 2.122457855939869908e-01 2.217969977855683283e-01 2.376237916946414008e-01 2.428789287805557251e-01 2.494869992136952708e-01
9.220000000000000000e+04 2.025735406080885204e-01 2.143926858901979426e-01 2.226633566617969295e-01 2.317521876096728939e-01 2.495824998617174328e-01 2.554726848999659405e-01 2.634826898574826326e-01
9.230000000000000000e+04 2.089807132879894225e-01 2.194060891866682073e-01 2.279607504606247781e-01 2.378655705849330448e-01 2.551121366024017845e-01 2.642957667509714947e-01 2.731771618127818435e-01
9.240000000000000000e+04 2.110101550817489180e-01 2.210859626531600786e-01 2.304444169998169090e-01 2.401834470033644975e-01 2.583675217628478848e-01 2.693481743335723877e-01 2.771506786346433771e-01
9.250000000000000000e+04 2.112495737771193094e-01 2.213144600391387939e-01 2.308053672313690186e-01 2.403852989276250296e-01 2.595164179801940918e-01 2.700084547201792584e-01 2.793537825345993042e-01
9.260000000000000000e+04 2.107303294539451533e-01 2.206792225440342980e-01 2.303409159183502364e-01 2.401157834132512103e-01 2.590500867366790638e-01 2.701171735922495709e-01 2.794870197772980069e-01
9.270000000000000000e+04 2.099551533162593853e-01 2.199337363243102639e-01 2.299713963270187400e-01 2.396239972114563022e-01 2.587581205368041926e-01 2.696743309497833252e-01 2.793091669678687827e-01
9.280000000000000000e+04 2.100024390220641968e-01 2.198389579852422226e-01 2.296922904253005937e-01 2.397998823722203576e-01 2.585990989208221680e-01 2.695867717266082764e-01 2.791113376617431752e-01
9.290000000000000000e+04 2.098273943861325708e-01 2.195212244987488071e-01 2.295181936025619540e-01 2.391627057393392042e-01 2.580873322486877397e-01 2.691641052563985004e-01 2.789958253502845542e-01
9.300000000000000000e+04 2.088748157024383767e-01 2.183862924575805664e-01 2.279369384050370373e-01 2.377099245786666037e-01 2.564583599567413774e-01 2.684063315391540527e-01 2.777874320745468140e-01
9.310000000000000000e+04 2.068627721071242820e-01 2.159679124752679757e-01 2.257877010107041116e-01 2.350816508134204452e-01 2.540656685829163486e-01 2.659144798914591656e-01 2.760072231292725053e-01
9.320000000000000000e+04 2.045176935195921752e-01 2.138432502746582253e-01 2.233303427696226862e-01 2.328748303651809459e-01 2.518104135990143488e-01 2.634782294432322369e-01 2.734138429164887363e-01
9.330000000000000000e+04 2.027423489093780617e-01 2.122120261192322332e-01 2.217241287231444535e-01 2.313101994991302590e-01 2.502500438690186124e-01 2.610975801944732666e-01 2.713781207799912387e-01
9.340000000000000000e+04 2.018904083967208718e-01 2.114490667978922711e-01 2.212161540985107533e-01 2.305332656701406246e-01 2.494831252098082819e-01 2.601666748523712158e-01 2.699567347764968428e-01
9.350000000000000000e+04 2.022844928006330700e-01 2.127670049667358398e-01 2.219940721988678811e-01 2.320312748352687526e-01 2.506501793861388716e-01 2.606727977593739642e-01 2.705510333180427551e-01
9.360000000000000000e+04 2.049697870016098378e-01 2.149236261844635898e-01 2.246876001358032726e-01 2.342779523134232433e-01 2.527569365501401988e-01 2.626159489154815674e-01 2.723492860794068937e-01
9.370000000000000000e+04 2.070095345874628234e-01 2.171391904354095514e-01 2.264727246761322199e-01 2.364237747589747196e-01 2.547401857376098699e-01 2.649119794368743896e-01 2.747527107596397511e-01
9.380000000000000000e+04 2.078460578123728086e-01 2.172552734613418524e-01 2.269302290678024414e-01 2.364520587523778195e-01 2.550495195388793879e-01 2.659793098767598285e-01 2.753885418176651445e-01
9.390000000000000000e+04 2.068796527385712014e-01 2.169980823993682972e-01 2.263586872816085727e-01 2.362783020734787187e-01 2.551931571960449063e-01 2.658179402351379395e-01 2.756518468260765187e-01
9.400000000000000000e+04 2.075644721587498742e-01 2.174976915121078491e-01 2.272673338651656771e-01 2.366902619600295132e-01 2.556210041046143022e-01 2.662566304206848145e-01 2.755958437919616699e-01
9.410000000000000000e+04 2.087454358736674231e-01 2.188552389542261778e-01 2.281026089191436346e-01 2.381559646129607910e-01 2.568533134460450063e-01 2.667242983977000104e-01 2.765645354986190907e-01
9.420000000000000000e+04 2.092967203259467612e-01 2.187151700258254949e-01 2.279561531543732866e-01 2.374586105346679632e-01 2.558182811737059748e-01 2.672209441661834717e-01 2.764040797948837946e-01
9.430000000000000000e+04 2.077198323110738265e-01 2.161554465691250537e-01 2.259026753902436679e-01 2.349776556094487767e-01 2.534059631824491787e-01 2.648172875245412006e-01 2.749262854456901994e-01
9.440000000000000000e+04 2.038286375999451006e-01 2.126046160856883693e-01 2.217135298252104758e-01 2.311548964182537913e-01 2.493593627214430453e-01 2.613488435745239258e-01 2.708654344081881105e-01
9.450000000000000000e+04 2.005813211202621960e-01 2.089072465896606445e-01 2.184765160083769475e-01 2.277532249689103172e-01 2.461149126291274081e-01 2.568156123161315918e-01 2.669985219836236157e-01
9.460000000000000000e+04 1.983503032724062420e-01 2.074952910343805523e-01 2.164018881320953214e-01 2.258650636672973611e-01 2.437760239839553422e-01 2.544241944948832379e-01 2.637863188982008666e-01
9.470000000000000000e+04 1.975937873621781415e-01 2.068701595067977961e-01 2.158281528949737293e-01 2.249050303300221820e-01 2.425780040025710960e-01 2.529916465282440186e-01 2.624962717294692660e-01
9.480000000000000000e+04 1.975057721138000488e-01 2.067559331655502153e-01 2.157416367530822776e-01 2.247097170352935769e-01 2.425449067354202293e-01 2.525179684162139893e-01 2.618850350379943737e-01
9.490000000000000000e+04 1.977302322785059463e-01 2.068051507075627515e-01 2.159514099359512440e-01 2.250006645917892456e-01 2.428528046607971169e-01 2.527176439762115479e-01 2.620147854089737161e-01
9.500000000000000000e+04 1.982378785808880939e-01 2.074776540199915476e-01 2.164080291986465454e-01 2.257797370354334421e-01 2.434624135494232178e-01 2.534529368082682477e-01 2.627702206373214722e-01
9.510000000000000000e+04 1.990709333121776503e-01 2.091450959444046687e-01 2.179767030477523515e-01 2.271974825859071068e-01 2.455874520540237416e-01 2.547238469123840332e-01 2.642459630966186301e-01
9.520000000000000000e+04 2.021131896972657438e-01 2.121295978625617473e-01 2.214743089675902110e-01 2.313068646192548983e-01 2.494333744049071766e-01 2.583899696667988910e-01 2.674970448017119362e-01
9.530000000000000000e+04 2.063888393839200530e-01 2.175435821215309651e-01 2.261625552177427556e-01 2.360190327962237433e-01 2.547163534164428311e-01 2.631189525127410889e-01 2.725031629204747730e-01
9.540000000000000000e+04 2.108124336600302740e-01 2.209791690111159446e-01 2.307217848300931740e-01 2.403108513355255160e-01 2.585174465179442271e-01 2.689107954502105713e-01 2.778529047966001864e-01
9.550000000000000000e+04 2.123744569718837294e-01 2.227505743503570557e-01 2.322469085454940130e-01 2.420155674219131858e-01 2.605479121208190696e-01 2.711956202983856201e-01 2.808024883270264782e-01
9.560000000000000000e+04 2.127930440505345633e-01 2.230351914962132864e-01 2.327947467565536499e-01 2.425768097241719490e-01 2.613287580013274880e-01 2.725170354048411236e-01 2.822983145713806596e-01
9.570000000000000000e+04 2.129783080518245775e-01 2.231463789939880371e-01 2.328805512189865146e-01 2.428200823068618619e-01 2.620332503318786310e-01 2.728750407695770264e-01 2.828808963298797829e-01
9.580000000000000000e+04 2.131168617804845289e-01 2.231673965851465880e-01 2.329841488599777299e-01 2.429840473333994555e-01 2.624061536788940274e-01 2.732913593451182233e-01 2.834077239036560392e-01
9.590000000000000000e+04 2.131104595462481321e-01 2.229915817578633774e-01 2.329807585477828846e-01 2.429424677292505996e-01 2.624040162563324174e-01 2.734129925568898334e-01 2.835133865475654713e-01
9.600000000000000000e+04 2.125577986240387296e-01 2.225304841995239258e-01 2.322014182806014237e-01 2.417851954698562733e-01 2.614957332611084762e-01 2.732399404048919678e-01 2.832580506801605225e-01
9.610000000000000000e+04 2.106160649160544185e-01 2.196124871571857873e-01 2.295436924695968273e-01 2.398134994506836981e-01 2.593566095829011875e-01 2.713462809721629010e-01 2.815949872136116472e-01
9.620000000000000000e+04 2.077783863743146719e-01 2.184808085362116570e-01 2.281549352407455378e-01 2.380550479888916271e-01 2.580318737030027898e-01 2.701021432876586914e-01 2.805576652288436779e-01
9.630000000000000000e+04 2.092622758448124676e-01 2.202812492847438519e-01 2.305534255504607666e-01 2.414927637577057862e-01 2.610206615924836604e-01 2.695075273513793945e-01 2.802503749728202931e-01
9.640000000000000000e+04 2.153429394960403587e-01 2.271786659955976340e-01 2.365697824954985651e-01 2.471305441856385399e-01 2.668389451503758170e-01 2.757029732068379535e-01 2.856912910938259609e-01
9.650000000000000000e+04 2.211702138185499822e-01 2.324975629647572928e-01 2.425000607967374988e-01 2.534772574901577591e-01 2.717947185039520930e-01 2.810088197390238629e-01 2.907264456152914844e-01
9.660000000000000000e+04 2.242645835876465044e-01 2.333932697772979070e-01 2.430540865659714389e-01 2.529423522949219016e-01 2.725909936428070335e-01 2.854250669479370117e-01 2.943459540605546376e-01
9.670000000000000000e+04 2.210377024610836461e-01 2.302938908338544866e-01 2.403461104631426648e-01 2.498157648245492857e-01 2.690461814403531937e-01 2.818918824195861816e-01 2.916507720947263960e-01
9.680000000000000000e+04 2.165989863872525567e-01 2.252116441726686458e-01 2.352497094869616945e-01 2.448543729384738687e-01 2.647464025020597744e-01 2.775875429312388287e-01 2.875890493392943004e-01
9.690000000000000000e+04 2.126500739157198838e-01 2.217079311609269077e-01 2.315905737876891302e-01 2.412668442726136342e-01 2.607679450511931063e-01 2.725120484828948975e-01 2.830358922481536199e-01
9.700000000000000000e+04 2.102940469980239535e-01 2.201565057039260864e-01 2.300398528575897383e-01 2.401426007350285774e-01 2.597944200038909690e-01 2.705965340137481689e-01 2.809476852416992188e-01
9.710000000000000000e+04 2.110415798425674394e-01 2.206272741158803452e-01 2.303449541330338246e-01 2.405798457066218032e-01 2.600150287151337114e-01 2.704477111498514996e-01 2.802601814270019309e-01
9.720000000000000000e+04 2.120487993955612327e-01 2.221019536256789439e-01 2.318336874246597901e-01 2.419237250089645852e-01 2.613691747188568448e-01 2.720655798912048340e-01 2.817767381668090376e-01
9.730000000000000000e+04 2.133424150447051082e-01 2.236397345860798302e-01 2.334668666124344316e-01 2.435809967915217034e-01 2.630006301403045588e-01 2.737952669461568012e-01 2.835054978728293595e-01
9.740000000000000000e+04 2.149562615156172529e-01 2.253564010063806577e-01 2.352192467451095781e-01 2.455152002970376890e-01 2.649934267997741677e-01 2.757070362567901611e-01 2.853962451219557717e-01
9.750000000000000000e+04 2.167349085211753290e-01 2.273447066545486450e-01 2.370940893888473511e-01 2.477492988109588623e-01 2.673732340335845947e-01 2.778008878231048584e-01 2.876592054963112433e-01
9.760000000000000000e+04 2.180091134707132783e-01 2.286032726367314971e-01 2.384675198793411166e-01 2.489239796002706284e-01 2.686313009262085161e-01 2.797302703062693463e-01 2.894740462303162509e-01
9.770000000000000000e+04 2.187854462862014737e-01 2.292364905277887999e-01 2.392454487085342307e-01 2.496202240387598581e-01 2.695600891113281161e-01 2.809985379378001080e-01 2.909637138247490595e-01
9.780000000000000000e+04 2.190431749820709317e-01 2.296005994081496970e-01 2.397683256864547308e-01 2.500958907604217130e-01 2.702513301372527765e-01 2.816056907176971436e-01 2.919122010469437090e-01
9.790000000000000000e+04 2.195362200339635028e-01 2.301999956369399913e-01 2.407248657941817860e-01 2.511531287431716941e-01 2.718248915672301647e-01 2.825518747170766010e-01 2.930209785699844360e-01
9.800000000000000000e+04 2.209826459487278516e-01 2.318637420733769827e-01 2.420731157064437145e-01 2.526803135871887873e-01 2.731496274471282848e-01 2.837848265965779437e-01 2.942671477794647217e-01
9.810000000000000000e+04 2.222507174313068379e-01 2.325328528881072943e-01 2.427169078588485851e-01 2.535865247249602938e-01 2.740789377689361594e-01 2.853045463562011719e-01 2.954789325594902039e-01
9.820000000000000000e+04 2.216401458779970746e-01 2.322938640912373676e-01 2.424089574813842740e-01 2.529883066813151116e-01 2.733488905429840576e-01 2.852039734522501813e-01 2.960148632526397594e-01
9.830000000000000000e+04 2.217029159764448976e-01 2.320974419514338360e-01 2.425558781623840532e-01 2.530951086680094386e-01 2.737309587001799938e-01 2.854345639546712055e-01 2.957622975111007801e-01
9.840000000000000000e+04 2.223092228174209650e-01 2.329714089632033969e-01 2.435833144187927735e-01 2.541301512718200928e-01 2.749287152290343372e-01 2.859963178634643555e-01 2.970578670501708429e-01
9.850000000000000000e+04 2.236929411689439207e-01 2.349315236012140817e-01 2.455142855644227018e-01 2.561527570088706351e-01 2.771021783351896861e-01 2.883458137512207031e-01 2.990342751145361744e-01
9.860000000000000000e+04 2.264017065366108750e-01 2.379689147075018107e-01 2.486497771739960283e-01 2.596069423357644790e-01 2.803432035446164483e-01 2.915212909380595074e-01 3.018936067819596447e-01
9.870000000000000000e+04 2.297448311746121130e-01 2.415996700525281649e-01 2.522871208190918257e-01 2.635744524002074374e-01 2.841888725757596990e-01 2.955227494239807129e-01 3.061961576342584479e-01
9.880000000000000000e+04 2.335384176174801485e-01 2.456716666618980471e-01 2.563843989372253107e-01 2.678236524264018259e-01 2.885539770126344661e-01 3.000185092290242328e-01 3.107454478740693249e-01
9.890000000000000000e+04 2.375016469260058660e-01 2.496274650096892422e-01 2.607382440567015958e-01 2.721822937329612668e-01 2.925454592704775370e-01 3.043897648652394428e-01 3.152594938874245245e-01
9.900000000000000000e+04 2.409609690308569807e-01 2.530903518199920654e-01 2.639670014381407803e-01 2.752728760242462158e-01 2.961380600929262030e-01 3.086365163326263428e-01 3.189594447612762451e-01
9.910000000000000000e+04 2.435535259544849007e-01 2.557122786839803874e-01 2.670022141933440230e-01 2.782702541351317893e-01 2.990492510795594860e-01 3.114711542924245014e-01 3.223019912838935297e-01
9.920000000000000000e+04 2.464119923114777011e-01 2.587586283683776522e-01 2.699820339679716574e-01 2.814364314079285112e-01 3.023640394210816984e-01 3.145215809345245361e-01 3.252672851085661732e-01
9.930000000000000000e+04 2.495557191967965327e-01 2.619287967681883100e-01 2.729999482631681462e-01 2.844116210937501221e-01 3.055418312549592064e-01 3.177877962589263916e-01 3.282920703291891673e-01
9.940000000000000000e+04 2.523017460107805365e-01 2.647824088732400605e-01 2.756517851352692228e-01 2.867926716804504728e-01 3.083099067211151900e-01 3.205656905968983783e-01 3.311733931303023626e-01
9.950000000000000000e+04 2.536548048257827870e-01 2.656417489051818848e-01 2.770331323146820179e-01 2.884265005588531605e-01 3.093810737133026456e-01 3.223680257797241211e-01 3.331202492117882330e-01
9.960000000000000000e+04 2.542257249355316384e-01 2.659717738628387673e-01 2.773204076290130549e-01 2.885238623619079679e-01 3.100606203079223633e-01 3.231948018074035645e-01 3.341139078140258900e-01
9.970000000000000000e+04 2.541186621785163635e-01 2.657707115014393828e-01 2.771331465244293302e-01 2.880676893393198656e-01 3.105039298534393311e-01 3.230965932210286273e-01 3.344442442059516463e-01
9.980000000000000000e+04 2.530836933851241533e-01 2.644168357054392793e-01 2.755978071689605402e-01 2.868709556261699878e-01 3.090397000312805065e-01 3.223855495452880859e-01 3.339636951684951671e-01
9.990000000000000000e+04 2.510927870869636980e-01 2.627786993980408270e-01 2.739791536331176447e-01 2.846389210224152255e-01 3.075928246974944935e-01 3.210616707801818848e-01 3.326666846871375594e-01
1.000000000000000000e+05 2.500964999198913574e-01 2.620001832644144879e-01 2.728348374366760254e-01 2.845414280891418457e-01 3.062995970249176025e-01 3.197880585988362445e-01 3.306698501110076904e-01
1.001000000000000000e+05 2.506532753507296207e-01 2.623637874921163071e-01 2.733125710487365745e-01 2.848758864402771152e-01 3.066135311126709229e-01 3.194152613480885639e-01 3.307189375162124523e-01
1.002000000000000000e+05 2.514196604490280262e-01 2.630751252174376997e-01 2.739862394332885365e-01 2.854653906822204879e-01 3.070434010028839089e-01 3.199432790279388428e-01 3.310744583606719527e-01
1.003000000000000000e+05 2.518493157625198431e-01 2.635016957918802638e-01 2.746231269836425515e-01 2.859274117151895944e-01 3.075545239448547186e-01 3.205102980136871338e-01 3.317874848842620739e-01
1.004000000000000000e+05 2.521187615394592241e-01 2.637910246849060059e-01 2.746948814392090044e-01 2.861400051911671683e-01 3.077168309688568248e-01 3.209457993507385254e-01 3.320541381835937500e-01
1.005000000000000000e+05 2.523786097764968428e-01 2.640270590782165527e-01 2.753895878791808860e-01 2.866132795810699685e-01 3.085573077201843040e-01 3.212497830390930176e-01 3.324890062212944031e-01
1.006000000000000000e+05 2.535442594687143947e-01 2.656644821166992410e-01 2.767131209373473455e-01 2.880201923847197643e-01 3.099430751800536510e-01 3.225040634473164691e-01 3.332525342702866156e-01
1.007000000000000000e+05 2.554974654316902183e-01 2.673679530620574618e-01 2.786169159412384966e-01 2.898980939388274281e-01 3.118581318855284668e-01 3.239460388819376813e-01 3.349266797304153997e-01
1.008000000000000000e+05 2.570442080497741810e-01 2.686328411102295033e-01 2.796701443195343528e-01 2.910273170471191495e-01 3.128486943244933594e-01 3.255757093429565430e-01 3.363895058631897195e-01
1.009000000000000000e+05 2.573948031663894631e-01 2.686275303363799827e-01 2.799366199970245161e-01 2.911948827902476333e-01 3.134028220176696133e-01 3.261240522066752301e-01 3.370043382048606984e-01
1.010000000000000000e+05 2.570761978626251443e-01 2.689986824989318848e-01 2.803524792194366788e-01 2.921172400315603102e-01 3.142735123634337602e-01 3.270165721575419293e-01 3.377949893474578857e-01
1.011000000000000000e+05 2.587849053740500782e-01 2.708465874195099543e-01 2.821795141696930020e-01 2.942458510398865412e-01 3.164364981651304198e-01 3.282532691955566406e-01 3.389816552400588545e-01
1.012000000000000000e+05 2.613530262311299923e-01 2.735336641470591523e-01 2.850052368640899614e-01 2.966473035017649362e-01 3.186005783081054532e-01 3.306732376416524066e-01 3.413125514984129971e-01
1.013000000000000000e+05 2.637893975774447952e-01 2.746003647645314238e-01 2.854035985469818293e-01 2.972991832097371390e-01 3.190182316303253329e-01 3.315185507138569965e-01 3.421190008521080017e-01
1.014000000000000000e+05 2.602125358581540704e-01 2.707162439823151967e-01 2.829333317279816296e-01 2.937279522418977384e-01 3.159809684753415171e-01 3.307892084121704102e-01 3.417130559682847735e-01
1.015000000000000000e+05 2.558008864521979508e-01 2.665993670622507916e-01 2.779316127300263672e-01 2.900714576244355358e-01 3.128162324428557794e-01 3.270040949185689105e-01 3.383653685450552784e-01
1.016000000000000000e+05 2.528907406330108132e-01 2.640713234742483317e-01 2.768352520465850453e-01 2.880992650985718107e-01 3.118968844413756991e-01 3.253240485986073627e-01 3.368853807449340709e-01
1.017000000000000000e+05 2.543935155868530251e-01 2.670224964618680974e-01 2.783907687664030073e-01 2.909256577491760587e-01 3.141771423816682174e-01 3.257490694522857666e-01 3.368643268942834723e-01
1.018000000000000000e+05 2.580494223038356516e-01 2.708131412665046867e-01 2.822459185123440961e-01 2.944627892971040661e-01 3.173803305625916837e-01 3.294311662515004291e-01 3.403427332639695213e-01
1.019000000000000000e+05 2.618361524740857038e-01 2.746932427088418782e-01 2.861709439754486772e-01 2.983390458424888259e-01 3.210185694694520087e-01 3.330284953117370605e-01 3.439633011817932462e-01
1.020000000000000000e+05 2.653049468994141957e-01 2.781789898872375488e-01 2.892686307430268888e-01 3.016019403934478982e-01 3.241188287734986240e-01 3.365410566329956055e-01 3.477057218551635742e-01
1.021000000000000000e+05 2.678413393100101958e-01 2.801688035329183424e-01 2.915979254245759100e-01 3.040088399251302254e-01 3.267051911354065252e-01 3.394567370414733887e-01 3.504553332924842390e-01
1.022000000000000000e+05 2.693962248166402174e-01 2.818588912487030029e-01 2.934110558032990146e-01 3.059588217735290661e-01 3.286598873138428245e-01 3.418880403041839600e-01 3.527345389127730657e-01
1.023000000000000000e+05 2.711064079403877614e-01 2.832430958747862992e-01 2.950272691249847812e-01 3.076335585117339066e-01 3.302146887779235929e-01 3.438349664211273193e-01 3.544649377465247109e-01
1.024000000000000000e+05 2.723614021142323760e-01 2.842683374881744274e-01 2.955074226856231334e-01 3.077063322067260520e-01 3.304449820518493564e-01 3.443685869375864850e-01 3.550406098365783136e-01
1.025000000000000000e+05 2.715533028046290265e-01 2.822036941846211566e-01 2.942907512187957764e-01 3.061744074026743756e-01 3.292133212089538574e-01 3.434820572535197125e-01 3.545443639159203131e-01
1.026000000000000000e+05 2.683909964561463357e-01 2.800979852676391268e-01 2.915338265895843772e-01 3.032377171516418279e-01 3.270089530944824130e-01 3.411753773689270020e-01 3.524870127439497791e-01
1.027000000000000000e+05 2.671836797396341945e-01 2.786535799503326860e-01 2.908157670497893976e-01 3.030251975854237889e-01 3.261896562576294123e-01 3.398711284001668109e-01 3.513811260461806585e-01
1.028000000000000000e+05 2.675754292805989643e-01 2.791803300380706343e-01 2.911156976222992188e-01 3.028137318293253610e-01 3.265492129325866522e-01 3.393724461396535053e-01 3.508255779743194580e-01
1.029000000000000000e+05 2.667486992478370067e-01 2.784094452857971413e-01 2.904374849796295677e-01 3.026048529148102073e-01 3.260716342926025524e-01 3.396793305873870850e-01 3.511190563440322876e-01
1.030000000000000000e+05 2.666567275921503666e-01 2.784222861131032123e-01 2.907823562622069979e-01 3.024028003215789573e-01 3.264214038848876620e-01 3.397028148174285889e-01 3.514322340488433838e-01
1.031000000000000000e+05 2.674107616146405020e-01 2.796358764171600342e-01 2.916217613220214444e-01 3.034198812643686405e-01 3.272585117816925182e-01 3.402690688769022809e-01 3.518165573477745056e-01
1.032000000000000000e+05 2.684544074535369917e-01 2.799918949604034424e-01 2.926801204681395707e-01 3.038678586483002375e-01 3.274070787429809726e-01 3.413780927658081055e-01 3.524183332920074463e-01
1.033000000000000000e+05 2.673698601126670571e-01 2.791729390621185969e-01 2.912999629974364346e-01 3.030166010061899895e-01 3.265530371665955056e-01 3.405281702677409039e-01 3.519140332937241156e-01
1.034000000000000000e+05 2.661728547016778967e-01 2.774833401044210501e-01 2.894473361968993297e-01 3.011033300558725312e-01 3.248648035526277011e-01 3.389075100421905518e-01 3.507068723440171509e-01
1.035000000000000000e+05 2.639201387763022155e-01 2.750411927700042725e-01 2.870869159698485329e-01 2.984166979789734109e-01 3.218357682228090155e-01 3.365161120891571045e-01 3.483377173542975269e-01
1.036000000000000000e+05 2.607316188017527736e-01 2.720163464546202503e-01 2.840204429626464466e-01 2.954131571451823479e-01 3.192513644695283426e-01 3.332979977130889893e-01 3.454706847667692315e-01
1.037000000000000000e+05 2.590901656945546749e-01 2.700936893622080670e-01 2.823647594451904053e-01 2.938740487893422570e-01 3.169604277610779675e-01 3.308050334453582764e-01 3.424070611596106706e-01
1.038000000000000000e+05 2.571413099765776922e-01 2.685435891151429777e-01 2.803818130493164196e-01 2.916985476016997758e-01 3.150211536884306995e-01 3.290372192859649658e-01 3.407184273004531527e-01
1.039000000000000000e+05 2.553481572866438953e-01 2.663074473539988607e-01 2.782398295402526700e-01 2.900403372446695993e-01 3.137540245056151811e-01 3.272286554177601947e-01 3.392274051904677901e-01
1.040000000000000000e+05 2.541977326075237631e-01 2.670982082684834613e-01 2.788544416427611861e-01 2.899613400300343757e-01 3.135307133197785534e-01 3.269336422284443988e-01 3.379057645797729492e-01
1.041000000000000000e+05 2.563767740130424300e-01 2.685012698173523393e-01 2.803872013092040261e-01 2.918083071708678644e-01 3.153162121772766779e-01 3.281521797180175781e-01 3.396191745996475220e-01
1.042000000000000000e+05 2.576219187180200931e-01 2.701126376787821859e-01 2.821079421043395374e-01 2.933997301260630186e-01 3.166878998279571977e-01 3.297562797864277973e-01 3.412538081407546775e-01
1.043000000000000000e+05 2.590392759442329829e-01 2.715003450711567790e-01 2.834983777999877108e-01 2.945666714509329043e-01 3.181618940830231446e-01 3.313831686973571777e-01 3.427965357899664944e-01
1.044000000000000000e+05 2.611413252353668724e-01 2.734606683254241499e-01 2.853418910503388028e-01 2.963366639614104514e-01 3.199860191345215710e-01 3.330328464508056641e-01 3.445234954357146440e-01
1.045000000000000000e+05 2.622339362899463455e-01 2.748816510041554584e-01 2.865370213985443670e-01 2.975438237190246582e-01 3.212299287319183572e-01 3.344413240750630512e-01 3.460476696491240900e-01
1.046000000000000000e+05 2.628439772129059215e-01 2.755723853905995835e-01 2.873166000843048740e-01 2.985778538386026915e-01 3.224920392036438321e-01 3.357403576374053955e-01 3.472228229045868364e-01
1.047000000000000000e+05 2.637839949131011719e-01 2.769596993923186257e-01 2.887185585498810436e-01 2.999698138237000267e-01 3.238906681537628285e-01 3.369299471378326416e-01 3.483850598335266890e-01
1.048000000000000000e+05 2.656457328796387185e-01 2.784481028715768414e-01 2.903369438648224499e-01 3.014172506332397083e-01 3.255300807952881126e-01 3.385298947493235455e-01 3.497051417827606867e-01
1.049000000000000000e+05 2.672452059388161216e-01 2.799887279669443507e-01 2.920072436332702970e-01 3.029069729646046150e-01 3.271102130413055531e-01 3.400525252024332867e-01 3.513856589794159269e-01
1.050000000000000000e+05 2.685865610837936401e-01 2.815544009208679199e-01 2.936619520187377930e-01 3.044402897357940674e-01 3.286067247390747070e-01 3.414978384971618652e-01 3.528133630752563477e-01
1.051000000000000000e+05 2.697607744733492297e-01 2.827682077884674516e-01 2.947518086433410511e-01 3.053628997008006052e-01 3.295386171340942139e-01 3.427154223124186383e-01 3.540393427014350558e-01
1.052000000000000000e+05 2.708496638139089030e-01 2.833960254987080707e-01 2.952919673919677801e-01 3.059079170227050892e-01 3.300938308238983154e-01 3.435582121213276996e-01 3.548457205295562633e-01
1.053000000000000000e+05 2.707457971572875821e-01 2.832278728485108088e-01 2.952370619773865279e-01 3.059420609474182706e-01 3.302697360515594593e-01 3.440262079238891602e-01 3.550071612000465504e-01
1.054000000000000000e+05 2.696957786877949292e-01 2.818300684293111313e-01 2.943237590789795077e-01 3.047886721293131540e-01 3.297339141368866300e-01 3.432527383168538226e-01 3.548848062753677257e-01
1.055000000000000000e+05 2.687493334213892915e-01 2.816486756006876813e-01 2.940558671951293834e-01 3.047541181246439801e-01 3.297717034816741721e-01 3.429316878318786621e-01 3.547780886292457581e-01
1.056000000000000000e+05 2.693363451957702659e-01 2.822586536407470925e-01 2.944721722602843816e-01 3.053458988666534757e-01 3.302602851390838423e-01 3.430630564689636230e-01 3.550821900367737149e-01
1.057000000000000000e+05 2.704439854621886741e-01 2.834048648675283055e-01 2.955688405036926980e-01 3.064485112826029201e-01 3.311183500289916481e-01 3.441009322802225934e-01 3.556417331099510637e-01
1.058000000000000000e+05 2.714084623257319029e-01 2.844526390234629054e-01 2.964354944229126154e-01 3.073461345831552949e-01 3.317189538478851341e-01 3.448697129885355817e-01 3.561854332685470692e-01
1.059000000000000000e+05 2.720346340537071472e-01 2.847171008586883434e-01 2.967314314842224299e-01 3.076173150539397994e-01 3.319939661026001243e-01 3.453693985939025879e-01 3.563356727361678966e-01
1.060000000000000000e+05 2.720097561677297104e-01 2.842040657997131348e-01 2.963852643966674583e-01 3.072014192740121774e-01 3.314049065113067738e-01 3.449599941571553363e-01 3.561486601829528809e-01
1.061000000000000000e+05 2.705620695153871935e-01 2.829494535923003928e-01 2.951115584373473766e-01 3.058260126908620702e-01 3.303941321372986795e-01 3.441737691561381207e-01 3.551681712269783020e-01
1.062000000000000000e+05 2.689938312768936357e-01 2.815201997756958674e-01 2.939913177490234286e-01 3.045586812496185458e-01 3.294481980800628707e-01 3.430107235908508301e-01 3.543296605348587036e-01
1.063000000000000000e+05 2.677221243580182319e-01 2.808056612809499142e-01 2.934481489658355979e-01 3.038163391749064135e-01 3.292840671539306596e-01 3.427610794703165875e-01 3.536567911505699713e-01
1.064000000000000000e+05 2.674497524897257450e-01 2.812427679697672156e-01 2.937284767627715842e-01 3.043942972024281102e-01 3.302840399742126287e-01 3.433932165304819928e-01 3.543719649314879816e-01
1.065000000000000000e+05 2.694581821560859125e-01 2.832262217998504639e-01 2.961336672306060236e-01 3.067991793155668834e-01 3.320640027523039106e-01 3.449071347713470459e-01 3.558299988508223377e-01
1.066000000000000000e+05 2.723935989538826541e-01 2.866595387458802380e-01 2.989281475543974498e-01 3.096659020582834265e-01 3.348562955856324019e-01 3.478058278560638428e-01 3.582915365695954479e-01
1.067000000000000000e+05 2.756985569993654073e-01 2.894498864809672001e-01 3.016504609584806929e-01 3.126933960119883671e-01 3.374017369747163153e-01 3.505126039187113629e-01 3.610114499926568299e-01
1.068000000000000000e+05 2.782759547233581432e-01 2.915234506130217618e-01 3.039289867877958962e-01 3.147851479053498380e-01 3.395903337001801026e-01 3.530274629592895508e-01 3.635280251502991389e-01
1.069000000000000000e+05 2.795350511868794907e-01 2.926653544108072658e-01 3.050741398334503307e-01 3.163406932353973744e-01 3.412216925621033292e-01 3.550159136454264508e-01 3.654813900589943265e-01
1.070000000000000000e+05 2.806232094764710139e-01 2.938579618930816650e-01 3.064587891101838157e-01 3.176976442337035578e-01 3.430857777595520686e-01 3.568236231803894043e-01 3.673590570688247681e-01
1.071000000000000000e+05 2.820473876595499529e-01 2.959320306777954990e-01 3.083225882053376443e-01 3.197137475013733243e-01 3.451884329319001021e-01 3.584505915641784668e-01 3.693011552095412653e-01
1.072000000000000000e+05 2.849161867300669115e-01 2.987026572227479138e-01 3.113574755191804155e-01 3.224111143747964148e-01 3.475875735282898393e-01 3.607508341471354352e-01 3.715337216854094904e-01
1.073000000000000000e+05 2.874199024836222582e-01 3.013213276863097034e-01 3.131248104572296742e-01 3.243097154299418028e-01 3.491989791393280140e-01 3.625244200229644775e-01 3.733717754483223406e-01
1.074000000000000000e+05 2.882289648056030051e-01 3.010666728019714689e-01 3.135126829147338867e-01 3.244221353530883922e-01 3.495736360549926425e-01 3.637713491916656494e-01 3.746774733066558505e-01
1.075000000000000000e+05 2.870756213863689954e-01 2.997898260752360211e-01 3.123019337654113770e-01 3.229530652364094867e-01 3.486123383045196533e-01 3.631030023097991943e-01 3.740195780992507379e-01
1.076000000000000000e+05 2.854586474100749283e-01 2.981696407000223870e-01 3.110822582244873180e-01 3.219226849079132036e-01 3.479164183139801247e-01 3.623469769954681396e-01 3.734337568283080944e-01
1.077000000000000000e+05 2.847756704688072515e-01 2.977201700210571622e-01 3.103017771244049317e-01 3.213664400577544988e-01 3.473757874965667791e-01 3.615032732486724854e-01 3.728953644633292708e-01
1.078000000000000000e+05 2.840657212336857862e-01 2.966453115145366026e-01 3.095163214206695934e-01 3.207923781871795943e-01 3.468966174125671653e-01 3.608780801296234131e-01 3.723855644464492687e-01
1.079000000000000000e+05 2.828043412168819715e-01 2.949139555295309245e-01 3.077352488040924761e-01 3.190688176949819099e-01 3.451922619342804310e-01 3.598531583944956647e-01 3.714932665228843356e-01
1.080000000000000000e+05 2.800326168537138338e-01 2.924441397190093994e-01 3.057255625724793480e-01 3.171376585960388184e-01 3.436694622039795366e-01 3.584285080432891846e-01 3.702731132507324219e-01
1.081000000000000000e+05 2.785648497939108847e-01 2.913514534632364317e-01 3.043874406814575106e-01 3.159398535887401049e-01 3.424636995792388894e-01 3.574872513612111224e-01 3.694139868021011353e-01
1.082000000000000000e+05 2.780901368459066103e-01 2.912331302960713408e-01 3.040307712554932151e-01 3.162193012237548562e-01 3.426825475692749090e-01 3.573232392470042096e-01 3.692821592092513927e-01
1.083000000000000000e+05 2.784841418266296165e-01 2.919483065605162908e-01 3.051164436340332853e-01 3.170851624011993275e-01 3.435819351673125577e-01 3.579364717006683350e-01 3.699988469481467757e-01
1.084000000000000000e+05 2.800999859968821837e-01 2.934014042218525686e-01 3.066485357284546853e-01 3.184201820691426876e-01 3.449842512607573797e-01 3.595139284928639545e-01 3.714252471923827348e-01
1.085000000000000000e+05 2.819337561726571462e-01 2.954652309417724609e-01 3.085611164569855291e-01 3.205765048662822525e-01 3.470012843608857311e-01 3.614753882090250836e-01 3.732773065567015491e-01
1.086000000000000000e+05 2.841030991077424517e-01 2.978789985179902122e-01 3.108826220035553201e-01 3.232261919975281672e-01 3.495657742023468573e-01 3.638208508491516113e-01 3.757157921791077770e-01
1.087000000000000000e+05 2.867178228497504477e-01 3.005419015884400191e-01 3.135322487354278986e-01 3.261180953184762976e-01 3.523108208179472900e-01 3.667202790578206195e-01 3.785727798938752775e-01
1.088000000000000000e+05 2.891747522354126132e-01 3.032426595687865434e-01 3.163178193569183283e-01 3.287931545575460413e-01 3.549013292789460206e-01 3.694207668304443359e-01 3.813161551952362616e-01
1.089000000000000000e+05 2.920451110601425815e-01 3.060733079910277210e-01 3.191447699069976385e-01 3.314991056919097123e-01 3.572380554676055642e-01 3.719223141670227051e-01 3.836326971650124151e-01
1.090000000000000000e+05 2.947075814008713324e-01 3.082107007503509521e-01 3.215433299541472500e-01 3.336617728074390832e-01 3.591361999511717973e-01 3.737929860750834332e-01 3.852916210889816284e-01
1.091000000000000000e+05 2.964484795928000183e-01 3.092984795570373202e-01 3.222737240791320734e-01 3.349146715799967144e-01 3.601691567897796764e-01 3.749954899152119769e-01 3.865138411521911732e-01
1.092000000000000000e+05 2.956317090988159757e-01 3.085555613040924516e-01 3.221219897270202748e-01 3.343177485466003462e-01 3.601836991310119473e-01 3.755298256874084473e-01 3.869379997253417636e-01
1.093000000000000000e+05 2.949451011419296220e-01 3.078440825144450055e-01 3.214892029762268510e-01 3.336225859324137288e-01 3.597945725917816029e-01 3.747394680976867676e-01 3.867873340845107699e-01
1.094000000000000000e+05 2.941784415642419992e-01 3.068552712599436627e-01 3.203444468975066850e-01 3.327856985727944972e-01 3.590654778480529274e-01 3.737141191959381104e-01 3.862651050090789018e-01
1.095000000000000000e+05 2.928695723414420637e-01 3.053604960441589355e-01 3.187935054302214466e-01 3.311572313308716042e-01 3.575961649417876975e-01 3.724537789821624756e-01 3.851044028997420154e-01
1.096000000000000000e+05 2.910621062914529045e-01 3.033895651499431967e-01 3.169474732875823264e-01 3.294650578498840021e-01 3.559610986709594305e-01 3.708397845427195416e-01 3.835896253585814319e-01
1.097000000000000000e+05 2.891967296600340687e-01 3.015368779500327001e-01 3.151302659511565629e-01 3.277158081531524325e-01 3.542302358150482000e-01 3.690852224826812744e-01 3.818740278482436468e-01
1.098000000000000000e+05 2.874033641815185725e-01 2.998405456542969638e-01 3.134218060970305753e-01 3.258927226066590244e-01 3.526363778114318670e-01 3.671900928020477295e-01 3.804041564464568648e-01
1.099000000000000000e+05 2.858836199839909775e-01 2.983809789021810155e-01 3.119965839385986373e-01 3.247587859630585161e-01 3.511998081207275413e-01 3.655268649260203229e-01 3.789475634694099426e-01
1.100000000000000000e+05 2.849402924378712787e-01 2.973277966181437360e-01 3.109676241874694824e-01 3.236592710018157959e-01 3.499305546283721924e-01 3.641078770160675049e-01 3.775023519992828369e-01
1.101000000000000000e+05 2.838022193312644825e-01 2.961469888687133234e-01 3.096370339393615945e-01 3.224553620815276411e-01 3.485463547706604270e-01 3.629331290721893311e-01 3.761914432048797940e-01
1.102000000000000000e+05 2.822240197658539840e-01 2.945613284905750362e-01 3.077824342250824463e-01 3.205112429459888168e-01 3.467558217048645197e-01 3.611658513545989990e-01 3.745676368474961104e-01
1.103000000000000000e+05 2.797688847780228083e-01 2.917848209540050419e-01 3.055116665363312722e-01 3.182881883780160348e-01 3.445876789093018089e-01 3.591667910416920795e-01 3.725787833333016330e-01
1.104000000000000000e+05 2.774652314186095703e-01 2.894293665885925848e-01 3.029514229297639027e-01 3.160376894474029585e-01 3.421567416191101385e-01 3.569359481334686279e-01 3.704270839691163331e-01
1.105000000000000000e+05 2.756824642419814508e-01 2.877966364224751605e-01 3.013166308403015803e-01 3.142259975274403483e-01 3.405308723449707586e-01 3.552111486593882428e-01 3.686263635754585821e-01
1.106000000000000000e+05 2.745264116923014086e-01 2.869693378607431899e-01 3.003837347030639537e-01 3.133951143423716612e-01 3.395613503456115789e-01 3.540741701920827045e-01 3.674089223146437821e-01
1.107000000000000000e+05 2.741517591476440030e-01 2.866464734077454057e-01 3.001284170150756991e-01 3.130857491493225231e-01 3.392878258228302357e-01 3.535250127315521240e-01 3.670914769172668457e-01
1.108000000000000000e+05 2.742620786031087499e-01 2.871963322162627841e-01 3.004098129272461115e-01 3.132235046227773156e-01 3.397829735279082608e-01 3.539339005947113037e-01 3.672774255275726429e-01
1.109000000000000000e+05 2.750866208473841668e-01 2.883798857529957793e-01 3.015574121475220193e-01 3.147053019205729441e-01 3.408551609516143333e-01 3.548926512400309430e-01 3.682278305292129850e-01
1.110000000000000000e+05 2.766251355409622970e-01 2.900996804237365723e-01 3.032607078552246871e-01 3.165402948856353982e-01 3.426635801792145553e-01 3.564012646675109863e-01 3.697965145111083984e-01
1.111000000000000000e+05 2.784924833973250191e-01 2.919684608777362578e-01 3.052827501296997426e-01 3.185026685396829538e-01 3.443197357654571578e-01 3.583937883377075195e-01 3.715507268905639537e-01
1.112000000000000000e+05 2.799629787604014375e-01 2.934265593687692131e-01 3.067380619049072110e-01 3.197698672612507842e-01 3.458747971057891113e-01 3.600580890973408832e-01 3.733050882816313920e-01
1.113000000000000000e+05 2.811568534374236927e-01 2.946319997310637984e-01 3.079899883270263428e-01 3.211634922027588046e-01 3.473074924945832032e-01 3.613941669464111328e-01 3.748455032706261014e-01
1.114000000000000000e+05 2.821541692813237523e-01 2.957894861698150413e-01 3.090854024887084717e-01 3.224367149670919197e-01 3.485506570339202970e-01 3.626778721809387207e-01 3.762106776237488792e-01
1.115000000000000000e+05 2.833084101478259287e-01 2.966769436995188580e-01 3.099890708923339622e-01 3.233588616053262865e-01 3.494276046752929354e-01 3.635507126649220599e-01 3.771350085735321600e-01
1.116000000000000000e+05 2.838933122158050493e-01 2.968353271484374667e-01 3.101047062873840132e-01 3.233064103126526145e-01 3.495655930042266823e-01 3.640126883983612061e-01 3.773683786392211803e-01
1.117000000000000000e+05 2.834119748075804024e-01 2.961418131987252900e-01 3.093966102600098633e-01 3.224409409364064616e-01 3.489060664176940607e-01 3.632911543051401959e-01 3.771401882171630526e-01
1.118000000000000000e+05 2.816773863633473818e-01 2.942475279172262481e-01 3.076472306251527011e-01 3.209440799554189039e-01 3.481975877285003462e-01 3.626645803451538086e-01 3.765554785728454368e-01
1.119000000000000000e+05 2.802863514423370450e-01 2.939187228679657204e-01 3.074561727046966619e-01 3.207637405395508123e-01 3.477126729488372869e-01 3.621329665184020996e-01 3.767242282629013062e-01
1.120000000000000000e+05 2.812316596508026567e-01 2.953723967075347900e-01 3.089294254779817450e-01 3.225992043813069032e-01 3.495126426219941074e-01 3.640145262082417621e-01 3.775388002395629883e-01
1.121000000000000000e+05 2.837898305058481618e-01 2.985619207223256799e-01 3.117532801628114525e-01 3.254779895146687752e-01 3.518553948402405318e-01 3.663281599680582867e-01 3.799870297312736289e-01
1.122000000000000000e+05 2.874813675880434349e-01 3.018948137760160688e-01 3.150395655632020064e-01 3.283771514892579457e-01 3.545383346080780429e-01 3.690738677978515625e-01 3.820795893669127752e-01
1.123000000000000000e+05 2.898916204770406457e-01 3.031978905200957697e-01 3.164963698387145974e-01 3.294412946701049671e-01 3.553696393966674916e-01 3.701082865397135602e-01 3.837572008371352150e-01
1.124000000000000000e+05 2.900232466061909986e-01 3.031479358673095925e-01 3.166792380809783647e-01 3.295425772666931152e-01 3.555592179298400768e-01 3.703960378964741840e-01 3.839579343795776478e-01
1.125000000000000000e+05 2.891311869025229853e-01 3.020622432231903076e-01 3.156816065311431885e-01 3.288159966468811035e-01 3.551570475101470947e-01 3.699371218681335449e-01 3.840652704238891602e-01
1.126000000000000000e+05 2.883193880319595004e-01 3.021957556406656975e-01 3.158551132678985573e-01 3.291552360852559311e-01 3.554862821102142134e-01 3.703722357749938965e-01 3.842200875282287820e-01
1.127000000000000000e+05 2.888926030198732953e-01 3.027474602063496278e-01 3.163679325580596724e-01 3.298033690452575883e-01 3.560386013984679909e-01 3.709937532742818012e-01 3.848913282155990712e-01
1.128000000000000000e+05 2.898920559883117476e-01 3.036448121070861039e-01 3.171416437625884654e-01 3.306410336494445268e-01 3.567714834213256969e-01 3.718016743659973145e-01 3.855759680271148571e-01
1.129000000000000000e+05 2.909645216663678258e-01 3.048266450564066088e-01 3.180727350711822221e-01 3.313335808118184622e-01 3.572206091880797962e-01 3.721491297086079730e-01 3.860794916749000771e-01
1.130000000000000000e+05 2.916785369316737264e-01 3.044081330299377441e-01 3.174864292144776168e-01 3.306983749071757406e-01 3.566887974739075262e-01 3.718634247779846191e-01 3.856270462274551392e-01
1.131000000000000000e+05 2.900141441822051136e-01 3.029971122741698664e-01 3.161495423316956210e-01 3.293982541561127908e-01 3.554672968387604381e-01 3.709445595741271973e-01 3.847700476646423451e-01
1.132000000000000000e+05 2.883321889241535207e-01 3.011210143566131481e-01 3.143149542808532093e-01 3.276443096001943611e-01 3.542230510711670277e-01 3.697027762730916156e-01 3.835205078125000222e-01
1.133000000000000000e+05 2.870120374361673776e-01 3.002738475799560658e-01 3.135203552246093595e-01 3.268069358666738089e-01 3.533907115459442583e-01 3.687092860539754047e-01 3.825894534587859774e-01
1.134000000000000000e+05 2.865302526950835871e-01 2.994406104087830034e-01 3.126706814765929932e-01 3.261209559440612638e-01 3.528484082221984841e-01 3.679640889167785645e-01 3.818682760000228771e-01
1.135000000000000000e+05 2.855219125747680553e-01 2.989238103230794086e-01 3.120959460735321378e-01 3.256052593390146854e-01 3.526111185550689364e-01 3.676448861757914410e-01 3.815229013562202454e-01
1.136000000000000000e+05 2.852986117204030503e-01 2.988989094893138021e-01 3.123076474666595659e-01 3.260164197285970178e-01 3.530405473709106734e-01 3.679178555806477680e-01 3.817906320095062478e-01
1.137000000000000000e+05 2.859476178884507447e-01 3.000329017639159490e-01 3.134408080577850142e-01 3.271126806735992210e-01 3.538584733009337846e-01 3.687829971313476562e-01 3.824635550379753557e-01
1.138000000000000000e+05 2.874577919642130053e-01 3.013839344183603108e-01 3.146523296833038108e-01 3.284398913383483887e-01 3.550361669063568648e-01 3.699787656466166363e-01 3.834004968404770008e-01
1.139000000000000000e+05 2.891678951183954682e-01 3.023976147174834983e-01 3.156952273845672341e-01 3.295092284679412287e-01 3.557071483135223477e-01 3.707157870133717670e-01 3.840654343366622925e-01
1.140000000000000000e+05 2.898220717906951904e-01 3.026784956455230713e-01 3.156837046146392933e-01 3.293610215187072754e-01 3.559340894222259855e-01 3.709940612316131592e-01 3.844972252845764160e-01
1.141000000000000000e+05 2.894147260983784831e-01 3.016912162303925227e-01 3.152031123638153187e-01 3.289949731032053570e-01 3.554695212841033625e-01 3.705429931481679096e-01 3.843687921762466431e-01
1.142000000000000000e+05 2.884525744120280399e-01 3.013944705327351592e-01 3.148690378665923717e-01 3.286349252859751546e-01 3.553040754795074307e-01 3.702485362688700543e-01 3.842476725578308216e-01
1.143000000000000000e+05 2.884934642910957359e-01 3.015728175640106090e-01 3.151888215541839289e-01 3.286811316013336093e-01 3.552779006958007857e-01 3.701106905937194824e-01 3.841350853443145641e-01
1.144000000000000000e+05 2.886305367946624956e-01 3.019658366839090835e-01 3.151390421390533603e-01 3.286477251847584879e-01 3.553895437717437544e-01 3.702596426010131836e-01 3.842435121536254550e-01
1.145000000000000000e+05 2.886364375551541683e-01 3.016860187053680420e-01 3.148634374141692782e-01 3.286074757575988547e-01 3.554673016071319691e-01 3.704833388328552246e-01 3.844432979822158813e-01
1.146000000000000000e+05 2.883863073587417669e-01 3.015519678592681885e-01 3.145940899848937988e-01 3.287624585628509677e-01 3.557647287845611683e-01 3.707817792892456055e-01 3.847597897052765226e-01
1.147000000000000000e+05 2.884975000222524399e-01 3.017693022886912546e-01 3.151723742485046387e-01 3.294929051399230757e-01 3.563824236392975076e-01 3.715809186299641742e-01 3.853257730603218412e-01
1.148000000000000000e+05 2.890752855936686849e-01 3.027689297993977346e-01 3.162355995178223189e-01 3.304212021827697132e-01 3.571967852115631170e-01 3.722611467043558942e-01 3.859100282192230447e-01
1.149000000000000000e+05 2.900339454412460549e-01 3.036575317382812500e-01 3.170209312438964644e-01 3.314021492004394220e-01 3.576688909530639782e-01 3.728224635124206543e-01 3.864333301782608143e-01
1.150000000000000000e+05 2.905782461166381836e-01 3.036684691905975342e-01 3.171518445014953613e-01 3.310427665710449219e-01 3.577421307563781738e-01 3.723477125167846680e-01 3.863554894924163818e-01
1.151000000000000000e+05 2.898569005727767434e-01 3.026819666226704952e-01 3.160668802261352717e-01 3.304030040899912368e-01 3.571769034862518066e-01 3.719663123289744244e-01 3.862070754170418008e-01
1.152000000000000000e+05 2.889108288288116388e-01 3.019569694995880571e-01 3.158088493347168124e-01 3.298635673522949951e-01 3.573433077335357311e-01 3.716782629489898682e-01 3.864245593547820934e-01
1.153000000000000000e+05 2.884612811605134497e-01 3.037227948506671660e-01 3.167600417137144686e-01 3.315085458755492875e-01 3.582923352718352938e-01 3.736446201801300049e-01 3.879601478576660822e-01
1.154000000000000000e+05 2.913391186793645171e-01 3.069909493128457623e-01 3.201017093658445889e-01 3.347041360537210686e-01 3.613579094409942183e-01 3.762994905312855853e-01 3.902129411697390360e-01
1.155000000000000000e+05 2.953544288873673485e-01 3.112535774707794189e-01 3.238111078739164261e-01 3.383227288722991943e-01 3.643484413623808704e-01 3.796428740024566650e-01 3.931883275508882836e-01
1.156000000000000000e+05 2.990661954879761941e-01 3.139485001564023547e-01 3.266695606708526212e-01 3.413142402966815037e-01 3.671119904518126975e-01 3.822336892286936627e-01 3.954766631126405141e-01
1.157000000000000000e+05 3.015774139761924766e-01 3.151519695917764929e-01 3.282975530624389626e-01 3.424710214138030340e-01 3.685671401023863925e-01 3.841354250907897949e-01 3.972579970955849027e-01
1.158000000000000000e+05 3.017470842599869196e-01 3.155306160449981578e-01 3.286531710624694957e-01 3.431793940067291437e-01 3.696734571456908869e-01 3.853480815887451172e-01 3.981081932783127053e-01
1.159000000000000000e+05 3.019814334313075110e-01 3.159824252128600741e-01 3.294120931625366677e-01 3.437160229682922896e-01 3.706472480297087757e-01 3.863017956415812360e-01 3.989768207073211559e-01
1.160000000000000000e+05 3.029134690761566828e-01 3.178239365418751849e-01 3.306236624717712735e-01 3.450869858264923873e-01 3.718905210494994340e-01 3.871387739976246967e-01 3.998612463474273682e-01
1.161000000000000000e+05 3.050403463840485330e-01 3.195238709449768622e-01 3.324878191947937545e-01 3.462468814849853915e-01 3.726906502246856157e-01 3.878590166568756104e-01 4.003408849239349365e-01
1.162000000000000000e+05 3.068980133533479315e-01 3.205014844735463164e-01 3.330883955955505349e-01 3.467858080069224358e-01 3.727894496917725231e-01 3.872155845165252686e-01 4.000224590301513783e-01
1.163000000000000000e+05 3.067900578180948745e-01 3.192807058493296601e-01 3.319160127639770863e-01 3.454421814282734871e-01 3.712090182304381702e-01 3.853616813818613873e-01 3.987729579210281816e-01
1.164000000000000000e+05 3.046503412723541859e-01 3.155770778656006859e-01 3.289189219474793480e-01 3.420467555522919700e-01 3.680480420589447577e-01 3.822973072528839111e-01 3.954763948917390803e-01
1.165000000000000000e+05 3.002969106038410607e-01 3.112551867961883545e-01 3.242442607879639782e-01 3.380289653937024186e-01 3.642023742198946534e-01 3.776167730490366803e-01 3.914177864789964434e-01
1.166000000000000000e+05 2.958235253890353356e-01 3.069429496924081513e-01 3.203161311149596013e-01 3.338709445794424413e-01 3.598806178569792236e-01 3.725806574026743756e-01 3.864128470420835071e-01
1.167000000000000000e+05 2.921380612254142473e-01 3.035254776477815941e-01 3.163594150543210248e-01 3.295953023433684792e-01 3.546056020259854558e-01 3.671889603137969971e-01 3.797355875372883660e-01
1.168000000000000000e+05 2.882036308447522566e-01 2.979341526826226327e-01 3.117712712287905585e-01 3.232953353722886614e-01 3.477507221698757367e-01 3.585866192976633893e-01 3.713300704956051246e-01
1.169000000000000000e+05 2.825083007415136738e-01 2.894860625267032250e-01 3.025064194202420897e-01 3.146151880423219138e-01 3.383739197254177489e-01 3.471958537896474017e-01 3.597201049327848899e-01
1.170000000000000000e+05 2.714630484580992098e-01 2.774652242660522461e-01 2.899757564067831916e-01 3.012779057025909424e-01 3.243518710136409355e-01 3.330166637897491455e-01 3.435147255659103394e-01
1.171000000000000000e+05 2.570685897270831299e-01 2.608494083086662640e-01 2.744108402729025786e-01 2.849336707592009521e-01 3.078182566165919565e-01 3.130808571974436627e-01 3.242845788598064383e-01
1.172000000000000000e+05 2.395384756724024677e-01 2.417151977618553216e-01 2.556375014781945287e-01 2.661152335007983538e-01 2.885815000534054375e-01 2.899173696835835590e-01 2.995672881603247961e-01
1.173000000000000000e+05 2.187477295100667962e-01 2.187253326177614199e-01 2.325275981426233318e-01 2.443200367689145336e-01 2.636665093898770129e-01 2.635262012481689453e-01 2.691642910242073583e-01
1.174000000000000000e+05 1.926148342092823540e-01 1.892912755409885128e-01 2.050732314586635741e-01 2.150141628583282782e-01 2.347104442119596346e-01 2.295403381188710346e-01 2.355959981679884019e-01
1.175000000000000000e+05 1.592486922939613803e-01 1.535171320041020804e-01 1.727388799190521240e-01 1.838585038979848318e-01 2.016074210405349731e-01 1.951447228590647287e-01 1.985169723629924554e-01
1.176000000000000000e+05 1.212906670570359086e-01 1.190352827310552641e-01 1.388779759407047232e-01 1.519530990719785424e-01 1.684505826234819481e-01 1.603393554687500000e-01 1.658329308032971960e-01
1.177000000000000000e+05 8.567899232109141283e-02 9.021250506242074751e-02 1.109852179884916190e-01 1.241834668318411161e-01 1.408360892534258613e-01 1.372448106606801443e-01 1.372044045478099938e-01
1.178000000000000000e+05 7.094499260187143996e-02 7.963191370169363237e-02 9.226718813180923018e-02 1.074994644522662829e-01 1.191416725516320219e-01 1.218341439962387085e-01 1.242796801030632003e-01
1.179000000000000000e+05 7.061892397701721724e-02 8.261654973030073401e-02 9.236801773309707975e-02 9.944728374481201505e-02 1.133440196514130943e-01 1.141073554754257202e-01 1.170464504510163872e-01
1.180000000000000000e+05 7.948106179634734092e-02 8.680947373310725357e-02 9.336936324834824164e-02 9.972121516863505231e-02 1.099107071757317172e-01 1.128855794668197632e-01 1.146916449069976807e-01
1.181000000000000000e+05 8.359590401252126046e-02 8.856286853551863236e-02 9.365242213010789574e-02 9.886682013670605729e-02 1.081770297884941529e-01 1.118680834770202637e-01 1.147657554596662466e-01
1.182000000000000000e+05 8.380535915493961263e-02 8.759545534849172421e-02 9.276048630475985934e-02 9.746253788471230528e-02 1.067778283357620761e-01 1.110548675060272217e-01 1.145374581217765975e-01
1.183000000000000000e+05 8.272358156740658441e-02 8.606372525294632425e-02 9.098442405462255078e-02 9.562018215656283016e-02 1.051653304696083813e-01 1.095678110917409215e-01 1.139563515782356512e-01
1.184000000000000000e+05 8.106171776851021915e-02 8.424334724744166059e-02 8.905112713575355499e-02 9.358807861804957495e-02 1.034035596251488692e-01 1.079450647036234584e-01 1.127045542001725020e-01
1.185000000000000000e+05 7.914834693074225547e-02 8.228816837072372437e-02 8.709351420402521027e-02 9.165365397930144709e-02 1.014881178736687789e-01 1.061866283416748047e-01 1.113406270742416937e-01
1.186000000000000000e+05 7.739489411314322276e-02 8.075389564037334378e-02 8.527708470821376840e-02 8.987604916095739971e-02 9.979558199644099348e-02 1.046337783336639404e-01 1.098867177963256253e-01
1.187000000000000000e+05 7.587679232160242371e-02 7.949980845053999934e-02 8.396394252777099332e-02 8.854357928037645542e-02 9.837312817573551360e-02 1.034122059742609706e-01 1.087623633444308735e-01
1.188000000000000000e+05 7.467678785324093071e-02 7.871286869049072543e-02 8.325549334287643544e-02 8.795012474060058538e-02 9.752658933401103791e-02 1.025219112634658813e-01 1.078609406948089489e-01
1.189000000000000000e+05 7.416206151247024814e-02 7.874470601479212351e-02 8.321018725633619328e-02 8.793144692977271359e-02 9.733161896467208696e-02 1.022310405969619751e-01 1.073262967169284765e-01
1.190000000000000000e+05 7.501415138443311148e-02 7.980659604072570801e-02 8.413576930761335060e-02 8.856815795103706312e-02 9.712918698787693927e-02 1.015157923102378845e-01 1.063088402152061462e-01
1.191000000000000000e+05 7.601862072944642890e-02 7.988786697387692537e-02 8.391163676977154984e-02 8.790369004011155951e-02 9.642768889665601084e-02 1.003761664032936096e-01 1.046333719044924282e-01
1.192000000000000000e+05 7.635471969842892725e-02 7.835575441519400386e-02 8.202781945466970648e-02 8.539775262276326495e-02 9.344842255115493046e-02 9.656714151302973892e-02 1.012473434209824608e-01
1.193000000000000000e+05 7.299437746405609828e-02 7.362700750430443974e-02 7.770902842283274048e-02 8.095509807268753966e-02 8.909786880016302979e-02 9.164373576641082764e-02 9.638896323740470118e-02
1.194000000000000000e+05 6.753090441226974883e-02 6.740285754203816093e-02 7.136669903993592134e-02 7.448905706405659077e-02 8.312812566757181443e-02 8.560594916343688965e-02 9.084720686078022467e-02
1.195000000000000000e+05 6.125464135160046952e-02 6.104171772797902656e-02 6.499875634908638955e-02 6.815622448921221377e-02 7.690853923559171079e-02 7.973112165927886963e-02 8.514596335589844078e-02
1.196000000000000000e+05 5.498162443439149477e-02 5.510257259011260705e-02 5.906493753194790031e-02 6.249783669908839240e-02 7.166442722082129457e-02 7.545837263266245987e-02 8.116837888956053570e-02
1.197000000000000000e+05 4.970647141337362906e-02 5.103951096534752735e-02 5.492806464433655500e-02 5.870387226343139198e-02 6.786143928766244504e-02 7.278770208358764648e-02 7.869703806936752255e-02
1.198000000000000000e+05 4.692687124013886213e-02 5.132280414303132948e-02 5.542453795671467565e-02 5.995326563715932394e-02 6.930326431989672353e-02 7.615459958712260391e-02 8.137317821383484306e-02
1.199000000000000000e+05 4.806993981202494631e-02 5.591257959604236522e-02 6.005566775798808210e-02 6.499412313103644645e-02 7.412180602550511033e-02 8.256882180770237778e-02 8.733591102063668898e-02
