9.000000000000000000e+04 1.979663039706171181e-04 2.477073733541257242e-04 2.350137704442098485e-04 2.236413030000066317e-04 3.169259329939428109e-04
9.010000000000000000e+04 2.448137964860052176e-04 2.490193292655158491e-04 2.585319203159690445e-04 2.746104442174012545e-04 2.486739850158029550e-04
9.020000000000000000e+04 3.035963163140391417e-04 2.812396654435127610e-04 3.022144502762773950e-04 3.140515887468836348e-04 2.940320050451138557e-04
9.030000000000000000e+04 2.226971875851549551e-04 2.636811165606822607e-04 2.271550415540310930e-04 2.599752334423686972e-04 3.009033490424375197e-04
9.040000000000000000e+04 2.362280825850714605e-04 2.448935226951850282e-04 2.644588204632976921e-04 3.021190750927133504e-04 2.670512162180747775e-04
9.050000000000000000e+04 2.651183521027007878e-04 3.042129262180600876e-04 3.037651485485953567e-04 3.077979892646661234e-04 2.768796802584641992e-04
9.060000000000000000e+04 2.648187550176430219e-04 2.899925992471190871e-04 2.645970801903359672e-04 2.962721209587872964e-04 3.048005941357209638e-04
9.070000000000000000e+04 2.111521253632960655e-04 2.527921753251744104e-04 2.487058066445986624e-04 2.384832378821939236e-04 2.684512394084068989e-04
9.080000000000000000e+04 2.073713276619463261e-04 2.313841367686988299e-04 2.346670200516057833e-04 4.335184620121931300e-04 2.295590682680610198e-04
9.090000000000000000e+04 2.071219708170013581e-04 2.247889144859827244e-04 2.979940057309788900e-04 3.176991255187572348e-04 2.514585326114229867e-04
9.100000000000000000e+04 2.283061175400192817e-04 2.228574333299978313e-04 2.584910268840559240e-04 2.256811097625988408e-04 2.398570228125020544e-04
9.110000000000000000e+04 2.267866824486218990e-04 2.296408112741335147e-04 2.457619452702441802e-04 2.458262460984387068e-04 2.508237515713769182e-04
9.120000000000000000e+04 2.533451125057945919e-04 2.419463140960418095e-04 2.635237839349226100e-04 2.622481245985908041e-04 2.617370634837431153e-04
9.130000000000000000e+04 2.916785896314803275e-04 2.712267342605666903e-04 2.559157454508117070e-04 2.781462567932352250e-04 2.671128219399607684e-04
9.140000000000000000e+04 2.746425637919608885e-04 2.632936897518627778e-04 2.807546844451064695e-04 3.090237870474297371e-04 2.841897263618031288e-04
9.150000000000000000e+04 2.500481710669866958e-04 2.700869485895745679e-04 2.681193953257116048e-04 2.899478155464514238e-04 2.740581928897058194e-04
9.160000000000000000e+04 2.463873281702501816e-04 2.569006388911048528e-04 2.902779760159215927e-04 2.920106000881616615e-04 2.856314188662253993e-04
9.170000000000000000e+04 2.643188958289081100e-04 2.662040839531604241e-04 3.075662503810737869e-04 2.888904519820627054e-04 2.932889210425687664e-04
9.180000000000000000e+04 2.560149193786963751e-04 2.814092525111008846e-04 2.990582999892258927e-04 2.761570482824407275e-04 2.991699026205206524e-04
9.190000000000000000e+04 2.575206449531536150e-04 2.792941467772119932e-04 2.922650721205236860e-04 2.873865412751254586e-04 3.002203103160922893e-04
9.200000000000000000e+04 2.833627216558273830e-04 2.794149357259229256e-04 3.078348932873147177e-04 4.030808122406377009e-04 3.122777467043435042e-04
9.210000000000000000e+04 2.884270799309750959e-04 2.969885179723566124e-04 3.408705744999665954e-04 3.267611698574991708e-04 2.988564588946522713e-04
9.220000000000000000e+04 3.087954856963871894e-04 2.897652520764366435e-04 3.752030438145137633e-04 3.005004245646032950e-04 3.497188822740274921e-04
9.230000000000000000e+04 3.007881025567945123e-04 3.288643014633382345e-04 3.480803525936530200e-04 3.288002705668443973e-04 3.468335041078619038e-04
9.240000000000000000e+04 3.002219674368055628e-04 3.119500719567414211e-04 3.521637089006240300e-04 3.199568929995124820e-04 3.334304062058052230e-04
9.250000000000000000e+04 2.974620120671529603e-04 3.096492337999208868e-04 3.384981728357451839e-04 3.181684325434973510e-04 3.365352632549782033e-04
9.260000000000000000e+04 3.030565401215489472e-04 3.231068543501920253e-04 3.354343922478405051e-04 3.316303862495174719e-04 3.415733525418646424e-04
9.270000000000000000e+04 2.955343836630156570e-04 2.957728238020456498e-04 3.500487779797677862e-04 3.180522377153805662e-04 3.494646712698909778e-04
9.280000000000000000e+04 2.956325226137008957e-04 3.403935079301607458e-04 3.489804168882758360e-04 3.324523131827536102e-04 3.398914302760429741e-04
9.290000000000000000e+04 2.876975169838291257e-04 4.219095862055244860e-04 3.867826370749023377e-04 3.379650847735509930e-04 3.536274703901796284e-04
9.300000000000000000e+04 3.014604292484620012e-04 3.198999838653925390e-04 3.865705547236970244e-04 3.394421278855264622e-04 3.400956857443389195e-04
9.310000000000000000e+04 3.058966140067940305e-04 2.955827558527696053e-04 3.823811432666819349e-04 3.411484836141726279e-04 3.396151150490573376e-04
9.320000000000000000e+04 3.089698883130971552e-04 3.147190473550140954e-04 3.729491863730116652e-04 3.310933565562487963e-04 3.511972238750776885e-04
9.330000000000000000e+04 2.984679202877806741e-04 2.946140275054398290e-04 4.116393814361266014e-04 3.223257250857410028e-04 3.459400566792382730e-04
9.340000000000000000e+04 3.113800669012511306e-04 3.100195320166924473e-04 3.751758946734587972e-04 3.358587351181489388e-04 3.545019315228429245e-04
9.350000000000000000e+04 3.091435831868998723e-04 3.202157387203933918e-04 3.603936270720443859e-04 3.217950434467299831e-04 3.701899942334986333e-04
9.360000000000000000e+04 3.028768120241099996e-04 3.165080711812170750e-04 4.123816570067003135e-04 3.185950890670694968e-04 5.196549526413235011e-04
9.370000000000000000e+04 2.943407033558423499e-04 3.229466914294556903e-04 4.076576878391912750e-04 3.365423357563878662e-04 3.443377413662269872e-04
9.380000000000000000e+04 3.079551821602634376e-04 3.329525004705018664e-04 4.706963886838451947e-04 3.252848954660064783e-04 3.835552638493158186e-04
9.390000000000000000e+04 3.106783431290047518e-04 3.235174383584934381e-04 4.748864579299806035e-04 3.284398447512815438e-04 3.596871174404739314e-04
9.400000000000000000e+04 3.053395921636775884e-04 2.963713094643755379e-04 3.613379640903353288e-04 3.483346941555723808e-04 3.448509451503745842e-04
9.410000000000000000e+04 3.412828878109168949e-04 3.204342950086737146e-04 3.463054501235631908e-04 3.401804831661699819e-04 3.453331759636855936e-04
9.420000000000000000e+04 3.345225431182611599e-04 3.276950844316709908e-04 3.338263287793764573e-04 3.741430786335601792e-04 3.457163909424495096e-04
9.430000000000000000e+04 3.374966094841109219e-04 3.230355512512995985e-04 3.359628779818783686e-04 3.610488556246391634e-04 4.150134493076061411e-04
9.440000000000000000e+04 3.033314968003769868e-04 3.316792916100958595e-04 3.323822290891319318e-04 3.415715179941588371e-04 4.328524512735436617e-04
9.450000000000000000e+04 3.092810714093914299e-04 3.281141891830416379e-04 3.121262376084449363e-04 3.402009612710070506e-04 3.888960776923046413e-04
9.460000000000000000e+04 3.106154257266258612e-04 3.262790696092175442e-04 3.232817592330351894e-04 3.179024738020188386e-04 3.498201626802532015e-04
9.470000000000000000e+04 3.027354263444681330e-04 3.146742835929321538e-04 3.288639805236951005e-04 3.288539524699168924e-04 3.479000969934661555e-04
9.480000000000000000e+04 3.139066449394545158e-04 3.179115814309606551e-04 3.551693887324929326e-04 3.306043552950757168e-04 3.633430882327640522e-04
9.490000000000000000e+04 2.963647047817360341e-04 3.168984446911507383e-04 3.388398795936962862e-04 4.025318669781856123e-04 3.451516474193390351e-04
9.500000000000000000e+04 3.007722491416234961e-04 3.111828419004473230e-04 3.359422339452805637e-04 3.285038855827409916e-04 3.412201120783660540e-04
9.510000000000000000e+04 3.038637389363342415e-04 2.947820518076579334e-04 3.252317259919734510e-04 3.385614175735195174e-04 3.357704806853401567e-04
9.520000000000000000e+04 3.097823494775717558e-04 3.288404463032053868e-04 3.251467289638477337e-04 3.249108188379084801e-04 3.503671549803590328e-04
9.530000000000000000e+04 3.509741887312918160e-04 3.580997633183979792e-04 3.325255432417575322e-04 3.274419998678357552e-04 3.422175488890153686e-04
9.540000000000000000e+04 3.207120026856914740e-04 3.273644657329243587e-04 3.465965433646697323e-04 3.411515493395074093e-04 3.611553454377077290e-04
9.550000000000000000e+04 3.123952532632193494e-04 3.356320697744344817e-04 3.570868374203868350e-04 3.366722370222875304e-04 3.544694444635264189e-04
9.560000000000000000e+04 2.993995387434147861e-04 3.371463308619589518e-04 3.505713329420588392e-04 3.664106743382019335e-04 3.685633297567806666e-04
9.570000000000000000e+04 3.030662614381718399e-04 3.258131378940518010e-04 3.304658341103879115e-04 3.494235765426862241e-04 3.313589989453824894e-04
9.580000000000000000e+04 3.397763059570157659e-04 3.245959914942373576e-04 3.361703148286260615e-04 3.393051030123551883e-04 3.531348983675983676e-04
9.590000000000000000e+04 3.273989229565180820e-04 3.235088874804363285e-04 3.421863040896583677e-04 3.442660270631288377e-04 3.513522132695294574e-04
9.600000000000000000e+04 2.996014208032239516e-04 3.325331159022559282e-04 3.228451777363215269e-04 3.348864655900192348e-04 3.543966534872349059e-04
9.610000000000000000e+04 3.154056610355604300e-04 3.276822101102519892e-04 3.270557038843056917e-04 3.415522679597382321e-04 3.690594337771705194e-04
9.620000000000000000e+04 3.105049615662281923e-04 3.895975504518778623e-04 3.407693062416058483e-04 3.403854746350076354e-04 3.584700751103471971e-04
9.630000000000000000e+04 3.746164401245419338e-04 3.280717378189773386e-04 3.435446680561118839e-04 3.305237722728149178e-04 3.579356514206091669e-04
9.640000000000000000e+04 3.389180125409868680e-04 3.052153106901051645e-04 3.393773998105991513e-04 3.473985926690985413e-04 3.307613329808419553e-04
9.650000000000000000e+04 3.322798457693948351e-04 3.539571992095520789e-04 3.530562308455855694e-04 3.534315598798083388e-04 3.565497407321738450e-04
9.660000000000000000e+04 3.165422414471668450e-04 3.449356466969482064e-04 3.735362122887292890e-04 3.789504540849827994e-04 3.696824654011385009e-04
9.670000000000000000e+04 3.241271544595112708e-04 3.432024790366006140e-04 3.737403614972745073e-04 3.751901060883855443e-04 3.803624376953426722e-04
9.680000000000000000e+04 3.263377789738451207e-04 3.341187181184846009e-04 3.361085971794054825e-04 3.425812749608494502e-04 3.831591957080365232e-04
9.690000000000000000e+04 3.080475773609908717e-04 3.264281100682463730e-04 3.263928428257022976e-04 3.660877766508748715e-04 3.492519994796103159e-04
9.700000000000000000e+04 3.166032747279010095e-04 3.297752416745375662e-04 3.355017339676820269e-04 3.397798750125881166e-04 3.507206585187361801e-04
9.710000000000000000e+04 3.036629602786959235e-04 3.224430443408464811e-04 3.377997142755129320e-04 3.447115655438038316e-04 3.718487609437672882e-04
9.720000000000000000e+04 3.087306011850425645e-04 3.304874228309655757e-04 3.525691263396553226e-04 3.375028860905985141e-04 3.457796954624019117e-04
9.730000000000000000e+04 3.107689372267683652e-04 3.159738878204356501e-04 3.469760203815655552e-04 3.449975083315551163e-04 3.499408801110461898e-04
9.740000000000000000e+04 3.085619198806410627e-04 3.371347746227952710e-04 3.558128740030086393e-04 3.494908400545396459e-04 3.282846096237523339e-04
9.750000000000000000e+04 3.205641555569818083e-04 3.333545341688934783e-04 3.537593441149483272e-04 3.669478361670002863e-04 3.575238759220343392e-04
9.760000000000000000e+04 3.257342203045181131e-04 3.218232129434942163e-04 3.545107630509310810e-04 4.052424777996489606e-04 3.596010106695892100e-04
9.770000000000000000e+04 3.124715349890896336e-04 3.386254752302302268e-04 3.584224680453549196e-04 5.867765370217148651e-04 3.617291837984192796e-04
9.780000000000000000e+04 3.901185329687493824e-04 3.368343512879316262e-04 3.543576586831327451e-04 6.209014786105052693e-04 3.470296761900984895e-04
9.790000000000000000e+04 3.635009891961389541e-04 3.565878538659612873e-04 3.706059414610779674e-04 3.954950811718847999e-04 3.494172678910148510e-04
9.800000000000000000e+04 3.247642970287347884e-04 3.661996977630736067e-04 3.314526588042931120e-04 3.417214505138721015e-04 3.635129011309025078e-04
9.810000000000000000e+04 3.241779454209171006e-04 4.132717968891318791e-04 3.454355087662239763e-04 3.451175529677508896e-04 3.637086279080917542e-04
9.820000000000000000e+04 3.316934819812301385e-04 4.107433093629018670e-04 3.636544838614534929e-04 3.616668537824560461e-04 3.760831173643068960e-04
9.830000000000000000e+04 3.303390971443966083e-04 4.124274424140332920e-04 3.351997599690015209e-04 3.692817229289563396e-04 3.620021992038486690e-04
9.840000000000000000e+04 3.198036080261616601e-04 3.356119112342367578e-04 3.504575779497971061e-04 3.630800623442085717e-04 3.540874191349616010e-04
9.850000000000000000e+04 3.244463369426566000e-04 3.397235931979008475e-04 3.626205590400891987e-04 3.667588518047314736e-04 3.820777795374474318e-04
9.860000000000000000e+04 3.321277005912612063e-04 3.357956988225319658e-04 3.478637151157066816e-04 3.549683294298343708e-04 3.710292448891227483e-04
9.870000000000000000e+04 3.383519787018309227e-04 3.475946753386738243e-04 3.654948931977308464e-04 3.680580803900598895e-04 3.713112802486538016e-04
9.880000000000000000e+04 3.412025721384569221e-04 3.463863162620355626e-04 3.804578939065841230e-04 3.824733381230181186e-04 4.045552312853431098e-04
9.890000000000000000e+04 3.374533908896415468e-04 3.443150722780007902e-04 4.090969570899997162e-04 3.730189404681546594e-04 3.827908386601856631e-04
9.900000000000000000e+04 3.277566731132265177e-04 3.529989502971593064e-04 4.109976644465602406e-04 3.871655678591653677e-04 3.704058890125905691e-04
9.910000000000000000e+04 3.408555987317961724e-04 4.147640451060431699e-04 4.041252495683521741e-04 4.127431853956834264e-04 3.974839657319612671e-04
9.920000000000000000e+04 3.581618923351136390e-04 3.983293851858831901e-04 4.137348178610012199e-04 4.046143424899270699e-04 4.122537665025027571e-04
9.930000000000000000e+04 3.771683185944339203e-04 4.488594215136143431e-04 4.495506283642516400e-04 4.445478715527828497e-04 4.302752339656216530e-04
9.940000000000000000e+04 3.655132909583768395e-04 4.353364796839156699e-04 4.287858119677845077e-04 4.571524958734402943e-04 4.317806168467278201e-04
9.950000000000000000e+04 3.750958584386228519e-04 3.735057258006676097e-04 4.388574805161804104e-04 4.077280553000800500e-04 4.426924291103066507e-04
9.960000000000000000e+04 3.645905116773374673e-04 4.531356340397707906e-04 4.429236176207839576e-04 4.404824319187687241e-04 4.528722372599123429e-04
9.970000000000000000e+04 3.574532499385838619e-04 4.442671395292699540e-04 4.221815529692669357e-04 4.035161224719104110e-04 4.275144380499113807e-04
9.980000000000000000e+04 3.537321386929433002e-04 5.560085557305005513e-04 4.266466996138788001e-04 4.077121813050694436e-04 3.983758813212936881e-04
9.990000000000000000e+04 3.935368532916045238e-04 5.159783089989549484e-04 4.275375905562113781e-04 4.749409806433120811e-04 4.074019917447277341e-04
1.000000000000000000e+05 3.759927695422502500e-04 7.154404091162023084e-04 4.364510070070245443e-04 3.866109358383867781e-04 4.445052611052691745e-04
1.001000000000000000e+05 3.869773985739234233e-04 6.444591502838998036e-04 5.033893128423965477e-04 4.063904180026274289e-04 4.141702635033430607e-04
1.002000000000000000e+05 3.946096545941869902e-04 7.685102150522877444e-04 5.205088595835461992e-04 3.746335738350454829e-04 4.143144614308851372e-04
1.003000000000000000e+05 3.782945963187503945e-04 7.307799791846767866e-04 4.959033504292500831e-04 4.273893493895675405e-04 3.912064296377236266e-04
1.004000000000000000e+05 3.794700759867471380e-04 7.206022373563222968e-04 5.195851900021883872e-04 3.984724685646545000e-04 4.112167140889124058e-04
1.005000000000000000e+05 3.899206354746121480e-04 7.616933165544814395e-04 4.975962883723295937e-04 4.303072073492133186e-04 4.127157711999516316e-04
1.006000000000000000e+05 4.257891100544007449e-04 8.742579121205020952e-04 5.474242587666129775e-04 4.372937771594569622e-04 4.003653952896587729e-04
1.007000000000000000e+05 4.775046875000484958e-04 9.465235547617033762e-04 5.844713918477824474e-04 4.098244367506883343e-04 4.135679598032653958e-04
1.008000000000000000e+05 4.617481487455888148e-04 9.976249584450372181e-04 5.673375499824589952e-04 3.915168277348073014e-04 4.212492904531091602e-04
1.009000000000000000e+05 4.699008046515436212e-04 9.388660098738265888e-04 5.525384693715922535e-04 4.420792425293590161e-04 4.439087120685365870e-04
1.010000000000000000e+05 4.185240062308216648e-04 7.474731767652955609e-04 5.028783944915427365e-04 4.583657239836462201e-04 4.151121782651117980e-04
1.011000000000000000e+05 4.067837551484488430e-04 6.198712392874738703e-04 4.867226196532598893e-04 4.205422330431678657e-04 4.360528060538034888e-04
1.012000000000000000e+05 4.766778054468613916e-04 6.933031854456458585e-04 5.441253112756172733e-04 4.337099581537033014e-04 4.418056936969046904e-04
1.013000000000000000e+05 5.558645305588712400e-04 7.678568386493994126e-04 5.777845081722248095e-04 4.629302993388155225e-04 4.438849297103810766e-04
1.014000000000000000e+05 4.567877663089695700e-04 7.507175833663377960e-04 5.040991640106209882e-04 4.438261838890103853e-04 4.430267769014639614e-04
1.015000000000000000e+05 4.034417850032718470e-04 5.294451300951937564e-04 4.516332955757629795e-04 4.435939146575229998e-04 4.333838574435171427e-04
1.016000000000000000e+05 3.533756273136741074e-04 4.158343323715195925e-04 4.228837314243682121e-04 4.075332809445660217e-04 4.259259699371899851e-04
1.017000000000000000e+05 3.693261677255491688e-04 4.041112729959190773e-04 4.147247258986489654e-04 3.900637533967028347e-04 4.083168043135090635e-04
1.018000000000000000e+05 4.211236703264576711e-04 5.944665916806727559e-04 4.772164559948144239e-04 4.279360540809119123e-04 4.599096758486750296e-04
1.019000000000000000e+05 4.220684261853628778e-04 6.954234611390524255e-04 5.103667816377230240e-04 4.542256031474043040e-04 4.369123889191410537e-04
1.020000000000000000e+05 4.696387057628930925e-04 7.142304402766758457e-04 5.250073557799191668e-04 4.483653820195771531e-04 4.852943114099727792e-04
1.021000000000000000e+05 4.020392895816547480e-04 8.458772431254131183e-04 4.930451384747281101e-04 4.149936719220196539e-04 4.836086866546685176e-04
1.022000000000000000e+05 3.953776505118978537e-04 6.159188676027295894e-04 4.497056072769593012e-04 4.268353369744245216e-04 4.512292177439882986e-04
1.023000000000000000e+05 4.001159734867777208e-04 4.639410174306757674e-04 4.576852293042977106e-04 4.487247926218526552e-04 4.776976000958407667e-04
1.024000000000000000e+05 4.020386588116215375e-04 4.486377099890235132e-04 4.231623043840974474e-04 4.505382762939577667e-04 4.474905268712855728e-04
1.025000000000000000e+05 3.958706811878416371e-04 4.590532994269227204e-04 4.151038714355647676e-04 4.611885339934206247e-04 4.548736955277710723e-04
1.026000000000000000e+05 3.921009697127265567e-04 4.407936863429021959e-04 4.471557377451632694e-04 4.632258408054631201e-04 4.475364833260032493e-04
1.027000000000000000e+05 3.850624902793407063e-04 4.361571661019858492e-04 4.321652961367387544e-04 4.588287118208634750e-04 4.519995101006284242e-04
1.028000000000000000e+05 4.015554749883734490e-04 4.328731898957318574e-04 4.293494786739403680e-04 4.544463548354521509e-04 4.606910069433393473e-04
1.029000000000000000e+05 3.910424980032302616e-04 4.781480436095561417e-04 4.564851206095975767e-04 5.032604579602205841e-04 4.614528064643018596e-04
1.030000000000000000e+05 3.871131403700711626e-04 5.422699034586855307e-04 4.414663274943371007e-04 4.868244098201842036e-04 4.560011107068816369e-04
1.031000000000000000e+05 3.875166742411803784e-04 4.239522222175789827e-04 4.329894777143272408e-04 4.851239413721168247e-04 4.746076021059493456e-04
1.032000000000000000e+05 3.908330471393819602e-04 4.065676216140977459e-04 3.997517356765349921e-04 4.747834768641742849e-04 4.353282269125989166e-04
1.033000000000000000e+05 3.893547323943995892e-04 4.413132084271823409e-04 4.110473488792082343e-04 5.112608265544606526e-04 4.599097148999730864e-04
1.034000000000000000e+05 4.007947661172922170e-04 4.328265930339147060e-04 4.169822474063975470e-04 4.260977520967214999e-04 4.754350629416588471e-04
1.035000000000000000e+05 3.540551565794348402e-04 4.138106348379267177e-04 4.347390990091236666e-04 4.497927568229772460e-04 4.234241255544947424e-04
1.036000000000000000e+05 3.691663919493436228e-04 4.190628605892074204e-04 4.181410526948888375e-04 4.496515853198969023e-04 4.466119357059724184e-04
1.037000000000000000e+05 3.567839815513308309e-04 4.413364321749728555e-04 3.929006877047089437e-04 4.352601856016389062e-04 4.288073541339013106e-04
1.038000000000000000e+05 3.694678368099470244e-04 4.078548683719305980e-04 4.426042721107880914e-04 5.279165271450385766e-04 4.346775441159963583e-04
1.039000000000000000e+05 3.531471573563662713e-04 4.872492872574525082e-04 4.555485287101720070e-04 5.025799824366700619e-04 4.616329990751348654e-04
1.040000000000000000e+05 3.663890678922322058e-04 4.810127883486402830e-04 3.914210797305507530e-04 4.666698686820486709e-04 4.192422572018795405e-04
1.041000000000000000e+05 3.558381805933822392e-04 4.235672637924646163e-04 4.753256049821975512e-04 5.983875664242513902e-04 4.315405951504001046e-04
1.042000000000000000e+05 3.622528667882394106e-04 4.940585892389159255e-04 5.147953845296567802e-04 7.858525250155900003e-04 4.099402201389965180e-04
1.043000000000000000e+05 3.628199982586015511e-04 5.620378881960988492e-04 4.991725666697616626e-04 6.063953074081914829e-04 4.341905749375072048e-04
1.044000000000000000e+05 3.748953122695219617e-04 5.206413339137049186e-04 5.033855625116243765e-04 6.160113661128750100e-04 4.262941797761605057e-04
1.045000000000000000e+05 3.781926949135865947e-04 5.697796974602511956e-04 6.496001472436702335e-04 7.777948244660742427e-04 4.427180799032402053e-04
1.046000000000000000e+05 3.879801548083410142e-04 6.830001356324978679e-04 6.199551290773253759e-04 7.368311179150793594e-04 4.255527409062994683e-04
1.047000000000000000e+05 3.728350795039217470e-04 6.619375284379573751e-04 5.459944167462029265e-04 6.556370005399577653e-04 4.162505497591885927e-04
1.048000000000000000e+05 3.879263449803702513e-04 5.905506828361552565e-04 7.131003734172039910e-04 7.443490016857115185e-04 4.609161427320060270e-04
1.049000000000000000e+05 3.776324244473125620e-04 6.913560598646999612e-04 8.162576236003712396e-04 7.894708102693038165e-04 4.470244909981806658e-04
1.050000000000000000e+05 3.997181820762022841e-04 6.889302125897190819e-04 8.706535101669194386e-04 8.009365368816901776e-04 4.729779200043763058e-04
1.051000000000000000e+05 4.114989948088857092e-04 7.036195423449297624e-04 1.200282598735174502e-03 9.343959052436380530e-04 4.742927942047651230e-04
1.052000000000000000e+05 4.356687599856433769e-04 8.884928230089067427e-04 1.359602278786099794e-03 1.015201561201511775e-03 4.801995390103761018e-04
1.053000000000000000e+05 4.060429230366600852e-04 9.841408616202511599e-04 1.419861592421436470e-03 9.780029265491860680e-04 4.934193456251303360e-04
1.054000000000000000e+05 4.133431609197710417e-04 9.466175145220940591e-04 1.271118228049728524e-03 8.125685976623189984e-04 4.853842102046909473e-04
1.055000000000000000e+05 3.878864324475006530e-04 8.363385387527451625e-04 8.952822024819187758e-04 7.138493970634884412e-04 4.737883201631846444e-04
1.056000000000000000e+05 4.366934843522126222e-04 6.286657851868606654e-04 1.015724108537806748e-03 7.543730781902856491e-04 4.568946948878748957e-04
1.057000000000000000e+05 4.206363724136548757e-04 6.976963969876923220e-04 1.375252524628870713e-03 8.720941593293777237e-04 4.990551988872877001e-04
1.058000000000000000e+05 4.183278183360529144e-04 7.664802939271001545e-04 1.517167143476792985e-03 8.790004572751686923e-04 4.916662694433730817e-04
1.059000000000000000e+05 4.436409005240085266e-04 7.900407648460843531e-04 1.616705193442769797e-03 9.422013760918531225e-04 5.347898728563227344e-04
1.060000000000000000e+05 4.479967088537724850e-04 8.483393975806028092e-04 1.696408523226495494e-03 1.029421156013431973e-03 5.755209254166424515e-04
1.061000000000000000e+05 4.370008179661020206e-04 8.112753252951942920e-04 1.585310952024815466e-03 9.830467712033958555e-04 5.764841590770134350e-04
1.062000000000000000e+05 4.147100981710375887e-04 7.522854471037565766e-04 1.293102828785330696e-03 9.020355925721492600e-04 5.784153376419224344e-04
1.063000000000000000e+05 3.871929192284988904e-04 6.507357892734260719e-04 1.193992883796795136e-03 8.594232559170516574e-04 5.203816995241803247e-04
1.064000000000000000e+05 3.672911136432623395e-04 6.243880732326067455e-04 9.212466573964421014e-04 6.728585494949892521e-04 5.270093968114726189e-04
1.065000000000000000e+05 3.652389835345258378e-04 5.522268186716414997e-04 1.079774449582235297e-03 7.674836118714019719e-04 4.957382505147207461e-04
1.066000000000000000e+05 3.978510729058997515e-04 5.466989019073254918e-04 1.469328744282573070e-03 9.328079978833882409e-04 5.714527228433545795e-04
1.067000000000000000e+05 4.133569505825575243e-04 6.680456427703859940e-04 1.741686241479470853e-03 1.034106583545119041e-03 6.218632555310173041e-04
1.068000000000000000e+05 4.242999986067550106e-04 7.407232044155325585e-04 1.623646140636737789e-03 1.028278960413432468e-03 6.303420429676644642e-04
1.069000000000000000e+05 4.006776392732096714e-04 7.285435013283503682e-04 1.400036144961615747e-03 8.380049428483140120e-04 6.070487802993968255e-04
1.070000000000000000e+05 4.123159255704217504e-04 6.616178818997102461e-04 1.320142547390067795e-03 8.136044469471087701e-04 5.599415030666794572e-04
1.071000000000000000e+05 4.033716040524544565e-04 6.091910703399528587e-04 1.409856315648389067e-03 8.620682611704150611e-04 5.651093046360127587e-04
1.072000000000000000e+05 4.018051830475562582e-04 6.834380386771767750e-04 1.727691048084015668e-03 1.024293489792600697e-03 5.925277235538747205e-04
1.073000000000000000e+05 4.262673423097575556e-04 7.473471319795954235e-04 2.065748363981996516e-03 1.045067525986275803e-03 6.629420286446812685e-04
1.074000000000000000e+05 4.341313116023378261e-04 8.395837425020860481e-04 2.156251801207893955e-03 1.024291475547640853e-03 6.555195723389057845e-04
1.075000000000000000e+05 4.286034745060064840e-04 8.626091284777548775e-04 2.127937722619003148e-03 1.090385402672768966e-03 6.756243153154242644e-04
1.076000000000000000e+05 3.939574675633095309e-04 8.854504089835492581e-04 1.870101675107399769e-03 9.630140668379356776e-04 6.853053479157983699e-04
1.077000000000000000e+05 3.963559239204223557e-04 8.457183556081388246e-04 1.975463273349691625e-03 1.023814967271098348e-03 6.804228066089645964e-04
1.078000000000000000e+05 4.091110567872668176e-04 9.226258646204904892e-04 2.218474582297574101e-03 1.035757977792771661e-03 6.618412321180173336e-04
1.079000000000000000e+05 3.909739501735653424e-04 9.416434664971046545e-04 2.191048104091413134e-03 9.110141852310470016e-04 6.672185741061863315e-04
1.080000000000000000e+05 5.110838708050181129e-04 8.461947991760261200e-04 1.702631179701280572e-03 7.321009055426582878e-04 6.218528881405755099e-04
1.081000000000000000e+05 4.387082633191655189e-04 7.296239164620153166e-04 8.470458659618509923e-04 4.900470773555028279e-04 5.358108856491869713e-04
1.082000000000000000e+05 5.921086400869553798e-04 5.178328665909095714e-04 7.793385397833613171e-04 5.243551971257420568e-04 4.682839658762758266e-04
1.083000000000000000e+05 4.110562520876109068e-04 5.382686329734032420e-04 8.511625060211906952e-04 5.807750388821489741e-04 5.480814549188708701e-04
1.084000000000000000e+05 4.475525957131144036e-04 5.534797912701881024e-04 9.231865063655091954e-04 6.063284145979659298e-04 5.335488843141029643e-04
1.085000000000000000e+05 4.304749973939169948e-04 5.853264591950494431e-04 1.124561277260153905e-03 6.309170192267136903e-04 5.822687018222572541e-04
1.086000000000000000e+05 3.975910941562811152e-04 6.245530568139114535e-04 9.632568176831681449e-04 5.619928571474015408e-04 5.845692433262980820e-04
1.087000000000000000e+05 4.004413089293125481e-04 5.821570630431729260e-04 9.222952258546629391e-04 5.726038690071930072e-04 5.515613093012045488e-04
1.088000000000000000e+05 4.053559216621210100e-04 5.899196779497920635e-04 1.075982506513113853e-03 5.916995918367240525e-04 5.254144103897553627e-04
1.089000000000000000e+05 4.015202813228379002e-04 6.412290305878266469e-04 1.045282346366813945e-03 6.332150078295116849e-04 6.086323353970455414e-04
1.090000000000000000e+05 4.320787870742737223e-04 7.120800285550533135e-04 1.303186870438334489e-03 7.256504876468201611e-04 5.970465827196916753e-04
1.091000000000000000e+05 4.796234246281597135e-04 8.973258456030347831e-04 1.647355688225654504e-03 8.032571100235878260e-04 7.215910915096976569e-04
1.092000000000000000e+05 4.503929957659399529e-04 1.076074375949251979e-03 1.718798988521577425e-03 8.770986372122713216e-04 8.001096339782462225e-04
1.093000000000000000e+05 3.987860168546119308e-04 1.020801127215766133e-03 1.396032968618972749e-03 7.259895371670242042e-04 7.598720229378000748e-04
1.094000000000000000e+05 4.314550492528775147e-04 8.278158236018566107e-04 1.348793960570171839e-03 6.554691956540373461e-04 6.687934450808441338e-04
1.095000000000000000e+05 5.253392725671858282e-04 7.920485261665459378e-04 1.387019900471102600e-03 6.912440147920904422e-04 7.173526481426175782e-04
1.096000000000000000e+05 4.255196575933072978e-04 7.972339589541176672e-04 1.154647758363660246e-03 6.386555962993630941e-04 7.370999449648205429e-04
1.097000000000000000e+05 4.116074679992700659e-04 7.331133189832111279e-04 1.051664660803631763e-03 5.497278016021692627e-04 6.394642425016771204e-04
1.098000000000000000e+05 4.090141414949953784e-04 6.769119595900358879e-04 9.665102212898916446e-04 5.236290508226112668e-04 5.986531396489435481e-04
1.099000000000000000e+05 3.738614728630035994e-04 6.302310687153645386e-04 8.757649012938905535e-04 5.047324981899270610e-04 5.592181294834417619e-04
1.100000000000000000e+05 3.743360923161987547e-04 5.876492524632523275e-04 8.611521526932508497e-04 4.691275245995053388e-04 5.442381568308138004e-04
1.101000000000000000e+05 4.013916925542657457e-04 5.947646063889178245e-04 9.416800823435178243e-04 4.619047264504689133e-04 5.317470198035521931e-04
1.102000000000000000e+05 3.834981711290623842e-04 6.299183946007308162e-04 8.845808667414298667e-04 4.338399655743366235e-04 5.635085199455634915e-04
1.103000000000000000e+05 3.822753575109089606e-04 5.869288303109747220e-04 7.026526758260730633e-04 4.230524737660932384e-04 5.328041031171453596e-04
1.104000000000000000e+05 3.570909017669743096e-04 4.990439792311631827e-04 4.621676384987536334e-04 4.088592474564521628e-04 4.593109701515148873e-04
1.105000000000000000e+05 3.850634724442738568e-04 4.116026710956988762e-04 4.202098335622575227e-04 4.086969373727660556e-04 4.293872889717359042e-04
1.106000000000000000e+05 3.816548874406623941e-04 3.852064499920329729e-04 4.101164584579469275e-04 4.258199107573803978e-04 4.234321521154752800e-04
1.107000000000000000e+05 3.640395204164745377e-04 3.958243573299263058e-04 4.345672317592640848e-04 4.012162726100411241e-04 4.303602601617525667e-04
1.108000000000000000e+05 3.571741814960791039e-04 3.829332904397956551e-04 4.594839925781671244e-04 3.810841236047792023e-04 4.231060074745555586e-04
1.109000000000000000e+05 3.432668905527259669e-04 3.715235055366971533e-04 4.215275412357097243e-04 4.181845214918712716e-04 4.234936596830538892e-04
1.110000000000000000e+05 3.455986589629290572e-04 3.975885326414179397e-04 4.545841501976858419e-04 4.087126474481616928e-04 4.233832316910063277e-04
1.111000000000000000e+05 3.722540397236713235e-04 3.659973463381841646e-04 5.332047410500230077e-04 4.235073385168790206e-04 4.254235824062020644e-04
1.112000000000000000e+05 3.629056686686029190e-04 4.193883013815346140e-04 6.964902386111834591e-04 4.279829729618127169e-04 4.454993880008784675e-04
1.113000000000000000e+05 3.742428368851163814e-04 4.074008752419454706e-04 5.879362436608095771e-04 4.040603612858372157e-04 4.153274269088129368e-04
1.114000000000000000e+05 3.647634767782575440e-04 4.011910743355243504e-04 4.467382749970565570e-04 4.051192666245181538e-04 4.272767661608808118e-04
1.115000000000000000e+05 3.658651338976118511e-04 3.961198868661577758e-04 4.766420103281463188e-04 4.141117295934235382e-04 4.249112025774544159e-04
1.116000000000000000e+05 3.863892564956012375e-04 4.069269279983309573e-04 5.029499636787207375e-04 4.468578600912158534e-04 4.571600163050213730e-04
1.117000000000000000e+05 3.751308146193578583e-04 4.102272149372508192e-04 5.275846769283908328e-04 4.174383611989160021e-04 4.366755828627766822e-04
1.118000000000000000e+05 3.636661889229119392e-04 3.890524022309622704e-04 4.284089502678018607e-04 4.403791138130907536e-04 4.549078779843214763e-04
1.119000000000000000e+05 3.528950390128225830e-04 3.909289370627330403e-04 3.621275815420342656e-04 4.075687290817872643e-04 4.265575705330384992e-04
1.120000000000000000e+05 3.670413883466464781e-04 3.733806044484250480e-04 3.933929898690542411e-04 4.164818934972916832e-04 4.309370885572346766e-04
1.121000000000000000e+05 3.888402865413424087e-04 3.716179397884811697e-04 4.443237055072960786e-04 4.075753810295933209e-04 4.159027171079032270e-04
1.122000000000000000e+05 3.806583605269107072e-04 3.945584347401268044e-04 6.621740460070105585e-04 4.328318555085812979e-04 4.230798506506479361e-04
1.123000000000000000e+05 3.866479083994362386e-04 4.209115513805467934e-04 9.749727090061637317e-04 4.558115749147308160e-04 4.345706922319314525e-04
1.124000000000000000e+05 4.003878437225911829e-04 4.497433351369712956e-04 9.992872780014399724e-04 4.506385497184108783e-04 4.769197248788021844e-04
1.125000000000000000e+05 4.023086760580562552e-04 4.400360414215620216e-04 6.820420363238016053e-04 4.102125803129731533e-04 4.619603048295790881e-04
1.126000000000000000e+05 3.968843617511454407e-04 4.394250748023105740e-04 5.469281823288794442e-04 4.451859919189811031e-04 4.694602975662334212e-04
1.127000000000000000e+05 4.014116938994262093e-04 4.320265148109494178e-04 8.124915545060468029e-04 4.499624057462390018e-04 4.648130050889664761e-04
1.128000000000000000e+05 4.158754904342937741e-04 4.147270756590158789e-04 7.281540582779290945e-04 4.472935994723210959e-04 4.682331073776739463e-04
1.129000000000000000e+05 4.043013959092018293e-04 4.132002396788982709e-04 7.223005742618230371e-04 4.585967984168234034e-04 4.636738592315403054e-04
1.130000000000000000e+05 3.931078097834476157e-04 4.076096632487511339e-04 9.289533793019390815e-04 4.403636127751032136e-04 4.341859864210265846e-04
1.131000000000000000e+05 4.029244758375822070e-04 4.318014878103306983e-04 8.588659817640673924e-04 4.616450884836141013e-04 4.529444487656262685e-04
1.132000000000000000e+05 3.888719848197830123e-04 4.375073496860163737e-04 5.591065968559966702e-04 4.335783619319638388e-04 4.679384757369579569e-04
1.133000000000000000e+05 3.862149011843550171e-04 4.154495088908970592e-04 4.721577444115000657e-04 4.263879404953679680e-04 4.352469484261164783e-04
1.134000000000000000e+05 3.965154421278850377e-04 4.097005812633301497e-04 6.786315907423699128e-04 4.344023564734345033e-04 4.516113158057771283e-04
1.135000000000000000e+05 3.826292720890619461e-04 4.468490938883181037e-04 5.600395341205650739e-04 4.466277603887652500e-04 4.911079089547729527e-04
1.136000000000000000e+05 3.612838266292118616e-04 4.163245923247006612e-04 4.235667499252034822e-04 4.227090464382900160e-04 4.236890571689784697e-04
1.137000000000000000e+05 4.107179668564000683e-04 3.904814340153741812e-04 4.290928097704230291e-04 4.339057003834541956e-04 4.482603365772086707e-04
1.138000000000000000e+05 4.061735217630351911e-04 4.001988781691815712e-04 4.163874955932427100e-04 4.402332380515256468e-04 4.509745453367204789e-04
1.139000000000000000e+05 3.842526362524566110e-04 4.225668296350117105e-04 4.772752773678693274e-04 4.339056290222088321e-04 4.585790228049612901e-04
1.140000000000000000e+05 4.105020899593407927e-04 4.325594433449407323e-04 5.888552915469724355e-04 4.163096296991391468e-04 4.359458276266910581e-04
1.141000000000000000e+05 3.927988726968641847e-04 4.248622608953684320e-04 5.243959820050505009e-04 4.452430394655684060e-04 4.628169013059260607e-04
1.142000000000000000e+05 3.998227239160745275e-04 4.078510191131981479e-04 4.532404854045043964e-04 4.269253838527334354e-04 4.562247015459974298e-04
1.143000000000000000e+05 3.740766947988053912e-04 3.978927959761662772e-04 4.587118812430560056e-04 4.425782703598971253e-04 4.431983734256050075e-04
1.144000000000000000e+05 3.850420556305159722e-04 4.137515628993563210e-04 4.380280226394026965e-04 4.332836337973360844e-04 4.488737234870475304e-04
1.145000000000000000e+05 3.712567116967381477e-04 4.107822953445107819e-04 4.151745437091450687e-04 4.286820721581578123e-04 4.461392928197282820e-04
1.146000000000000000e+05 3.677619978445323488e-04 4.218536082930077354e-04 4.123699648983025832e-04 4.222065556111560987e-04 4.386734161489655947e-04
1.147000000000000000e+05 3.850042219019022779e-04 4.023369194525097800e-04 4.061450963791715793e-04 4.270867351788076665e-04 4.374554865878862000e-04
1.148000000000000000e+05 3.788495236321082183e-04 3.979648249558198018e-04 4.301898087510268526e-04 4.250899699358957288e-04 4.082935653860401796e-04
1.149000000000000000e+05 3.789680505694310018e-04 4.204986912356468444e-04 4.198662728386859649e-04 4.431623942795066503e-04 4.635012456067861631e-04
1.150000000000000000e+05 3.902439468525665915e-04 4.219877703294375778e-04 4.366812285845177578e-04 4.517877824025236721e-04 4.872526360718104329e-04
1.151000000000000000e+05 4.017541694164410431e-04 3.910235627826612933e-04 4.276370813869692926e-04 4.448159464575503967e-04 4.618858298564083495e-04
1.152000000000000000e+05 3.807850123500723205e-04 3.918767053905731416e-04 4.363311928626274327e-04 4.320274734528012990e-04 4.282935864482542167e-04
1.153000000000000000e+05 3.854852320384367231e-04 3.896929171008286239e-04 4.245838033089473261e-04 4.494074176931089166e-04 3.992021632018471957e-04
1.154000000000000000e+05 3.883259612490908702e-04 4.074349701617949507e-04 4.635521659486832851e-04 4.397555021287081404e-04 4.411553936504285928e-04
1.155000000000000000e+05 4.311682754556081954e-04 4.180332494556931360e-04 4.746139856523543627e-04 4.629731620008967338e-04 4.373716240392742862e-04
1.156000000000000000e+05 4.349988875080011978e-04 4.524337086026354680e-04 5.029202252091333680e-04 4.582823606379036693e-04 4.807287017085740415e-04
1.157000000000000000e+05 4.136268651227151109e-04 4.405696690558889004e-04 4.813787452847660014e-04 4.607631957856157400e-04 4.630209737350647701e-04
1.158000000000000000e+05 3.882621367777487446e-04 4.101389028070413062e-04 4.650413999864529439e-04 4.661763899684432831e-04 4.693747957334600766e-04
1.159000000000000000e+05 4.129365729707555632e-04 4.261543720541018684e-04 4.320949985294590960e-04 4.489814062648013579e-04 4.578735648735166941e-04
1.160000000000000000e+05 4.487959969350716473e-04 4.166643752885788800e-04 4.823931881665615568e-04 4.927722918392538716e-04 4.716103429247066629e-04
1.161000000000000000e+05 6.224659912424249444e-04 5.184879792420970081e-04 5.433326773445870976e-04 6.540535526645455643e-04 5.052815473457555277e-04
1.162000000000000000e+05 4.902959787223944372e-04 5.667620765601838169e-04 5.698430418142457496e-04 6.055535633128485097e-04 4.977634698381654685e-04
1.163000000000000000e+05 4.073676521950629886e-04 4.830256102865419961e-04 5.129300662577512219e-04 4.893562642443752232e-04 5.442498153188438104e-04
1.164000000000000000e+05 3.902913479610143526e-04 4.430308036818147478e-04 4.440804809168279166e-04 4.582614139402496536e-04 5.299033498174099280e-04
1.165000000000000000e+05 3.814529338576749524e-04 4.488426073981443372e-04 4.543550892747531540e-04 4.495346159009830150e-04 4.837680517313432561e-04
1.166000000000000000e+05 3.936090195239479476e-04 4.249903808545340352e-04 4.563920850749732879e-04 4.682381421674881210e-04 4.603339737300019018e-04
1.167000000000000000e+05 3.989605338998165169e-04 4.418650787515716145e-04 4.446367441948747678e-04 4.264307142202498316e-04 4.567166411995713803e-04
1.168000000000000000e+05 4.036931181137420389e-04 4.054911660809576998e-04 4.374368079029571847e-04 4.244485271187353921e-04 4.530069893235064106e-04
1.169000000000000000e+05 3.620479297216320906e-04 4.053640621515300336e-04 4.099579767493970401e-04 4.372161509994039897e-04 4.222525607908159334e-04
1.170000000000000000e+05 3.264447251966433577e-04 4.121668012352971283e-04 3.865656512883636903e-04 3.943066033560221288e-04 4.348020456464526300e-04
1.171000000000000000e+05 3.021040544574524157e-04 3.684822303570944564e-04 3.733584552139154029e-04 3.763497129189257687e-04 4.127990791109641881e-04
1.172000000000000000e+05 3.340028132794257022e-04 3.571987945515725169e-04 3.525006167854754526e-04 3.861649760032632734e-04 3.955226664436899326e-04
1.173000000000000000e+05 3.237482715297911691e-04 3.289875700276945745e-04 3.469505075436005214e-04 3.617134205422469113e-04 3.964039549544595090e-04
1.174000000000000000e+05 3.968523471818505440e-04 3.259322749617199195e-04 3.581431886532166408e-04 3.469415661098242988e-04 3.698718631005547546e-04
1.175000000000000000e+05 4.525354157240720865e-04 3.725602333271825777e-04 4.507585154851186712e-04 4.037457975806907329e-04 3.584708331093512559e-04
1.176000000000000000e+05 1.779229042958152399e-04 3.667984226522491304e-04 3.574132668504991645e-04 3.801727555721892519e-04 3.769963167063165475e-04
1.177000000000000000e+05 1.921757475476412703e-04 1.820885669474859290e-04 2.059544137586657303e-04 3.623674990824499501e-04 5.425418102483594088e-04
1.178000000000000000e+05 3.788223489714456662e-04 2.839968480777818388e-04 3.180914799762008210e-04 3.381471504088355193e-04 4.607464768336256948e-04
1.179000000000000000e+05 2.595165265050781967e-04 3.285362455413692873e-04 3.256265107098895556e-04 3.379963816408194455e-04 4.117862760997710071e-04
1.180000000000000000e+05 2.635785823880915178e-04 2.740897426465938361e-04 3.458546796539609721e-04 3.154008551493256147e-04 3.103119371296342191e-04
1.181000000000000000e+05 2.014207965690685250e-04 2.815809619423997293e-04 2.809873863603574561e-04 2.655214806150993758e-04 3.048317992294140234e-04
1.182000000000000000e+05 2.233526250838340985e-04 2.345376814435209630e-04 2.568910649628583119e-04 2.541987350082936165e-04 2.395493030702970010e-04
1.183000000000000000e+05 1.843585717348251724e-04 2.232358748258460009e-04 2.022833331468374156e-04 2.762701828875738013e-04 2.790114927403096706e-04
1.184000000000000000e+05 1.989778572831045066e-04 2.486234382121361281e-04 2.086361897034760718e-04 2.972284503107223259e-04 2.170306943003846010e-04
1.185000000000000000e+05 2.172482658557926393e-04 2.140949818919284553e-04 2.123075395434945026e-04 2.786072339110304621e-04 2.245797558133612304e-04
1.186000000000000000e+05 2.523269688984600351e-04 2.277824454112847277e-04 2.458495180704955443e-04 3.179249380337888556e-04 2.477567009009867902e-04
1.187000000000000000e+05 2.109382315233930463e-04 2.543570963262302810e-04 2.226817834065927620e-04 2.355977518874350859e-04 2.604789998494070127e-04
1.188000000000000000e+05 1.898232471784394072e-04 2.215024237779945426e-04 2.108208283091854462e-04 2.231095305472181726e-04 2.190151740566963050e-04
1.189000000000000000e+05 2.385215139402907449e-04 1.959435543857186918e-04 2.299700062568552181e-04 2.446056586460851616e-04 2.152176073459160415e-04
1.190000000000000000e+05 2.015946305365329608e-04 2.324537418984241291e-04 2.121494473673177423e-04 2.222432017513212765e-04 2.752582400223373593e-04
1.191000000000000000e+05 1.885600865056874032e-04 2.079544720378981304e-04 2.164400337779760839e-04 2.176670530920141579e-04 2.224647979919493104e-04
1.192000000000000000e+05 2.041150268744625551e-04 2.099487328595012507e-04 2.213043770633704569e-04 2.069317341148392726e-04 2.099950065128927755e-04
1.193000000000000000e+05 1.827211681017052456e-04 2.185779353578975993e-04 2.039928679653462242e-04 2.193980521173352031e-04 2.146998997754646107e-04
1.194000000000000000e+05 1.661650727239734554e-04 2.012012327723575417e-04 1.813934645476584953e-04 1.963077383442217840e-04 2.079440851312935618e-04
1.195000000000000000e+05 1.641561561648001856e-04 1.648919192639346849e-04 1.679468369218320835e-04 1.771114959995298923e-04 1.896874386879678575e-04
1.196000000000000000e+05 1.555118914451234977e-04 1.612435680907683706e-04 1.599129529717412156e-04 1.639382829852362384e-04 1.782488617676481184e-04
1.197000000000000000e+05 1.521473651008527000e-04 1.639969422851463065e-04 1.598154492430883681e-04 1.713257345808261297e-04 1.772709935325884369e-04
1.198000000000000000e+05 1.566198461044679413e-04 1.571827208567014116e-04 1.469650947839531063e-04 1.590006011905148399e-04 1.951768841778817650e-04
1.199000000000000000e+05 2.314712653183798898e-04 1.633209391042460561e-04 2.407320314352694656e-04 2.353411176950101187e-04 1.884975300705098460e-04
