9.000000000000000000e+04 1.856725997153404811e-03 1.227119510339294735e-03 1.079658615199090288e-03 1.222939564184562060e-03 1.526425784644259596e-03 1.535936175785573930e-03 1.605932401957388400e-03
9.010000000000000000e+04 1.482747986145970193e-03 1.208282122415750472e-03 1.251057563467823045e-03 1.387711502218182211e-03 1.633530940837009003e-03 1.476928212952414781e-03 1.555021115832942594e-03
9.020000000000000000e+04 1.641997347002216532e-03 1.454434798165599261e-03 1.537363272832603872e-03 1.623573778216899893e-03 1.726447704603180366e-03 1.667308523840530356e-03 1.712846500086582895e-03
9.030000000000000000e+04 2.135304151897745011e-03 1.867120334809508134e-03 1.923030147843445654e-03 1.975828871218223651e-03 1.857678195905090738e-03 2.107077108449920220e-03 2.114197999781345771e-03
9.040000000000000000e+04 2.746532080102896851e-03 2.320099117763918788e-03 2.400532407447028733e-03 2.650465165801569808e-03 2.803718797845976100e-03 2.532877139491095109e-03 2.649415386287891881e-03
9.050000000000000000e+04 2.443786297391658483e-03 1.959631995326031103e-03 2.082731344511282341e-03 2.344655782647780962e-03 2.734119361411327213e-03 2.469571736220937345e-03 2.751993907811287835e-03
9.060000000000000000e+04 2.201069798560334988e-03 1.661303957689944750e-03 1.706120183063330326e-03 1.820675049071809231e-03 2.024893132499385861e-03 1.917160898639446494e-03 2.144501460453193415e-03
9.070000000000000000e+04 1.861489742443466974e-03 1.440925958971263094e-03 1.450569001999828765e-03 1.492059444355976500e-03 1.850576161480048344e-03 1.743556295275427862e-03 1.850417947884858095e-03
9.080000000000000000e+04 1.110840602347973024e-03 1.033259352852034614e-03 1.122712960062563839e-03 1.181546465476132797e-03 1.564657101371196924e-03 1.530515765632012738e-03 1.638196096891549654e-03
9.090000000000000000e+04 9.645337551122106640e-04 8.952094767486120513e-04 9.422921617849274248e-04 9.741225870781489073e-04 1.250370795066275400e-03 1.278039309709200905e-03 1.481950238391742218e-03
9.100000000000000000e+04 8.453789281318782470e-04 8.309236603568328139e-04 8.601492369408828692e-04 8.723111667656732824e-04 1.087782051468258069e-03 1.078705241149237846e-03 1.235019299661094510e-03
9.110000000000000000e+04 7.648444715615827349e-04 7.911788727871711148e-04 8.418629662666909800e-04 8.450390017470046792e-04 9.931991177487473326e-04 9.623662044892991726e-04 1.037350279617020761e-03
9.120000000000000000e+04 8.530706165684367581e-04 8.306536036080039561e-04 8.471908483658713122e-04 8.937161721143787587e-04 9.455581735214591260e-04 9.290221997293847747e-04 1.094572735425711468e-03
9.130000000000000000e+04 8.268240826648534615e-04 9.614385163989038960e-04 8.447868788928009163e-04 9.640720479948378758e-04 9.583874942667468862e-04 1.013683358621316919e-03 1.134037795290923894e-03
9.140000000000000000e+04 8.405651364786651068e-04 1.032118667124184508e-03 8.459652842427895251e-04 9.949090611360443450e-04 9.495145436323261566e-04 1.068384878357657138e-03 1.155111107347984566e-03
9.150000000000000000e+04 8.999044458894205284e-04 9.376931773167662730e-04 9.612716535286449163e-04 1.011957717011869760e-03 9.595568903950697131e-04 1.093126758938405430e-03 1.118436774322028801e-03
9.160000000000000000e+04 9.634541540430390481e-04 9.177211096998478699e-04 1.004798557775459606e-03 1.055199369135907759e-03 1.031022243622153195e-03 1.147730434058927924e-03 1.154041351856421134e-03
9.170000000000000000e+04 9.452266013070771212e-04 9.307487724830911793e-04 1.054941184733713564e-03 1.136640272493137389e-03 1.168396961202538718e-03 1.233238311956229077e-03 1.235619269998447945e-03
9.180000000000000000e+04 1.040626696100531391e-03 1.001259393597922487e-03 1.173530230221824996e-03 1.261614186549536547e-03 1.317298274732559352e-03 1.349650392630308456e-03 1.326785446229620776e-03
9.190000000000000000e+04 1.241206136353717069e-03 1.174772600130118486e-03 1.201755509433590028e-03 1.281942177487459516e-03 1.461438716269551717e-03 1.508159397143542029e-03 1.452552160828892922e-03
9.200000000000000000e+04 1.358514789720739659e-03 1.262307071786876629e-03 1.225079779581080257e-03 1.270891599026770366e-03 1.617017179985510327e-03 1.628514672226998852e-03 1.607976479743676102e-03
9.210000000000000000e+04 1.336093219645102022e-03 1.300451686181047306e-03 1.239223413729072503e-03 1.420210886451960322e-03 1.716563859234964155e-03 1.710716217880679140e-03 1.832448673857657150e-03
9.220000000000000000e+04 1.330684665559447562e-03 1.304398219269374808e-03 1.205805841483408025e-03 1.449884371851166637e-03 1.733886461212474916e-03 1.824076558318782262e-03 1.961727823332514060e-03
9.230000000000000000e+04 1.360281308652634344e-03 1.307423325637805615e-03 1.318129474118415884e-03 1.428927270630805067e-03 1.738995882337654886e-03 1.846271044384906147e-03 1.979948420728382293e-03
9.240000000000000000e+04 1.272909922083417236e-03 1.295047000197779852e-03 1.343212764666125002e-03 1.380032363863493592e-03 1.623345483877883938e-03 1.777299676079051012e-03 1.765185727057128756e-03
9.250000000000000000e+04 1.228851931939462438e-03 1.264635361497915217e-03 1.165769262395558066e-03 1.380273432306280404e-03 1.372699027663727223e-03 1.688689678351962872e-03 1.608373902098429774e-03
9.260000000000000000e+04 1.240676917047655496e-03 1.216866103993780425e-03 1.217520055806427118e-03 1.361159755605516114e-03 1.345107753658109995e-03 1.582712056015515368e-03 1.575347905888822885e-03
9.270000000000000000e+04 1.303720392114972619e-03 1.170873932742452729e-03 1.215931095632580153e-03 1.331808825528104506e-03 1.359741362031604379e-03 1.459366809069708283e-03 1.483793339223948371e-03
9.280000000000000000e+04 1.319558964606713488e-03 1.152257166024121815e-03 1.203556831849386406e-03 1.378253647547766350e-03 1.416297523081547650e-03 1.518446817777276570e-03 1.418176311502935150e-03
9.290000000000000000e+04 1.331874522163940811e-03 1.109060633202745916e-03 1.272236183872186947e-03 1.320991019936934791e-03 1.543082866451755270e-03 1.477336125863176535e-03 1.434862252500923455e-03
9.300000000000000000e+04 1.355879333355864119e-03 1.004884400476257567e-03 1.309281432004744724e-03 1.263137815770571867e-03 1.523704538956948372e-03 1.336034733327408613e-03 1.459329862536437768e-03
9.310000000000000000e+04 1.392959740362805388e-03 1.099674084644421818e-03 1.320209700928964315e-03 1.317399528249733149e-03 1.429451083954018636e-03 1.414255831372338490e-03 1.503425574034246643e-03
9.320000000000000000e+04 1.334016416632823228e-03 1.158812854849511657e-03 1.304385498350330757e-03 1.250200367802421254e-03 1.540993444681645072e-03 1.414491891356768269e-03 1.605166621368847102e-03
9.330000000000000000e+04 1.271249915913095704e-03 1.160465196551633323e-03 1.254310146866951126e-03 1.195707202900198442e-03 1.575002886249653568e-03 1.336742913280698167e-03 1.573522182992067187e-03
9.340000000000000000e+04 1.201793902743272325e-03 1.063145597808576662e-03 1.286781635795587481e-03 1.182324347149083573e-03 1.553849071898873949e-03 1.429776560266190653e-03 1.487149587274078002e-03
9.350000000000000000e+04 1.126642110939201150e-03 1.132778211483310765e-03 1.324568338364445763e-03 1.256238016815556125e-03 1.472623251424308617e-03 1.452060309193670259e-03 1.425825535696206500e-03
9.360000000000000000e+04 1.189300390639013664e-03 1.146712573913184589e-03 1.268863703862299023e-03 1.319001789622386558e-03 1.483985447210589906e-03 1.403594160063137419e-03 1.424202325050042284e-03
9.370000000000000000e+04 1.245189046795922667e-03 1.123011531387034349e-03 1.251829156857666055e-03 1.344664927635878891e-03 1.510741098563686199e-03 1.346089026198017029e-03 1.465142614150973790e-03
9.380000000000000000e+04 1.255253333692034085e-03 1.201426688383642636e-03 1.256635477241979095e-03 1.254472510659077489e-03 1.462145875155636526e-03 1.340963484103758737e-03 1.569088593229337131e-03
9.390000000000000000e+04 1.179549054038104292e-03 1.208478183788089808e-03 1.277156509417014425e-03 1.354494245944072323e-03 1.372726179784608102e-03 1.388217533780362108e-03 1.636925480230441363e-03
9.400000000000000000e+04 1.317286100720582026e-03 1.197959296257745292e-03 1.287338384303763576e-03 1.465959791388090228e-03 1.306739200094715440e-03 1.460537418345445124e-03 1.673811716879612188e-03
9.410000000000000000e+04 1.307302223376321333e-03 1.195822474007503418e-03 1.343167952536351807e-03 1.514107936367070899e-03 1.327138040412174100e-03 1.531169636729421335e-03 1.745668089053786613e-03
9.420000000000000000e+04 1.237641334389825770e-03 1.298047802196591795e-03 1.348348344780016901e-03 1.467707711576382839e-03 1.316151973673132568e-03 1.600114188932290956e-03 1.735756444739896143e-03
9.430000000000000000e+04 1.226480434327942379e-03 1.268848037010260679e-03 1.217116774779770146e-03 1.418216337951802748e-03 1.354191304918318057e-03 1.610454426481435549e-03 1.630448781189921398e-03
9.440000000000000000e+04 1.248157819303815285e-03 1.207163774570104049e-03 1.233440063234205776e-03 1.369357395767890114e-03 1.494440317382949874e-03 1.570935136109143787e-03 1.572297901945208035e-03
9.450000000000000000e+04 1.269484943157299850e-03 1.174879359463411278e-03 1.273697083217504352e-03 1.321300934422991319e-03 1.421421157527632184e-03 1.481556317815415670e-03 1.524030514138431918e-03
9.460000000000000000e+04 1.278358609852853819e-03 1.224675372331759981e-03 1.305229882799764695e-03 1.305799378838349645e-03 1.363303187420429824e-03 1.406657576820082760e-03 1.485289141391652823e-03
9.470000000000000000e+04 1.255613537510544145e-03 1.236384269689061975e-03 1.232125444486106055e-03 1.294517997691423854e-03 1.367095140252410626e-03 1.358683403542484004e-03 1.520949970060617292e-03
9.480000000000000000e+04 1.209799265335439284e-03 1.214703499728527142e-03 1.259976587270729984e-03 1.263278709574902148e-03 1.380348565350750798e-03 1.337633797982619400e-03 1.510301794078174661e-03
9.490000000000000000e+04 1.196227706862529024e-03 1.162021126270574353e-03 1.273780207686419676e-03 1.216647702480934271e-03 1.446500871608188705e-03 1.385508028183399113e-03 1.365021093414569165e-03
9.500000000000000000e+04 1.198273161354703820e-03 1.188532760295303017e-03 1.220182154498649979e-03 1.203228258688810587e-03 1.571499159400881022e-03 1.443311262423394069e-03 1.490303817702518007e-03
9.510000000000000000e+04 1.164405296411222257e-03 1.226067630159041006e-03 1.315144545522607417e-03 1.228475913434239628e-03 1.535398829751458832e-03 1.511043500702604053e-03 1.655946205300391858e-03
9.520000000000000000e+04 1.228229635939538612e-03 1.247123841676786365e-03 1.310006378394680451e-03 1.241547889997854674e-03 1.527582613485269514e-03 1.614256289476356191e-03 1.685557378979803990e-03
9.530000000000000000e+04 1.271491528379778543e-03 1.182386709047326392e-03 1.269335316881169866e-03 1.253827209108373305e-03 1.534576995932395316e-03 1.619402469460209893e-03 1.700821959483612067e-03
9.540000000000000000e+04 1.305716424578121093e-03 1.213307351254843411e-03 1.327250368174619569e-03 1.279374062588679471e-03 1.376278011897626640e-03 1.526482040654164943e-03 1.710352144453534257e-03
9.550000000000000000e+04 1.429126094029652084e-03 1.251475321031736074e-03 1.382733816844298070e-03 1.351765090253905476e-03 1.376024283737153128e-03 1.537088157334143149e-03 1.723412603971898873e-03
9.560000000000000000e+04 1.407906658794657066e-03 1.265588695147079655e-03 1.382446882094428816e-03 1.336451181923217378e-03 1.484324600171602494e-03 1.523578773443440412e-03 1.636777451448773613e-03
9.570000000000000000e+04 1.361475956765708338e-03 1.207275581379822381e-03 1.315365680140551715e-03 1.332357790586665520e-03 1.577042657727834290e-03 1.485953888982056515e-03 1.501749841376845938e-03
9.580000000000000000e+04 1.313138658091563818e-03 1.173774910769148942e-03 1.287568272233153774e-03 1.376442705897542966e-03 1.574839317078302603e-03 1.474642262273899397e-03 1.533729831030152630e-03
9.590000000000000000e+04 1.244587221476280581e-03 1.175115994330793931e-03 1.268091662661883752e-03 1.386438440743136685e-03 1.533483605681303270e-03 1.522883039675909092e-03 1.516269096811984638e-03
9.600000000000000000e+04 1.304487462707508167e-03 1.221146981872489124e-03 1.272334699133226103e-03 1.402958605487059736e-03 1.551034935319949709e-03 1.630676221188085816e-03 1.456430599275413676e-03
9.610000000000000000e+04 1.405711394108979852e-03 1.231420866548489429e-03 1.327431777478388321e-03 1.442608488164795000e-03 1.554503690853201300e-03 1.625922235017716573e-03 1.506777819126333762e-03
9.620000000000000000e+04 1.505026691502395078e-03 1.311106235466329845e-03 1.407548784925671554e-03 1.581399322769179048e-03 1.582501779340219359e-03 1.642176442235355723e-03 1.615463677168923941e-03
9.630000000000000000e+04 1.495973547425850578e-03 1.397637673541714991e-03 1.429991102265697244e-03 1.536546236379749937e-03 1.709290352361410694e-03 1.679438842841003048e-03 1.792211279768468959e-03
9.640000000000000000e+04 1.492523322822009949e-03 1.396655415287737694e-03 1.398158875412560840e-03 1.482093007093602047e-03 1.780808744840761595e-03 1.691106123899163444e-03 1.687982562055094287e-03
9.650000000000000000e+04 1.477090642419486878e-03 1.506037277999872255e-03 1.418547744974312528e-03 1.546912682111945166e-03 1.826282229660130358e-03 1.801965426687000610e-03 1.718735530866836916e-03
9.660000000000000000e+04 1.448230393969457755e-03 1.498475992521683311e-03 1.389603451557352813e-03 1.665859883115712505e-03 1.850062838649507019e-03 2.012016751204514977e-03 2.002922707493918781e-03
9.670000000000000000e+04 1.475809368875561191e-03 1.395941554700813646e-03 1.343929268198650355e-03 1.634856790325113583e-03 1.743087850883535874e-03 1.736889500098747060e-03 1.900385966224413942e-03
9.680000000000000000e+04 1.410722275566442816e-03 1.345951282413853766e-03 1.302743891863171076e-03 1.456950433937445047e-03 1.634165078310959853e-03 1.578227949180014290e-03 1.773775249553889710e-03
9.690000000000000000e+04 1.340348304177038045e-03 1.306139106930103008e-03 1.309198813474287629e-03 1.458745332762690456e-03 1.573039637080134992e-03 1.536032098448316448e-03 1.751203327370498769e-03
9.700000000000000000e+04 1.319922065521039181e-03 1.297044327090678129e-03 1.325541515903634008e-03 1.444515578754502821e-03 1.523711512231623946e-03 1.505903279563037926e-03 1.665088710912436456e-03
9.710000000000000000e+04 1.429404102872006057e-03 1.320127844767586545e-03 1.342735395761191029e-03 1.413287875754130722e-03 1.467967483170845707e-03 1.474803754211205433e-03 1.560042639400309157e-03
9.720000000000000000e+04 1.563583353442719003e-03 1.323527181351142777e-03 1.335843521356698234e-03 1.355116483635111953e-03 1.400810768781627714e-03 1.442733522392819186e-03 1.455434411982631845e-03
9.730000000000000000e+04 1.574409860398263842e-03 1.289105168061192809e-03 1.272507987946300267e-03 1.307498560995016320e-03 1.485101407727075799e-03 1.489172741539247086e-03 1.477285366125405657e-03
9.740000000000000000e+04 1.343442853050221420e-03 1.226786424868010024e-03 1.248000318172534954e-03 1.328876835237291325e-03 1.528233624918988670e-03 1.518724182968546723e-03 1.540177298125519276e-03
9.750000000000000000e+04 1.376186332219798926e-03 1.140468665198663680e-03 1.309849913667138774e-03 1.444435269152039621e-03 1.514413975606835813e-03 1.531387846680718531e-03 1.519672164526480237e-03
9.760000000000000000e+04 1.392655055138602039e-03 1.159779606556477676e-03 1.373348939748039732e-03 1.366679399361084768e-03 1.525817390900300902e-03 1.564527126817142526e-03 1.595401393033309438e-03
9.770000000000000000e+04 1.399185503381758858e-03 1.206106614798705626e-03 1.380711270185715775e-03 1.349393903757830455e-03 1.688150614960138825e-03 1.562480456016769256e-03 1.717049567157176481e-03
9.780000000000000000e+04 1.402095928228980345e-03 1.271571365729415272e-03 1.357633541162086947e-03 1.380847690502619643e-03 2.032796718510234291e-03 1.525247834279598938e-03 1.667967372891796234e-03
9.790000000000000000e+04 1.399362194305493051e-03 1.346902757148408288e-03 1.353047335229267322e-03 1.440778390899925690e-03 3.147891613671759126e-03 1.411736993922969776e-03 1.598675943835264424e-03
9.800000000000000000e+04 1.394136636897747245e-03 1.309033553106098710e-03 1.418549898243165247e-03 1.420211036715581096e-03 2.911668464600534328e-03 1.416315741456704433e-03 1.512062313529175493e-03
9.810000000000000000e+04 1.393328237903791386e-03 1.321760545796411054e-03 1.434611112119538829e-03 1.379013707593415615e-03 1.845393819081450094e-03 1.538984076880802691e-03 1.644256281849188492e-03
9.820000000000000000e+04 1.407254905991823807e-03 1.365057439451786842e-03 1.374029753848601300e-03 1.348572836695832331e-03 1.648152682426402881e-03 1.567798122889012356e-03 1.691858696696961267e-03
9.830000000000000000e+04 1.323698735956624958e-03 1.313732926404660413e-03 1.359030606269710870e-03 1.414205402410851362e-03 1.596722783130074099e-03 1.611195820134925412e-03 1.640770965827111592e-03
9.840000000000000000e+04 1.266353696485711128e-03 1.340719077903041855e-03 1.394522749488181189e-03 1.380474118737747306e-03 1.611164935030437190e-03 1.669177168618541859e-03 1.610472149722716809e-03
9.850000000000000000e+04 1.260501942965431242e-03 1.361889692080267035e-03 1.440780056362804410e-03 1.269323665410265669e-03 1.561854115602169871e-03 1.584174385072940590e-03 1.596519719505173993e-03
9.860000000000000000e+04 1.342993089739311259e-03 1.352565313502595862e-03 1.449388110706876630e-03 1.406014446190136623e-03 1.502132763571655330e-03 1.564062747130997221e-03 1.605949651404538995e-03
9.870000000000000000e+04 1.429463003026250432e-03 1.316905894017953143e-03 1.405148340966420406e-03 1.542817432663399829e-03 1.472339783577314605e-03 1.608842254792711970e-03 1.671036470398922598e-03
9.880000000000000000e+04 1.415878647246005245e-03 1.362199346969201552e-03 1.403550599216476938e-03 1.632496891976004333e-03 1.553911608932794430e-03 1.627834865679252119e-03 1.702750143993631525e-03
9.890000000000000000e+04 1.357094219700856778e-03 1.422104891055449251e-03 1.457352226503717992e-03 1.590756064565829056e-03 1.619305568002913070e-03 1.633192472793285749e-03 1.636605513900226587e-03
9.900000000000000000e+04 1.429484662001502407e-03 1.454456272091866204e-03 1.560364758079819903e-03 1.534782278266155504e-03 1.653378234471268842e-03 1.624915076134812860e-03 1.713886636490681960e-03
9.910000000000000000e+04 1.527892371664964092e-03 1.456910439329435307e-03 1.483860203110580044e-03 1.490789221701460752e-03 1.624226530721520866e-03 1.597686143164726239e-03 1.797188316591767036e-03
9.920000000000000000e+04 1.600302352851540582e-03 1.485012381784632084e-03 1.403163483937668607e-03 1.466372669049847716e-03 1.703554386069724069e-03 1.663012687593237943e-03 1.757132769044425372e-03
9.930000000000000000e+04 1.631759262730039534e-03 1.490779255794261659e-03 1.452172502930804045e-03 1.475707697331099478e-03 1.788522886953295820e-03 1.820894709420348406e-03 1.712714265751205276e-03
9.940000000000000000e+04 1.600740896448785882e-03 1.397903623141205989e-03 1.479066691109731093e-03 1.511693024665439330e-03 1.841215601672774749e-03 1.810472223135316684e-03 1.691791227286279639e-03
9.950000000000000000e+04 1.667403612816126214e-03 1.450271867976978641e-03 1.519905655083132485e-03 1.567503692001456176e-03 1.919337648130539165e-03 1.747130495502632148e-03 1.810758248311407229e-03
9.960000000000000000e+04 1.678900368599045480e-03 1.464876906658901540e-03 1.587147502747712942e-03 1.633359508704272959e-03 1.938046392504200058e-03 1.630869526522294582e-03 1.869625461061085554e-03
9.970000000000000000e+04 1.622213659925044902e-03 1.436741235288760106e-03 1.725421176086932781e-03 1.669848821739619528e-03 1.867035308807574526e-03 1.609372117099048746e-03 1.892440665268249134e-03
9.980000000000000000e+04 1.639371073388752251e-03 1.412350845819581625e-03 1.649530500824517888e-03 1.665448995293252257e-03 1.790022045388299076e-03 1.612892950743791088e-03 1.933380329030968004e-03
9.990000000000000000e+04 1.807126459035962498e-03 1.485706691758282433e-03 1.543664167847534630e-03 1.603259788948042637e-03 1.768170967782598749e-03 1.641432027456521826e-03 1.920216529773849335e-03
1.000000000000000000e+05 2.162168277730555904e-03 1.512447944630359274e-03 1.486848651711635428e-03 1.451649595199199123e-03 1.808799377478916654e-03 1.663966415127968472e-03 1.860678333642588325e-03
1.001000000000000000e+05 2.574428832123831345e-03 1.457697559837662542e-03 1.421701415309620936e-03 1.468954791779240442e-03 1.643582399732598787e-03 1.694243152627447581e-03 1.781160301313565193e-03
1.002000000000000000e+05 1.899704377725536068e-03 1.408062542951189723e-03 1.415462650243990740e-03 1.620642744346238555e-03 1.552770831719884129e-03 1.732262239954959152e-03 1.720321756920745833e-03
1.003000000000000000e+05 1.847201995921901293e-03 1.436337708803671776e-03 1.454399657627640161e-03 1.606068456618397816e-03 1.534707376756617612e-03 1.855446186236952687e-03 1.681275948453499203e-03
1.004000000000000000e+05 1.870448635569093914e-03 1.494158700822062914e-03 1.520246636970907714e-03 1.586202013797841223e-03 1.622403458817723741e-03 1.827179684600175767e-03 1.803061450004081207e-03
1.005000000000000000e+05 1.724656351495120745e-03 1.552556331208335355e-03 1.570572100392325860e-03 1.560631231757842559e-03 1.703236353433049220e-03 1.647462735044628607e-03 1.836088899090807056e-03
1.006000000000000000e+05 1.664816504091976230e-03 1.511687277340607134e-03 1.562061252351701172e-03 1.526406989094125947e-03 1.769139540055414970e-03 1.676415335958500495e-03 1.705659289566258986e-03
1.007000000000000000e+05 1.605917872595035616e-03 1.433008496436669055e-03 1.494207516275822007e-03 1.541955268982066240e-03 1.759101650820908561e-03 1.717866553470979735e-03 1.767550315435549753e-03
1.008000000000000000e+05 1.611536672548426240e-03 1.365917275900549715e-03 1.601829859501237687e-03 1.537051013139553463e-03 1.775071460188704445e-03 1.771816387582066327e-03 1.867501527913559582e-03
1.009000000000000000e+05 1.722943533914877154e-03 1.387341038495715998e-03 1.646341324075894542e-03 1.501427986093019145e-03 1.804747100911296889e-03 1.877821393041348170e-03 1.974411536691012513e-03
1.010000000000000000e+05 1.822836105822032982e-03 1.383775141618050252e-03 1.627747081324580885e-03 1.546046375709608312e-03 1.832181873332218392e-03 1.874591279913233972e-03 2.045307043779417272e-03
1.011000000000000000e+05 1.757472918256043626e-03 1.442130780433876179e-03 1.527122141771724249e-03 1.556507763646738885e-03 1.814313752628442114e-03 1.762126048197723950e-03 2.064260491124717770e-03
1.012000000000000000e+05 1.679361703150110061e-03 1.557656936400108423e-03 1.595135045004093680e-03 1.582817617745662167e-03 1.801708400659190242e-03 1.823279907011717167e-03 1.946088241015377909e-03
1.013000000000000000e+05 1.722833380852757104e-03 1.688873538390264469e-03 1.644776530768886011e-03 1.748680792811496210e-03 1.867554714850217651e-03 1.875305570979642761e-03 2.088286356882857429e-03
1.014000000000000000e+05 1.878716420910001624e-03 1.590679324068556720e-03 1.664586908974862193e-03 1.788392654277600174e-03 1.923051471108016370e-03 1.918203040101500298e-03 2.280123434508063863e-03
1.015000000000000000e+05 1.961943658130758505e-03 1.589035822201763631e-03 1.761357609236137520e-03 1.784097415301265713e-03 1.940147962075892832e-03 1.864746057228473287e-03 2.108513907190503935e-03
1.016000000000000000e+05 1.919302946832907985e-03 1.728782794474808962e-03 1.713588033583240619e-03 1.761705849686205855e-03 1.872726566821746345e-03 1.859016611605435795e-03 2.050409444848672220e-03
1.017000000000000000e+05 1.679466330399936695e-03 1.512063781855423408e-03 1.633814578803129266e-03 1.639987547437767512e-03 1.831235151525304090e-03 1.901014703232387386e-03 2.058433541200844694e-03
1.018000000000000000e+05 1.593700073238905369e-03 1.384096798922452957e-03 1.601218193394903780e-03 1.579955327519156835e-03 1.791403682155227493e-03 1.800757235202368484e-03 2.008712354563394007e-03
1.019000000000000000e+05 1.538659261265599596e-03 1.351826453028074021e-03 1.687410856975710962e-03 1.572683631838167140e-03 1.744428669142965771e-03 1.728656751481396281e-03 1.999429218244926088e-03
1.020000000000000000e+05 1.549961027651499670e-03 1.428781702469516428e-03 1.694884442650377307e-03 1.555465340194417574e-03 1.833036040718457379e-03 1.684713252069470557e-03 2.024807267914155266e-03
1.021000000000000000e+05 1.700145736018281173e-03 1.440572107844193851e-03 1.648580508396000613e-03 1.621777726151597430e-03 1.906218233282098171e-03 1.746565689679151732e-03 1.956263236058346233e-03
1.022000000000000000e+05 1.721807845020958917e-03 1.550059164603841740e-03 1.676215650588897856e-03 1.689766023165326959e-03 1.931539239716870398e-03 1.805399298686091118e-03 1.979176593490239618e-03
1.023000000000000000e+05 1.646587044338313757e-03 1.683135893386364336e-03 1.704016242200773147e-03 1.685380643989903282e-03 2.002976407997346473e-03 1.861214079090288713e-03 2.108790238424462175e-03
1.024000000000000000e+05 1.551204677052415905e-03 1.730247326405164911e-03 1.737095684607243206e-03 1.659777556293433277e-03 2.042674108670447172e-03 1.913873708842956517e-03 2.116355344001914947e-03
1.025000000000000000e+05 1.596261678940633175e-03 1.871779191267824560e-03 1.778396180564044632e-03 1.688921048374796919e-03 2.043422365655476417e-03 1.985936280942660406e-03 2.078347474561770443e-03
1.026000000000000000e+05 1.823589311915733069e-03 1.984208891931146020e-03 1.763271252690569273e-03 1.778193387904090754e-03 1.990402688954791277e-03 2.077401795389399730e-03 1.983695983674367818e-03
1.027000000000000000e+05 1.824957283139575469e-03 2.036798130275999444e-03 1.665352027408625651e-03 1.797115681080896279e-03 1.947678247416530619e-03 2.015682106149276846e-03 1.920955371509744641e-03
1.028000000000000000e+05 1.648635377829363140e-03 1.964646065876763693e-03 1.561782743692976183e-03 1.858903436686341892e-03 1.916815137453281928e-03 1.940188361292547554e-03 1.871419514058428671e-03
1.029000000000000000e+05 1.603263041749749662e-03 1.855580300121781280e-03 1.622843736050988070e-03 1.918661276198269658e-03 1.929312210380207913e-03 1.850920560819212073e-03 1.838539904325465135e-03
1.030000000000000000e+05 1.668586722334942192e-03 1.746156179468591474e-03 1.647134494137590622e-03 1.889639953292828172e-03 1.992369403526123451e-03 1.797080596761960322e-03 1.873610142276772557e-03
1.031000000000000000e+05 1.670963190462345250e-03 1.655566897755424496e-03 1.660456837736325880e-03 1.947985740778162720e-03 2.079872916738445977e-03 1.860850943000615576e-03 1.930321774015643930e-03
1.032000000000000000e+05 1.603042927693580861e-03 1.659189727272248650e-03 1.668765455301368227e-03 1.997848522964389660e-03 2.085283199299070144e-03 2.042231599535177401e-03 1.991221537362127501e-03
1.033000000000000000e+05 1.585483001846271561e-03 1.603070420307973164e-03 1.668646042507296486e-03 2.003824161610612015e-03 2.115926347823220057e-03 2.078218754895978793e-03 2.048739167466340216e-03
1.034000000000000000e+05 1.637142336790696744e-03 1.514199084340604740e-03 1.723646728755293643e-03 2.025863880915788375e-03 2.127580056142496911e-03 2.111779406320165708e-03 2.085699749122647481e-03
1.035000000000000000e+05 1.644071097117313744e-03 1.407217474683557538e-03 1.753715259389807685e-03 2.045410118837955211e-03 1.986387263477263493e-03 2.142913553807737279e-03 2.017864001129866455e-03
1.036000000000000000e+05 1.601124763478343907e-03 1.474631195238475462e-03 1.647304056674613179e-03 2.069936804094372768e-03 2.009743421833797960e-03 2.144369912494921773e-03 2.016315440547269966e-03
1.037000000000000000e+05 1.682961067783908440e-03 1.525452452364357402e-03 1.569924937018420640e-03 2.134563881528694137e-03 2.114629643451289460e-03 2.094614813828491427e-03 2.054027713339829850e-03
1.038000000000000000e+05 1.570295009283252099e-03 1.553950596622486130e-03 1.559621025916614091e-03 2.191042666947258955e-03 2.261661866158198864e-03 1.993648257808446674e-03 2.065716081058043083e-03
1.039000000000000000e+05 1.546579530313541527e-03 1.548204193696549541e-03 1.604991121005424053e-03 2.239871280985062524e-03 2.282986329836425403e-03 1.969794832388410341e-03 1.982225297083418849e-03
1.040000000000000000e+05 1.691496814867948307e-03 1.548070587438476900e-03 1.588183680243066692e-03 2.278693708834863673e-03 2.256854474095339787e-03 1.941316981750743423e-03 1.817152383086368663e-03
1.041000000000000000e+05 1.653099307679320278e-03 1.545283063558553546e-03 1.598359527835968011e-03 2.274582435546065179e-03 2.209657796876748469e-03 1.908214705895445703e-03 1.919985734002100123e-03
1.042000000000000000e+05 1.635660660427511659e-03 1.536318762425001663e-03 1.606416608728430560e-03 2.332591103605876227e-03 2.245986166473624979e-03 1.845405358811168326e-03 1.998054238583223032e-03
1.043000000000000000e+05 1.617925296514462815e-03 1.511615953482515172e-03 1.589479780562114489e-03 2.454575760907644257e-03 2.295359518513855404e-03 1.921120230891487689e-03 2.047230422440632532e-03
1.044000000000000000e+05 1.591457835647006134e-03 1.447515094896059673e-03 1.628330667534841954e-03 2.513136641304396322e-03 2.335835260451314243e-03 2.135359322136403792e-03 1.998031991933041287e-03
1.045000000000000000e+05 1.609830537398499210e-03 1.458345728465468717e-03 1.591385192034815415e-03 2.656354768542249899e-03 2.445075988839972257e-03 2.085211128756725776e-03 2.034847142730715486e-03
1.046000000000000000e+05 1.721561696988839181e-03 1.555679652854947970e-03 1.499696344897192852e-03 2.822672546433486595e-03 2.559622626862644804e-03 2.189832672296648103e-03 2.222400638865532768e-03
1.047000000000000000e+05 1.829300210906544249e-03 1.513807113857457576e-03 1.450602610671713122e-03 2.926103056608525804e-03 2.668651043133685175e-03 2.449223952756170337e-03 2.247787326217257423e-03
1.048000000000000000e+05 1.861700971399154678e-03 1.520223847023575211e-03 1.531644286333415502e-03 3.090917759740112285e-03 2.656408398138592700e-03 2.381367608734967500e-03 2.321814963662686710e-03
1.049000000000000000e+05 1.838936746866623234e-03 1.566314766896921692e-03 1.589909136984716349e-03 3.277202944932429071e-03 2.782335034403627880e-03 2.412307544994651224e-03 2.571625706048341446e-03
1.050000000000000000e+05 1.910988215768457971e-03 1.650145678650545046e-03 1.553953690833607612e-03 3.476049646339587906e-03 3.072228983581573591e-03 2.542043761535221942e-03 2.676033792180245417e-03
1.051000000000000000e+05 1.921722003088210083e-03 1.516287643779052697e-03 1.528231978769944554e-03 3.620466907416369177e-03 2.928292392980158271e-03 2.439267230243563102e-03 2.739872396219790885e-03
1.052000000000000000e+05 1.711644860845999315e-03 1.500847951053784586e-03 1.525514060849849415e-03 3.700928624280604238e-03 2.854941408015245884e-03 2.462679183029557392e-03 2.813882049538546631e-03
1.053000000000000000e+05 1.739479236089924675e-03 1.542464675393090965e-03 1.546280277942186331e-03 3.744020165997295150e-03 2.852074566654774334e-03 2.612279619893204379e-03 2.889999324140362855e-03
1.054000000000000000e+05 1.955549201870173791e-03 1.555784847681800347e-03 1.598005244258272894e-03 3.826309012002467123e-03 2.973069853912871895e-03 3.004819116051311943e-03 2.965485782029735583e-03
1.055000000000000000e+05 2.181028947258868353e-03 1.672123023197046900e-03 1.624920032581636574e-03 3.814836207669191140e-03 2.962275357398411104e-03 3.252148704861098152e-03 3.032350784864299049e-03
1.056000000000000000e+05 2.174405914704983546e-03 1.712270414839310801e-03 1.637112482050233526e-03 3.750858142597987815e-03 2.854945773683440456e-03 3.354268386322562575e-03 3.106931612719149999e-03
1.057000000000000000e+05 2.123714242973572756e-03 1.671021405515770667e-03 1.636653663089835276e-03 3.644038669014150120e-03 2.715499400770634252e-03 3.098144818288929830e-03 3.172360285713799345e-03
1.058000000000000000e+05 2.109576666447340182e-03 1.587835782579759139e-03 1.628529725031267316e-03 3.466555500911243110e-03 2.653047448096699026e-03 2.846487993745790927e-03 3.070094412733984784e-03
1.059000000000000000e+05 2.144245231601523034e-03 1.543469946924813738e-03 1.675546204282376585e-03 3.336085261413536136e-03 2.652867288887669154e-03 2.599297912693145432e-03 3.046981487048025863e-03
1.060000000000000000e+05 2.245497448362843325e-03 1.532837317515149591e-03 1.750138815029760736e-03 3.265108071025614716e-03 2.747303035543186001e-03 2.759495014638575338e-03 3.091713944756794338e-03
1.061000000000000000e+05 2.340258962909788371e-03 1.551489237482630863e-03 1.824746825164895317e-03 3.277329492514170772e-03 2.726625016910703189e-03 2.952453116067271094e-03 3.452692218287915782e-03
1.062000000000000000e+05 2.361582184739073956e-03 1.561707609027726323e-03 1.909598574187324838e-03 3.302025833537990899e-03 2.662695598170227405e-03 3.178172216979233133e-03 3.680652877097291033e-03
1.063000000000000000e+05 2.353038526670028340e-03 1.577130989818974118e-03 1.915881886344866780e-03 3.304354445212985200e-03 2.614082352906326769e-03 3.258218691792405270e-03 3.753426318731280763e-03
1.064000000000000000e+05 2.437448694169251206e-03 1.591911355423702079e-03 1.845629428336699983e-03 3.227962494075217823e-03 2.578747649026981188e-03 3.254916955529902657e-03 3.731116783673231376e-03
1.065000000000000000e+05 2.399356180542917046e-03 1.602150657134229945e-03 1.801882042809261003e-03 3.263726270241334299e-03 2.558964541642085727e-03 3.168267008191726162e-03 3.720401596701887470e-03
1.066000000000000000e+05 2.384141270895602602e-03 1.566638527369579401e-03 1.848663009337608550e-03 3.353844778819020482e-03 2.566699573744521488e-03 3.089033194463007038e-03 3.740915096894893190e-03
1.067000000000000000e+05 2.417276754936876788e-03 1.607284359945847273e-03 1.908678775633385451e-03 3.484549852283270414e-03 2.463922148907697271e-03 3.127709589640748772e-03 3.699692055962007682e-03
1.068000000000000000e+05 2.505194108719469709e-03 1.684568981059598363e-03 1.925526947574934204e-03 3.391458001743521099e-03 2.352608714127464151e-03 3.284296193724951796e-03 3.598177767456896790e-03
1.069000000000000000e+05 2.378780699256853853e-03 1.743506809944300566e-03 1.937236649882729611e-03 3.313344337314049273e-03 2.269061535867574440e-03 3.167613455604317407e-03 3.386264029647605926e-03
1.070000000000000000e+05 2.228397106461024041e-03 1.758597708623909099e-03 1.938243071506576352e-03 3.246040957962440660e-03 2.434560464291530679e-03 3.121702834761686061e-03 3.637821000569741586e-03
1.071000000000000000e+05 2.106694114367094455e-03 1.689764142981261662e-03 1.935540463692103728e-03 3.182955235515717071e-03 2.589859052731072891e-03 3.146564331197057758e-03 3.922461505455078316e-03
1.072000000000000000e+05 2.047850401833620996e-03 1.604372447742155594e-03 1.955896779743279430e-03 3.326893460002219947e-03 2.683148373253122637e-03 3.096341891964551549e-03 3.853909748152994832e-03
1.073000000000000000e+05 2.044656026176825195e-03 1.742743311700434717e-03 1.961597485152292725e-03 3.460244395951546630e-03 2.561107473785959650e-03 3.122004261490323590e-03 3.814403690593780143e-03
1.074000000000000000e+05 2.097886353967480522e-03 1.746771567769086564e-03 1.983415274761725616e-03 3.466221197665176560e-03 2.466713970956027104e-03 3.223551439774373882e-03 3.795773409277809242e-03
1.075000000000000000e+05 2.180156369065884125e-03 1.753751107450112617e-03 2.037139981056051378e-03 3.618621240249392679e-03 2.418564195435963203e-03 3.143112376258004777e-03 3.820959297928179597e-03
1.076000000000000000e+05 2.090813816804897550e-03 1.782372015295733596e-03 1.987211933615646610e-03 3.654299331037196528e-03 2.467222686575990757e-03 3.077714125313223831e-03 3.802873791437512765e-03
1.077000000000000000e+05 1.920616369403550490e-03 1.633744247066382018e-03 2.001532445147743630e-03 3.570106809947762045e-03 2.363091138497527572e-03 3.027356686940030610e-03 3.754630189169272814e-03
1.078000000000000000e+05 1.801096684587885589e-03 1.657938181009903323e-03 2.022006519105810224e-03 3.424732185356660352e-03 2.148807664759506530e-03 2.693085775144813798e-03 3.669024901127870136e-03
1.079000000000000000e+05 1.780941020512399149e-03 1.717885195557438890e-03 1.920918998388711305e-03 3.301451563567103960e-03 2.345107271576191144e-03 2.490963403723487919e-03 3.482536250309393490e-03
1.080000000000000000e+05 1.713217800453392756e-03 1.726985859110997511e-03 1.847071505815599301e-03 3.226813581885181782e-03 2.486762378667808047e-03 2.420989572676052540e-03 3.209576145682004229e-03
1.081000000000000000e+05 1.766099126668747897e-03 1.607238608095227584e-03 1.822311201213380879e-03 3.251199741262697247e-03 2.556155554283565719e-03 2.412400318423829713e-03 3.273480317539789221e-03
1.082000000000000000e+05 1.816867439053607928e-03 1.616896256925923940e-03 1.857322667068148341e-03 3.207487998613344111e-03 2.370467867386929443e-03 2.352559400664925443e-03 3.257108268031385159e-03
1.083000000000000000e+05 1.791209558007828082e-03 1.697357716116974346e-03 1.981121605921810740e-03 3.129297163712246952e-03 2.247047225049391295e-03 2.241466819399339297e-03 3.147080626929085918e-03
1.084000000000000000e+05 1.709936819718855736e-03 1.769440917455337124e-03 1.923975499643106914e-03 3.023796389016151793e-03 2.176114953192610172e-03 2.342472404604195590e-03 3.025021996861497996e-03
1.085000000000000000e+05 1.645661571811675569e-03 1.641369878010807450e-03 1.812183509328313662e-03 2.964977739479968729e-03 2.191630478641054276e-03 2.383456997404590719e-03 2.882933532986407029e-03
1.086000000000000000e+05 1.669131372377286905e-03 1.630943137084296321e-03 1.793540779191698077e-03 2.949230712527577906e-03 2.290205169942013605e-03 2.364420597800524250e-03 2.710401466881341617e-03
1.087000000000000000e+05 1.841232603979724028e-03 1.720846029551228486e-03 1.829316534946666926e-03 2.932511641623972761e-03 2.377624226385774767e-03 2.388886374237890031e-03 2.646577158368545058e-03
1.088000000000000000e+05 1.875236467366703892e-03 1.746008312552528195e-03 1.910749261140867392e-03 2.812411259737547346e-03 2.316311515785015977e-03 2.417510103337841641e-03 2.690874094155631859e-03
1.089000000000000000e+05 1.879040656955345816e-03 1.741404221966040599e-03 2.015640815655754276e-03 2.736084871114943806e-03 2.417422751125038703e-03 2.450291785100379080e-03 2.933972474238788399e-03
1.090000000000000000e+05 1.899067065595509002e-03 1.828284831471454304e-03 1.997365719113837566e-03 2.728719449822238161e-03 2.545999542087940687e-03 2.399101192846672496e-03 3.039324649526764337e-03
1.091000000000000000e+05 1.988677122011635930e-03 2.002413349181700244e-03 1.979053164529589754e-03 2.816223006106316484e-03 2.620549829543352641e-03 2.352905437895431908e-03 3.060345174686147831e-03
1.092000000000000000e+05 1.965929732444080588e-03 1.871827551603360163e-03 1.926160855656596253e-03 2.756994902441816612e-03 2.601722802731218191e-03 2.311704520246656881e-03 2.938006404212054404e-03
1.093000000000000000e+05 1.908271257023452013e-03 1.814094092454995736e-03 1.804137852084812792e-03 2.673308535877306612e-03 2.550222495718379098e-03 2.288971507135851430e-03 2.869812613477793102e-03
1.094000000000000000e+05 1.858702334996653301e-03 1.780440506670968089e-03 1.943182059852904212e-03 2.569428010795979031e-03 2.475505119895061567e-03 2.245701111030364711e-03 2.820168583545218290e-03
1.095000000000000000e+05 1.879211141994553474e-03 1.741117352179838169e-03 1.945000813019407554e-03 2.434563727250671841e-03 2.414184931016054390e-03 2.181893331930196724e-03 2.740193843102329847e-03
1.096000000000000000e+05 1.766977982210711723e-03 1.829572010965472466e-03 1.860042876415918906e-03 2.379968605951672620e-03 2.425069068771289627e-03 2.158687724216776672e-03 2.766714824993949436e-03
1.097000000000000000e+05 1.747667682573384156e-03 1.767649841424673253e-03 1.951530888507473473e-03 2.337070439499128183e-03 2.536550399443182786e-03 2.202682992214229692e-03 2.851089310209439526e-03
1.098000000000000000e+05 1.764651224073985171e-03 1.701479127880726073e-03 1.864448237966845334e-03 2.247949466249567121e-03 2.598748484842808380e-03 2.313879135922554918e-03 2.830987917802859407e-03
1.099000000000000000e+05 1.669945168336986648e-03 1.853124606825984474e-03 1.769105988440632061e-03 2.112971911677905424e-03 2.457060432943549994e-03 2.268133997880868082e-03 2.759094645006696187e-03
1.100000000000000000e+05 1.740550796564711540e-03 1.862769575746696426e-03 1.740958952302520393e-03 2.062059948056877562e-03 2.089465704766259660e-03 2.241565458381724989e-03 2.642808331876608623e-03
1.101000000000000000e+05 1.742536969127104129e-03 1.873026945807896053e-03 1.791284356853196707e-03 2.113890646330463322e-03 2.077528819927992182e-03 2.234173517425126505e-03 2.395448141880968020e-03
1.102000000000000000e+05 1.709692567684072996e-03 1.872443564862763228e-03 1.843898178410195319e-03 2.199599420816950729e-03 2.140690397368281723e-03 2.304858468487398088e-03 2.262284525050463867e-03
1.103000000000000000e+05 1.816961257671626624e-03 1.767530108853122709e-03 1.938058553294869004e-03 2.249653541208833721e-03 2.261879182167095270e-03 2.311018352066255242e-03 2.262350243579298436e-03
1.104000000000000000e+05 1.766382606071739822e-03 1.749148685452212417e-03 2.172534936039621951e-03 2.270449334454333057e-03 2.243436265629387538e-03 2.252653168161697968e-03 2.265686234439439478e-03
1.105000000000000000e+05 1.719780775391829050e-03 1.745004367076421429e-03 2.270088192060288213e-03 2.259355097056760849e-03 2.240919986188808638e-03 2.202228632482823578e-03 2.320835214574405378e-03
1.106000000000000000e+05 1.714471122033845449e-03 1.736881851906014714e-03 2.239986553531169051e-03 2.208199678311796154e-03 2.244014317333425500e-03 2.180107640057145878e-03 2.458448941238273316e-03
1.107000000000000000e+05 1.775483787220611190e-03 1.748884195444712960e-03 2.083320488948721405e-03 2.268623348172518588e-03 2.205573383107059700e-03 2.186290190884664000e-03 2.502283641635818373e-03
1.108000000000000000e+05 1.751888838292863133e-03 1.737490096792556346e-03 1.905802402065658822e-03 2.513268949320759948e-03 2.143675530965376535e-03 2.190806954463048097e-03 2.467718191283281570e-03
1.109000000000000000e+05 1.743360138772743735e-03 1.710604435295416366e-03 1.820469794349947488e-03 2.231125392928914701e-03 2.061783370857954781e-03 2.214658961694706933e-03 2.295116548852015742e-03
1.110000000000000000e+05 1.767667889148901751e-03 1.671962454007308672e-03 1.769971770323632097e-03 2.059214251257445154e-03 1.946292958573649133e-03 2.257846212579640507e-03 2.247787972291480189e-03
1.111000000000000000e+05 1.773070747079428773e-03 1.603218091434503853e-03 1.690202540972219952e-03 1.994541898981199227e-03 1.973977872161550035e-03 2.240045418583207996e-03 2.234285425802536376e-03
1.112000000000000000e+05 1.711759763947939827e-03 1.564482049567576241e-03 1.771126282764614495e-03 2.014022405458261011e-03 2.054712107064976881e-03 2.251064788093364976e-03 2.208263247014840679e-03
1.113000000000000000e+05 1.705529821641799636e-03 1.588081624143853222e-03 1.803197183431096357e-03 1.958232284063478323e-03 2.113973382458655351e-03 2.290904321110112316e-03 2.141629556069665503e-03
1.114000000000000000e+05 1.787646063224874711e-03 1.732182544350215590e-03 1.786697036483276971e-03 1.943344352347767343e-03 2.102108492214559143e-03 2.437033616706009952e-03 2.084245000770648497e-03
1.115000000000000000e+05 1.842730229113431891e-03 1.697426177775395026e-03 1.933144208772156602e-03 2.072292123131016985e-03 2.047396880831911254e-03 2.467109841844037504e-03 2.177003276799252193e-03
1.116000000000000000e+05 1.785471638652067492e-03 1.735580570182614904e-03 1.834443755164275134e-03 2.034524809788101386e-03 1.942377076418440708e-03 2.381132996524194974e-03 2.297191106193113841e-03
1.117000000000000000e+05 1.745113366648190067e-03 1.845570465640892967e-03 1.733508689506872095e-03 2.022163071876537273e-03 1.953853013187061439e-03 2.246306453830703050e-03 2.419097313509850286e-03
1.118000000000000000e+05 1.786308752364329814e-03 1.938333296103337362e-03 1.816679496594159754e-03 2.062200408776716180e-03 2.014180344728074609e-03 2.205748557488538403e-03 2.355902405661820104e-03
1.119000000000000000e+05 1.882580534208466976e-03 1.911255094557402215e-03 1.901890435036654751e-03 2.200020654170390614e-03 2.118302382649328314e-03 2.259459307497700600e-03 2.320663102953217285e-03
1.120000000000000000e+05 1.852205537387339703e-03 1.801600795027741547e-03 1.917938777645916085e-03 2.164121233733571313e-03 2.148292330885220695e-03 2.267567194478559839e-03 2.309385747506978795e-03
1.121000000000000000e+05 1.818374720061450775e-03 1.653766237402531968e-03 1.879701991307952073e-03 2.064507413357673325e-03 2.268146446965460267e-03 2.284943079771885061e-03 2.319851969211847876e-03
1.122000000000000000e+05 1.863443395332443865e-03 1.795466189270691253e-03 1.847169974473828087e-03 2.043746339098863069e-03 2.530498343715769337e-03 2.311586963377676267e-03 2.310668344062736298e-03
1.123000000000000000e+05 1.930765064290828822e-03 1.794619590582003559e-03 1.944405780297043087e-03 1.972419727428885352e-03 2.478578198933876695e-03 2.241532390321299226e-03 2.278559897583978811e-03
1.124000000000000000e+05 1.893245564524307723e-03 1.759074926952701456e-03 1.970334819312995287e-03 1.937301006476986262e-03 2.348032241763121572e-03 2.203687450519705056e-03 2.200369509273384944e-03
1.125000000000000000e+05 1.814779305884870689e-03 1.756354823480297958e-03 1.825947263581608870e-03 1.967776653166805438e-03 2.151129498575124217e-03 2.198052143972894189e-03 2.175908678082113731e-03
1.126000000000000000e+05 1.752149250171419325e-03 1.818461989953254086e-03 1.808571795530960688e-03 2.045909600997201493e-03 2.106428817696888531e-03 2.121435473623839874e-03 2.243559397192699742e-03
1.127000000000000000e+05 1.846756221584389471e-03 1.766939988762328446e-03 1.812094337888363110e-03 1.998297893605039365e-03 2.055358456022649081e-03 2.076033117928383336e-03 2.217462397055869859e-03
1.128000000000000000e+05 1.850381248385717711e-03 1.693435587442860928e-03 1.831513720260806184e-03 1.899472259578378029e-03 2.002731423154656496e-03 2.061845076886525442e-03 2.170824715051411762e-03
1.129000000000000000e+05 1.848215555291447864e-03 1.734460660316171484e-03 1.860026474049776514e-03 1.986542791594627082e-03 2.015788666952014578e-03 2.002385301473837403e-03 2.116321838536900507e-03
1.130000000000000000e+05 1.950601614560601134e-03 1.764499955893844866e-03 1.787179934158571746e-03 1.922911524113150687e-03 1.975445422478217059e-03 1.976354434187945191e-03 2.157132877701615787e-03
1.131000000000000000e+05 2.004067990080773444e-03 1.825465038148396842e-03 1.829220498658099296e-03 1.855257174489211621e-03 1.931331308538311977e-03 1.983752475028849240e-03 2.204663557094014084e-03
1.132000000000000000e+05 1.951038932886450805e-03 1.880374227812142175e-03 2.026408516858186400e-03 1.875015330104220709e-03 2.139288237026285358e-03 2.010019084181312570e-03 2.179279121566129671e-03
1.133000000000000000e+05 1.835750676898456699e-03 1.787940534293155741e-03 1.988975281523361078e-03 1.961432115118178811e-03 2.192453029890547959e-03 2.059858860822986158e-03 2.177173594635739649e-03
1.134000000000000000e+05 1.732685547288872075e-03 1.730811703595444562e-03 1.889195765310144664e-03 2.062291555122209869e-03 2.158240750160501063e-03 2.133271804953869571e-03 2.173062609167669343e-03
1.135000000000000000e+05 1.769517203615767007e-03 1.673197913825376880e-03 1.791079824772973984e-03 2.168314515625384582e-03 2.110285143547740473e-03 2.119193866898780310e-03 2.101017602948523737e-03
1.136000000000000000e+05 1.729888932464809749e-03 1.622241773300502586e-03 1.778339346135400598e-03 2.240696787660616772e-03 2.077657482355469917e-03 2.086008690525037197e-03 2.015762809588347686e-03
1.137000000000000000e+05 1.661658201402062664e-03 1.737827934952555645e-03 1.693007135685333691e-03 2.051291409479698638e-03 2.052194929017111744e-03 2.033716275832640231e-03 1.924699550348833764e-03
1.138000000000000000e+05 1.719095027340586520e-03 1.826470721197892815e-03 1.660275599375913604e-03 1.799624778916520578e-03 2.029262383447066626e-03 2.094401212175612224e-03 1.863008104114946680e-03
1.139000000000000000e+05 1.855266325318593408e-03 1.812684272084343724e-03 1.694734178821187716e-03 1.718891508965729106e-03 2.083985690185850750e-03 2.172375055959714987e-03 1.882492044325634242e-03
1.140000000000000000e+05 1.944458664266102664e-03 1.637328251203380323e-03 1.773316559366367069e-03 1.875662615454643575e-03 2.142095649426384307e-03 2.267637807184948954e-03 1.971554887203093905e-03
1.141000000000000000e+05 1.970160960717566578e-03 1.670962812783313971e-03 1.971848275060456620e-03 2.001608381307199997e-03 2.150987714504597019e-03 2.128709588721256103e-03 2.070256228317019723e-03
1.142000000000000000e+05 1.936223846686767293e-03 1.733461536967306066e-03 2.139557837062003743e-03 2.030534035980041934e-03 2.067417623576638455e-03 2.030559934422160664e-03 2.142671385314963168e-03
1.143000000000000000e+05 1.807946624461518898e-03 1.778428663048302544e-03 2.153354372333101101e-03 1.968997030701703007e-03 1.991891292685587980e-03 1.973188844287663505e-03 2.184419327510924141e-03
1.144000000000000000e+05 1.724170035907160621e-03 1.732661374981742412e-03 2.046803008834264734e-03 1.900992289326716668e-03 1.967436273626508528e-03 1.924457113593760994e-03 2.128867467071287461e-03
1.145000000000000000e+05 1.703447280879489883e-03 1.694909855652946369e-03 1.936711525497054323e-03 1.832172561112319987e-03 2.020858392854046545e-03 1.952855382826313704e-03 2.081417967449807234e-03
1.146000000000000000e+05 1.694170070292513614e-03 1.784490312622305985e-03 1.840792906052623069e-03 1.778099532286185397e-03 2.055806454414724031e-03 2.058383651985322069e-03 2.059905552155471848e-03
1.147000000000000000e+05 1.739798450727312110e-03 1.970797955198859940e-03 1.801581932773781841e-03 1.868459088069757482e-03 2.049529264396730659e-03 2.034228093998519810e-03 2.109034050411481495e-03
1.148000000000000000e+05 1.761557499686617571e-03 2.117888935166406614e-03 1.848227595064375192e-03 1.924018302762553955e-03 2.100008181909784541e-03 2.035908064149010224e-03 2.144526298761788210e-03
1.149000000000000000e+05 1.776782036292970986e-03 2.072772553060904868e-03 1.901171939017938170e-03 1.841656888442082815e-03 2.118020579847710184e-03 2.063423562436793313e-03 2.120438429280961570e-03
1.150000000000000000e+05 2.048662116556838539e-03 1.906275591843205981e-03 1.925466334104594061e-03 1.717060331325079856e-03 2.095517479452841877e-03 2.025018515232510259e-03 2.102613511079412870e-03
1.151000000000000000e+05 1.954005428950481883e-03 1.672141950427628778e-03 1.993889929395991148e-03 1.772387780743691103e-03 2.090097361591806806e-03 2.050188705168710414e-03 2.094668034628238695e-03
1.152000000000000000e+05 1.892512056394900959e-03 1.705655490851282294e-03 2.052350752866626774e-03 1.971962580003001203e-03 2.129393891935059922e-03 2.138934132245393343e-03 2.113391079399039047e-03
1.153000000000000000e+05 2.002466417149163791e-03 1.771184708794302197e-03 2.069444601332065883e-03 2.025354207499728814e-03 2.201238996236433952e-03 2.106022151756479707e-03 2.147259331664164769e-03
1.154000000000000000e+05 1.977476026820644377e-03 1.861553485449075635e-03 1.963943847243719305e-03 2.044112247538724166e-03 2.157891176073361075e-03 2.102687479308301167e-03 2.190043947542427791e-03
1.155000000000000000e+05 1.856027156081664414e-03 1.974381201477328623e-03 1.952373986966504486e-03 2.040010020219978990e-03 2.089150135149619048e-03 2.128930114900857290e-03 2.244846944973468393e-03
1.156000000000000000e+05 1.856368171528236010e-03 2.018240084182101966e-03 1.970441846492494448e-03 2.015936054647758831e-03 2.016087817133382833e-03 2.310816245733387456e-03 2.301157648310512335e-03
1.157000000000000000e+05 2.073706827350175162e-03 1.960988741587050763e-03 1.994620467416149522e-03 2.046399018456758652e-03 2.043930329916996726e-03 2.384301027420542094e-03 2.352590856995919865e-03
1.158000000000000000e+05 1.869840986760429443e-03 1.836630225526338610e-03 1.892086784979564711e-03 2.045667344840393798e-03 2.097729598255852410e-03 2.349384459962321203e-03 2.334186335566719190e-03
1.159000000000000000e+05 1.883001216117157406e-03 1.687391971156991955e-03 1.878416568476236077e-03 1.996615114513889018e-03 2.154383472460725223e-03 2.224694175170873183e-03 2.367785270286550375e-03
1.160000000000000000e+05 1.933531003052678604e-03 1.676715186111553315e-03 1.902406154615444728e-03 1.932289409311474700e-03 2.158287099293640203e-03 2.155996556623128533e-03 2.445958595991261798e-03
1.161000000000000000e+05 1.888730456531050516e-03 1.621493496191332706e-03 1.908788721912046439e-03 1.918716954039499309e-03 2.276163214154819630e-03 2.143291604319087686e-03 2.456953883657188656e-03
1.162000000000000000e+05 1.913754936566446508e-03 1.597045612363705378e-03 1.995244405039486510e-03 1.929114115163891446e-03 2.358477346109862441e-03 2.210895990396165300e-03 2.451438222927802314e-03
1.163000000000000000e+05 1.951248839860679962e-03 1.930083800229521508e-03 2.064287540818583212e-03 1.913586092772602424e-03 2.170877289414874754e-03 2.281166611925019606e-03 2.426659789070549200e-03
1.164000000000000000e+05 1.933052981139078393e-03 1.918324137407311988e-03 2.096783348527762273e-03 1.880028017940989140e-03 2.177092172601712266e-03 2.354103468905650604e-03 2.409094047329311556e-03
1.165000000000000000e+05 1.785075495731366447e-03 1.861687268717048503e-03 2.056274026295156019e-03 1.869132420818914999e-03 2.231891283128394597e-03 2.228056931921097109e-03 2.330349496764246714e-03
1.166000000000000000e+05 1.820985628078896626e-03 1.845674718790638394e-03 2.013049146908774470e-03 1.903421470293589855e-03 2.260167660588783319e-03 2.209551850772445685e-03 2.152757159798895838e-03
1.167000000000000000e+05 1.857270215459299548e-03 1.854970891750988430e-03 2.070015695477277901e-03 2.065261678632216488e-03 2.246367740399935354e-03 2.298588225459696332e-03 2.445769614177251139e-03
1.168000000000000000e+05 1.911504807263063972e-03 1.891960228495044539e-03 2.329453990073751708e-03 2.158496051572301750e-03 2.310561848815351378e-03 2.844367007955620093e-03 2.771889217582369259e-03
1.169000000000000000e+05 2.015886578845982584e-03 1.895711936426949015e-03 2.409745179837574115e-03 2.170882915239307365e-03 2.534274983748367911e-03 2.989627453890960750e-03 2.979979764384471739e-03
1.170000000000000000e+05 2.060582915459097456e-03 1.823124155204510237e-03 2.255998860613617207e-03 2.052296772933846162e-03 2.425517760083561493e-03 2.734369563265717437e-03 3.290243912438643725e-03
1.171000000000000000e+05 1.863303552880578307e-03 1.772735360967110261e-03 1.948602840277015736e-03 1.875490637867156720e-03 2.384291680608411831e-03 2.833128284073652917e-03 3.643247333454021838e-03
1.172000000000000000e+05 1.640646310593379519e-03 2.018538263098036689e-03 1.766956090367357993e-03 1.944968981338847250e-03 2.502866351613272210e-03 3.265463562569317652e-03 4.036541396421359541e-03
1.173000000000000000e+05 1.823157387136108056e-03 2.491223035186974737e-03 2.439284554935599540e-03 2.637125076138486287e-03 3.298806087053336809e-03 4.031375398752711642e-03 4.328501924283980305e-03
1.174000000000000000e+05 2.704492764860222647e-03 3.117586399364433766e-03 3.059596945316031547e-03 3.096948407115748640e-03 3.673867690865601637e-03 4.148732963871254974e-03 4.652009477466408777e-03
1.175000000000000000e+05 3.166776801756263863e-03 3.284335148730074903e-03 3.214752347309319299e-03 3.540204531892207282e-03 3.527814165503523856e-03 4.824789736251998938e-03 5.396729866830173028e-03
1.176000000000000000e+05 3.518808770058924618e-03 4.197662290468570645e-03 4.183074471896390187e-03 4.029974827654561609e-03 4.921445090656227303e-03 6.059545715894944402e-03 6.600499065347789802e-03
1.177000000000000000e+05 4.874326550245782104e-03 5.249966746522462778e-03 4.679921629421426518e-03 5.050591789324354250e-03 5.777323707807887829e-03 6.552639514577626029e-03 7.885358018720539305e-03
1.178000000000000000e+05 4.260670045056349532e-03 3.955644665043937802e-03 4.637809992276442986e-03 4.782258467452257626e-03 6.051003348813329893e-03 5.984387184614303745e-03 6.700427961703512084e-03
1.179000000000000000e+05 3.498100327803641517e-03 3.200487438258909322e-03 3.759445909515386763e-03 3.755701685481623898e-03 4.657532196382750157e-03 4.354788726004978419e-03 5.212226713873491929e-03
1.180000000000000000e+05 2.864553648444562086e-03 2.511431990584105794e-03 2.602891163256740997e-03 2.599558549347773077e-03 3.372342046175428459e-03 2.958694404488363371e-03 3.464078731060928583e-03
1.181000000000000000e+05 2.218424500402780934e-03 1.769119727291675655e-03 1.664065325306260824e-03 1.715431125193508021e-03 2.227104783996808161e-03 1.884489758651110725e-03 2.342347294231881746e-03
1.182000000000000000e+05 1.573656013167034620e-03 1.138790904350114961e-03 1.084692900644076844e-03 1.110873709269283565e-03 1.563038920361442541e-03 1.132174788493220483e-03 1.529607161982963820e-03
1.183000000000000000e+05 1.112252854247140895e-03 8.368768461606943161e-04 8.069788804686089077e-04 8.359323547970678699e-04 1.139950935728421431e-03 9.513296259368924854e-04 1.077356885077562689e-03
1.184000000000000000e+05 8.618619337729314890e-04 7.184097728604902722e-04 7.033145793744438427e-04 7.147256432457351448e-04 8.824394670847012651e-04 8.501024071407385901e-04 9.215041873751875960e-04
1.185000000000000000e+05 7.279735024360665246e-04 7.054527337477550135e-04 6.900523464177943248e-04 6.891628291242267402e-04 7.842201689304807927e-04 8.284931321047590141e-04 8.381596005547890544e-04
1.186000000000000000e+05 6.932422070735548645e-04 7.416310548723651979e-04 6.855708558130400474e-04 7.325358804284475738e-04 7.495273894739504271e-04 8.668918810745988640e-04 8.313083139184799727e-04
1.187000000000000000e+05 6.904738202410471088e-04 7.530200886443068169e-04 7.116450041588295384e-04 7.639584949247341366e-04 7.705280019578687961e-04 9.016111160847586382e-04 8.815051111827897383e-04
1.188000000000000000e+05 7.096938568046081211e-04 7.773105549155188325e-04 7.646847278270475041e-04 8.608984336560505457e-04 8.865066441784678506e-04 9.326508371352383369e-04 9.440300806065301305e-04
1.189000000000000000e+05 8.421755467419840633e-04 8.737789933412744379e-04 8.417302745054005674e-04 9.594887334280045128e-04 9.649106181119457715e-04 9.837599035829244776e-04 1.010955584884200547e-03
1.190000000000000000e+05 8.631079480077984579e-04 9.426332769026947965e-04 9.256534416359478868e-04 1.011768890645817426e-03 1.103099702221945269e-03 1.179731899829035988e-03 1.287436307503081684e-03
1.191000000000000000e+05 9.499212962834191866e-04 1.120406075872413827e-03 1.167386079943755466e-03 1.319489973045217396e-03 1.412520498106146398e-03 1.520566825873572760e-03 1.532203250867168179e-03
1.192000000000000000e+05 1.160705958846389380e-03 1.306874866463485999e-03 1.330453320567451161e-03 1.373831117396908004e-03 1.436797084216950762e-03 1.520093500896563731e-03 1.461702378374054798e-03
1.193000000000000000e+05 1.155000626394549722e-03 1.113675878495553814e-03 1.214797864917440719e-03 1.137919312572924181e-03 1.337469535610857300e-03 1.385221519328431235e-03 1.368143226232918517e-03
1.194000000000000000e+05 1.003135134038414967e-03 9.042066939031083222e-04 9.229244787009047504e-04 9.081839816809453162e-04 1.123555346244267889e-03 1.115950881169175271e-03 1.311501987463469139e-03
1.195000000000000000e+05 8.096804237077493468e-04 7.527731701857847194e-04 7.609944545090575321e-04 7.890844243626996121e-04 1.053667628946315703e-03 1.318315562135921820e-03 1.514273955822184863e-03
1.196000000000000000e+05 6.464180862645477546e-04 7.304146746919647085e-04 8.165089840428694026e-04 9.312819865407964866e-04 1.316898433387582706e-03 1.844343740258370034e-03 2.030575470157637390e-03
1.197000000000000000e+05 7.078777959274624868e-04 1.258991339932782980e-03 1.398009791619892654e-03 1.702398692283239347e-03 2.028579226586050676e-03 2.694035415536519696e-03 2.713432129951435460e-03
1.198000000000000000e+05 1.439352311925114723e-03 1.915762548583935763e-03 2.095192569090526501e-03 2.231693913529746946e-03 2.608806488315829151e-03 2.858601522453870208e-03 3.043478940420743951e-03
1.199000000000000000e+05 2.116083582548723609e-03 2.199670218998119042e-03 2.317089394340275318e-03 2.318367343634327154e-03 2.652118976965099281e-03 2.608155000946857198e-03 2.894262270380342991e-03
