9.000000000000000000e+04 1.283245230680375324e-04 1.241287136360298151e-04 1.190810647319615517e-04 1.319186132435158567e-04 1.270080051915657249e-04 1.234368439352282756e-04 1.257003899229958209e-04 1.160273488823680693e-04 0.000000000000000000e+00 0.000000000000000000e+00 0.000000000000000000e+00 0.000000000000000000e+00
9.010000000000000000e+04 2.152017394939444205e-04 2.132010408163317536e-04 2.044478195588177183e-04 2.026973738813571358e-04 2.030954234271193010e-04 2.155496339820960072e-04 2.360039473719708128e-04 2.593889393728022997e-04 nan 6.942899534754849052e-310 8.059949109227817506e+06 -4.639292218018153816e-04
9.020000000000000000e+04 3.069979242189833425e-04 3.165231875721214415e-04 3.030085343064547760e-04 2.997649154694550155e-04 2.968997180154285716e-04 2.153866207207238179e-04 2.084112702373595426e-04 2.487884294592246424e-04 nan 6.942899536295098703e-310 1.822184405318533754e+04 2.601473889282307820e-04
9.030000000000000000e+04 1.083594810012166913e-04 1.149904838455941464e-04 1.374845411090514738e-04 1.157993191527901270e-04 1.194937217716199725e-04 1.235485031106398903e-04 1.239649313002782495e-04 1.221456143688744763e-04 nan 6.942899537836781144e-310 5.311714961437435704e+03 8.126605313111545117e-05
9.040000000000000000e+04 2.175394046146364923e-04 2.048285971632369076e-04 2.145570881311334259e-04 1.983723025343706470e-04 1.980052586237608745e-04 2.127913118492298324e-04 2.086313682792069100e-04 2.208705047376736041e-04 nan 6.942899539378512992e-310 6.749134354065391235e+06 1.237736563650785899e-04
9.050000000000000000e+04 1.852489177887925551e-04 1.915698985582675552e-04 1.790699362208712981e-04 1.900557923640829386e-04 1.794093480982145085e-04 2.007485075898548556e-04 1.981222239344174348e-04 1.972786950831759980e-04 nan 6.942899540920195433e-310 1.817069506346248090e+07 -3.423425526432516191e-04
9.060000000000000000e+04 2.380453180389365106e-04 2.400089298711113135e-04 2.362031635312276099e-04 2.324676161659607651e-04 2.106016035179756783e-04 2.221890846161126429e-04 2.119225563076182928e-04 2.316965907633450209e-04 nan 6.942899542461927281e-310 9.356386675169290975e+06 -2.038168610087826103e-04
9.070000000000000000e+04 1.295369571757638350e-04 1.252831357118282089e-04 1.293987952702793957e-04 1.473676955099803381e-04 1.288326400987597792e-04 1.283733346057582068e-04 1.310431566128576774e-04 1.285917534575226669e-04 nan 6.942899544003708536e-310 1.968890417725042062e+04 -4.737605974767965846e-05
9.080000000000000000e+04 1.342109032000506975e-04 1.326627900462366545e-04 1.354998244928551181e-04 1.307316705540967382e-04 1.377375098687652632e-04 1.410999020895108093e-04 1.391052902385135788e-04 1.424093068728646283e-04 nan 6.942899545545341570e-310 6.778775085501751164e+03 -1.053782307735463158e-04
9.090000000000000000e+04 1.414160444022326800e-04 1.436660535662476050e-04 1.311017504825921992e-04 1.423389200604738985e-04 1.472066712642604715e-04 1.443240578097357675e-04 1.418505284534029231e-04 1.449541445487034731e-04 nan 6.942899547087122825e-310 5.451229728002162650e+06 -3.040845801282531999e-04
9.100000000000000000e+04 1.437871708543859344e-04 1.491600753439381892e-04 1.464428712551618390e-04 1.406397286658766263e-04 1.494885265554084090e-04 1.469452392119426770e-04 1.464732059576327760e-04 1.518030824839495445e-04 nan 6.942899548628805266e-310 1.687279043739261478e+07 4.202483607062891297e-04
9.110000000000000000e+04 1.486399311211692332e-04 1.460091662061552341e-04 1.436998245860980595e-04 1.444704863071107688e-04 1.542683834932530437e-04 1.594428503036552139e-04 1.504078280133212635e-04 1.514551548028733119e-04 nan 6.942899550170537114e-310 1.065282424111509323e+07 2.009558312011896402e-04
9.120000000000000000e+04 1.540681074777639013e-04 1.591856277815016977e-04 1.551946060471020075e-04 1.565694746706378765e-04 1.613795410799081880e-04 1.589549586508819264e-04 1.582454680530819425e-04 1.536009722555605589e-04 nan 6.942899551712268962e-310 2.115596430130447334e+04 -8.081179379113714672e-05
9.130000000000000000e+04 1.576163816508944170e-04 1.709840883023836899e-04 1.664042681776095828e-04 1.624582202579684755e-04 1.671237919058124694e-04 1.679141856099103814e-04 1.645705348105096037e-04 1.667292571938439494e-04 nan 6.942899553253951403e-310 8.245835209566064805e+03 -2.762104379419733622e-04
9.140000000000000000e+04 1.677042487983209404e-04 1.779749941710942853e-04 1.697378253889951256e-04 1.687427118412940989e-04 1.710317452396244967e-04 1.704654233581502827e-04 1.674412722801475913e-04 1.703415908066912090e-04 nan 6.942899554795683251e-310 4.153325101932295132e+06 4.390016134204253562e-04
9.150000000000000000e+04 1.742300489768725696e-04 1.666222118437177030e-04 1.727606169586125544e-04 1.675611626934544291e-04 1.742876179150655710e-04 1.650476704522094368e-04 1.781316633857087984e-04 1.869899580069087823e-04 nan 6.942899556337365692e-310 1.557488581133087166e+07 -1.736284720342852201e-04
9.160000000000000000e+04 1.743050395356522100e-04 1.716584038327690525e-04 1.722040177479232956e-04 1.705845109751873926e-04 1.658105620364178263e-04 1.784599345676404325e-04 1.776702240037231748e-04 1.742118044745720711e-04 nan 6.942899557879097540e-310 1.194926180705697276e+07 1.021551629767592992e-04
9.170000000000000000e+04 1.739247200585826620e-04 1.705991520366014185e-04 1.761420075098455102e-04 1.788387136460330943e-04 1.812572359428409107e-04 1.746881534724342158e-04 1.759177321985684486e-04 1.771549715494213223e-04 nan 6.942899559420829388e-310 5.406112267523072660e+05 3.042104116523365836e-04
9.180000000000000000e+04 1.748633561278205208e-04 1.788362722833206260e-04 1.736310081344807649e-04 1.770257512364623400e-04 1.859601313911644568e-04 1.838675072054790801e-04 1.812822947001944810e-04 1.891282125526921583e-04 nan 6.942899560962511829e-310 9.712895333623948318e+03 3.534381947145100725e-05
9.190000000000000000e+04 1.875788674906133725e-04 1.835452059857513155e-04 1.886086313979310034e-04 1.812330491535209796e-04 1.832544617899313987e-04 1.885016180363955967e-04 1.816028462686451132e-04 1.870989243219235969e-04 nan 6.942899562504243677e-310 2.855420475863917265e+06 -1.042816252143179666e-04
9.200000000000000000e+04 2.074257191836699065e-04 2.061384380064858689e-04 2.175473757821973339e-04 2.056785656429266406e-04 2.073880478535184845e-04 2.196644150244286993e-04 2.269714206316005879e-04 2.158511584832880747e-04 nan 6.942899564045926118e-310 1.427698118526032567e+07 1.123048075513713418e-04
9.210000000000000000e+04 2.306529842604683217e-04 2.312222653270662833e-04 2.432037318778154818e-04 2.439942487554846171e-04 2.384066554874620866e-04 2.467451207613098434e-04 2.472874964683360118e-04 2.509754016151078304e-04 nan 6.942899565587707373e-310 1.324569937300345302e+07 -3.385096531051700914e-05
9.220000000000000000e+04 3.149771086179034389e-04 2.704011747822033336e-04 2.781083011355036869e-04 2.605872056656167567e-04 2.733179881370372270e-04 2.740144782841361960e-04 2.745283614784633846e-04 2.681310378162064497e-04 nan 6.942899567129439221e-310 1.837048792697839439e+06 2.814493845744344943e-04
9.230000000000000000e+04 2.606420542246404596e-04 2.623849077820353064e-04 2.547193780581048805e-04 2.645218517790167692e-04 2.701003227506846367e-04 2.711701333740515973e-04 2.572056049504783167e-04 2.688475212013391501e-04 nan 6.942899568671121662e-310 1.117995545768321062e+04 -1.306962831087097579e-05
9.240000000000000000e+04 2.566822467180708794e-04 2.580470503702025475e-04 2.667325633071899495e-04 2.524355931573747983e-04 2.688372219385200940e-04 2.701355910668592629e-04 2.669675666036485013e-04 2.712124304017802471e-04 nan 6.942899570212853510e-310 1.557515849793372210e+06 4.909814548742179709e-04
9.250000000000000000e+04 2.480624157623435638e-04 2.607977582438142567e-04 2.604698520872305700e-04 2.521711774112810143e-04 2.623369497389744262e-04 2.751420782651968705e-04 2.634704125532870748e-04 2.635211389640128906e-04 nan 2.009334212425703482e-04 2.710039177068531845e-04 2.428641036654498656e-04
9.260000000000000000e+04 2.482776878611639513e-04 2.689117533808860921e-04 2.429210061821170477e-04 2.478771417928217046e-04 2.556201625842705592e-04 2.650540423157245196e-04 2.541608606641253829e-04 2.600956991105059864e-04 2.333627778281073225e-04 2.463091586105246194e-04 2.480642629592674678e-04 2.264222675209509432e-04
9.270000000000000000e+04 2.491331455289665510e-04 2.503021024161846265e-04 2.605579206221711810e-04 2.557229257705413922e-04 2.484581461020558130e-04 2.587454748779156400e-04 2.554786719961561043e-04 2.621231206629402082e-04 2.508825000769500249e-04 2.516134385784068051e-04 2.305372579925190637e-04 2.540968068976537158e-04
9.280000000000000000e+04 2.452708668404954490e-04 2.474463099492919425e-04 2.465104708506518942e-04 2.459190931308379360e-04 2.517981226947943376e-04 2.657256324530480164e-04 2.704433304116768996e-04 2.645310313398769610e-04 2.260882004430583587e-04 2.654193207385476200e-04 2.395981416773840364e-04 2.451765995719272615e-04
9.290000000000000000e+04 2.538434719294575511e-04 2.603742812265491665e-04 2.598046555180735600e-04 2.541998883161743455e-04 2.517223063857647000e-04 2.626659508497309085e-04 2.827112231857632167e-04 2.676526738489651302e-04 2.481965996321537247e-04 2.463863704207241729e-04 2.556044448242262689e-04 2.491639464769897726e-04
9.300000000000000000e+04 2.459424609479695972e-04 2.573288935523062302e-04 2.988411822743447543e-04 2.629978190112907560e-04 2.637092584700822433e-04 2.750940568016708217e-04 2.686492884080873790e-04 2.694642886917574236e-04 2.310149759520090215e-04 2.487446912044089377e-04 2.534694789415783273e-04 2.491272242846564685e-04
9.310000000000000000e+04 2.670033266810521960e-04 2.527107421940317762e-04 2.608172939982028376e-04 2.529733563359877133e-04 2.718432784209883781e-04 2.768638775704301922e-04 2.620512580372795475e-04 2.641026584449116042e-04 2.337623017419464678e-04 2.561094994320704311e-04 2.523925524632256580e-04 2.604952777298895068e-04
9.320000000000000000e+04 2.443805620189023792e-04 2.467349155873864246e-04 2.449691731929715122e-04 2.520302673773925088e-04 2.484897795779875173e-04 2.495149216893006701e-04 2.539856882086066140e-04 2.662491952019175961e-04 2.602443407989377057e-04 2.480736607272423090e-04 2.556664251671561354e-04 2.545950403491222479e-04
9.330000000000000000e+04 2.604907688393343686e-04 2.644214652907227073e-04 2.625379832755567037e-04 2.616801057893248660e-04 2.599048107352593465e-04 2.648731675437610337e-04 2.766274468116070202e-04 2.746288403685267338e-04 2.501226114732055944e-04 2.476308482632703749e-04 2.462589768464662509e-04 2.486041966169423253e-04
9.340000000000000000e+04 2.754731251123178955e-04 2.736720058356186414e-04 2.749449744698315981e-04 2.698385817106784337e-04 2.944558549705002118e-04 2.763377577582097839e-04 2.801318234769138607e-04 2.881922909259855537e-04 2.591352766826097304e-04 2.647394774464148157e-04 2.835745841060408577e-04 2.747933640520384708e-04
9.350000000000000000e+04 2.489873070202320389e-04 2.529945213690494793e-04 2.570482390286818941e-04 2.648660299870912011e-04 2.517618690284224967e-04 2.611216305876604940e-04 2.621248247656450211e-04 2.720153684732640165e-04 2.491204105396731933e-04 2.526696821395574754e-04 2.494210825479132709e-04 2.327165023317662705e-04
9.360000000000000000e+04 2.493921514709463274e-04 2.582668127469835888e-04 2.576108739763097481e-04 2.590668662108171747e-04 2.501555257794074857e-04 2.581348915686077113e-04 2.779404443077991690e-04 2.690290217429651778e-04 2.518511312133321764e-04 2.608848718626070851e-04 2.414186741837716604e-04 2.432514006573263459e-04
9.370000000000000000e+04 2.485037648168305431e-04 2.539535225352587276e-04 3.080355735243695578e-04 2.706340196581197071e-04 2.733079672703884371e-04 2.617492864287144908e-04 2.831392759343943802e-04 2.660541269751142313e-04 2.689492298218861205e-04 2.480093579759666219e-04 2.427699095988351016e-04 2.402181696583758589e-04
9.380000000000000000e+04 2.747391491786856533e-04 3.153898450302677773e-04 2.607169712522416937e-04 2.724019308874426194e-04 2.805775641180087692e-04 2.840856440906263758e-04 2.988525107286091483e-04 3.011397961095387162e-04 2.696246999511530741e-04 2.749727710966338740e-04 2.652471544050702488e-04 2.661001316311794977e-04
9.390000000000000000e+04 2.612206079185952880e-04 2.689251650935876089e-04 2.755215633103291891e-04 2.757001888968331591e-04 2.782102342118137153e-04 2.650566993611570984e-04 2.910308016183539006e-04 2.831004116984758173e-04 2.733676563604291697e-04 2.485126424972994449e-04 2.619920251539398660e-04 2.693609206402412435e-04
9.400000000000000000e+04 2.606188986031574375e-04 2.595512333073530468e-04 2.574106165847416688e-04 2.694239319527615703e-04 2.592197773941242117e-04 2.468482275020465310e-04 2.838911183326744796e-04 2.822181043651306198e-04 2.442711345505603157e-04 2.521511246366033845e-04 2.482464278667946556e-04 2.662379779874264000e-04
9.410000000000000000e+04 2.770993192275267346e-04 2.848000864535954598e-04 3.742203956386176028e-04 2.963566331236870558e-04 2.813505264709890183e-04 3.115162983350093832e-04 3.153367457756617569e-04 3.216828045948147115e-04 2.849509504268807119e-04 2.823073048493102166e-04 2.888646924898891121e-04 2.748314423936895645e-04
9.420000000000000000e+04 2.997526891822996343e-04 2.993344430999974530e-04 2.783565467231466839e-04 3.130886117621992700e-04 3.029774719246548006e-04 3.110100709968107715e-04 2.913344323444965476e-04 3.018959679823356667e-04 2.627348506067033818e-04 3.018085923767683328e-04 2.801931867253539075e-04 2.922438602845508181e-04
9.430000000000000000e+04 2.813571941455944407e-04 2.782236779190808661e-04 2.677680100100774448e-04 2.811457862140500329e-04 2.949796682302889290e-04 2.873147672516238819e-04 3.893367619476861526e-04 2.800021074295788032e-04 2.587279530310930531e-04 2.550406591910216441e-04 2.577683528723625855e-04 2.604118556362438751e-04
9.440000000000000000e+04 2.870933024084593686e-04 2.978666223246669888e-04 2.851836573852003088e-04 3.079088911803942036e-04 2.911409061775984070e-04 2.872744920583837993e-04 2.902590242086503436e-04 2.886382606580685040e-04 2.702142071369870993e-04 2.601622243338722593e-04 2.624638087994991061e-04 2.659853138125257109e-04
9.450000000000000000e+04 2.583187951504479834e-04 2.579528583153929753e-04 2.574678726330967976e-04 2.982127465159298122e-04 2.562958880255059653e-04 2.680852475164162635e-04 2.645386537757453806e-04 2.690998641488015269e-04 2.418455569492805580e-04 2.401107741523947803e-04 2.420498930952803330e-04 2.557090291037679669e-04
9.460000000000000000e+04 2.653251584422900615e-04 2.664902397464551423e-04 2.709466405806502552e-04 2.634522445306631991e-04 2.711002515204870311e-04 2.641810400477626291e-04 2.646209504424767533e-04 2.618984054480499087e-04 2.405930377373048635e-04 2.400348980396289878e-04 2.438157892604851293e-04 2.489682691230980663e-04
9.470000000000000000e+04 2.645357040459122688e-04 2.874664424279038850e-04 2.661773548552458105e-04 2.769913519009641837e-04 2.524531662615063835e-04 3.219006740108492129e-04 2.693652170415170629e-04 2.822582832012963646e-04 2.450326684955564448e-04 2.702990403136483564e-04 2.447768730799651927e-04 2.396206858405896287e-04
9.480000000000000000e+04 2.652770441142469383e-04 2.700619700563678489e-04 2.699081930127517960e-04 2.704196160910405842e-04 2.715574813964749448e-04 2.665216261419535307e-04 2.710807455120506793e-04 2.767220076080586849e-04 2.517817103570103767e-04 2.444023502473987469e-04 2.464329765278136779e-04 2.543037905374082616e-04
9.490000000000000000e+04 2.761326815278821486e-04 2.762488938590742572e-04 2.666739220940752891e-04 2.767323258691430500e-04 2.708194724799743583e-04 2.719400794905925769e-04 2.619080517599342160e-04 2.612835717754607035e-04 2.712230247137162233e-04 2.535962960702556898e-04 2.541098644115661730e-04 2.457242631690963858e-04
9.500000000000000000e+04 2.635791478079629229e-04 2.800847288557337393e-04 2.684078797984888027e-04 2.766577043557693250e-04 2.730907583848521262e-04 2.890195348436508187e-04 2.773410704852131655e-04 2.606929396638539196e-04 2.406633322465768859e-04 2.479835926437008926e-04 2.389273558651314959e-04 2.467381798735043103e-04
9.510000000000000000e+04 2.760350510955966079e-04 2.684379092457256995e-04 2.652294708667721321e-04 2.759772332186391747e-04 2.605938401992490862e-04 2.716613156557031003e-04 2.675608201210574028e-04 2.615217515871195455e-04 2.499596459756122041e-04 2.437607487782658558e-04 2.563826869860075632e-04 2.449451015148508266e-04
9.520000000000000000e+04 2.725658286648961455e-04 2.674319909887608272e-04 2.776316605590795203e-04 2.927980115633259102e-04 2.758776822710994276e-04 2.804400044353481578e-04 2.679159151240263878e-04 2.690470855181575655e-04 2.543916801579532583e-04 2.402913097407562712e-04 2.495741719063648682e-04 2.490369617561084066e-04
9.530000000000000000e+04 2.695764101292996576e-04 2.700496934269807281e-04 2.808516213070997745e-04 2.733448342854678760e-04 2.694886876976838657e-04 2.872287076109589720e-04 2.606580922023889364e-04 2.707038589837144123e-04 2.568391518607062189e-04 2.554669517418211872e-04 2.530648731637674741e-04 2.487212001525770000e-04
9.540000000000000000e+04 3.011579493014818545e-04 3.052219221483164712e-04 3.028971433564210235e-04 3.175783977509172187e-04 3.000157232275005043e-04 3.005299252624361222e-04 2.769514579232683674e-04 2.854882671853575262e-04 2.502249940398850272e-04 2.582764027091980657e-04 2.735891838345660856e-04 2.686354917747170641e-04
9.550000000000000000e+04 3.237624437965950217e-04 3.094516713649393658e-04 3.163219890319236838e-04 3.130311069298086137e-04 3.062650744499270813e-04 2.901857120491289563e-04 2.975470785302599341e-04 3.081378285467291584e-04 2.754980294071120508e-04 2.786569626350090959e-04 2.859285121419786373e-04 2.774647192516266261e-04
9.560000000000000000e+04 2.930699736649675763e-04 2.983334955362943082e-04 3.017293010460898959e-04 2.995941322092523129e-04 3.151524204874262577e-04 3.354813528424213458e-04 2.792366488743130396e-04 2.813796292716008686e-04 2.615266323808286813e-04 2.533780323240320811e-04 2.831866530314301419e-04 2.734355462910814769e-04
9.570000000000000000e+04 3.146097397512461901e-04 3.221721637749838814e-04 3.213067538173062544e-04 3.159848367156453393e-04 3.129877255927073138e-04 3.517072930261703708e-04 2.931465506924383615e-04 3.105367802590830754e-04 2.810484338847684424e-04 2.705763196193871289e-04 2.732844259780687311e-04 2.656336867945239578e-04
9.580000000000000000e+04 3.088532568283659124e-04 2.882602692096567724e-04 3.056932341335326050e-04 2.982383808482831807e-04 3.177979547313821481e-04 3.157656565233443388e-04 2.883029698560205184e-04 2.681173738296046497e-04 2.527125651567907667e-04 2.447033722053117968e-04 2.519095016108008323e-04 2.545319689767526830e-04
9.590000000000000000e+04 3.127804051182668109e-04 3.127423515529336503e-04 3.054833039218322562e-04 3.034881694394324608e-04 3.034930012149245938e-04 3.097021270469485607e-04 2.756644953877171304e-04 2.791502314853180379e-04 2.588578403117260509e-04 2.593591600685117983e-04 2.655260544865769580e-04 2.707945253921217725e-04
9.600000000000000000e+04 2.948121150311178054e-04 2.949730711535518239e-04 2.918304782372945763e-04 3.018120442664434734e-04 3.041484837268627265e-04 3.006612844046971400e-04 2.805149949059290628e-04 2.663966397518017343e-04 2.480546252577135995e-04 2.511301797527032442e-04 2.663601635775764425e-04 2.519725857554830101e-04
9.610000000000000000e+04 3.118148752658214565e-04 3.000411561525913686e-04 3.215189921273540336e-04 3.174533103252855809e-04 3.201670776560401263e-04 3.150098508984824170e-04 2.747471670074001413e-04 2.853231215900653059e-04 2.613088895840478903e-04 2.567522093535927951e-04 2.654054266425464573e-04 2.662776280154104396e-04
9.620000000000000000e+04 2.882166230949957317e-04 2.861856468979450405e-04 2.821626696583532106e-04 2.878894685752250563e-04 2.787335734862224075e-04 2.697074968861657286e-04 2.670275163919300608e-04 2.704665660093776816e-04 2.426023267076827909e-04 2.522213460409877036e-04 2.567358074464474462e-04 2.516966347027997956e-04
9.630000000000000000e+04 2.663452610054224874e-04 2.702949753726258987e-04 2.646981599520483570e-04 2.806789290297402617e-04 2.733720104113592994e-04 2.660967607397935419e-04 2.475030700675543978e-04 2.922409443859764100e-04 2.431528162133614172e-04 2.373081325213096933e-04 2.441058400216695144e-04 2.512387112731728832e-04
9.640000000000000000e+04 2.941026850642556732e-04 3.054118584097505694e-04 2.847487307247089641e-04 2.880991602707453454e-04 3.090564964027195383e-04 3.022682106949983543e-04 2.722289372306550197e-04 2.852092175793933312e-04 2.673061624595080097e-04 2.639695878289834261e-04 2.680266164007814758e-04 2.616933369958846650e-04
9.650000000000000000e+04 3.319535757331342472e-04 3.303089384757220163e-04 3.346724677438947743e-04 3.383906088093635903e-04 3.379559038728574463e-04 3.283373142348446311e-04 3.003806544521481214e-04 3.034955878388896329e-04 2.862943025546474938e-04 2.853681487447178597e-04 2.946249642033640188e-04 2.856169629872130130e-04
9.660000000000000000e+04 3.416134924420157642e-04 3.454101454496266688e-04 3.411776991535813461e-04 3.345518491116418274e-04 3.510138082002323872e-04 3.488289397134647861e-04 3.074814673294432293e-04 3.074106595203600226e-04 2.860230095699607049e-04 3.018117798727134194e-04 2.818524494016501954e-04 2.926507594625966371e-04
9.670000000000000000e+04 3.297921840936541421e-04 3.231133211160261659e-04 3.348999519757031216e-04 3.350719320053897931e-04 3.378131675285207997e-04 3.300184315027157307e-04 2.887295783642159419e-04 2.951725996958481143e-04 3.029602464384705007e-04 2.796946693226350588e-04 2.778322530167042599e-04 2.837317273085061299e-04
9.680000000000000000e+04 2.923813623684852394e-04 2.977498025480799517e-04 3.068953428613760176e-04 3.130842555598402572e-04 3.234299966605065895e-04 3.165576629264499255e-04 2.723451724721623205e-04 2.781582389351780959e-04 2.546126900263022451e-04 2.615976195011888148e-04 2.653629022023609404e-04 2.640285563038820022e-04
9.690000000000000000e+04 2.999574515432702781e-04 2.923514533272182593e-04 2.976095258964660262e-04 3.079010032827593371e-04 3.025876842069213121e-04 3.163298470687929431e-04 2.670978670539574345e-04 2.685793951589164033e-04 2.672049705636219828e-04 2.700218436621424343e-04 2.578872877360962809e-04 2.608971719146672410e-04
9.700000000000000000e+04 2.928668192025071239e-04 2.906883464030496291e-04 2.908598974956871181e-04 3.003550243107284859e-04 2.931913725119285222e-04 2.996060255123728718e-04 2.534969775956750658e-04 2.614440255707917399e-04 2.517294722029893989e-04 2.532081125180561708e-04 2.451457248879763571e-04 2.449869427884400789e-04
9.710000000000000000e+04 2.844327951599916605e-04 3.008664999471554000e-04 2.936928137822634923e-04 2.812013105871381683e-04 3.053109792600231572e-04 2.887915762048782922e-04 2.575304523633463894e-04 2.570988351716178822e-04 2.617864109365008823e-04 2.533868683519535777e-04 2.535572624798562756e-04 2.597681310118036299e-04
9.720000000000000000e+04 2.958805135378191954e-04 3.037744552738983156e-04 3.078436316001101846e-04 3.106545423052519718e-04 3.005436440925386482e-04 2.995200296808026344e-04 2.572362881142012132e-04 2.650483632447711091e-04 2.755294724021759684e-04 2.682732031687208585e-04 2.601800108657830921e-04 2.619829105451200566e-04
9.730000000000000000e+04 2.937297279674260376e-04 2.932618029803208629e-04 2.882406536364365800e-04 2.881625637086999547e-04 2.869315474056203250e-04 2.998835637453484463e-04 2.529294995694542623e-04 2.695283852381832575e-04 2.677676365188922541e-04 2.716966890152320039e-04 2.545183274243358724e-04 2.600811362863698906e-04
9.740000000000000000e+04 3.157143016886062594e-04 3.215645808366800629e-04 3.133418639441938754e-04 3.058185778449440590e-04 3.137133598244883710e-04 2.948337217787616376e-04 2.789246690280460720e-04 2.802538462068738341e-04 2.829229489119107033e-04 2.860766023395008308e-04 2.948279349063548621e-04 2.776318688198305584e-04
9.750000000000000000e+04 3.161754914038415829e-04 3.230312483506953599e-04 3.270959099762436742e-04 3.205443154980041590e-04 3.303825262323051770e-04 3.179208213473295238e-04 2.857196098518095481e-04 2.868460465278842449e-04 2.893447914804436576e-04 3.045526145278944804e-04 2.974140109003847840e-04 2.963265646813348624e-04
9.760000000000000000e+04 2.982688595162428179e-04 2.937916986607485648e-04 2.904348805372085817e-04 2.987070573957314491e-04 2.992920959770439056e-04 3.246507081348433562e-04 2.851411226442596429e-04 2.880690777985304854e-04 2.802808365258388805e-04 2.918375724211297339e-04 2.842236721492289678e-04 2.773710410877747818e-04
9.770000000000000000e+04 3.071743205504904586e-04 3.045349907631434241e-04 3.054785925756229345e-04 3.055344528312699238e-04 3.012409845028804056e-04 3.016081430319925301e-04 2.703027216550916837e-04 2.775236172571537616e-04 2.731561136732866971e-04 2.686103219204810677e-04 2.625328337549888771e-04 2.676534469706932798e-04
9.780000000000000000e+04 3.542220872883468093e-04 2.917682605412948941e-04 2.955817953176849205e-04 3.087849213710381572e-04 3.023413451229366557e-04 3.181573543558883382e-04 2.688776111268209633e-04 2.693656739080498952e-04 2.795432317755525706e-04 2.901749123276681414e-04 2.806930673704203768e-04 2.829763827302653905e-04
9.790000000000000000e+04 2.907624577621432060e-04 2.931171872734742541e-04 3.033494297848695438e-04 2.980625175501728369e-04 2.977864581610949169e-04 3.045436781519222057e-04 2.735301104171712475e-04 2.654268958059344524e-04 2.633044081241826817e-04 2.718997533347965417e-04 2.766552306312530275e-04 2.659511774592453800e-04
9.800000000000000000e+04 2.943062169699245953e-04 2.916183245072983101e-04 2.894581991749621466e-04 3.024428643963182920e-04 3.135948464022607720e-04 2.923071243172030756e-04 2.601682329535122949e-04 2.568160678906367318e-04 2.724580600167154465e-04 2.655280592984108636e-04 2.620750856548034139e-04 2.740161022670920118e-04
9.810000000000000000e+04 3.049136522727857236e-04 3.008316243907343136e-04 3.004129529969795176e-04 3.015137037608054890e-04 3.142043403800441398e-04 2.961630859974168735e-04 2.703128579630647253e-04 2.667607861821661894e-04 2.870444815094221492e-04 2.831206205090585097e-04 2.826087428650185789e-04 2.766590672243561901e-04
9.820000000000000000e+04 3.091695196446178975e-04 3.226791534171433336e-04 3.279319943145301815e-04 3.266221069467813913e-04 3.381343196688736999e-04 3.443924123282206175e-04 3.150022012397485967e-04 3.066670643889541259e-04 3.099401823897926446e-04 3.074760850376178386e-04 3.213639604617544196e-04 3.051445167635292435e-04
9.830000000000000000e+04 2.756911900424670065e-04 2.805560539302642820e-04 2.929982902676720293e-04 2.746854262105739852e-04 2.918592765828130747e-04 2.970288071983691975e-04 2.591071234156960769e-04 2.698994688900671667e-04 3.001912432825030292e-04 2.789885219181951104e-04 2.739815767538272785e-04 2.879735230478213791e-04
9.840000000000000000e+04 3.144650930254367380e-04 3.176554399628946416e-04 3.174195825627124708e-04 3.123669722771903016e-04 3.036979970186746676e-04 3.106203651383661075e-04 2.887873139245320788e-04 2.800333422421209350e-04 3.083323185852672997e-04 3.107446606676198464e-04 3.023675825391990623e-04 3.210404881412891927e-04
9.850000000000000000e+04 2.910170208564120519e-04 3.008552830023274562e-04 3.083114648176834985e-04 2.872123300463164629e-04 3.010414731764813343e-04 3.033877536589043417e-04 2.676182214355280744e-04 2.675782866318113630e-04 2.911551356936138159e-04 2.916473594179839492e-04 2.975769052902705616e-04 2.936357300119570154e-04
9.860000000000000000e+04 3.000269350575080428e-04 2.961111103068019934e-04 2.955042048464592754e-04 3.020876611323968582e-04 2.950032399232200252e-04 3.033016205605744593e-04 3.036917666651786380e-04 2.827825484101366155e-04 2.953034740862906936e-04 3.039320839378001002e-04 2.996016910076080468e-04 2.870990323755223715e-04
9.870000000000000000e+04 3.210084026396208229e-04 3.320048073662717125e-04 3.405628255690715841e-04 3.230660652225471980e-04 3.365369992133342169e-04 3.073118790827246362e-04 3.025076214324077389e-04 2.907368643777577815e-04 3.066580344082125704e-04 3.098818455276323080e-04 3.237846351429430974e-04 3.179696258742677000e-04
9.880000000000000000e+04 2.994693601008963286e-04 3.153399140604559443e-04 3.117788336176927468e-04 3.139034802250554473e-04 3.283436838979937209e-04 3.559053595138974950e-04 3.020984163213901157e-04 2.915269979131269833e-04 3.125778859401156747e-04 3.124263895642387574e-04 3.028441013947811645e-04 3.171251712104463977e-04
9.890000000000000000e+04 3.040651555404768301e-04 3.159408352943426598e-04 3.322092321729013236e-04 3.370310170333840408e-04 3.290149180798831985e-04 3.387011466162678547e-04 3.064236075794966462e-04 2.972579133942641850e-04 3.112749424828928379e-04 3.232353386785030529e-04 3.324999938534107993e-04 3.297958608977391332e-04
9.900000000000000000e+04 3.325377405197268554e-04 3.252110168201327979e-04 3.527046630593555932e-04 3.432461713919734893e-04 3.591652761018763822e-04 3.765464306501724334e-04 3.401160040379157343e-04 3.256674241912916549e-04 3.389826918941408183e-04 3.705580206718403231e-04 3.308707534852189155e-04 3.442265607750881972e-04
9.910000000000000000e+04 3.779588901869548184e-04 3.811783424279133106e-04 3.713094819545637742e-04 3.742129671288255523e-04 3.764499157764299490e-04 3.703509449034863774e-04 3.129526499920118419e-04 3.357922363298754959e-04 3.696803604471632170e-04 3.719000960646239072e-04 3.715823423244938597e-04 3.757237355134779300e-04
9.920000000000000000e+04 3.265875010754676127e-04 3.195698298553433674e-04 3.228306579064182794e-04 3.276782288167340903e-04 3.458065054987550396e-04 3.218143839040379190e-04 3.181940701077875188e-04 3.075817452796404325e-04 3.346983554089342974e-04 3.347558236724990240e-04 3.469430658526364967e-04 3.535486862377945324e-04
9.930000000000000000e+04 4.523093122849473815e-04 4.153801815070716041e-04 4.333868172268828052e-04 4.125808929888089395e-04 4.483949250194261995e-04 4.315103731302324074e-04 3.768165518527479387e-04 3.727039951727685184e-04 4.638286414808874569e-04 4.587042558004923243e-04 4.356648711741217144e-04 4.381661601083441503e-04
9.940000000000000000e+04 3.774640451301667374e-04 3.424439361567601313e-04 3.557711313762510841e-04 3.764686816341062292e-04 3.870863328680867999e-04 3.614392468121896840e-04 3.356229656967776908e-04 3.314673002398466051e-04 3.796041414148892046e-04 4.153531164003759703e-04 3.608897117509927044e-04 3.547555198008518307e-04
9.950000000000000000e+04 4.001450507114041768e-04 3.462679869586920566e-04 3.629443161645098557e-04 3.874853886908117087e-04 3.965642768581233613e-04 3.942439560978594254e-04 3.496604872026177774e-04 3.518055740683424066e-04 4.022230718602973361e-04 4.080965808455742656e-04 3.950974361011742853e-04 3.643872784834659758e-04
9.960000000000000000e+04 4.094023445554625658e-04 4.238839994487054444e-04 4.306550378365006453e-04 3.834079246674837460e-04 3.939709413432491698e-04 3.860032378061760069e-04 3.525130518972454980e-04 3.690492434864450734e-04 4.381324866275534513e-04 4.563890789728348605e-04 4.382111375241227688e-04 4.440998377224044031e-04
9.970000000000000000e+04 3.873858256728583910e-04 3.917597402843864046e-04 4.156155152985434569e-04 3.988295395023179414e-04 4.053121722426736946e-04 3.832362608752525133e-04 3.473751372564711903e-04 3.614750678385706350e-04 4.201676100774959992e-04 4.251289282263081399e-04 4.185125485601085861e-04 4.111554112222024111e-04
9.980000000000000000e+04 3.501652934617213329e-04 3.615441682883862033e-04 3.788581907582615465e-04 3.565956322185310232e-04 3.681505069157299092e-04 3.866423505909662812e-04 3.374170269504903541e-04 3.564933661443335381e-04 4.132652021493223005e-04 4.156249075021001228e-04 4.172695017163997140e-04 4.310398631868191457e-04
9.990000000000000000e+04 3.921955082698655080e-04 4.261473334080043140e-04 4.195015933812164168e-04 4.431308678227761184e-04 4.076127922071889681e-04 4.597291444528093900e-04 3.598809869753542313e-04 4.004983169777492783e-04 4.610341829281748094e-04 4.534484346791055483e-04 4.675569147441798108e-04 4.693396194668692260e-04
1.000000000000000000e+05 3.431928485439794695e-04 3.492991549146772954e-04 3.239812176337023876e-04 3.421959440849216207e-04 3.482992120391202508e-04 3.702236656425220954e-04 3.278045622482918232e-04 3.395499903917892207e-04 3.783460623072072444e-04 3.755625911541436148e-04 3.724107533893891166e-04 3.764758479390953251e-04
1.001000000000000000e+05 3.397444284616863287e-04 3.435524205965006682e-04 3.347916931259474526e-04 3.338732301149871713e-04 3.499233722903612219e-04 3.771499401480977900e-04 3.281375578406406975e-04 3.225662640767812633e-04 3.914059623107610220e-04 4.022354975853584150e-04 3.866230237296323555e-04 3.694674142626545128e-04
1.002000000000000000e+05 3.436864777727553885e-04 3.384239868862671738e-04 3.316294261927729735e-04 3.137145966533627693e-04 3.304820274516878935e-04 3.686491834367962165e-04 3.147144862114368983e-04 3.161855570636055534e-04 3.860945009257545101e-04 3.878499049011195372e-04 3.929483646574731147e-04 3.824437343359842162e-04
1.003000000000000000e+05 3.160864560625912655e-04 3.256168260632444269e-04 3.353480906681825043e-04 3.447659449583380560e-04 3.208047470223129318e-04 3.590273176122845528e-04 3.020826251539283111e-04 3.093719120309249742e-04 4.263224151454378581e-04 4.013909500167188340e-04 3.793742977198024009e-04 3.937679885005617862e-04
1.004000000000000000e+05 3.181830638436246544e-04 3.231051409081354378e-04 3.287109739167759634e-04 3.285921004457995737e-04 3.171320057979020606e-04 3.362307978103124136e-04 3.109792159819999360e-04 3.208335687719375030e-04 3.766466549732057833e-04 3.894050156137993731e-04 3.957495760582815697e-04 4.015043929806235844e-04
1.005000000000000000e+05 3.201943684350684691e-04 3.212842875527860756e-04 3.237282276080232640e-04 3.193966347055567242e-04 3.213157633353289425e-04 3.520260801835809329e-04 3.115034131740822710e-04 3.037199748468037957e-04 3.846246907235714610e-04 3.721022017422650065e-04 3.921391410224166793e-04 3.906189616462219286e-04
1.006000000000000000e+05 3.222856962407765749e-04 3.182038465897512941e-04 3.320998441487712626e-04 3.286467468023651032e-04 3.318391011392551253e-04 3.415197699413230806e-04 3.244768665019913899e-04 3.204330163717108038e-04 3.792390817850837159e-04 3.920576450287921694e-04 3.846552694354547644e-04 3.873120467797830173e-04
1.007000000000000000e+05 3.342239629534943159e-04 3.334781417788361293e-04 3.364611660679060388e-04 3.318099552349088803e-04 3.346933202740758171e-04 3.622040205865560908e-04 3.239222429877363567e-04 3.372704176004050224e-04 3.822190591719847974e-04 4.146875919804648741e-04 4.122676117265884534e-04 4.166891067805833255e-04
1.008000000000000000e+05 3.602210559545374773e-04 3.516250515165431426e-04 3.464438760122005943e-04 3.445830270704040008e-04 3.474919990116262015e-04 3.800887647292514916e-04 3.567420399457939132e-04 3.429823300195398842e-04 4.271982734010118976e-04 4.197508206715346198e-04 4.224966646597116157e-04 4.063279245712970197e-04
1.009000000000000000e+05 3.810627487438141199e-04 3.593838280803670921e-04 3.722742612544113002e-04 4.002286753602301737e-04 3.807352038169152151e-04 4.094985092222977398e-04 3.861667701174483977e-04 3.833703543658910796e-04 4.364030658971188460e-04 4.460378238107918667e-04 4.204395578042160564e-04 4.437987918642746950e-04
1.010000000000000000e+05 4.044747879688939543e-04 3.891595725000750487e-04 4.000627899677411978e-04 4.245191715946809480e-04 4.294725428735388442e-04 4.325343420117000372e-04 3.842871041031379773e-04 3.923774531072076388e-04 4.747621255389441954e-04 4.843505723771051132e-04 5.254831796166722132e-04 4.513119407166588429e-04
1.011000000000000000e+05 3.365043575010166397e-04 3.382493879122598157e-04 3.279878654069192105e-04 3.262448656831324939e-04 3.471071963451204828e-04 3.600756112498458886e-04 3.303304694608844364e-04 3.314217953306098394e-04 4.050681426676411203e-04 4.039572973415377663e-04 4.215406160121788542e-04 4.234828362295205064e-04
1.012000000000000000e+05 3.672039202385683722e-04 3.606576057163918790e-04 3.610476259398585669e-04 3.639677038176267177e-04 3.760580285877526859e-04 3.810392716873648887e-04 3.520270269710668010e-04 3.385130054590699666e-04 4.175539840485347474e-04 4.441799955592585169e-04 4.318843074805188572e-04 4.282195844579032721e-04
1.013000000000000000e+05 4.057360392509507625e-04 3.860586467216894349e-04 4.074570618916379316e-04 4.345523273072134465e-04 4.221366120545751383e-04 4.285457292259584917e-04 4.265011244337496284e-04 4.096939902919381695e-04 4.907343171646193778e-04 5.063938235587862186e-04 5.002133917923853217e-04 5.018434282817316660e-04
1.014000000000000000e+05 3.777526783151166656e-04 3.443971597624803475e-04 3.592954892103833930e-04 3.847967766120510553e-04 3.976924116499848242e-04 3.703790414845270756e-04 3.505238613839689187e-04 3.488185919839607461e-04 4.070029078752187461e-04 4.102809092965770620e-04 4.359202190190514985e-04 4.834421362774671185e-04
1.015000000000000000e+05 3.744557493190892451e-04 3.744338876877469015e-04 3.969582010863417407e-04 4.230763998064258533e-04 4.048247417213368280e-04 4.179481575618172891e-04 3.810932666070447009e-04 3.807029905391836775e-04 4.453118635593359027e-04 4.372019841859973110e-04 4.307067795013165687e-04 4.676319381478722488e-04
1.016000000000000000e+05 3.069516130782778919e-04 2.933337281326326438e-04 2.883053567607100974e-04 3.086101163070407278e-04 2.998755463456434880e-04 3.125328723504513379e-04 2.874503150079431454e-04 2.914906573857572016e-04 3.437485100360771232e-04 3.468256983991605934e-04 3.472166105802688171e-04 3.579312000918984256e-04
1.017000000000000000e+05 3.139062938380755342e-04 3.055779236064393948e-04 3.208400388920449372e-04 3.807650694799523134e-04 3.277396157785395555e-04 3.249862574797267572e-04 3.232689636742997375e-04 3.095042932560487271e-04 3.676184380576003963e-04 4.066537646793969897e-04 3.825913621805031957e-04 3.674902017235883475e-04
1.018000000000000000e+05 3.469995108839889382e-04 3.524883503704286645e-04 3.394039694261062872e-04 3.682747542590734707e-04 3.458944087258967342e-04 3.698434275351395232e-04 3.435633590915407537e-04 3.365027311982207031e-04 4.299387213861972945e-04 4.360908855504512537e-04 4.306055999565819477e-04 4.297007701537634448e-04
1.019000000000000000e+05 3.446577268936041770e-04 3.275300730431835654e-04 3.349772977922448850e-04 3.446087026139796295e-04 3.470988618799135243e-04 3.568072335615723729e-04 3.193985382533099586e-04 3.336049678999736430e-04 4.143628156773199460e-04 4.000955352290086258e-04 3.912475705065594236e-04 4.170845579778917757e-04
1.020000000000000000e+05 3.316058378229043771e-04 3.519869344531531899e-04 3.419171524241803326e-04 3.588038614815439653e-04 3.718881257749307410e-04 3.708706282185629229e-04 3.478653593142191024e-04 3.408098762731692289e-04 4.116749201076476275e-04 4.471802806193825330e-04 4.218676501103618974e-04 4.518070242839615936e-04
1.021000000000000000e+05 3.572577143046151704e-04 3.651678344392415084e-04 3.570864972593940914e-04 3.775755321243385730e-04 3.682881675390881071e-04 3.707591020832096346e-04 3.765001688136635589e-04 3.777858022032567868e-04 4.352464621698155203e-04 4.403469691174694760e-04 4.515066720876637443e-04 4.478721760377646442e-04
1.022000000000000000e+05 3.523655662014807117e-04 3.483957768178485865e-04 3.427580921386003793e-04 3.479439148129587016e-04 3.895872746547015381e-04 3.712272964714100998e-04 3.430747505063020319e-04 3.568632030227701060e-04 4.302969865712032464e-04 4.813029825891511240e-04 4.339376541029277626e-04 4.175494488765092282e-04
1.023000000000000000e+05 3.431715678742168593e-04 3.384750629484950231e-04 3.491774315195031756e-04 3.487060634536624684e-04 3.631713150337403289e-04 3.491806339053038868e-04 3.086695659307777404e-04 3.256869344917149114e-04 4.372866474249751767e-04 4.095741011871847220e-04 4.375956914103306685e-04 4.182839198195236418e-04
1.024000000000000000e+05 4.983150473019309695e-04 5.170399466266681733e-04 4.271626809347717040e-04 4.275177828972984563e-04 4.717422791302245603e-04 5.995101542684408338e-04 5.373247925257612113e-04 5.284354654137119692e-04 5.610017281904938974e-04 5.329286858403605278e-04 5.683170694164211114e-04 5.046587871955997805e-04
1.025000000000000000e+05 3.606928267711201753e-04 3.738269829846000846e-04 3.719722296331856039e-04 3.619007471389066384e-04 3.808745439652647721e-04 4.074542106561468966e-04 3.668294629978674699e-04 3.783407197393769974e-04 4.832842031124089479e-04 4.649015278030049552e-04 4.299575391592439064e-04 4.340999111044518315e-04
1.026000000000000000e+05 3.795678980368364969e-04 4.049240803405540078e-04 3.838812149193838639e-04 3.933597636797198571e-04 4.199095980224215076e-04 4.045442670668278080e-04 4.372654881932105161e-04 4.285629680073178112e-04 4.567844125841669816e-04 4.821944379691645954e-04 5.013685196607781417e-04 4.607042649481467409e-04
1.027000000000000000e+05 3.402252851142948471e-04 3.272747048897434825e-04 3.327226982748169052e-04 3.382142441365875579e-04 3.263391317504847427e-04 3.367375647625794606e-04 3.036475436144992152e-04 3.359556930942473370e-04 3.608871954757499555e-04 3.851217146282059369e-04 3.855000000270552272e-04 3.985158883058296121e-04
1.028000000000000000e+05 3.499707057007333220e-04 3.531417970965121259e-04 3.466071425328747413e-04 3.403909731195764953e-04 3.430364248150496336e-04 5.554114618626580487e-04 3.877326200309460808e-04 3.917398561167141939e-04 4.011843544875546663e-04 4.218592742986403479e-04 4.551591787019859453e-04 4.575985156732648640e-04
1.029000000000000000e+05 3.577043197204521829e-04 3.450492559057968204e-04 3.582649646685557134e-04 3.551586272439066121e-04 3.633811299977364483e-04 3.730957602338820771e-04 3.717326822954658376e-04 3.649119695931872498e-04 4.146469111421964820e-04 4.247728266829817992e-04 4.520643303446230895e-04 4.397832716922199514e-04
1.030000000000000000e+05 3.466740251731660095e-04 3.461422227977597544e-04 3.633432278068351572e-04 3.416785039224263468e-04 3.636026076833520225e-04 3.635532539935683316e-04 3.609458797997491613e-04 3.646813411607518303e-04 3.895242078596171387e-04 3.961755723595012865e-04 4.016205286185912222e-04 4.161126661103054804e-04
1.031000000000000000e+05 3.266498996217656820e-04 3.353096266876060493e-04 3.317106284015119587e-04 3.243431453278697416e-04 3.312584017135293221e-04 3.428746250616216676e-04 3.467347617240524498e-04 3.661529332577635092e-04 3.624386439536493847e-04 3.814925131808461650e-04 3.945293238991210826e-04 3.813392382003243900e-04
1.032000000000000000e+05 3.471742498400433004e-04 3.362413440550295648e-04 3.394855710201939583e-04 3.498337804750109776e-04 3.630230877254678103e-04 3.739379181910286562e-04 3.766694347313535038e-04 3.607291230820183813e-04 4.193943329061111149e-04 4.033955236084575051e-04 3.749259784181757627e-04 4.008978773197163260e-04
1.033000000000000000e+05 3.970141611185088381e-04 3.967084009104093734e-04 3.811653690766970883e-04 3.939610270527305167e-04 3.879312365738695400e-04 4.461805994204892244e-04 3.934489791288218758e-04 3.920168451743094129e-04 4.475158854261476575e-04 4.379756763801363143e-04 4.409282030456013191e-04 4.371769820921294117e-04
1.034000000000000000e+05 3.198240140738397696e-04 3.295695248186819365e-04 3.082530224096841119e-04 3.286517939540129483e-04 3.225985943933527378e-04 3.210417174192657500e-04 3.173317913535866246e-04 3.292107932233284120e-04 3.911174451119393478e-04 3.825798264591829612e-04 3.601908478242597778e-04 3.925397652753642003e-04
1.035000000000000000e+05 3.414209093892496072e-04 3.470142562998911767e-04 3.491282666661559898e-04 3.491889074501997861e-04 3.372456060286978339e-04 3.359107294868770742e-04 3.306677069910615979e-04 3.421432008077833183e-04 3.836068258250316626e-04 4.016427952325279547e-04 3.847510125251417477e-04 3.781861925162068884e-04
1.036000000000000000e+05 3.107246252261576460e-04 3.060614920764887642e-04 3.155054175104151249e-04 3.270539278704213395e-04 3.357561805141481056e-04 3.355920562432536066e-04 3.218723074955170699e-04 3.112690628485337003e-04 3.765064961395128587e-04 3.655584751914772983e-04 3.816712828155106331e-04 3.933676344519529866e-04
1.037000000000000000e+05 2.939016663881111459e-04 3.114504283040810660e-04 3.031292185889438383e-04 3.079807447114034000e-04 2.994440287828129942e-04 3.118779773905591755e-04 3.006901170555461873e-04 2.998860045237363337e-04 3.497786112838979279e-04 3.509687470394861567e-04 3.410790085527161983e-04 3.571596487643996379e-04
1.038000000000000000e+05 3.180757680548993230e-04 3.221988290412499236e-04 3.244797932371361001e-04 3.275364360116384314e-04 3.246407506110335155e-04 3.362167158443971808e-04 3.490855770150130908e-04 3.334808888566078225e-04 3.677825641171566704e-04 3.956766689858272085e-04 3.858590043271169592e-04 3.882090376304461591e-04
1.039000000000000000e+05 3.109579619970889199e-04 3.166688941617705434e-04 3.186608258232148942e-04 3.230749352476226365e-04 3.193823621135601651e-04 3.281623696581516974e-04 3.341412183183816408e-04 3.222703315889240052e-04 3.713846035400540820e-04 3.704050863804080637e-04 3.727974260367938582e-04 3.694276839082509122e-04
1.040000000000000000e+05 2.821038309966293297e-04 2.877888267458218979e-04 2.878256947679053873e-04 2.922392722729882995e-04 2.869566152301446021e-04 2.907385496269400101e-04 2.906248542727247314e-04 2.985799922779085376e-04 3.329853556580538408e-04 3.316556885807185758e-04 3.292362958852244740e-04 3.555999295979374807e-04
1.041000000000000000e+05 3.061492791421772269e-04 3.125600867572411777e-04 3.036491361259439242e-04 3.124518257831930676e-04 3.108016062470064615e-04 3.221031378620795699e-04 3.167511418845170919e-04 3.314290959957925877e-04 3.612960577190720262e-04 3.810252885729566597e-04 3.826955540196197393e-04 3.704872809284719105e-04
1.042000000000000000e+05 3.264317405348824580e-04 3.232079951959226840e-04 3.216144336515109280e-04 3.304122566602938011e-04 3.461736517227655650e-04 3.528875006512396202e-04 3.437521906451792880e-04 3.286510164097860816e-04 3.655154319617847682e-04 3.949152722792360188e-04 3.717366452822082074e-04 3.802498015671361637e-04
1.043000000000000000e+05 3.017249971098022367e-04 3.087869426372592319e-04 3.102184908466609141e-04 3.130570738868601664e-04 3.229759335321632239e-04 3.022033541038769374e-04 2.940343156348975426e-04 3.086620272751636478e-04 3.460256264924124942e-04 3.535914117085655652e-04 3.708111763183135983e-04 3.583426388562043125e-04
1.044000000000000000e+05 2.962798876962488516e-04 2.983214658664744582e-04 3.111522856420845078e-04 3.020666313562476416e-04 3.157190364294486544e-04 3.216638755251771242e-04 3.008831358313638423e-04 2.987700286652119827e-04 3.538855749873157531e-04 3.720568182072725547e-04 3.683419451212265635e-04 3.722164281727386131e-04
1.045000000000000000e+05 3.189391366338410316e-04 3.310045927282028138e-04 3.398741311787190295e-04 3.349241396458554876e-04 3.244669190774191847e-04 3.385046092536837955e-04 3.247993888360057300e-04 3.233256440885514944e-04 3.894962965327648406e-04 3.964278287423481616e-04 4.011544908195739233e-04 3.821912788722534016e-04
1.046000000000000000e+05 3.252010446859419099e-04 3.251132988994254766e-04 3.351466471233297819e-04 3.356195945007461033e-04 3.386432217113391377e-04 3.225539525095662838e-04 3.134112139362528666e-04 3.179057871319259905e-04 3.928150408786248928e-04 4.078794790264423623e-04 4.021698820284174986e-04 3.900011419023073503e-04
1.047000000000000000e+05 3.337097536438823398e-04 3.278305645819802713e-04 3.330989390137271684e-04 3.373305819171943331e-04 3.265754584561078307e-04 3.529944936355022410e-04 3.130161309418223801e-04 3.311464229876701624e-04 3.911704762404222984e-04 3.785844923982716850e-04 3.991186882745067881e-04 4.017840077197659893e-04
1.048000000000000000e+05 3.246981757931543394e-04 3.323054653049009708e-04 3.421121091907993535e-04 3.471776544696756109e-04 3.487177403552884302e-04 3.397420822282676799e-04 3.162872470488621102e-04 3.059998385602352971e-04 3.850368813013899431e-04 4.042496883074449742e-04 4.039163900081977612e-04 4.041987326505267625e-04
1.049000000000000000e+05 3.355546255575992710e-04 3.439007572708732978e-04 3.402181736449993001e-04 3.301975240318403377e-04 3.486023980686498141e-04 3.365045308029313963e-04 3.323619217241397059e-04 3.256890158717821245e-04 4.103870967645304292e-04 4.017473015769118679e-04 4.087836743778388020e-04 4.190753434338721968e-04
1.050000000000000000e+05 3.305060067508853831e-04 3.382741894293635329e-04 3.493391740386622224e-04 3.490530181832518812e-04 3.378492234316404145e-04 3.506265889900379352e-04 3.463169406438151680e-04 3.534608892456704739e-04 3.958663856011674048e-04 4.140154792603042934e-04 4.277339721355775688e-04 4.358840309429816190e-04
1.051000000000000000e+05 3.351695645837214242e-04 3.637969115104256216e-04 3.502030366961514287e-04 3.549570931014153405e-04 3.497171360780371163e-04 3.392827056809746963e-04 3.148282744268900818e-04 3.493955247267240515e-04 4.043985556705537187e-04 4.188054734433226990e-04 4.417701811172050760e-04 4.174825537931878467e-04
1.052000000000000000e+05 3.361830778292458047e-04 3.434395098051756844e-04 3.424871612359423382e-04 3.379527406983670406e-04 3.364273639169922266e-04 3.442439604760919882e-04 3.191243162734959480e-04 3.289077442841782076e-04 3.976441616888796277e-04 4.170229905946422496e-04 4.288089481845012703e-04 4.004215957987001238e-04
1.053000000000000000e+05 3.407733974338242929e-04 3.451547517487491023e-04 3.517726498476600374e-04 3.531156245310344008e-04 3.492095385223722135e-04 3.513851412919556856e-04 3.385748924955413533e-04 3.480718436519124174e-04 3.985774993454177192e-04 4.312218686445101323e-04 4.287335886756635977e-04 4.336924542210654986e-04
1.054000000000000000e+05 3.616843068859181822e-04 3.585226666027773249e-04 3.678995798503115742e-04 3.658343842166038393e-04 3.491835661538521328e-04 3.407014190422565721e-04 3.364794306469069576e-04 3.446842039423117098e-04 4.035214094770417392e-04 4.406530365640941977e-04 4.662529593624254462e-04 4.375550736263929133e-04
1.055000000000000000e+05 3.197914280636622499e-04 3.313636327624599879e-04 3.215139039993896103e-04 3.273194130647625309e-04 3.266041309591291531e-04 3.146457693239519899e-04 3.143085446791825215e-04 3.295170688971912659e-04 4.122213609418188011e-04 4.110632530914941373e-04 3.799758088446433964e-04 3.870374417969884391e-04
1.056000000000000000e+05 3.220390339976380223e-04 3.251202770055957930e-04 3.293059546684757883e-04 3.221983131288824092e-04 3.272628280747476998e-04 3.409533669946613449e-04 3.129861962052183743e-04 3.206572761881412758e-04 3.876144221625481300e-04 4.407268301214250584e-04 4.238798670072590081e-04 4.198500794213552755e-04
1.057000000000000000e+05 3.461700554620712701e-04 3.484673670719073578e-04 3.382997624945676155e-04 3.438540957617933973e-04 3.302009438043639294e-04 3.284072315036869498e-04 3.083781931673351489e-04 3.186183380330048038e-04 4.005309471727143541e-04 4.456907235262667281e-04 4.418613671416456341e-04 4.210168210459477238e-04
1.058000000000000000e+05 3.431628462035291147e-04 3.447947269476597755e-04 3.548356511422130245e-04 3.522075410449284748e-04 3.434684612394979151e-04 3.599551241054299989e-04 3.214120564142996421e-04 3.322932232453174668e-04 4.249450347379407460e-04 4.875256785721268659e-04 4.533721849924282859e-04 4.338373650262578236e-04
1.059000000000000000e+05 3.670683472879263522e-04 3.598134124291647190e-04 3.543252066955311403e-04 3.591968671999811987e-04 3.368883305541064163e-04 3.401530508182542753e-04 3.353022811233886697e-04 3.442174852637413683e-04 3.950960812455119454e-04 4.470844276574018864e-04 4.636361413095758206e-04 4.535491142520511562e-04
1.060000000000000000e+05 3.615447649362751761e-04 3.518438490647749894e-04 3.661751399229368946e-04 3.490479974185884304e-04 3.603805377646014468e-04 3.631822458346722058e-04 3.375237496669272774e-04 3.414566816615274814e-04 4.226172478613404704e-04 4.772848516839169877e-04 4.897211392235133968e-04 4.678035644919873132e-04
1.061000000000000000e+05 3.523477548782721208e-04 3.643323318882167052e-04 3.609799503193273414e-04 3.582009747689156830e-04 3.560495330835470240e-04 3.574994656641471082e-04 3.124751027612924690e-04 3.271126817271349297e-04 3.843386362879717662e-04 4.465315209636570989e-04 4.840844878577929230e-04 4.480442044072403015e-04
1.062000000000000000e+05 3.191131275183948157e-04 3.260922829098997656e-04 3.192633201223342085e-04 3.280433815102741946e-04 3.352195899090576817e-04 3.418887406984000656e-04 3.095223733139689935e-04 3.179574861812592651e-04 3.910133159448199534e-04 3.957083674413336936e-04 4.284868556548159933e-04 4.369994779260857323e-04
1.063000000000000000e+05 3.519992436811788888e-04 3.465388030729123908e-04 3.279274160387267911e-04 3.284865057434453988e-04 3.376703741352665342e-04 3.404885397791317212e-04 3.291997537266787982e-04 3.310815493079582745e-04 4.006657810691757813e-04 4.289908683802484842e-04 4.594548395991732625e-04 4.381589648527098963e-04
1.064000000000000000e+05 3.073936490179826294e-04 3.031463197424263977e-04 3.215276052265476437e-04 3.132412001790414930e-04 3.234291152972477924e-04 3.146635694419654974e-04 3.135343975229870996e-04 4.225759390428346059e-04 3.946070324730025836e-04 4.090203244878650823e-04 5.269851503242916398e-04 3.944577965893059871e-04
1.065000000000000000e+05 3.217030795203676733e-04 3.270019825623986264e-04 3.288113068309353134e-04 3.267862116010563094e-04 3.256333277583330923e-04 3.310914569358313405e-04 3.028084635981839897e-04 3.153531839065599443e-04 4.015977555591567004e-04 4.182096312474384422e-04 4.378904719906988817e-04 4.378075212722570939e-04
1.066000000000000000e+05 3.313655379052133417e-04 3.554220734081409345e-04 3.451784844715267194e-04 3.573439447102034951e-04 3.505288954433683412e-04 3.559676528577138555e-04 3.245034734408741442e-04 3.260862537467551698e-04 3.952087322943558250e-04 4.106313758805559618e-04 4.642874113865884996e-04 4.570439980826201541e-04
1.067000000000000000e+05 3.728237027858639463e-04 3.678261670270054247e-04 3.716595068662430831e-04 3.675009202246213181e-04 3.639799422685128421e-04 3.736951550486708484e-04 3.469654545475191133e-04 3.556139178730791496e-04 4.246550545450041123e-04 4.677454506235908930e-04 5.197853927081206183e-04 5.240671993395529162e-04
1.068000000000000000e+05 3.811113904465215810e-04 3.763527921320925494e-04 3.975759636080115271e-04 4.124512092884339534e-04 4.150084645467325920e-04 4.373761830798331487e-04 4.069699880356622101e-04 4.177268117159258030e-04 4.304367262759341110e-04 4.591099788700512847e-04 5.365388994865614384e-04 5.275834671468106890e-04
1.069000000000000000e+05 3.689880095792110121e-04 3.633802099295497167e-04 3.750508531891246378e-04 3.851150459967768642e-04 3.882431234714725510e-04 4.020120031256179684e-04 3.722022190782996892e-04 3.684808513960693911e-04 4.230621670523384160e-04 4.613733036290386348e-04 5.229437271702191102e-04 5.316938409054401899e-04
1.070000000000000000e+05 3.737381845901137345e-04 3.681267098100349461e-04 3.672829162075587936e-04 3.477249169524465828e-04 3.524583133648862780e-04 3.769156572635560458e-04 3.474503761628524017e-04 3.544869973318917622e-04 4.230571772948118732e-04 4.454430620347417207e-04 5.039862452051332119e-04 4.984592552275308747e-04
1.071000000000000000e+05 3.450624856186854930e-04 3.491045173072398339e-04 3.492585039652466731e-04 3.552073527112372406e-04 3.568333702598699411e-04 3.584773104585820230e-04 3.468652425470839461e-04 3.445502357533224082e-04 4.203696545781197076e-04 4.541958745998908391e-04 4.841793706547452324e-04 4.866688555959484161e-04
1.072000000000000000e+05 3.642259114983159292e-04 3.758064199240967562e-04 3.640918320455338521e-04 3.604109554080671407e-04 3.583116081853822020e-04 3.862061966057282747e-04 3.748015359714354381e-04 3.621299931897305874e-04 4.521488581266519123e-04 4.505317908456896083e-04 4.895827329723101418e-04 4.918209767507132060e-04
1.073000000000000000e+05 3.811654215944948161e-04 3.890615996053559881e-04 3.961594967653143625e-04 4.025868886836542508e-04 3.934448901585457336e-04 3.787408290605128098e-04 3.865747011456358430e-04 3.824154920682966896e-04 4.721062904183181605e-04 4.679840646057204694e-04 5.206331072003916307e-04 5.217952021440363467e-04
1.074000000000000000e+05 4.278694374654554546e-04 4.058425906243885977e-04 4.246868149799456907e-04 4.163855097161584060e-04 4.046409920598984791e-04 4.284854567214109499e-04 4.044672825106426350e-04 3.947193652579999252e-04 5.480654332037307322e-04 4.890693190055233480e-04 5.465365688395974145e-04 6.073450582208975244e-04
1.075000000000000000e+05 3.839835213198992091e-04 3.890360799316686449e-04 4.018747778600158553e-04 4.102365457123288077e-04 4.040893100132534580e-04 3.754393606220072805e-04 3.679874213692058702e-04 3.863962231996054503e-04 4.923177444897217526e-04 4.327055050950326105e-04 4.932846598336950361e-04 5.560519856732512502e-04
1.076000000000000000e+05 3.631778267392987746e-04 3.690952503471912763e-04 3.535368978968089315e-04 3.467952510213627155e-04 3.526254887318579006e-04 3.577611826483141763e-04 3.552509899907250741e-04 3.326403181496370470e-04 4.505233259797779299e-04 4.091731908199025027e-04 4.446885850377804770e-04 4.725534724855458193e-04
1.077000000000000000e+05 3.508898680769526675e-04 3.730369557696566534e-04 3.705904830311719327e-04 3.511019028986435853e-04 3.572004578498112954e-04 3.749243360012966680e-04 3.532786548618928497e-04 3.406265813519756343e-04 4.445896758433875019e-04 4.177698198077703525e-04 4.250713003104518634e-04 4.572793634089223637e-04
1.078000000000000000e+05 3.740676419178549797e-04 3.765819179084140098e-04 3.826960687668642426e-04 3.685902845284969747e-04 3.682570775871256159e-04 3.738641206994767910e-04 3.588845653497873991e-04 3.526690441321820744e-04 4.691464111014872541e-04 4.203784243004983338e-04 4.365415729091844826e-04 4.517109733909137402e-04
1.079000000000000000e+05 3.791810346810580204e-04 3.733109554005377786e-04 3.676516721469700070e-04 3.701042049370932346e-04 3.668607885770023029e-04 3.711303295799158819e-04 3.709712191443939253e-04 3.552030380257073733e-04 4.669323815471194549e-04 4.671153918188396237e-04 4.574601860412859746e-04 4.639768279674294309e-04
1.080000000000000000e+05 3.539968447182404820e-04 3.598329698336875135e-04 3.559501650225201769e-04 3.616098524483843824e-04 3.598440670963496952e-04 3.608005250393211440e-04 3.455275450407344290e-04 3.512716231087578472e-04 4.426287196179623648e-04 4.389610735984861658e-04 4.443217367493874806e-04 4.361661342097001410e-04
1.081000000000000000e+05 3.184025538303284050e-04 3.198535865434307839e-04 3.176309189302701542e-04 3.256171226146247757e-04 3.382433756985873193e-04 3.339934692666950947e-04 3.152934647081441087e-04 3.010404138960892542e-04 3.858816871620315684e-04 3.899362394943261872e-04 3.851933509347258149e-04 3.782536391653347528e-04
1.082000000000000000e+05 3.556025381117422870e-04 3.427313224189140316e-04 3.393421649393357537e-04 3.370086524979503339e-04 3.439567858766447096e-04 3.381127788094727003e-04 3.357821995129739770e-04 3.477037468190585139e-04 4.109894932241553705e-04 4.156260978361159394e-04 4.144089939203432255e-04 4.143248028138906010e-04
1.083000000000000000e+05 3.147406146319378867e-04 3.338205452205853939e-04 3.434470590357915887e-04 3.517673833272857748e-04 3.289312798807376981e-04 3.275632064666041295e-04 3.293685625764389063e-04 3.354252478522087356e-04 4.041637712863421121e-04 4.182855414236856810e-04 3.977352246040558666e-04 3.838256433358302111e-04
1.084000000000000000e+05 3.337000786889521438e-04 3.230974632707284198e-04 3.294390785721813147e-04 3.402904552209432259e-04 3.318244611329904483e-04 3.515547650724225857e-04 3.177539520564540642e-04 3.197457411539720933e-04 4.181444645425114051e-04 4.108234358939668565e-04 4.015354373246491065e-04 4.130168861103067032e-04
1.085000000000000000e+05 3.380579498639357762e-04 3.498821387467561991e-04 3.572616752317623700e-04 3.329160049679513928e-04 3.527823548796585351e-04 3.526380101229138536e-04 3.451883864117964024e-04 3.447843636748402401e-04 4.241948235630151726e-04 4.060789031577254570e-04 4.366706941095218719e-04 4.199197053497836694e-04
1.086000000000000000e+05 3.967067775556462053e-04 4.050118152468291260e-04 4.096960477892922468e-04 4.226863606066090517e-04 3.865191912083240124e-04 4.005769149148654209e-04 6.460321276976876536e-04 3.889224117698344713e-04 4.968127843918416402e-04 4.485286067175869363e-04 4.601514316289544810e-04 4.760394578755590693e-04
1.087000000000000000e+05 3.562335465307085096e-04 3.409471583729975779e-04 3.478702186905096726e-04 3.415529300821192439e-04 3.593016228336112046e-04 3.748664200097653150e-04 1.566977484897415836e-03 1.492104557465855118e-03 4.312895863907889094e-04 4.188043282664713485e-04 4.432757150655675495e-04 4.531383230019215527e-04
1.088000000000000000e+05 3.632311440566297900e-04 3.691094162675046301e-04 3.729678051297683383e-04 3.746297577776720668e-04 3.803729355861680777e-04 3.463993569459165108e-04 1.291871981424527575e-03 1.206613852719652311e-03 4.451962505524481714e-04 4.253698008084561542e-04 4.283628283710587078e-04 4.546495728197605954e-04
1.089000000000000000e+05 3.699136802525580391e-04 3.626901557611521710e-04 3.506879341109988635e-04 3.747082967759066564e-04 3.661421294149251387e-04 3.750440990210921572e-04 3.644848000328293610e-04 3.439032364135976324e-04 4.240021684848599990e-04 4.210834982792833331e-04 4.300356639417278752e-04 4.766750976656030617e-04
1.090000000000000000e+05 3.982698144251307741e-04 3.860904814542101700e-04 3.796388666426255692e-04 3.845157824409908918e-04 3.917407626072750854e-04 4.200210029618369617e-04 3.874322946821899451e-04 3.842607827796555857e-04 4.550223225058111411e-04 4.362108130143910255e-04 4.419112389127221978e-04 4.659670046504537613e-04
1.091000000000000000e+05 4.200534836431507406e-04 4.165472290297007169e-04 4.511880982931516576e-04 4.270957835222347261e-04 4.469703924305174826e-04 4.470317127803385732e-04 4.434010315113427487e-04 4.201127979120771686e-04 5.519790503159533032e-04 4.983098553819752686e-04 4.932078108134404322e-04 5.500722732646835334e-04
1.092000000000000000e+05 3.938049866284455409e-04 3.963896332503388060e-04 3.955529580466021983e-04 4.032056157409069511e-04 4.138736090867104703e-04 4.136884828192090389e-04 3.979926370599902170e-04 3.849431801019291425e-04 5.033991907539343185e-04 4.879954968370145830e-04 4.781717805906573787e-04 4.756050872773565498e-04
1.093000000000000000e+05 3.850203649897304659e-04 3.539400477551582968e-04 3.718267578371709610e-04 3.850340958514853048e-04 3.813986662411471273e-04 3.914121155752379099e-04 3.906079337536930282e-04 3.834549892041869113e-04 4.361477247518143999e-04 4.436010868169252414e-04 4.347079659769703935e-04 4.635313394925630673e-04
1.094000000000000000e+05 3.585784795521820573e-04 3.622334762084292430e-04 3.824430210044276867e-04 3.875860035603218359e-04 3.836806212842963203e-04 3.809143620418119951e-04 3.753574553191811125e-04 3.625851442788509773e-04 4.516403962083104695e-04 4.595638022522379124e-04 4.573366176710807595e-04 4.564410719145474806e-04
1.095000000000000000e+05 3.725549379207662650e-04 3.831727265329145965e-04 3.869682772357927662e-04 3.748672544490574466e-04 3.642114169509388629e-04 3.819579140337413161e-04 4.101101558026443205e-04 3.739055933820631091e-04 4.373477256705201330e-04 4.380893106524397663e-04 4.327767250010627702e-04 4.424550779786018927e-04
1.096000000000000000e+05 3.476242806772391453e-04 3.657158631397596621e-04 3.480338142407197501e-04 3.460168399209939639e-04 3.503815906950532330e-04 3.674421827604107513e-04 3.560288906212210735e-04 3.507321378704183448e-04 4.276072474085738668e-04 4.339722851170665918e-04 4.089388715913448540e-04 4.265697670021842197e-04
1.097000000000000000e+05 3.611884497973127028e-04 3.444875165332327276e-04 3.472400060180604693e-04 3.565194446077726560e-04 3.551256434680523594e-04 3.568790779200713787e-04 4.005665582228795283e-04 3.801422113039075110e-04 4.283681827837629405e-04 4.154797903462229404e-04 4.121631630080384951e-04 4.107620430290778138e-04
1.098000000000000000e+05 3.374879846339810417e-04 3.465412707289705066e-04 3.550888956521179411e-04 3.567386315584961999e-04 3.396764704273094303e-04 3.703084314295031448e-04 3.493430594675932363e-04 4.038264802162239153e-04 3.836896611371946246e-04 3.959039638121409580e-04 4.160998270984054052e-04 3.992571012334161025e-04
1.099000000000000000e+05 3.267492283571733248e-04 3.434467422238233819e-04 3.532137717995838862e-04 3.732757970160721249e-04 3.549626136577887624e-04 3.745443727220947624e-04 3.499655044076730608e-04 3.506292331614242297e-04 3.914507225881013342e-04 4.056352305834555428e-04 4.035363683300379855e-04 4.108943349246187192e-04
1.100000000000000000e+05 3.409253747642588032e-04 3.416808563367236670e-04 3.280721647895462655e-04 3.334640606635324699e-04 3.596860194206668551e-04 3.593806566664831982e-04 3.838479387283087762e-04 4.099678717271400307e-04 3.955295300337348255e-04 4.093677478177232720e-04 3.952028532800093549e-04 3.934708559760647533e-04
1.101000000000000000e+05 3.620133000842768768e-04 3.319188367862788884e-04 3.437504945947053949e-04 3.637909471913482618e-04 3.612257784412230060e-04 3.358922991464115423e-04 3.372081796564299519e-04 3.470745084903516090e-04 3.843559313446000898e-04 4.064439689675160175e-04 3.930599698945007239e-04 4.051269678668114466e-04
1.102000000000000000e+05 3.411322605736837911e-04 3.448318548636679511e-04 3.627879828900981902e-04 3.506440013408345063e-04 3.468564919367257172e-04 3.334431563738869827e-04 3.515449640156697751e-04 3.703542237339968088e-04 3.804492568486275337e-04 3.802864823017499947e-04 3.897346916118121242e-04 3.731195462394747034e-04
1.103000000000000000e+05 3.419242115616471221e-04 3.364777683272271555e-04 3.324416025529660160e-04 3.578340160308400835e-04 3.415709515868161511e-04 3.471086868970279160e-04 3.060627485628538043e-04 3.503892919694140819e-04 3.765569076187913261e-04 3.527279740668999466e-04 3.722517907714458126e-04 3.654738457669405344e-04
1.104000000000000000e+05 3.278081609034630417e-04 3.159995255924902334e-04 3.082478774974226976e-04 3.257653889707750185e-04 3.256624432272600157e-04 3.004391096472904888e-04 2.816013341105316433e-04 3.556382793745557964e-04 3.526320190931820807e-04 3.566998546915935218e-04 3.460457184459644615e-04 3.504443868502325060e-04
1.105000000000000000e+05 3.383228376224092088e-04 3.276006103977410267e-04 3.259104311324083673e-04 3.325849223955502118e-04 3.099723397279328984e-04 3.292714248451326649e-04 3.489093109152659753e-04 3.180094980313528225e-04 3.344014786906030108e-04 3.439962173865774935e-04 3.426718407845175964e-04 3.455735378403134166e-04
1.106000000000000000e+05 3.171196160008617941e-04 3.348265914368816565e-04 2.952042887231698040e-04 3.415982945486511265e-04 3.140042782438722761e-04 3.757587324504415151e-04 2.863340512727805768e-04 2.915521498704039998e-04 3.386825700253368629e-04 3.507979508268215972e-04 3.496245026733415216e-04 3.435683056737439539e-04
1.107000000000000000e+05 3.185798560886866893e-04 3.386970652618029602e-04 3.270995180701180213e-04 3.338840091870844194e-04 3.488410466504020366e-04 3.651259250632229612e-04 3.439195160177200205e-04 4.003670850867435834e-04 3.556675636174027981e-04 3.429833829454826625e-04 3.530554867363503487e-04 3.470717783105683497e-04
1.108000000000000000e+05 3.235699612141314067e-04 3.254853770257325521e-04 3.200763735663391882e-04 3.188819352384201535e-04 3.414956324238547494e-04 3.323621507627896226e-04 2.800019412975877724e-04 2.859022701837383258e-04 3.391043963493147080e-04 3.301274866893874594e-04 3.468825298700552932e-04 3.387519594607531258e-04
1.109000000000000000e+05 3.330834030035453256e-04 3.032333420778375479e-04 3.145499487928453018e-04 3.219157121017509758e-04 3.250688395277441154e-04 3.238929797826809809e-04 3.380630699062849628e-04 2.834003015937967612e-04 3.430348901144838385e-04 3.396288291006479675e-04 3.392565027118582175e-04 3.261633129272389453e-04
1.110000000000000000e+05 3.226798516705719350e-04 2.878197386686956309e-04 3.142052645243244464e-04 3.306782790300174558e-04 3.324771126843890771e-04 3.281193854599119076e-04 3.603853687991449362e-04 3.866247962750950858e-04 3.386067113845798006e-04 3.399538191420540352e-04 3.464430541937576526e-04 3.412892343240047440e-04
1.111000000000000000e+05 3.286223520847194376e-04 3.446471475430188812e-04 3.435719003114564977e-04 3.458262547554083162e-04 3.297321443040907105e-04 3.680213248458187071e-04 3.124324782905711129e-310 1.960025485000423942e-04 3.439123956722729236e-04 3.560473387073188802e-04 3.519539844773673671e-04 3.582026805766993908e-04
1.112000000000000000e+05 3.359274809854777624e-04 3.609210768332687469e-04 3.275911210298363416e-04 3.678666995892628812e-04 3.477542009914681297e-04 3.473339561984338172e-04 5.240700758322406664e-275 7.812503718014340848e-03 3.622633454456476569e-04 3.754471639761674953e-04 3.746892345090637962e-04 3.591308732647830078e-04
1.113000000000000000e+05 3.411791664288384780e-04 3.109371738697597979e-04 3.405936371375961917e-04 3.502287276187614749e-04 3.596742076702701802e-04 3.465272104219807407e-04 -6.058544569377957490e+303 7.812503718014340848e-03 3.372627066641747788e-04 3.543745846997276190e-04 3.580600871057163003e-04 3.469961662212149838e-04
1.114000000000000000e+05 3.517583196971524068e-04 3.192986042553948300e-04 3.274726077491853802e-04 3.268896470052935462e-04 3.379968070018857479e-04 3.131988247766665521e-04 3.402838444058330287e-63 7.812503718014340848e-03 3.316039883388514908e-04 3.310125606593852321e-04 3.583971644249982387e-04 3.548218981878596559e-04
1.115000000000000000e+05 3.440325839254556521e-04 3.474802793075833013e-04 3.735936467296281020e-04 3.655416458616518550e-04 3.122593369892746537e-04 3.498390512345573504e-04 7.347676992593133415e-140 7.812503718014340848e-03 3.495454085490783992e-04 3.627221476581168544e-04 3.826636818378113553e-04 3.544893132745826399e-04
1.116000000000000000e+05 3.445218113313466466e-04 3.487494393026923994e-04 3.341031016517034217e-04 3.586176651036452126e-04 3.535927228856151493e-04 3.914127571079031712e-04 9.802631079404915982e+301 7.812503718014340848e-03 3.737885594443791752e-04 3.781863839181128775e-04 3.642186791130762411e-04 3.635645566961979601e-04
1.117000000000000000e+05 3.564479291023203321e-04 3.709192810971013153e-04 3.600965483245730458e-04 3.723530439784140272e-04 3.943372716329293409e-04 3.579802440523505787e-04 5.901525110074632762e-310 7.812503718014340848e-03 4.020396695203663708e-04 3.931281309009390895e-04 3.957292877984181184e-04 4.099209559564828426e-04
1.118000000000000000e+05 3.081046629386713690e-04 3.403848702792799008e-04 3.440744720267222738e-04 3.238877521897016087e-04 3.832138683455554320e-04 3.255035905136610718e-04 4.502880432862721853e+201 7.812503718014340848e-03 3.493669678387440326e-04 3.366999516691168118e-04 3.452934010633321106e-04 3.397787248017875429e-04
1.119000000000000000e+05 3.156711074303908708e-04 2.884243473123436138e-04 3.247643414159311808e-04 3.067460564249240799e-04 3.362069110912576405e-04 3.365984406436931561e-04 -6.045214164504898197e-186 7.812503718014340848e-03 3.292394696613092976e-04 3.276338181233602619e-04 3.252117892757554847e-04 3.246076482818901696e-04
1.120000000000000000e+05 3.310448901435398346e-04 3.057939084188285002e-04 3.290516661213831683e-04 3.175489850280216768e-04 3.227999861410149542e-04 3.229778504971576804e-04 6.942933247532787545e-310 7.812503718014340848e-03 3.300181909207048204e-04 3.149800220808409226e-04 3.229685200257156603e-04 3.417362288232756850e-04
1.121000000000000000e+05 3.447639561588584077e-04 3.182811210513048416e-04 3.519901307131619700e-04 3.287042268731515883e-04 3.180334609338679062e-04 3.306632374424123863e-04 3.473485832878356946e-311 7.812503718014340848e-03 3.424527409688343923e-04 3.340060396913618781e-04 3.412121828189786771e-04 3.541214459769137578e-04
1.122000000000000000e+05 3.657928623639234724e-04 3.710094588676779567e-04 3.684661931418229753e-04 3.827216003208823436e-04 3.893178982627236158e-04 4.016770245481818160e-04 -1.723016012758530615e+72 7.812503718014340848e-03 3.796237330086405957e-04 3.767945314741475262e-04 3.767761319015148287e-04 3.772699552612984036e-04
1.123000000000000000e+05 3.815840074166756426e-04 4.157221685039258073e-04 3.911625779541328144e-04 4.122280795064394072e-04 4.091618567585979943e-04 3.797117562065425046e-04 5.729461265958100278e+99 7.812503718014340848e-03 3.950805246906090133e-04 3.837272723206749557e-04 4.129951084808028308e-04 4.083309771763798945e-04
1.124000000000000000e+05 3.781602195404547696e-04 4.514391039870426490e-04 3.775211924780963067e-04 3.906092249018829651e-04 4.362222406725448261e-04 4.193449492424555693e-04 1.388756691315043427e-310 7.812503718014340848e-03 4.149596067063342155e-04 3.937255689529895819e-04 4.035806337019736084e-04 4.241738252291543990e-04
1.125000000000000000e+05 3.242815358019190486e-04 3.054287166527623653e-04 3.690181594596857813e-04 3.607388916181782025e-04 3.521536136371726652e-04 3.615657548372213726e-04 -5.385011526813650042e+226 7.812503718014340848e-03 3.605827109372935439e-04 3.736917731874666855e-04 3.492933951603926666e-04 3.576324295335460814e-04
1.126000000000000000e+05 3.223301647889359814e-04 3.162320597560090100e-04 3.390001823200000262e-04 2.991491491446418593e-04 3.325868628615486541e-04 3.291553644529379100e-04 4.324015493680380991e+46 7.812503718014340848e-03 3.388884025715920814e-04 3.377177756852853372e-04 3.365036255325852435e-04 3.408321664801703668e-04
1.127000000000000000e+05 4.112697151078869369e-04 3.807343825731226267e-04 4.556105701251244753e-04 4.269613747490471223e-04 3.348423760466285866e-04 4.636432058986108434e-04 2.430164795610079271e-310 7.812503718014340848e-03 4.319314747777650444e-04 4.202899496478469188e-04 4.274174425753720524e-04 4.193265986357176873e-04
1.128000000000000000e+05 3.497355924203404839e-04 3.417352886446625541e-04 3.917069501633189217e-04 3.905853609526080687e-04 3.645965187756712556e-04 3.974936572779100611e-04 -2.119284381728753021e-137 7.812503718014340848e-03 3.692632322683086902e-04 3.444025953612682607e-04 3.795979795295584486e-04 3.623654718449193283e-04
1.129000000000000000e+05 3.527119519353362400e-04 4.375953585185086503e-04 3.560412868813236844e-04 3.912292530587703813e-04 3.985039857975327185e-04 3.793097964984464996e-04 -1.327203774166792889e-66 7.812503718014340848e-03 3.789944844749359824e-04 3.877158295297701346e-04 4.049398297537240565e-04 3.919726035933209754e-04
1.130000000000000000e+05 3.614175304509816954e-04 4.157386488466104156e-04 4.235749881891918999e-04 3.817234974954259764e-04 3.905958781319660510e-04 3.508843752030768701e-04 6.942931662212195720e-310 7.812503718014340848e-03 3.893334127893940911e-04 3.794242257097685885e-04 3.915188175480573433e-04 4.140350880585093123e-04
1.131000000000000000e+05 3.605263001169364671e-04 3.668088062273762982e-04 3.754197055255948062e-04 3.644695130198576842e-04 3.855916826278193033e-04 3.800391994656535056e-04 6.467351157516368350e+230 7.812503718014340848e-03 3.778523476280933849e-04 4.237557748226044034e-04 4.168983451921457742e-04 4.085879298888762641e-04
1.132000000000000000e+05 3.022038528869955320e-04 3.455316632199956824e-04 3.264623614117031017e-04 3.371041784626812817e-04 3.506141297460466035e-04 3.424544124306400528e-04 -5.453241258817473610e-301 7.812503718014340848e-03 3.456084001161666684e-04 3.589925586517900649e-04 3.570500929080131836e-04 3.402633883424880951e-04
1.133000000000000000e+05 3.014212551882626784e-04 2.981690498767802615e-04 3.317100942174670873e-04 3.171381882285928804e-04 3.344947638647689228e-04 3.433536826413626712e-04 4.512981004217344443e-310 7.812503718014340848e-03 3.415716627824153624e-04 3.317106372050302571e-04 3.412760387323804248e-04 3.530991751547646633e-04
1.134000000000000000e+05 3.774115289525363081e-04 3.493474069314100785e-04 3.577081803817754729e-04 3.515271909191883606e-04 4.027720081466753632e-04 3.845075458360815981e-04 3.918344646221981777e-296 7.812503718014340848e-03 3.981338035039326648e-04 3.922499300495980502e-04 4.005882080653490828e-04 4.146492798140496506e-04
1.135000000000000000e+05 4.295635104014599681e-04 3.402381413786659671e-04 4.300071806547428382e-04 3.785970204348812658e-04 3.982194241495224741e-04 3.541795662744567810e-04 1.106561007779818638e-89 7.812503718014340848e-03 3.691401867545699312e-04 3.716968860309878640e-04 3.813549749240176907e-04 3.778028775416983776e-04
1.136000000000000000e+05 3.262373111243872131e-04 3.449037304381583915e-04 2.661451339885200070e-04 3.624799872592994552e-04 3.470350092615995577e-04 2.830470730975151038e-04 5.554389107735363246e-310 7.812503718014340848e-03 3.159838761927830282e-04 3.240217533865894081e-04 3.374008331935938868e-04 3.467030553455385539e-04
1.137000000000000000e+05 3.421297286298008531e-04 3.218598073346658857e-04 3.335678201632846177e-04 3.821093415082803106e-04 3.588656742932559295e-04 3.634830167142720047e-04 -6.100717742476116154e-194 7.812503718014340848e-03 3.807085792104924495e-04 3.744958609477000932e-04 3.882740179618930708e-04 3.972654210182128588e-04
1.138000000000000000e+05 4.093231742244281897e-04 2.716498295753925932e-04 3.362487169266893845e-04 3.900152100564868111e-04 4.282838427980499964e-04 3.008934633754546456e-04 -1.007288262704465888e+05 7.812503718014340848e-03 3.477407049122896465e-04 3.365798795655573685e-04 3.510956739413839808e-04 3.439185419823906310e-04
1.139000000000000000e+05 3.562442799137249295e-04 4.160993576740211128e-04 3.303327352319176328e-04 2.566821035770012441e-04 4.618487604822899884e-04 3.894996607880936413e-04 6.942933211151917868e-310 7.812503718014340848e-03 3.856566071168106638e-04 3.826730633575671720e-04 3.900095548224717917e-04 3.559039343852910074e-04
1.140000000000000000e+05 0.000000000000000000e+00 2.360000000000000000e+02 4.135884228122851274e-04 3.811920335213967370e-04 3.599372218708764954e-04 4.098886098314319512e-04 2.125522558026092468e-314 7.812503718014340848e-03 3.904598852375949346e-04 4.157830257633848337e-04 4.032545275831144285e-04 4.039466467754410095e-04
1.141000000000000000e+05 0.000000000000000000e+00 2.381999999999993065e+02 3.736701922244273742e-315 1.569142475284144005e-04 3.986782009345492392e-04 3.797406399672808219e-04 3.237701134849553817e+106 7.812503718014340848e-03 3.617989416190760948e-04 3.663533638442155872e-04 3.868600811938594083e-04 4.014652629099068910e-04
1.142000000000000000e+05 0.000000000000000000e+00 2.402666666666653725e+02 -1.709212925880567545e+307 6.942945029225634509e-310 4.087839467599600175e+04 3.428879120880360103e-04 -8.350454117594410414e-166 7.812503718014340848e-03 3.298769542038426737e-04 3.418652697354150009e-04 3.298013542414206028e-04 3.407230126235016063e-04
1.143000000000000000e+05 0.000000000000000000e+00 2.421999999999981696e+02 nan 6.942945029428596676e-310 1.076584970111016301e+05 2.512750663892264492e+04 6.942909243298740688e-310 7.812503718014340848e-03 3.922539617389926569e-04 3.805014387259688519e-04 3.875906277932431119e-04 3.874192842137251036e-04
1.144000000000000000e+05 0.000000000000000000e+00 2.439999999999976978e+02 -3.389627864620938853e+91 6.942945029630323679e-310 1.077581554227156303e+05 1.142954584404455672e+05 -1.285110936062206907e-34 7.812503718014340848e-03 3.675226598026056272e-04 3.772890933862869836e-04 3.763280521225842901e-04 3.603039923439492237e-04
1.145000000000000000e+05 0.000000000000000000e+00 2.456666666666666572e+02 0.000000000000000000e+00 6.942945029831951869e-310 1.078578138343296305e+05 1.143950299914310162e+05 -3.165168083953496302e+196 7.812503718014340848e-03 3.789301159757123565e-04 3.876691990351311952e-04 3.700609531685992428e-04 3.831299759466525508e-04
1.146000000000000000e+05 0.000000000000000000e+00 2.471999999999970328e+02 1.516130949513059413e+226 1.527447906252204808e-310 1.079574722459436307e+05 1.144946015424164652e+05 2.083028764868161533e-310 7.812503718014340848e-03 3.665688644447428427e-04 3.488474073595497949e-04 3.636488778019815460e-04 3.707829668281760601e-04
1.147000000000000000e+05 0.000000000000000000e+00 2.485999999999999943e+02 8.174538921587930097e-310 6.942945030232886141e-310 1.080571306575576455e+05 1.145941730934018851e+05 -2.215733798622327314e+84 7.812503718014340848e-03 3.337624306757208149e-04 3.377548775021832809e-04 3.564602637899672044e-04 3.519135994036138508e-04
1.148000000000000000e+05 0.000000000000000000e+00 2.498666666666666458e+02 2.294737298674253699e-319 6.942945030432389848e-310 1.081567890691716457e+05 1.146937446443873196e+05 -1.217666294094870823e-285 7.812503718014340848e-03 3.605630134771262586e-04 3.678499095351944010e-04 3.713299827998793427e-04 3.788421375410668630e-04
1.149000000000000000e+05 0.000000000000000000e+00 2.510000000000023022e+02 0.000000000000000000e+00 6.942945030341234737e-310 1.082564474807856604e+05 1.147933161953727540e+05 6.942933247089511848e-310 7.812503718014340848e-03 3.605612090162919783e-04 3.761945611701116780e-04 3.631529855214881428e-04 3.480648175265604253e-04
1.150000000000000000e+05 0.000000000000000000e+00 2.520000000000000000e+02 nan 6.942945030139112481e-310 1.083561058923996607e+05 1.148928877463581739e+05 1.431041358878509903e-288 7.812503718014340848e-03 4.009623542195951576e-04 3.719884711787332541e-04 3.757709278817057035e-04 4.019845987831255460e-04
1.151000000000000000e+05 0.000000000000000000e+00 2.528666666666678964e+02 -6.871947673623342514e+08 6.942945029938670049e-310 1.084557643040136609e+05 1.149924592973436083e+05 -2.451819957154456167e-46 7.812503718014340848e-03 3.915495104298945196e-04 3.905373489913808159e-04 3.732545334510412082e-04 3.633709148758262593e-04
1.152000000000000000e+05 0.000000000000000000e+00 2.535999999999999943e+02 2.944269207789869855e-315 6.942945029737881770e-310 1.085554227156276756e+05 1.150920308483290573e+05 6.942933256339507682e-310 7.812503718014340848e-03 3.382966120602382411e-04 3.560894510419893196e-04 3.542845714040253444e-04 3.449229727633590153e-04
1.153000000000000000e+05 0.000000000000000000e+00 2.542000000000004718e+02 0.000000000000000000e+00 6.942945029538526282e-310 1.086550811272416759e+05 1.151916023993144918e+05 9.765157142144133449e-66 7.812503718014340848e-03 3.697894312292936267e-04 3.505998560309220866e-04 3.624826804484682042e-04 3.672440288310407138e-04
1.154000000000000000e+05 0.000000000000000000e+00 2.546666666666668561e+02 nan 6.942945029339121387e-310 1.087547395388556761e+05 1.152911739502999117e+05 -8.047431213345861699e-16 7.812503718014340848e-03 3.856065591090304299e-04 3.807111338184827648e-04 3.714797724549338646e-04 3.792168434990862615e-04
1.155000000000000000e+05 0.000000000000000000e+00 2.550000000000000000e+02 9.864020619220487254e-320 6.942945029140852844e-310 1.088543979504696908e+05 1.153907455012853461e+05 6.942939440988638537e-310 7.812503718014340848e-03 4.758997840377069419e-04 4.683746010873586778e-04 4.269748261515071718e-04 4.083411177627822180e-04
1.156000000000000000e+05 0.000000000000000000e+00 2.547333333333334906e+02 nan 6.942945028942781926e-310 1.089540563620836911e+05 1.154903170522707806e+05 -9.474228875349194760e-110 7.812503718014340848e-03 3.997645388624242353e-04 3.970747545673092706e-04 3.934726438373100884e-04 4.078070370070728014e-04
1.157000000000000000e+05 0.000000000000000000e+00 2.546000000000002217e+02 0.000000000000000000e+00 6.942945028745600327e-310 1.090537147736976913e+05 1.155898886032562150e+05 -6.703039520482065108e-27 7.812503718014340848e-03 4.327017093692692336e-04 4.088012172700142407e-04 4.248425053693426017e-04 4.118534290289057199e-04
1.158000000000000000e+05 0.000000000000000000e+00 2.546000000000002217e+02 2.064594124678682815e-315 6.942945028548863387e-310 1.091533731853116915e+05 1.156894601542416494e+05 6.248661197958799714e-310 7.812503718014340848e-03 4.134100682916255157e-04 3.864216281244872838e-04 3.971754067310873863e-04 3.794214223221376134e-04
1.159000000000000000e+05 0.000000000000000000e+00 2.547333333333334906e+02 0.000000000000000000e+00 6.942945028503162315e-310 1.092530315969257063e+05 1.157890317052270839e+05 -9.841872584825363058e-120 7.812503718014340848e-03 3.973251931127916216e-04 3.936143552455867748e-04 3.848650027205852272e-04 3.760930800729361074e-04
1.160000000000000000e+05 0.000000000000000000e+00 2.550000000000000000e+02 -1.755559702013730022e+304 6.942945028701233232e-310 1.093526900085397065e+05 1.158886032562125183e+05 -4.678063675502633598e+275 7.812503718014340848e-03 4.865062869583017323e-04 4.523138400339502007e-04 4.430577562963203394e-04 3.901390885562751190e-04
1.161000000000000000e+05 0.000000000000000000e+00 1.530000000000583782e+02 0.000000000000000000e+00 6.942945028899847622e-310 1.094523484201537212e+05 1.159881748071979382e+05 8.602789415987381949e+301 7.812503718014340848e-03 7.061585180052010408e-04 6.152346913692394040e-04 5.752226376316471514e-04 5.949095305353965584e-04
1.162000000000000000e+05 0.000000000000000000e+00 2.550000000000000000e+02 -4.663205458490595952e+302 6.942945029096831595e-310 1.095520068317677215e+05 1.160877463581833581e+05 6.942933654579985162e-310 7.812503718014340848e-03 4.530862439636535377e-04 4.742177901407806885e-04 5.276406582897140906e-04 5.673352415594343223e-04
1.163000000000000000e+05 0.000000000000000000e+00 0.000000000000000000e+00 0.000000000000000000e+00 6.942944600304964993e-310 1.096516652433817217e+05 1.161873179091688071e+05 1.001220130201020366e-74 7.812503718014340848e-03 4.036565341558900509e-04 4.001377556159873227e-04 4.215025678917253210e-04 4.097127605933771361e-04
1.164000000000000000e+05 0.000000000000000000e+00 7.812501848093234003e-03 -8.602700799615564075e-150 6.942945029489959629e-310 1.097513236549957364e+05 1.162868894601542415e+05 5.580089795519182217e-66 7.812503718014340848e-03 3.689298054941878339e-04 3.724327302796236259e-04 3.869817058816670831e-04 3.986502002423015947e-04
1.165000000000000000e+05 0.000000000000000000e+00 7.812501848093234003e-03 0.000000000000000000e+00 6.942945029685856658e-310 1.098509820666097366e+05 1.163864610111396760e+05 0.000000000000000000e+00 7.812503718014340848e-03 3.727251855903445450e-04 3.664148216478152345e-04 3.927596330668878775e-04 3.987583066991884318e-04
1.166000000000000000e+05 0.000000000000000000e+00 7.812501848093234003e-03 0.000000000000000000e+00 6.942945029880617335e-310 1.099506404782237369e+05 1.164860325621251104e+05 1.953031428429307836e-65 7.812503718014340848e-03 3.678916110438487847e-04 3.622703211539711325e-04 3.738054894799343981e-04 3.795888639291135087e-04
1.167000000000000000e+05 0.000000000000000000e+00 5.187689281333088714e-321 nan 6.942945030075180387e-310 1.100502988898377516e+05 1.165856041131105449e+05 0.000000000000000000e+00 7.812503718014340848e-03 3.894027207309866748e-04 3.980173533981942475e-04 3.914728926171839114e-04 4.107570526299448741e-04
1.168000000000000000e+05 0.000000000000000000e+00 5.207451907166738576e-321 nan 6.942945030268854120e-310 1.101499573014517518e+05 1.166851756640959647e+05 0.000000000000000000e+00 7.812503718014340848e-03 3.885793866867807479e-04 3.591684011280865175e-04 3.659890990024639913e-04 3.752916877379563554e-04
1.169000000000000000e+05 0.000000000000000000e+00 5.227214533000388437e-321 -6.242068076480018529e+307 6.942945030448595202e-310 1.102496157130657521e+05 1.167847472150813992e+05 0.000000000000000000e+00 7.812503718014340848e-03 3.944363133928938461e-04 3.772480189634550506e-04 3.650585871456559612e-04 3.719370081279488077e-04
1.170000000000000000e+05 0.000000000000000000e+00 5.246977158834038299e-321 nan 6.942945030253340458e-310 1.103492741246797668e+05 1.168843187660668482e+05 0.000000000000000000e+00 7.812503718014340848e-03 3.316720865545248645e-04 3.268504067741381390e-04 3.374576332227235964e-04 3.364219788231935016e-04
1.171000000000000000e+05 0.000000000000000000e+00 5.261799128209275695e-321 -2.145074510897900392e+304 6.942945030057542243e-310 1.104489325362937670e+05 1.169838903170522826e+05 0.000000000000000000e+00 -4.812534882879374032e-03 3.106401907646839369e-04 3.292458593848487480e-04 3.134046952955777689e-04 3.352866915948306812e-04
1.172000000000000000e+05 0.000000000000000000e+00 5.281561754042925557e-321 1.014247673855245674e-314 6.942945029863423851e-310 1.105485909479077673e+05 1.170834618680377025e+05 0.000000000000000000e+00 -8.174525014850593171e-03 2.766936697494817876e-04 2.772675403147765224e-04 2.724753586177496955e-04 3.054911141143223409e-04
1.173000000000000000e+05 0.000000000000000000e+00 5.301324379876575419e-321 -2.694609171322653813e+169 6.942945029669009019e-310 1.106482493595217820e+05 1.171830334190231224e+05 0.000000000000000000e+00 -1.060312522345191293e-02 2.462406149947894696e-04 2.616053405165944543e-04 2.533653001198046839e-04 2.592508663124175133e-04
1.174000000000000000e+05 0.000000000000000000e+00 5.321087005710225281e-321 nan 6.942945029475977571e-310 1.107479077711357822e+05 1.172826049700085714e+05 0.000000000000000000e+00 -1.295691726608494236e-02 2.457326762324684843e-04 2.519635090769446208e-04 2.514527845534876506e-04 2.609948108711440088e-04
1.175000000000000000e+05 0.000000000000000000e+00 5.340849631543875143e-321 -2.276104959472670067e-159 6.942945029282896717e-310 1.108475661827497825e+05 1.173821765209940058e+05 0.000000000000000000e+00 -1.523590114274951494e-02 5.043419088326113291e-04 5.322161146106465634e-04 4.559745700082545677e-04 3.997191993244015879e-04
1.176000000000000000e+05 0.000000000000000000e+00 5.360612257377525004e-321 6.996814281661700063e-311 6.942945029090952213e-310 1.109472245943637972e+05 1.174817480719794257e+05 0.000000000000000000e+00 -1.744007685344637487e-02 1.818984607853437721e-04 1.616453596352781022e-04 1.706990821187267626e-04 2.111213662587884212e-04
1.177000000000000000e+05 0.000000000000000000e+00 2.870521402337642422e-321 -1.072963750405774003e+294 6.942945028899205336e-310 1.110468830059777974e+05 1.175813196229648747e+05 0.000000000000000000e+00 -1.956944439817443274e-02 9.440534268517440100e-05 9.002573816661658317e-05 8.698703515173450895e-05 8.082375581791340514e-05
1.178000000000000000e+05 0.000000000000000000e+00 5.400137509044824728e-321 -8.854437155373850624e+18 6.942945028708347777e-310 1.111465414175918122e+05 1.176808911739503092e+05 0.000000000000000000e+00 -2.162400377693455764e-02 6.879971661090535746e-04 7.381023540834591966e-04 6.482517512032385815e-04 6.881103256412624599e-04
1.179000000000000000e+05 0.000000000000000000e+00 5.419900134878474590e-321 nan 6.942945028517984284e-310 1.112461998292058124e+05 1.177804627249357291e+05 0.000000000000000000e+00 -2.360375498972614935e-02 1.975188310089912903e-04 2.128545958115154459e-04 2.159506898011094795e-04 1.994597946607683974e-04
1.180000000000000000e+05 0.000000000000000000e+00 5.439662760712124451e-321 0.000000000000000000e+00 6.942945028592291757e-310 1.113458582408198126e+05 1.178800342759211489e+05 0.000000000000000000e+00 -2.550869803654976647e-02 1.677395606721616939e-04 1.622590819112192280e-04 1.879398579292696771e-04 1.647167235391039288e-04
1.181000000000000000e+05 0.000000000000000000e+00 5.459425386545774313e-321 nan 6.942945028784038634e-310 1.114455166524338129e+05 1.179796058269065979e+05 0.000000000000000000e+00 -2.733883291740489899e-02 1.711529685845422871e-04 1.703931478239335611e-04 1.698796023224927491e-04 1.651263538067476299e-04
1.182000000000000000e+05 0.000000000000000000e+00 5.479188012379424175e-321 nan 6.942945028976279577e-310 1.115451750640478276e+05 1.180791773778920324e+05 0.000000000000000000e+00 -2.909415963229197016e-02 2.496719504400420194e-04 2.666210242615792169e-04 2.771713678007130016e-04 2.501804813457161815e-04
1.183000000000000000e+05 0.000000000000000000e+00 5.498950638213074037e-321 5.198889680355119355e-315 6.942945029166988916e-310 1.116448334756618424e+05 1.181787489288774523e+05 0.000000000000000000e+00 -3.077467818121076837e-02 1.477954449998331694e-04 1.458461977771705487e-04 1.413660181551133462e-04 1.392573318279047246e-04
1.184000000000000000e+05 0.000000000000000000e+00 5.518713264046723898e-321 0.000000000000000000e+00 6.942945029357846475e-310 1.117444918872758280e+05 1.182783204798629013e+05 0.000000000000000000e+00 -3.238038856416119299e-02 1.461475726353617176e-04 1.419354118578857295e-04 1.414810941685495818e-04 1.478151610392349326e-04
1.185000000000000000e+05 0.000000000000000000e+00 5.538475889880373760e-321 2.590225609810757226e-317 6.942945029547419464e-310 1.118441502988898428e+05 1.183778920308483357e+05 0.000000000000000000e+00 -3.391129078114343831e-02 1.438077650042371772e-04 1.503732329418976013e-04 1.370971223121265513e-04 1.437534206818096634e-04
1.186000000000000000e+05 0.000000000000000000e+00 5.553297859255611157e-321 2.507436017668431225e-317 6.942945029736943045e-310 1.119438087105038430e+05 1.184774635818337556e+05 0.000000000000000000e+00 -3.536706238316618400e-02 1.960391759880857152e-04 1.908028132126160959e-04 1.750365669294900030e-04 1.988643134384451058e-04
1.187000000000000000e+05 0.000000000000000000e+00 5.573060485089261018e-321 nan 6.942945029925429089e-310 1.120434671221178432e+05 1.185770351328191900e+05 0.000000000000000000e+00 -3.674802581922069489e-02 1.340126566867534544e-04 1.435176340481589621e-04 1.369974374597695567e-04 1.399326837685912009e-04
1.188000000000000000e+05 0.000000000000000000e+00 5.592823110922910880e-321 0.000000000000000000e+00 6.942945030113618694e-310 1.121431255337318580e+05 1.186766066838046390e+05 0.000000000000000000e+00 -3.805418108930688076e-02 1.474062681060645755e-04 1.395476094755931332e-04 1.425924989001716423e-04 1.353615964562435473e-04
1.189000000000000000e+05 0.000000000000000000e+00 5.612585736756560742e-321 1.064313487028848262e-315 6.942945030301017793e-310 1.122427839453458582e+05 1.187761782347900589e+05 0.000000000000000000e+00 -3.928552819342488039e-02 1.694197658915938781e-04 1.762277848019345582e-04 1.823878136925399969e-04 1.778647106084772431e-04
1.190000000000000000e+05 0.000000000000000000e+00 5.632348362590210604e-321 5.602068888523808803e-313 6.942945030358230595e-310 1.123424423569598730e+05 1.188757497857754788e+05 0.000000000000000000e+00 -4.044206713157457583e-02 1.510786301070462579e-04 1.469981632058524963e-04 1.441264759327312225e-04 1.483917246900438641e-04
1.191000000000000000e+05 0.000000000000000000e+00 5.652110988423860465e-321 -1.580003731812632471e+304 6.942945030168163541e-310 1.124421007685738587e+05 1.189753213367609133e+05 0.000000000000000000e+00 -4.152379790375609891e-02 1.408023920411654662e-04 1.407511743032405639e-04 1.457389047076371950e-04 1.464467561701468979e-04
1.192000000000000000e+05 0.000000000000000000e+00 5.671873614257510327e-321 0.000000000000000000e+00 6.942945029979875123e-310 1.125417591801878734e+05 1.190748928877463622e+05 8.496692748715974508e-315 -4.253072050996912351e-02 1.549811157199243645e-04 1.538545452253154517e-04 1.551405863141498817e-04 1.542288422689424860e-04
1.193000000000000000e+05 0.000000000000000000e+00 5.691636240091160189e-321 0.000000000000000000e+00 6.942945029791191453e-310 1.126414175918018736e+05 1.191744644387317821e+05 4.585613163531917920e-275 -4.346283495021417698e-02 1.493839486370600485e-04 1.436059893506567292e-04 1.474862261066367541e-04 1.553729046218083184e-04
1.194000000000000000e+05 0.000000000000000000e+00 5.711398865924810051e-321 0.000000000000000000e+00 6.942945029603989980e-310 1.127410760034158884e+05 1.192740359897172166e+05 -6.524586459328418472e+303 -4.432014122449073196e-02 1.390337351444210275e-04 1.382805390270644224e-04 1.443380752782066412e-04 1.379063829918209601e-04
1.195000000000000000e+05 0.000000000000000000e+00 5.731161491758459912e-321 -3.910318545278281352e-150 6.942945029416640287e-310 1.128407344150299032e+05 1.193736075407026510e+05 3.645898332920637534e-63 -4.510263933279918397e-02 1.344152236749709397e-04 1.317479586588732971e-04 1.375402911880279960e-04 1.320061786813755999e-04
1.196000000000000000e+05 0.000000000000000000e+00 5.750924117592109774e-321 nan 6.942945029230525758e-310 1.129403928266438888e+05 1.194731790916880855e+05 5.878141594084643363e-140 -4.581032927513944975e-02 1.417617097722698345e-04 1.372604478230623213e-04 1.329016905241194859e-04 1.281382509225434028e-04
1.197000000000000000e+05 0.000000000000000000e+00 5.770686743425759636e-321 0.000000000000000000e+00 6.942945029044510043e-310 1.130400512382578891e+05 1.195727506426735199e+05 1.041529552187036584e+302 -4.644321105151134887e-02 1.376836014396152770e-04 1.277387176947454193e-04 1.271662984175512580e-04 1.296812497883230897e-04
1.198000000000000000e+05 0.000000000000000000e+00 5.790449369259409498e-321 nan 6.942945028859531865e-310 1.131397096498719038e+05 1.196723221936589543e+05 6.248661142888908852e-310 -4.700128466191486054e-02 1.226427010140980706e-04 1.246235804105929625e-04 1.336091847800109818e-04 1.287291317141721824e-04
1.199000000000000000e+05 0.000000000000000000e+00 5.810211995093059360e-321 nan 6.942945028674850127e-310 1.132393680614859040e+05 1.197718937446443888e+05 2.251440216444302134e+201 -4.748455010635035251e-02 9.773910497945279105e-05 9.797218934885156981e-05 1.069316659761462021e-04 1.099179759142157977e-04
