9.000000000000000000e+04 2.561274766921997070e-01 2.732598483562469482e-01 2.982482016086578369e-01 2.920740544795989990e-01
9.010000000000000000e+04 2.587142860889435347e-01 2.759311163425446356e-01 3.019333367546400693e-01 2.957186698913573109e-01
9.020000000000000000e+04 2.618771493434909892e-01 2.788104589780177056e-01 3.056184719006223016e-01 2.993632853031156227e-01
9.030000000000000000e+04 2.719526588916777454e-01 2.893885636329651678e-01 3.106001174449922186e-01 3.062660872936246448e-01
9.040000000000000000e+04 2.812721860408780028e-01 2.996979069709775900e-01 3.155994025866190045e-01 3.134102364381154415e-01
9.050000000000000000e+04 2.864338099956511008e-01 3.051695466041564608e-01 3.245348349213602601e-01 3.185762688517569385e-01
9.060000000000000000e+04 2.907448983192443825e-01 3.103086626529693581e-01 3.335788506269460330e-01 3.234258025884625409e-01
9.070000000000000000e+04 2.922208678722381658e-01 3.115683368841807854e-01 3.370958543817202946e-01 3.275165393948553660e-01
9.080000000000000000e+04 2.950044155120850609e-01 3.133069972197218278e-01 3.403809555371601903e-01 3.314093291759491189e-01
9.090000000000000000e+04 3.007300138473508744e-01 3.191170394420624890e-01 3.447387757897377725e-01 3.377053573727606950e-01
9.100000000000000000e+04 3.069138646125789682e-01 3.250554462273914091e-01 3.491574595371884082e-01 3.449169049660361086e-01
9.110000000000000000e+04 3.138309192657468549e-01 3.318410591284434719e-01 3.550677138566971647e-01 3.507052168250082147e-01
9.120000000000000000e+04 3.210561776161193204e-01 3.386109101772309948e-01 3.610852754116056773e-01 3.557444572448730247e-01
9.130000000000000000e+04 3.286410069465637851e-01 3.452966980139413056e-01 3.670039078593254622e-01 3.601951768000920540e-01
9.140000000000000000e+04 3.359395730495455257e-01 3.519089611371354898e-01 3.729138749837877520e-01 3.642304698626198656e-01
9.150000000000000000e+04 3.429927706718449154e-01 3.581956148147581454e-01 3.787684142589569647e-01 3.688237741589544538e-01
9.160000000000000000e+04 3.502030384540560370e-01 3.645418445269266727e-01 3.846172054608660851e-01 3.739378889401753780e-01
9.170000000000000000e+04 3.575114750862120050e-01 3.711114843686423304e-01 3.903611301382382548e-01 3.789137492577235311e-01
9.180000000000000000e+04 3.653184056282042236e-01 3.779486620426180665e-01 3.960924392938615646e-01 3.837194502353666881e-01
9.190000000000000000e+04 3.733468890190124734e-01 3.856479060649871116e-01 4.016982184847195936e-01 3.884677325685817473e-01
9.200000000000000000e+04 3.828267812728884945e-01 3.938535114129380621e-01 4.072867492834724712e-01 3.931220571200053082e-01
9.210000000000000000e+04 3.927420961856847303e-01 4.034769284725188143e-01 4.138527184724806740e-01 3.978290423750878158e-01
9.220000000000000000e+04 4.004075181484223478e-01 4.118509848912557669e-01 4.205702284971874483e-01 4.026530514160790997e-01
9.230000000000000000e+04 4.076638686656948729e-01 4.171584288279217567e-01 4.264847730596859621e-01 4.073038811484971378e-01
9.240000000000000000e+04 4.109822642803191428e-01 4.214070415496827260e-01 4.322602212429044188e-01 4.114104330539703480e-01
9.250000000000000000e+04 4.139724969863891602e-01 4.233615199724833356e-01 4.358903244137763422e-01 4.155021533370019116e-01
9.260000000000000000e+04 4.153048694133759100e-01 4.249098372459411688e-01 4.391085213422775690e-01 4.195226818323135043e-01
9.270000000000000000e+04 4.165864837169647727e-01 4.256770753860473766e-01 4.406661137938499007e-01 4.236147612333295842e-01
9.280000000000000000e+04 4.172590005397796564e-01 4.264694643020630060e-01 4.418726841608682787e-01 4.283269484837849972e-01
9.290000000000000000e+04 4.177975666522980025e-01 4.273049688339233265e-01 4.428572762012481512e-01 4.329555432001750415e-01
9.300000000000000000e+04 4.175994038581848367e-01 4.277842462062835804e-01 4.437905013561248557e-01 4.352435469627380371e-01
9.310000000000000000e+04 4.173406517505645619e-01 4.277173086007436398e-01 4.444367101788520569e-01 4.375315507253010328e-01
9.320000000000000000e+04 4.168799352645873868e-01 4.274791101614634492e-01 4.450105619430541615e-01 4.392717142899831284e-01
9.330000000000000000e+04 4.164432513713836603e-01 4.270054280757903942e-01 4.449682950973510853e-01 4.409923121333123031e-01
9.340000000000000000e+04 4.160606408119201793e-01 4.269566814104716057e-01 4.447575171788533677e-01 4.421240290006002160e-01
9.350000000000000000e+04 4.162865400314330611e-01 4.274328549702962055e-01 4.453874935706456650e-01 4.431877980629602698e-01
9.360000000000000000e+04 4.174860548973083341e-01 4.284266304969787109e-01 4.462660408020019953e-01 4.439861238002776878e-01
9.370000000000000000e+04 4.184524536132812611e-01 4.299955193201700498e-01 4.472530492146810088e-01 4.447291488448779084e-01
9.380000000000000000e+04 4.191468834877014049e-01 4.308073095480601244e-01 4.482746116320291963e-01 4.453862180312474495e-01
9.390000000000000000e+04 4.194865739345550737e-01 4.308620011806488237e-01 4.489449906349182173e-01 4.460159376263618247e-01
9.400000000000000000e+04 4.195222020149230735e-01 4.311845084031423192e-01 4.494951446851094823e-01 4.467499653498331891e-01
9.410000000000000000e+04 4.196291649341583052e-01 4.317480496565500592e-01 4.499634268879890708e-01 4.475309317310651180e-01
9.420000000000000000e+04 4.197807121276855291e-01 4.313876211643219438e-01 4.504016643762588368e-01 4.485218256711960283e-01
9.430000000000000000e+04 4.184859585762024103e-01 4.302792171637216945e-01 4.507739883661270319e-01 4.496410086750984303e-01
9.440000000000000000e+04 4.165484046936034912e-01 4.289450593789418953e-01 4.511204397678375555e-01 4.504497071107228523e-01
9.450000000000000000e+04 4.151762723922728937e-01 4.274467170238495650e-01 4.504667222499847412e-01 4.510061368346214294e-01
9.460000000000000000e+04 4.139737665653228094e-01 4.264579772949219083e-01 4.493938863277435747e-01 4.517499943574270205e-01
9.470000000000000000e+04 4.134949421882629372e-01 4.258015871047973744e-01 4.490607004364331467e-01 4.526946673790613884e-01
9.480000000000000000e+04 4.131476962566376088e-01 4.261185932159423650e-01 4.490578436851501709e-01 4.533312916755676270e-01
9.490000000000000000e+04 4.141965150833129550e-01 4.270034138361613052e-01 4.493572646379470625e-01 4.535315136114756451e-01
9.500000000000000000e+04 4.153616726398468018e-01 4.280515114466349469e-01 4.498003423213958740e-01 4.537197699149449481e-01
9.510000000000000000e+04 4.170584619045257790e-01 4.291845130920409757e-01 4.504789823293685602e-01 4.538852915167808644e-01
9.520000000000000000e+04 4.189032411575318582e-01 4.314473541577655835e-01 4.512765932083129816e-01 4.539675176143646018e-01
9.530000000000000000e+04 4.225239002704619939e-01 4.342316595713296978e-01 4.525446473558744076e-01 4.538310930132866128e-01
9.540000000000000000e+04 4.258057928085326460e-01 4.366802060604095814e-01 4.540648978948592651e-01 4.538756191730499712e-01
9.550000000000000000e+04 4.272244691848754439e-01 4.389919618765513731e-01 4.558779815832773585e-01 4.546137899160385132e-01
9.560000000000000000e+04 4.286140632629394376e-01 4.400491050879160593e-01 4.578575177987416756e-01 4.553649703661600823e-01
9.570000000000000000e+04 4.299067163467407693e-01 4.406581723690032870e-01 4.590778899192810014e-01 4.561974614858627652e-01
9.580000000000000000e+04 4.309127759933471524e-01 4.411872661113738769e-01 4.598411309719085405e-01 4.570693542559942646e-01
9.590000000000000000e+04 4.312740004062652344e-01 4.416915404796600275e-01 4.605546789367993554e-01 4.584731693069140634e-01
9.600000000000000000e+04 4.314578831195831632e-01 4.420103847980499379e-01 4.612365543842315563e-01 4.598769843578338623e-01
9.610000000000000000e+04 4.313580191135406583e-01 4.422797811031341508e-01 4.617637414733568590e-01 4.602165405948956955e-01
9.620000000000000000e+04 4.316040313243865723e-01 4.422977979977925633e-01 4.621866442759831606e-01 4.605560968319574733e-01
9.630000000000000000e+04 4.322535657882690674e-01 4.422590517997741499e-01 4.623575353622436657e-01 4.616609543561934759e-01
9.640000000000000000e+04 4.338034129142762096e-01 4.449087262153625377e-01 4.623488318920135343e-01 4.628225008646646987e-01
9.650000000000000000e+04 4.361249566078187478e-01 4.480624794960022528e-01 4.637301613887150897e-01 4.632056355476379395e-01
9.660000000000000000e+04 4.369875216484069846e-01 4.491295444965362482e-01 4.661581039428709383e-01 4.634642243385314608e-01
9.670000000000000000e+04 4.369382250308990745e-01 4.498804446061451801e-01 4.676216998696327010e-01 4.636503721276918899e-01
9.680000000000000000e+04 4.357769703865051469e-01 4.482574077447256111e-01 4.683184659481048340e-01 4.638176222642262925e-01
9.690000000000000000e+04 4.341215121746063166e-01 4.463550841808319181e-01 4.682759883999824679e-01 4.647227376699447632e-01
9.700000000000000000e+04 4.337166905403136985e-01 4.462520202000935798e-01 4.676129112641016494e-01 4.659089446067809503e-01
9.710000000000000000e+04 4.336870598793029496e-01 4.463031784693400339e-01 4.672813313206036767e-01 4.671905919909477012e-01
9.720000000000000000e+04 4.347271895408630349e-01 4.469143819808960028e-01 4.672434830665588290e-01 4.685224711894989125e-01
9.730000000000000000e+04 4.359618210792540749e-01 4.475566991170247255e-01 4.676694019635518340e-01 4.691484833757082473e-01
9.740000000000000000e+04 4.370687365531921165e-01 4.488655237356821148e-01 4.685289732615153246e-01 4.692762364943822151e-01
9.750000000000000000e+04 4.381650090217590332e-01 4.501923620700836182e-01 4.693792685866356451e-01 4.695435687899589539e-01
9.760000000000000000e+04 4.394440400600433394e-01 4.513681566715240789e-01 4.702204116185506044e-01 4.699411749839782493e-01
9.770000000000000000e+04 4.406953179836273771e-01 4.525301134586334761e-01 4.709668811162313062e-01 4.702653631567955128e-01
9.780000000000000000e+04 4.416135585308074707e-01 4.531800711154937988e-01 4.716147863864899037e-01 4.704991906881332286e-01
9.790000000000000000e+04 4.425315535068511386e-01 4.538423740863799516e-01 4.723535935084025028e-01 4.709455584486325064e-01
9.800000000000000000e+04 4.434481978416442427e-01 4.547268927097320446e-01 4.731922646363576068e-01 4.717397193113962994e-01
9.810000000000000000e+04 4.442020571231842241e-01 4.555969178676605447e-01 4.739321756362914750e-01 4.724761903285980558e-01
9.820000000000000000e+04 4.444132995605468706e-01 4.562978525956471465e-01 4.745575821399689032e-01 4.730844616889953724e-01
9.830000000000000000e+04 4.448710811138153476e-01 4.570000525315602302e-01 4.750453056891759118e-01 4.736331731081008800e-01
9.840000000000000000e+04 4.458835756778716797e-01 4.577130067348479936e-01 4.753645217418670521e-01 4.739946961402893288e-01
9.850000000000000000e+04 4.471524119377135453e-01 4.585431635379790816e-01 4.759788885712623596e-01 4.743926177422205792e-01
9.860000000000000000e+04 4.488313949108123091e-01 4.601468575000763339e-01 4.769746810197830200e-01 4.749652524789174102e-01
9.870000000000000000e+04 4.506059575080871293e-01 4.617783534526825329e-01 4.780680871009826971e-01 4.755131483078002819e-01
9.880000000000000000e+04 4.524920296669006636e-01 4.635581266880035023e-01 4.792947435379028009e-01 4.758466402689615626e-01
9.890000000000000000e+04 4.546642315387726674e-01 4.654055388768512658e-01 4.804239704211552553e-01 4.761804158488909255e-01
9.900000000000000000e+04 4.570816874504090577e-01 4.675524950027465376e-01 4.814126431941986306e-01 4.765221327543258667e-01
9.910000000000000000e+04 4.597997510433198265e-01 4.698730071385701645e-01 4.830002993345260953e-01 4.768638496597608079e-01
9.920000000000000000e+04 4.627056944370269154e-01 4.728443543116252479e-01 4.855016589164732888e-01 4.776726583639780421e-01
9.930000000000000000e+04 4.653737902641296165e-01 4.756693887710571889e-01 4.880190545320509665e-01 4.784981489181518999e-01
9.940000000000000000e+04 4.679361760616302379e-01 4.780229711532592574e-01 4.905623328685760343e-01 4.791683316230774259e-01
9.950000000000000000e+04 4.692625999450683594e-01 4.799240708351135143e-01 4.927394519249598259e-01 4.798205941915512085e-01
9.960000000000000000e+04 4.702182352542877419e-01 4.805582189559936546e-01 4.942907714843749467e-01 4.812593758106231689e-01
9.970000000000000000e+04 4.706008183956146285e-01 4.810375022888183638e-01 4.955504110455512534e-01 4.828620155652364465e-01
9.980000000000000000e+04 4.708792102336883389e-01 4.811366629600524747e-01 4.962817245721816706e-01 4.846651643514633401e-01
9.990000000000000000e+04 4.696310746669769554e-01 4.808351278305053045e-01 4.967923510074615523e-01 4.865321114659308943e-01
1.000000000000000000e+05 4.682557284832000732e-01 4.796654184659321918e-01 4.968789120515187396e-01 4.881776869297027588e-01
1.001000000000000000e+05 4.680729854106903121e-01 4.789613020420074307e-01 4.967788790663083542e-01 4.897236451506615240e-01
1.002000000000000000e+05 4.679812288284302402e-01 4.791525566577911621e-01 4.962980419397354237e-01 4.909962058067321999e-01
1.003000000000000000e+05 4.689813101291656627e-01 4.794116365909576460e-01 4.961549671490987357e-01 4.921016901731490867e-01
1.004000000000000000e+05 4.699287700653075883e-01 4.797869884967803644e-01 4.967449084917704427e-01 4.925606310367584006e-01
1.005000000000000000e+05 4.705868124961852805e-01 4.804428279399871049e-01 4.972775936126709317e-01 4.924942553043365479e-01
1.006000000000000000e+05 4.714578902721404674e-01 4.815287482738494496e-01 4.976779532432556441e-01 4.927466313044230328e-01
1.007000000000000000e+05 4.730390858650208030e-01 4.826789971192677609e-01 4.982852494716644154e-01 4.933405270179112567e-01
1.008000000000000000e+05 4.744621050357819003e-01 4.839176976680755748e-01 4.994026684761047608e-01 4.937949538230895774e-01
1.009000000000000000e+05 4.755292272567748779e-01 4.849009100596110011e-01 5.005121207237244185e-01 4.940517996748288732e-01
1.010000000000000000e+05 4.767295539379118874e-01 4.855685194333393961e-01 5.016005873680114968e-01 4.946340074141820642e-01
1.011000000000000000e+05 4.781430077552795144e-01 4.867771768569945645e-01 5.026586949825286865e-01 4.958344027400016785e-01
1.012000000000000000e+05 4.798250401020049960e-01 4.885869987805684378e-01 5.036311745643615723e-01 4.969527820746103552e-01
1.013000000000000000e+05 4.818204140663147061e-01 4.898450950781504387e-01 5.048270803689957065e-01 4.978558694322903211e-01
1.014000000000000000e+05 4.819670641422271196e-01 4.905514657497406228e-01 5.066993033885955899e-01 4.987411320209502730e-01
1.015000000000000000e+05 4.805290937423705167e-01 4.907773355642954249e-01 5.082037985324859841e-01 4.995580663283665790e-01
1.016000000000000000e+05 4.807201039791107466e-01 4.905707546075185332e-01 5.085105514526366832e-01 5.004520853360493460e-01
1.017000000000000000e+05 4.819292271137237127e-01 4.916741919517516601e-01 5.088185238838195401e-01 5.018278837203979936e-01
1.018000000000000000e+05 4.842027258872985129e-01 4.938381203015645426e-01 5.091307830810546387e-01 5.032046874364217715e-01
1.019000000000000000e+05 4.869492805004120295e-01 4.962659001350402388e-01 5.099476057291030262e-01 5.045950631300608613e-01
1.020000000000000000e+05 4.896515369415282426e-01 4.988855719566343550e-01 5.126850247383117898e-01 5.059854388236999512e-01
1.021000000000000000e+05 4.923405039310453368e-01 5.015303953488666755e-01 5.154054119189580563e-01 5.065192391475041855e-01
1.022000000000000000e+05 4.945193219184874089e-01 5.041916219393411946e-01 5.180553225676217677e-01 5.070530394713083089e-01
1.023000000000000000e+05 4.966053855419158003e-01 5.062778782844543635e-01 5.205174893140792625e-01 5.081920534372329490e-01
1.024000000000000000e+05 4.974233007431030362e-01 5.080287353197734390e-01 5.221313317616780303e-01 5.093758980433146233e-01
1.025000000000000000e+05 4.981355369091033936e-01 5.076186060905456543e-01 5.235328872998555871e-01 5.113019198179244995e-01
1.026000000000000000e+05 4.961321043968200395e-01 5.060847640037536843e-01 5.238814997673034712e-01 5.133466899394988348e-01
1.027000000000000000e+05 4.942242515087127419e-01 5.050207559267679835e-01 5.239372728268306689e-01 5.150318940480549390e-01
1.028000000000000000e+05 4.934633541107177890e-01 5.041735943158467403e-01 5.223887952168783100e-01 5.166232983271280554e-01
1.029000000000000000e+05 4.928917038440703835e-01 5.040504789352416859e-01 5.211347961425781827e-01 5.182673782110214233e-01
1.030000000000000000e+05 4.933609127998351829e-01 5.042223453521728072e-01 5.216757138570149444e-01 5.199315249919890247e-01
1.031000000000000000e+05 4.935416376590728849e-01 5.043478377660115530e-01 5.221485275030136597e-01 5.200350840886434067e-01
1.032000000000000000e+05 4.927607488632201882e-01 5.044567680358886808e-01 5.221553659439086559e-01 5.193172812461852583e-01
1.033000000000000000e+05 4.913397157192229692e-01 5.029074803988139442e-01 5.219802093505859775e-01 5.185071180264154700e-01
1.034000000000000000e+05 4.884783577919007413e-01 5.008435734113056981e-01 5.203919148445129705e-01 5.176317592461904260e-01
1.035000000000000000e+05 4.853764176368715599e-01 4.978922247886656827e-01 5.187455445528031950e-01 5.173502713441848755e-01
1.036000000000000000e+05 4.818895459175110974e-01 4.947042250633237881e-01 5.165803639094035393e-01 5.176230629285176743e-01
1.037000000000000000e+05 4.789528632164001820e-01 4.921105460325876368e-01 5.143892306089401512e-01 5.175568143526713127e-01
1.038000000000000000e+05 4.766580677032470348e-01 4.896510684490204546e-01 5.119265925884246560e-01 5.170732855796814631e-01
1.039000000000000000e+05 4.749186503887176114e-01 4.876401102542877175e-01 5.095033591985701493e-01 5.162054250637690966e-01
1.040000000000000000e+05 4.736552715301513006e-01 4.857132494449615256e-01 5.075744748115539329e-01 5.147086580594381067e-01
1.041000000000000000e+05 4.739388477802277122e-01 4.863062655925750599e-01 5.058090335130691617e-01 5.129699558019638062e-01
1.042000000000000000e+05 4.751892709732055686e-01 4.872810812791187884e-01 5.065860402584075883e-01 5.106936196486155932e-01
1.043000000000000000e+05 4.765268552303313920e-01 4.882550323009490767e-01 5.073570430278778742e-01 5.085436771313349702e-01
1.044000000000000000e+05 4.779031777381896884e-01 4.892288815975189276e-01 5.080062508583068626e-01 5.067909717559814231e-01
1.045000000000000000e+05 4.792891323566436101e-01 4.905315518379211315e-01 5.086899936199187344e-01 5.052795658508936194e-01
1.046000000000000000e+05 4.806779766082762695e-01 4.918624067306519021e-01 5.103683423995971635e-01 5.049263974030812063e-01
1.047000000000000000e+05 4.817834484577178111e-01 4.926884198188781760e-01 5.120293164253235663e-01 5.046781331300734807e-01
1.048000000000000000e+05 4.828373980522155384e-01 4.934863861401875273e-01 5.128447190920512044e-01 5.053390383720397505e-01
1.049000000000000000e+05 4.841509997844695712e-01 4.947207514444986742e-01 5.136626029014587091e-01 5.060141642888387192e-01
1.050000000000000000e+05 4.854862391948699951e-01 4.959669113159179688e-01 5.148476958274841309e-01 5.070874691009521484e-01
1.051000000000000000e+05 4.867618918418884499e-01 4.961135458946228094e-01 5.160327887535095526e-01 5.081607739130655776e-01
1.052000000000000000e+05 4.879845082759857178e-01 4.962563212712605698e-01 5.170923225084940178e-01 5.087495883305866995e-01
1.053000000000000000e+05 4.885706901550292969e-01 4.962563061714172497e-01 5.181510078907012318e-01 5.093210995197295921e-01
1.054000000000000000e+05 4.890269315242767312e-01 4.962453842163085938e-01 5.184913492202758434e-01 5.104818662007649666e-01
1.055000000000000000e+05 4.887685000896453968e-01 4.960381388664245605e-01 5.188169300556182417e-01 5.117106239000955847e-01
1.056000000000000000e+05 4.886705327033996626e-01 4.958118426799774103e-01 5.188589262962340909e-01 5.127772808074950728e-01
1.057000000000000000e+05 4.891074454784393177e-01 4.953632867336273393e-01 5.188910758495330899e-01 5.138101667165756448e-01
1.058000000000000000e+05 4.895239257812499800e-01 4.949438941478729315e-01 5.187687317530313980e-01 5.146722773710886711e-01
1.059000000000000000e+05 4.898944330215453946e-01 4.947723901271819935e-01 5.186387717723845991e-01 5.154800504446029885e-01
1.060000000000000000e+05 4.899155378341675249e-01 4.945564230283101548e-01 5.187708059946696260e-01 5.158259272575378418e-01
1.061000000000000000e+05 4.893775987625122448e-01 4.940469996134440045e-01 5.189196827014287416e-01 5.159639507532119973e-01
1.062000000000000000e+05 4.891552805900573619e-01 4.936886572837829723e-01 5.189380216598510343e-01 5.161166369915008989e-01
1.063000000000000000e+05 4.893011868000030629e-01 4.941360807418823109e-01 5.189459554354349802e-01 5.162782837947209602e-01
1.064000000000000000e+05 4.900843405723572244e-01 4.948810048898060199e-01 5.192119646072387296e-01 5.163995265960693581e-01
1.065000000000000000e+05 4.914137065410614791e-01 4.969434320926665594e-01 5.195026427507400957e-01 5.164879411458969116e-01
1.066000000000000000e+05 4.933352279663086870e-01 4.990821627775828273e-01 5.214077377319337181e-01 5.168784042199452422e-01
1.067000000000000000e+05 4.956268465518950950e-01 5.015070315202078133e-01 5.234935510158539307e-01 5.175924907128015562e-01
1.068000000000000000e+05 4.982468318939208274e-01 5.039532256126404430e-01 5.258310294151304909e-01 5.179865360260009766e-01
1.069000000000000000e+05 5.010127580165862904e-01 5.064681347211201778e-01 5.282009192307788314e-01 5.179271896680196496e-01
1.070000000000000000e+05 5.028325796127318670e-01 5.088659485181171727e-01 5.307048598925271365e-01 5.183501839637757458e-01
1.071000000000000000e+05 5.043685698509214888e-01 5.109358954429625843e-01 5.332283926010131792e-01 5.196896255016326682e-01
1.072000000000000000e+05 5.065764451026915083e-01 5.129123727480571215e-01 5.349859340985616551e-01 5.211369752883910911e-01
1.073000000000000000e+05 5.089064812660216708e-01 5.146594246228536340e-01 5.366178051630656753e-01 5.228675842285155362e-01
1.074000000000000000e+05 5.097727322578430309e-01 5.161141371726990501e-01 5.381016254425049494e-01 5.246683597564695267e-01
1.075000000000000000e+05 5.105170011520385742e-01 5.169354478518167761e-01 5.395584205786386756e-01 5.267381072044371448e-01
1.076000000000000000e+05 5.106304717063904208e-01 5.175972509384154652e-01 5.403259579340616847e-01 5.287678599357604758e-01
1.077000000000000000e+05 5.107334494590759499e-01 5.179523086547851429e-01 5.409545320272445279e-01 5.305476456880570124e-01
1.078000000000000000e+05 5.107105135917663352e-01 5.182276137669881155e-01 5.415417055288950232e-01 5.322940866152446882e-01
1.079000000000000000e+05 5.105797839164734064e-01 5.183662001291911015e-01 5.421197166045506055e-01 5.335903724034627427e-01
1.080000000000000000e+05 5.098561882972717507e-01 5.182674765586853249e-01 5.419037938117980957e-01 5.348866581916809082e-01
1.081000000000000000e+05 5.092570328712463512e-01 5.178048777580260831e-01 5.414960036675134925e-01 5.357347925504047925e-01
1.082000000000000000e+05 5.090726780891418057e-01 5.178526473045349521e-01 5.408299255371094016e-01 5.365829269091287879e-01
1.083000000000000000e+05 5.095481324195861861e-01 5.186021733283996404e-01 5.400959920883179333e-01 5.369930028915405051e-01
1.084000000000000000e+05 5.115081572532652610e-01 5.199975363413493756e-01 5.406425340970356652e-01 5.373706301053364776e-01
1.085000000000000000e+05 5.136331558227538174e-01 5.221906979878743194e-01 5.415533492962519846e-01 5.372259467840194702e-01
1.086000000000000000e+05 5.160221123695373224e-01 5.248750686645506924e-01 5.430333983898162353e-01 5.369976937770842840e-01
1.087000000000000000e+05 5.183094453811645241e-01 5.281052271525065178e-01 5.446882122755050126e-01 5.368547340234121057e-01
1.088000000000000000e+05 5.204782176017761497e-01 5.306322312355040705e-01 5.467047834396362438e-01 5.367340246836344031e-01
1.089000000000000000e+05 5.223294925689697665e-01 5.324560809135435724e-01 5.488408637046814365e-01 5.369945198297501054e-01
1.090000000000000000e+05 5.239086270332337092e-01 5.339073459307351888e-01 5.506035725275675308e-01 5.374002357323963697e-01
1.091000000000000000e+05 5.250918149948120561e-01 5.350232847531636304e-01 5.522339042027790690e-01 5.385609626770019309e-01
1.092000000000000000e+05 5.260275363922118919e-01 5.359705448150634544e-01 5.532144331932067338e-01 5.401190638542174849e-01
1.093000000000000000e+05 5.260145282745360973e-01 5.367812554041544448e-01 5.539482778310775846e-01 5.417262415091196326e-01
1.094000000000000000e+05 5.255798625946045410e-01 5.366015307108561450e-01 5.538212823867797452e-01 5.433680613835651929e-01
1.095000000000000000e+05 5.244254589080811213e-01 5.357014894485474521e-01 5.533450782299041970e-01 5.447200983762741089e-01
1.096000000000000000e+05 5.230551338195802424e-01 5.342875226338705819e-01 5.527153070767720777e-01 5.458016713460286384e-01
1.097000000000000000e+05 5.218088054656982999e-01 5.325383869806925574e-01 5.520190886656443086e-01 5.463702221711476126e-01
1.098000000000000000e+05 5.205850219726563255e-01 5.308797931671143111e-01 5.509351491928100586e-01 5.463073611259460227e-01
1.099000000000000000e+05 5.193245315551757724e-01 5.292740154266356578e-01 5.496725539366403845e-01 5.462757637103398123e-01
1.100000000000000000e+05 5.180609822273254395e-01 5.276427865028381348e-01 5.479428172111510120e-01 5.462953249613443640e-01
1.101000000000000000e+05 5.171677851676940163e-01 5.259983229637146263e-01 5.459841811656951371e-01 5.459531545639038086e-01
1.102000000000000000e+05 5.162271928787230957e-01 5.248362151781718055e-01 5.448308789730071933e-01 5.448071360588073730e-01
1.103000000000000000e+05 5.147178578376769842e-01 5.238967331250509174e-01 5.440966790914536499e-01 5.436928828557332505e-01
1.104000000000000000e+05 5.131200170516968528e-01 5.224686384201049361e-01 5.429831266403198908e-01 5.426784634590149370e-01
1.105000000000000000e+05 5.110353946685791682e-01 5.208414793014525257e-01 5.416601399580638354e-01 5.416437834501266479e-01
1.106000000000000000e+05 5.093677449226379217e-01 5.199095296859741477e-01 5.401343119144439431e-01 5.405118525028228538e-01
1.107000000000000000e+05 5.090900039672850985e-01 5.192258691787720037e-01 5.384898000955581354e-01 5.394117057323456477e-01
1.108000000000000000e+05 5.090440917015075506e-01 5.196665628751119259e-01 5.377624249458312633e-01 5.385870218276977983e-01
1.109000000000000000e+05 5.095197939872742054e-01 5.204561940828958955e-01 5.376032757759093839e-01 5.377526263395945305e-01
1.110000000000000000e+05 5.105364680290220836e-01 5.218327403068543369e-01 5.380621254444122314e-01 5.366463065147399902e-01
1.111000000000000000e+05 5.124186968803404740e-01 5.233657972017924376e-01 5.389261076847711163e-01 5.355399866898854500e-01
1.112000000000000000e+05 5.143812632560730291e-01 5.250314728418986610e-01 5.400365273157754498e-01 5.345277945200602732e-01
1.113000000000000000e+05 5.164375567436217951e-01 5.267270946502685680e-01 5.413177728652953657e-01 5.335189640522002286e-01
1.114000000000000000e+05 5.181726980209351296e-01 5.280564037958780377e-01 5.428719095389048510e-01 5.338140169779459487e-01
1.115000000000000000e+05 5.196325659751892534e-01 5.293170293172200225e-01 5.446259548266728645e-01 5.342595179875692102e-01
1.116000000000000000e+05 5.206859588623047319e-01 5.300735116004944292e-01 5.458693408966064364e-01 5.351351737976074441e-01
1.117000000000000000e+05 5.214853048324584739e-01 5.307536085446675767e-01 5.467175740003585860e-01 5.361004451910654778e-01
1.118000000000000000e+05 5.215748524665833052e-01 5.313363766670227140e-01 5.475826040903727376e-01 5.372869769732158129e-01
1.119000000000000000e+05 5.213489341735839666e-01 5.319076943397521573e-01 5.484613585472106756e-01 5.385439097881317139e-01
1.120000000000000000e+05 5.221408009529113770e-01 5.330953478813171831e-01 5.493817567825317605e-01 5.393747488657633093e-01
1.121000000000000000e+05 5.232380032539366566e-01 5.343358302116394398e-01 5.503380727767943625e-01 5.400138457616170395e-01
1.122000000000000000e+05 5.243651819229124822e-01 5.352962470054626332e-01 5.510219943523406716e-01 5.409234344959259477e-01
1.123000000000000000e+05 5.254978108406066495e-01 5.362411046028137118e-01 5.514579671621322454e-01 5.419983237981795821e-01
1.124000000000000000e+05 5.260736846923828036e-01 5.371185660362243208e-01 5.522648978233337669e-01 5.429713288942972227e-01
1.125000000000000000e+05 5.266031622886657715e-01 5.379942059516906738e-01 5.534281432628631592e-01 5.438615530729292713e-01
1.126000000000000000e+05 5.268599200248718084e-01 5.376504127184550397e-01 5.543782174587249534e-01 5.446200013160704678e-01
1.127000000000000000e+05 5.271788644790650347e-01 5.373390905062356282e-01 5.551122397184371504e-01 5.452372610568999578e-01
1.128000000000000000e+05 5.282440495491027566e-01 5.382291960716246715e-01 5.555715179443359020e-01 5.458984017372131570e-01
1.129000000000000000e+05 5.290859699249267356e-01 5.390717418988545395e-01 5.557369726896286277e-01 5.466217070817948054e-01
1.130000000000000000e+05 5.286999344825744629e-01 5.390582124392191421e-01 5.558529575665791533e-01 5.473933319250743335e-01
1.131000000000000000e+05 5.282526087760924804e-01 5.389841771125792880e-01 5.559131121635436656e-01 5.482567638158798440e-01
1.132000000000000000e+05 5.276009821891785023e-01 5.382042400042216235e-01 5.558520380655924686e-01 5.489457766215006806e-01
1.133000000000000000e+05 5.271066260337829990e-01 5.374411638577779593e-01 5.556465591986974317e-01 5.491769393285115264e-01
1.134000000000000000e+05 5.269661283493042303e-01 5.368214058876037420e-01 5.553691291809081942e-01 5.495454251766204168e-01
1.135000000000000000e+05 5.269708633422851562e-01 5.364091197649637488e-01 5.550012151400247618e-01 5.504403163989384229e-01
1.136000000000000000e+05 5.272079706192016602e-01 5.373661478360494126e-01 5.548836215337117350e-01 5.511719584465026855e-01
1.137000000000000000e+05 5.274535036087035778e-01 5.383159708976745783e-01 5.550984847545623602e-01 5.508832931518554688e-01
1.138000000000000000e+05 5.277088665962219594e-01 5.392273672421773467e-01 5.554986890157063151e-01 5.505794306596120125e-01
1.139000000000000000e+05 5.280444049835205655e-01 5.399341471989950181e-01 5.561589686075846251e-01 5.500704059998193785e-01
1.140000000000000000e+05 5.284486651420593484e-01 5.397347688674927202e-01 5.565873265266418901e-01 5.495613813400268555e-01
1.141000000000000000e+05 5.283245515823363769e-01 5.394568077723185251e-01 5.566716672976811386e-01 5.496738225221633467e-01
1.142000000000000000e+05 5.278702044486999201e-01 5.388841613133747988e-01 5.565354470411936205e-01 5.497862637042999490e-01
1.143000000000000000e+05 5.279827904701233088e-01 5.385191392898559526e-01 5.560531741380692061e-01 5.504039257764815618e-01
1.144000000000000000e+05 5.283473467826843573e-01 5.388231293360392637e-01 5.556672096252441850e-01 5.510590116182962905e-01
1.145000000000000000e+05 5.292917132377624734e-01 5.394260485966999585e-01 5.554411858320236206e-01 5.507686436176300049e-01
1.146000000000000000e+05 5.304100227355955655e-01 5.408659696578979048e-01 5.557758080959318558e-01 5.503270030021667480e-01
1.147000000000000000e+05 5.322947883605955166e-01 5.424531062444051255e-01 5.570967521270115963e-01 5.500541667143503677e-01
1.148000000000000000e+05 5.343189096450804421e-01 5.444015900293986965e-01 5.586941043535867957e-01 5.498253663380940903e-01
1.149000000000000000e+05 5.362789726257324308e-01 5.460813283920288308e-01 5.608070641756057739e-01 5.503516525030135442e-01
1.150000000000000000e+05 5.382336974143981934e-01 5.471787850062052039e-01 5.626101692517598840e-01 5.511655906836191443e-01
1.151000000000000000e+05 5.375969171524047630e-01 5.476861286163330345e-01 5.637997619311014841e-01 5.519712616999943311e-01
1.152000000000000000e+05 5.371134662628174183e-01 5.470586395263671298e-01 5.646553683280944869e-01 5.527725815773010254e-01
1.153000000000000000e+05 5.384699678421019930e-01 5.479178444544475779e-01 5.648082119226455200e-01 5.541700641314188935e-01
1.154000000000000000e+05 5.402499103546140047e-01 5.513256676991782346e-01 5.656371684869130334e-01 5.559883673985798191e-01
1.155000000000000000e+05 5.443587779998778631e-01 5.543752670288087936e-01 5.679800301790236539e-01 5.572867244482040405e-01
1.156000000000000000e+05 5.477910351753234597e-01 5.568755896886190548e-01 5.703665757179259277e-01 5.580997983614603974e-01
1.157000000000000000e+05 5.489679241180419611e-01 5.581613890329997218e-01 5.728573668003081876e-01 5.585345983505248801e-01
1.158000000000000000e+05 5.495550322532654075e-01 5.577772188186644886e-01 5.746822381019591752e-01 5.585038304328918679e-01
1.159000000000000000e+05 5.488151335716248136e-01 5.576117682456970259e-01 5.748105994860330803e-01 5.592945496241250591e-01
1.160000000000000000e+05 5.488641381263732466e-01 5.577165007591247115e-01 5.748761216799418428e-01 5.614295204480489465e-01
1.161000000000000000e+05 5.501753878593443892e-01 5.582011485099792614e-01 5.747704070806503029e-01 5.632710129022598933e-01
1.162000000000000000e+05 5.509804797172546120e-01 5.591079243024190681e-01 5.747281193733215776e-01 5.644603312015533669e-01
1.163000000000000000e+05 5.511950540542602806e-01 5.576902453104656265e-01 5.748711049556731734e-01 5.652716507514318200e-01
1.164000000000000000e+05 5.475468564033505459e-01 5.539481115341189366e-01 5.740407133102419790e-01 5.648949742317199707e-01
1.165000000000000000e+05 5.405877113342281159e-01 5.481399377187099464e-01 5.701549986998241115e-01 5.643190294504165649e-01
1.166000000000000000e+05 5.344344401359556462e-01 5.404723278681441423e-01 5.653115193049111920e-01 5.627865970134735552e-01
1.167000000000000000e+05 5.287848401069642490e-01 5.332906103134157361e-01 5.572285413742061877e-01 5.613003373146057129e-01
1.168000000000000000e+05 5.202665853500367810e-01 5.265022341410319218e-01 5.493773190180456512e-01 5.602142413457235071e-01
1.169000000000000000e+05 5.104733729362487260e-01 5.149462429682415410e-01 5.423734529813128979e-01 5.589727371931073607e-01
1.170000000000000000e+05 4.932453393936163111e-01 4.999228954315194096e-01 5.338445663452150436e-01 5.533798038959503174e-01
1.171000000000000000e+05 4.737868595123306825e-01 4.794950858751947376e-01 5.192664313316353031e-01 5.477868705987932740e-01
1.172000000000000000e+05 4.499703061580674901e-01 4.555426271756498058e-01 5.033239988485989080e-01 5.399603803952535142e-01
1.173000000000000000e+05 4.253613758087169683e-01 4.215810036659243254e-01 4.814858523011217306e-01 5.320541203022000065e-01
1.174000000000000000e+05 3.577043640613572495e-01 3.817807006835929329e-01 4.578306013345721515e-01 5.232108990351358457e-01
1.175000000000000000e+05 2.864600121974945068e-01 3.413151999314625873e-01 4.255790486931793071e-01 5.142595668633781480e-01
1.176000000000000000e+05 2.522073167562476903e-01 3.005037963390368994e-01 3.926103115081769901e-01 5.003748059272765669e-01
1.177000000000000000e+05 2.201303189992902254e-01 2.716273089249938710e-01 3.559062381585436086e-01 4.854622473319366027e-01
1.178000000000000000e+05 2.141616934537888262e-01 2.482592443625135925e-01 3.218031020959223887e-01 4.651809771855667797e-01
1.179000000000000000e+05 2.107696515321725861e-01 2.429144120216369940e-01 3.027144676446927862e-01 4.431914806365969683e-01
1.180000000000000000e+05 2.215488195419308415e-01 2.449123779932658729e-01 2.857817192872368350e-01 4.138681987921397076e-01
1.181000000000000000e+05 2.293412172794342119e-01 2.445828819274902255e-01 2.827544362346333107e-01 3.812447135647126228e-01
1.182000000000000000e+05 2.271777141094207253e-01 2.434221494197845725e-01 2.796986681222916604e-01 3.571481764316553065e-01
1.183000000000000000e+05 2.255902588367462158e-01 2.442307019233703191e-01 2.764355920751889184e-01 3.382625520229340377e-01
1.184000000000000000e+05 2.252989113330841064e-01 2.456504118442535411e-01 2.734925484657287353e-01 3.200566748778032045e-01
1.185000000000000000e+05 2.241297125816346658e-01 2.435360908508300004e-01 2.732097744941711648e-01 3.024030923843396557e-01
1.186000000000000000e+05 2.215559518337250622e-01 2.404793616135913470e-01 2.726721284786861044e-01 2.936887303988138243e-01
1.187000000000000000e+05 2.193056941032409946e-01 2.390275088946024196e-01 2.696767877538999159e-01 2.945521046717961555e-01
1.188000000000000000e+05 2.174328565597533902e-01 2.379380476474762252e-01 2.667458283901213978e-01 2.946515083312988281e-01
1.189000000000000000e+05 2.171582198143005848e-01 2.372117519378662276e-01 2.645498895645141957e-01 2.936686202883719843e-01
1.190000000000000000e+05 2.182534694671631470e-01 2.365535497665405273e-01 2.625382254521052006e-01 2.920188556114831080e-01
1.191000000000000000e+05 2.167527127265929110e-01 2.354668599367141790e-01 2.630879798531532421e-01 2.891020253300666254e-01
1.192000000000000000e+05 2.136294519901276168e-01 2.343152477343877771e-01 2.634305318196614176e-01 2.867855131626129150e-01
1.193000000000000000e+05 2.039816695451738549e-01 2.239985340833668959e-01 2.601211408774058986e-01 2.860448360443115789e-01
1.194000000000000000e+05 1.914340996742247836e-01 2.126035732030870373e-01 2.565352115035062774e-01 2.850212812423707498e-01
1.195000000000000000e+05 1.813378781080248747e-01 2.029404471317926006e-01 2.463584495087467185e-01 2.829133619864782623e-01
1.196000000000000000e+05 1.719770610332496674e-01 1.934257640441255366e-01 2.362362297375996401e-01 2.811613043149312485e-01
1.197000000000000000e+05 1.682180547714235419e-01 1.902254945039749401e-01 2.280911655724051079e-01 2.816333815455436818e-01
1.198000000000000000e+05 1.654775595664979282e-01 1.873760257164638621e-01 2.201192359129584553e-01 2.816545168558752255e-01
1.199000000000000000e+05 1.723516678810117775e-01 1.928472705682117150e-01 2.248726924260455728e-01 2.755879362424212831e-01
