9.000000000000000000e+04 2.187328226864337921e-02 2.398595213890075684e-02 2.425358816981315613e-02 2.533438801765441895e-02 2.873220108449459076e-02
9.010000000000000000e+04 2.266452202573420241e-02 2.322149481624365477e-02 2.539606221641101808e-02 2.622263878583908081e-02 2.644028217842181103e-02
9.020000000000000000e+04 2.022064466029397170e-02 2.284383364021772694e-02 2.283308058977132765e-02 2.398250810801982880e-02 2.778833645085491272e-02
9.030000000000000000e+04 2.022737458348289677e-02 2.045998936519025785e-02 2.308423873037081589e-02 2.450312394648790359e-02 2.479813776910313322e-02
9.040000000000000000e+04 2.683398962020921638e-02 2.413020655512834040e-02 3.015901918212537253e-02 3.123488835990428925e-02 2.568968601524821219e-02
9.050000000000000000e+04 3.139028977602711240e-02 3.099399339407701501e-02 3.392798608789841103e-02 3.454031608998775482e-02 3.315265694012270448e-02
9.060000000000000000e+04 2.766756996512444514e-02 3.071709871292092192e-02 2.997334133833615480e-02 3.063671849668025970e-02 3.602810934185979308e-02
9.070000000000000000e+04 2.356617093086251988e-02 2.580645270645594291e-02 2.634673758099471963e-02 2.738853450864553452e-02 3.099386200308786032e-02
9.080000000000000000e+04 2.429953292012212301e-02 2.475526221096520721e-02 2.689750604331497819e-02 2.786654233932495117e-02 2.804988063871867443e-02
9.090000000000000000e+04 2.570574639365076977e-02 2.596183661371478588e-02 2.845403589308264161e-02 2.942909672856330872e-02 2.909378636628391288e-02
9.100000000000000000e+04 2.709104288369418995e-02 2.739193663001060486e-02 2.995359649260838711e-02 3.093821741640567780e-02 3.071058169007311045e-02
9.110000000000000000e+04 2.831176998093727984e-02 2.874340023845426209e-02 3.124783678601183654e-02 3.225448541343212128e-02 3.221791254977384583e-02
9.120000000000000000e+04 2.955786056816583907e-02 2.996921390295021262e-02 3.258644118905063697e-02 3.366050496697425842e-02 3.361196205019956196e-02
9.130000000000000000e+04 3.073508497327572322e-02 3.124005189165467503e-02 3.380927201360459100e-02 3.486775606870651245e-02 3.502769201993940346e-02
9.140000000000000000e+04 3.164949189871543722e-02 3.226298466324802050e-02 3.483427676061783690e-02 3.594643250107765198e-02 3.629888355731966665e-02
9.150000000000000000e+04 3.245215248316522111e-02 3.316387161612507906e-02 3.571354039013388548e-02 3.682517819106578827e-02 3.734049238264557785e-02
9.160000000000000000e+04 3.318530112504956830e-02 3.394854143261907126e-02 3.650495186448101531e-02 3.765169903635978699e-02 3.824317837754885596e-02
9.170000000000000000e+04 3.387284636497496504e-02 3.468385748565195464e-02 3.723212660600744989e-02 3.840116783976554871e-02 3.906249485909938507e-02
9.180000000000000000e+04 3.458255544304847384e-02 3.537451215088366352e-02 3.795853406190874413e-02 3.910816460847854614e-02 3.985449269413950113e-02
9.190000000000000000e+04 3.527568571269513314e-02 3.606749009341000956e-02 3.874036129564047831e-02 3.998535685241222382e-02 4.057913221418855965e-02
9.200000000000000000e+04 3.667562007904059257e-02 3.707450628280639648e-02 4.025884220997492241e-02 4.143508523702621460e-02 4.142324278752010369e-02
9.210000000000000000e+04 3.962816100567594091e-02 3.934535812586548165e-02 4.325858429074282835e-02 4.446974769234657288e-02 4.319708906114089891e-02
9.220000000000000000e+04 4.201953455805789578e-02 4.222248680889609251e-02 4.571380789081250923e-02 4.698882997035980225e-02 4.636021986603735406e-02
9.230000000000000000e+04 4.305604986846448684e-02 4.390628580003979459e-02 4.673904708276190034e-02 4.788147099316120148e-02 4.871045621732877917e-02
9.240000000000000000e+04 4.299765169620516081e-02 4.436090290546416265e-02 4.669511318206788497e-02 4.790602996945381165e-02 4.946699157357215687e-02
9.250000000000000000e+04 4.254492837935688193e-02 4.404300637543200059e-02 4.628300853073594179e-02 4.746766947209835052e-02 4.930283067127066987e-02
9.260000000000000000e+04 4.198439873754979124e-02 4.352167658507821724e-02 4.568041202922661081e-02 4.691668972373008728e-02 4.883753369251889187e-02
9.270000000000000000e+04 4.200326055288314958e-02 4.324684906750916880e-02 4.570916984230280478e-02 4.695696383714675903e-02 4.835527040064335064e-02
9.280000000000000000e+04 4.212359711527824402e-02 4.335492104291916587e-02 4.587957908709845711e-02 4.708434268832206726e-02 4.840627928574879613e-02
9.290000000000000000e+04 4.263445712625980877e-02 4.368610903620722546e-02 4.630737832436959689e-02 4.755054973065853119e-02 4.864035087327163442e-02
9.300000000000000000e+04 4.278540425002574227e-02 4.399781860411168533e-02 4.645768553018569946e-02 4.768101498484611511e-02 4.909344390034676292e-02
9.310000000000000000e+04 4.255085982382295073e-02 4.396217223256828482e-02 4.622224799046914523e-02 4.746093228459358215e-02 4.917310868700345422e-02
9.320000000000000000e+04 4.213297128677370718e-02 4.360664635896685515e-02 4.581688567996026334e-02 4.703100398182868958e-02 4.886837854981421897e-02
9.330000000000000000e+04 4.206670138984917179e-02 4.328991360962390622e-02 4.577161036431787872e-02 4.703286476433277130e-02 4.845107629895210183e-02
9.340000000000000000e+04 4.231650836765766394e-02 4.347802549600599670e-02 4.599961352845032686e-02 4.724311828613281250e-02 4.851834028959273876e-02
9.350000000000000000e+04 4.223307389765978276e-02 4.353705421090126038e-02 4.594746635605892471e-02 4.722577705979347229e-02 4.872249141335487782e-02
9.360000000000000000e+04 4.249208688735961470e-02 4.358549937605857294e-02 4.623661860823634340e-02 4.745369404554367065e-02 4.869392022490501293e-02
9.370000000000000000e+04 4.320199277251959846e-02 4.407725054770706558e-02 4.697714522480967575e-02 4.820481128990650177e-02 4.900165230035779390e-02
9.380000000000000000e+04 4.366471365094184987e-02 4.483684562146662833e-02 4.742250628769397597e-02 4.867830127477645874e-02 4.986720537145935411e-02
9.390000000000000000e+04 4.338517960160968162e-02 4.485075622797012745e-02 4.712726250290869695e-02 4.836864583194255829e-02 5.020538240671157393e-02
9.400000000000000000e+04 4.314200952649116516e-02 4.440417140722274780e-02 4.692233105500539375e-02 4.820855334401130676e-02 4.975830937425294864e-02
9.410000000000000000e+04 4.393261630088093200e-02 4.476972203701735237e-02 4.775787107646464053e-02 4.907076992094516754e-02 4.975501688818135398e-02
9.420000000000000000e+04 4.441670082509517614e-02 4.563933685421943387e-02 4.818432703614235896e-02 4.947765544056892395e-02 5.070573732256889593e-02
9.430000000000000000e+04 4.390118535608054928e-02 4.543573949486016256e-02 4.766032521923384280e-02 4.897719249129295349e-02 5.087602056562898906e-02
9.440000000000000000e+04 4.356305897235871610e-02 4.502494856715201499e-02 4.731379126509032557e-02 4.860783740878105164e-02 5.040682877103487558e-02
9.450000000000000000e+04 4.315931089222431460e-02 4.460754431784151597e-02 4.691802803426980972e-02 4.821981489658355713e-02 5.002205409109590495e-02
9.460000000000000000e+04 4.306851387023925837e-02 4.436201304197311124e-02 4.687977085510889458e-02 4.815796017646789551e-02 4.969712600111961948e-02
9.470000000000000000e+04 4.312524005770683455e-02 4.439347069710493365e-02 4.690895372380813472e-02 4.823612421751022339e-02 4.963711251815160208e-02
9.480000000000000000e+04 4.320916935801506764e-02 4.449420347809791842e-02 4.705203026533127247e-02 4.832762479782104492e-02 4.975305676460265586e-02
9.490000000000000000e+04 4.335145626217127429e-02 4.456756077706814506e-02 4.718674694498380118e-02 4.846752621233463287e-02 4.984622461100419316e-02
9.500000000000000000e+04 4.344999417662621238e-02 4.469971358776092529e-02 4.726351673404375481e-02 4.857741296291351318e-02 4.996413116653760506e-02
9.510000000000000000e+04 4.353447947651147010e-02 4.480002038180827539e-02 4.737846199423074306e-02 4.869285970926284790e-02 5.009352751076221605e-02
9.520000000000000000e+04 4.366134643554687306e-02 4.490336403250693581e-02 4.748983929554621147e-02 4.882554337382316589e-02 5.020266915361086546e-02
9.530000000000000000e+04 4.399445954710243245e-02 4.506517071276900516e-02 4.788016738990939769e-02 4.919164814054965973e-02 5.034172962109247779e-02
9.540000000000000000e+04 4.476328559219836661e-02 4.568495228886600840e-02 4.867389574646945050e-02 4.994789138436317444e-02 5.078944861888883000e-02
9.550000000000000000e+04 4.504315704107283991e-02 4.630573000758885643e-02 4.888082078347601167e-02 5.013595893979072571e-02 5.152634121477603357e-02
9.560000000000000000e+04 4.469929322600364047e-02 4.620959386229515908e-02 4.857430830597875976e-02 4.990187287330627441e-02 5.163543283939359130e-02
9.570000000000000000e+04 4.477522704750300231e-02 4.604459498077630858e-02 4.862447604537011026e-02 4.992104880511760712e-02 5.139034345746040788e-02
9.580000000000000000e+04 4.470386974513529399e-02 4.608590863645076890e-02 4.853261659542718737e-02 4.985528066754341125e-02 5.146168554822603408e-02
9.590000000000000000e+04 4.451466571539641065e-02 4.589679520577192445e-02 4.836472210784752840e-02 4.966578446328639984e-02 5.130633878211181276e-02
9.600000000000000000e+04 4.443850666284560741e-02 4.576775059103965759e-02 4.829700291156768799e-02 4.959592595696449280e-02 5.116214677691459378e-02
9.610000000000000000e+04 4.440905850380660186e-02 4.577806890010834018e-02 4.820955470204354304e-02 4.942810535430908203e-02 5.114715797205766912e-02
9.620000000000000000e+04 4.333482928574089454e-02 4.534460157155988796e-02 4.715253040194515577e-02 4.842847958207130432e-02 5.091557229558625608e-02
9.630000000000000000e+04 4.237118940800428668e-02 4.410313703119752432e-02 4.634334724396466793e-02 4.780708812177181244e-02 4.974738314747805673e-02
9.640000000000000000e+04 4.425787433981897417e-02 4.428557455539709753e-02 4.811096166570964089e-02 4.941911622881889343e-02 4.924786413709322797e-02
9.650000000000000000e+04 4.677577149122957856e-02 4.670926276594410120e-02 5.066550554086766966e-02 5.189183354377746582e-02 5.142161995172504774e-02
9.660000000000000000e+04 4.838955476880078127e-02 4.882142506539829951e-02 5.242385640740393482e-02 5.368422344326972961e-02 5.383898660540578640e-02
9.670000000000000000e+04 4.764836687594640324e-02 4.969400782138109346e-02 5.148802095403264695e-02 5.281818099319934845e-02 5.525532258053620499e-02
9.680000000000000000e+04 4.603379338979714241e-02 4.815641194581976592e-02 5.000701745351154859e-02 5.136416479945182800e-02 5.411346996823948596e-02
9.690000000000000000e+04 4.574116267263890478e-02 4.722634833306070534e-02 4.972957223653792780e-02 5.104080401360988617e-02 5.285506054759023242e-02
9.700000000000000000e+04 4.557386115193367421e-02 4.700115136802196503e-02 4.956859598557154106e-02 5.090250819921493530e-02 5.251855750878652029e-02
9.710000000000000000e+04 4.557001776993274689e-02 4.687867332249880115e-02 4.952673160781462941e-02 5.092580616474151611e-02 5.247385169068972260e-02
9.720000000000000000e+04 4.580177098512649286e-02 4.698249325156210465e-02 4.973514378070831299e-02 5.107432603836059570e-02 5.245334073901175564e-02
9.730000000000000000e+04 4.577335223555564769e-02 4.711678531020879745e-02 4.973018461217482838e-02 5.104862153530120850e-02 5.259696009258429256e-02
9.740000000000000000e+04 4.584414854645729037e-02 4.711094088852404993e-02 4.979164600372314176e-02 5.110820382833480835e-02 5.257123490174610975e-02
9.750000000000000000e+04 4.620087705552580054e-02 4.727490525692699952e-02 5.014218669384722105e-02 5.147113092243671417e-02 5.270210653543472290e-02
9.760000000000000000e+04 4.653732731938363398e-02 4.766340330243109408e-02 5.046121403574944930e-02 5.180336907505989075e-02 5.311887890100482762e-02
9.770000000000000000e+04 4.639818992465731540e-02 4.784120488911867281e-02 5.034398709734279331e-02 5.170734226703643799e-02 5.336221091449260684e-02
9.780000000000000000e+04 4.617597460746765414e-02 4.756821095943451067e-02 5.010059252381324907e-02 5.146446824073791504e-02 5.318518429994581465e-02
9.790000000000000000e+04 4.610481858253479004e-02 4.745080508291721344e-02 5.008112123856942044e-02 5.136617831885814667e-02 5.295801555116971815e-02
9.800000000000000000e+04 4.622044786810873551e-02 4.734899848699569702e-02 5.011208727955818176e-02 5.146697908639907837e-02 5.287938813368479180e-02
9.810000000000000000e+04 4.684121143072842580e-02 4.773626923561096608e-02 5.076154619455336414e-02 5.213587358593940735e-02 5.313579939305783373e-02
9.820000000000000000e+04 4.739381909370422169e-02 4.842696450650692958e-02 5.128738979498546208e-02 5.265683308243751526e-02 5.382325664162637691e-02
9.830000000000000000e+04 4.662471778690813889e-02 4.842110946774481200e-02 5.058816236754262730e-02 5.202734842896461487e-02 5.409686649839082900e-02
9.840000000000000000e+04 4.683887258172037688e-02 4.791318625211717086e-02 5.077661946415899102e-02 5.216846615076065063e-02 5.344190716743468794e-02
9.850000000000000000e+04 4.701832253485918600e-02 4.828466381877662139e-02 5.100219758848349716e-02 5.235516093671321869e-02 5.375533128778139241e-02
9.860000000000000000e+04 4.740126572549352435e-02 4.843910895287992235e-02 5.147087996204701560e-02 5.277755111455917358e-02 5.392433643341064398e-02
9.870000000000000000e+04 4.850318580865856793e-02 4.931594561785465625e-02 5.247333236038688453e-02 5.368307605385780334e-02 5.456071287393578217e-02
9.880000000000000000e+04 4.895164296030992540e-02 4.993583932518961405e-02 5.295688435435298019e-02 5.421414226293563843e-02 5.540536557634670456e-02
9.890000000000000000e+04 5.013581141829486637e-02 5.063559878617530929e-02 5.407620190332335097e-02 5.544009618461132050e-02 5.602874435484415244e-02
9.900000000000000000e+04 5.184422954916951404e-02 5.200602859258651733e-02 5.585153214633464813e-02 5.724333599209785461e-02 5.731817707419391283e-02
9.910000000000000000e+04 5.223705448210239077e-02 5.355001818388702844e-02 5.623202969630561321e-02 5.750672519207000732e-02 5.906729755302273649e-02
9.920000000000000000e+04 5.232190832495695054e-02 5.301473513245587299e-02 5.637093335390083032e-02 5.764274671673774719e-02 5.892581015825276713e-02
9.930000000000000000e+04 5.569177541881796534e-02 5.481496844440683636e-02 5.947961136698726170e-02 6.033897027373313904e-02 5.987055666744717924e-02
9.940000000000000000e+04 5.504183962941169850e-02 5.634302310645581541e-02 5.913158307472865527e-02 6.052145734429359436e-02 6.226121748487159491e-02
9.950000000000000000e+04 5.673689823597680149e-02 5.662981141358606335e-02 6.084110122174033602e-02 6.217759288847446442e-02 6.247593735655150582e-02
9.960000000000000000e+04 5.644135281443601881e-02 5.830619707703586785e-02 6.052626445889457141e-02 6.202569231390953064e-02 6.435135990381248006e-02
9.970000000000000000e+04 5.477522760629650878e-02 5.676248297095302930e-02 5.880564774076146861e-02 6.059543229639530182e-02 6.339686701695125548e-02
9.980000000000000000e+04 5.599935770034784877e-02 5.612363852560519478e-02 5.991406962275510478e-02 6.153390184044837952e-02 6.223539610703786307e-02
9.990000000000000000e+04 5.487606871873147718e-02 5.711125377565622746e-02 5.902356021106236472e-02 6.029511615633964539e-02 6.332797229290008933e-02
1.000000000000000000e+05 5.210173875093460083e-02 5.431840568780899048e-02 5.656045302748680115e-02 5.803642794489860535e-02 6.133412321408589912e-02
1.001000000000000000e+05 5.389396727085114802e-02 5.389999691396953063e-02 5.784305371344088814e-02 5.927341245114803314e-02 5.978594407439230540e-02
1.002000000000000000e+05 5.411960214376448919e-02 5.478319562971591811e-02 5.806560814380646446e-02 5.969196930527687073e-02 6.116260439157488599e-02
1.003000000000000000e+05 5.388603884726762133e-02 5.474689602851866982e-02 5.790328104048967500e-02 5.956240743398666382e-02 6.131249057749907361e-02
1.004000000000000000e+05 5.377757996320723516e-02 5.464356392621994019e-02 5.779863372445107755e-02 5.941867455840110779e-02 6.123092343409856225e-02
1.005000000000000000e+05 5.349446740001438660e-02 5.440947134047745271e-02 5.747965630143881538e-02 5.916880443692207336e-02 6.110921315848828750e-02
1.006000000000000000e+05 5.373116753995415412e-02 5.417179837822914262e-02 5.759864536424479792e-02 5.928077176213264465e-02 6.087288310130437030e-02
1.007000000000000000e+05 5.492564570158715159e-02 5.461682882159952374e-02 5.884248918543268092e-02 6.055454723536968231e-02 6.117915364603194323e-02
1.008000000000000000e+05 5.654707491397855529e-02 5.620660930871973493e-02 6.050427779555325042e-02 6.220535561442375183e-02 6.269139721989630543e-02
1.009000000000000000e+05 5.720903832465410593e-02 5.749749019742018963e-02 6.123123001307249208e-02 6.290399655699729919e-02 6.415921524167064738e-02
1.010000000000000000e+05 5.586689189076419343e-02 5.792837217450141907e-02 5.995712615549564362e-02 6.163974106311798096e-02 6.460085213184356412e-02
1.011000000000000000e+05 5.501241829246284604e-02 5.627702195197345492e-02 5.918304342776535554e-02 6.087372079491615295e-02 6.289393000304696613e-02
1.012000000000000000e+05 5.637721851468095041e-02 5.641746819019313047e-02 6.050396487116808247e-02 6.209104135632514954e-02 6.267715180913609185e-02
1.013000000000000000e+05 6.002630583941948733e-02 5.879005882889011547e-02 6.408422278861196364e-02 6.551130115985870361e-02 6.442401041587202115e-02
1.014000000000000000e+05 5.959326408803475306e-02 6.137617267668243198e-02 6.375513672828661549e-02 6.544795632362365723e-02 6.783229231834414508e-02
1.015000000000000000e+05 5.570653770118978720e-02 5.972911324352039864e-02 6.007055907199740363e-02 6.165128014981746674e-02 6.680418973167732977e-02
1.016000000000000000e+05 5.174614816904068298e-02 5.532878935337081500e-02 5.584476689497609725e-02 5.748344212770462036e-02 6.245741208394365446e-02
1.017000000000000000e+05 5.286081273108715617e-02 5.320909284055231475e-02 5.693711061030640175e-02 5.838469788432121277e-02 5.894031524658201876e-02
1.018000000000000000e+05 5.582123838365077306e-02 5.524436421692367066e-02 6.011024390657752209e-02 6.138140708208084106e-02 6.064407115181282698e-02
1.019000000000000000e+05 5.653906121850014316e-02 5.721480753272771558e-02 6.082403256247442130e-02 6.230468861758708954e-02 6.355904919405776232e-02
1.020000000000000000e+05 5.822010040283207705e-02 5.818441137671470642e-02 6.255818903446197510e-02 6.396417319774627686e-02 6.442805379629144846e-02
1.021000000000000000e+05 5.902571655809880913e-02 5.974753685295582789e-02 6.333277312417825988e-02 6.473938003182411194e-02 6.622730309764540690e-02
1.022000000000000000e+05 5.884198904037474948e-02 6.013495996594429155e-02 6.313677181800206317e-02 6.466311961412429810e-02 6.671554495890934244e-02
1.023000000000000000e+05 5.883029438555245627e-02 6.015499643981456895e-02 6.320991218090056540e-02 6.475041061639785767e-02 6.656058445572853033e-02
1.024000000000000000e+05 6.037189945578561728e-02 6.048991903662687131e-02 6.476786086956655419e-02 6.621646881103515625e-02 6.675631105899813844e-02
1.025000000000000000e+05 6.059157010167839225e-02 6.202177517116073957e-02 6.500357637802758881e-02 6.645974516868591309e-02 6.838266054789214621e-02
1.026000000000000000e+05 5.948629483580592653e-02 6.166456192731852720e-02 6.391504444181900224e-02 6.537399441003799438e-02 6.828105688095091608e-02
1.027000000000000000e+05 5.652748312801123692e-02 5.965518485754713746e-02 6.079951555778570493e-02 6.252254731953144073e-02 6.666280274589843347e-02
1.028000000000000000e+05 5.789420276880268001e-02 5.782384574413306638e-02 6.201665326952945922e-02 6.345840543508529663e-02 6.388079772392908640e-02
1.029000000000000000e+05 5.965762879699463422e-02 6.061267685145164258e-02 6.393809877336023573e-02 6.513775140047073364e-02 6.615310832858101175e-02
1.030000000000000000e+05 5.644452944397922167e-02 5.984843894839286804e-02 6.091192240516344475e-02 6.242258846759796143e-02 6.692492912213010570e-02
1.031000000000000000e+05 5.686827249825014002e-02 5.740655828267327704e-02 6.122405230998989589e-02 6.254151277244091034e-02 6.394112805525456467e-02
1.032000000000000000e+05 5.880901202559465912e-02 5.900901257991778004e-02 6.313291192054744372e-02 6.442374736070632935e-02 6.464910537004465996e-02
1.033000000000000000e+05 5.870789613574747129e-02 6.060499045997860129e-02 6.303059756755836907e-02 6.444442644715309143e-02 6.657315666476885940e-02
1.034000000000000000e+05 5.660632133483890077e-02 5.927430577576171117e-02 6.088231342534217855e-02 6.246903166174888611e-02 6.611848284800848907e-02
1.035000000000000000e+05 5.647046156227587821e-02 5.782760959118604660e-02 6.062801461666823821e-02 6.210057251155376434e-02 6.414569392800327507e-02
1.036000000000000000e+05 5.478637769818307801e-02 5.753062292933465438e-02 5.912406419714272277e-02 6.072223559021949768e-02 6.388748417298001359e-02
1.037000000000000000e+05 5.258117116987706674e-02 5.518301092088227777e-02 5.683282775183513130e-02 5.859799496829509735e-02 6.189821918805435419e-02
1.038000000000000000e+05 5.434388346970087796e-02 5.433433838188647669e-02 5.820967778563504447e-02 5.957086384296417236e-02 6.013140916824352700e-02
1.039000000000000000e+05 5.378832034766656972e-02 5.572071876376866878e-02 5.781442429870364136e-02 5.913436412811279297e-02 6.177487760782242321e-02
1.040000000000000000e+05 5.052697360515579633e-02 5.364539846777915955e-02 5.477340271075566841e-02 5.615843087434768677e-02 6.060404678185753874e-02
1.041000000000000000e+05 5.273749765008695772e-02 5.228147078305483975e-02 5.677504073828452957e-02 5.785858631134033203e-02 5.801278829574585405e-02
1.042000000000000000e+05 5.481031186878676520e-02 5.508394800126554386e-02 5.868330709636212367e-02 6.007856875658035278e-02 6.049438814322168068e-02
1.043000000000000000e+05 5.331250641494996584e-02 5.549452584236858055e-02 5.726150025924055947e-02 5.891714245080947876e-02 6.190897765258949331e-02
1.044000000000000000e+05 5.374694079160682869e-02 5.420390889048578437e-02 5.769397392868979429e-02 5.903594940900802612e-02 6.047105625271798068e-02
1.045000000000000000e+05 5.592232830822466833e-02 5.589141603559265314e-02 5.989692329118660036e-02 6.100106053054332733e-02 6.163379574815444628e-02
1.046000000000000000e+05 5.522710204124448713e-02 5.698552802205082701e-02 5.924652777612199328e-02 6.079463288187980652e-02 6.354734877745309152e-02
1.047000000000000000e+05 5.418086897581815553e-02 5.574415866285554327e-02 5.803096443414684086e-02 5.983980558812618256e-02 6.254562363028522143e-02
1.048000000000000000e+05 5.620266899466522248e-02 5.590595081448567621e-02 6.002704128623015389e-02 6.142824143171310425e-02 6.169914146264397076e-02
1.049000000000000000e+05 5.672703120857474496e-02 5.785945728421223316e-02 6.072321515530347547e-02 6.210872903466224670e-02 6.393641208608946691e-02
1.050000000000000000e+05 5.654959380626687487e-02 5.764362774789333344e-02 6.036637350916862488e-02 6.191252544522285461e-02 6.427041441202163696e-02
1.051000000000000000e+05 5.773861393332482828e-02 5.807617194950574074e-02 6.140301016469797146e-02 6.288165599107742310e-02 6.438868602116901152e-02
1.052000000000000000e+05 5.753576785326004750e-02 5.862976163625718135e-02 6.110400954882304336e-02 6.290046125650405884e-02 6.541255791982013290e-02
1.053000000000000000e+05 5.822481576353309707e-02 5.859621316194529861e-02 6.168465949594971465e-02 6.357279792428016663e-02 6.532851800322533875e-02
1.054000000000000000e+05 5.778159216046335062e-02 5.942798927426334865e-02 6.143949814140779730e-02 6.354892253875732422e-02 6.611211011807120730e-02
1.055000000000000000e+05 5.526186134666204175e-02 5.811864882707606234e-02 5.903212570895750161e-02 6.119004264473915100e-02 6.516489187876371714e-02
1.056000000000000000e+05 5.609927684068684306e-02 5.641456618905069109e-02 5.966860875487337706e-02 6.126226857304573059e-02 6.262005016207704278e-02
1.057000000000000000e+05 5.758228763937954520e-02 5.778966546058651038e-02 6.104130136470004020e-02 6.279542483389377594e-02 6.379289492964748676e-02
1.058000000000000000e+05 5.844736948609355331e-02 5.902990400791166548e-02 6.184017521639666864e-02 6.377643346786499023e-02 6.535935640335074903e-02
1.059000000000000000e+05 5.898725580424069720e-02 5.973106753081083159e-02 6.237606443464756290e-02 6.436023861169815063e-02 6.617443591356278465e-02
1.060000000000000000e+05 5.918495953083036110e-02 6.025074794888496399e-02 6.256822248299916123e-02 6.462512910366058350e-02 6.677878499031070225e-02
1.061000000000000000e+05 5.833897497504955676e-02 6.018327660858630718e-02 6.186603084206583614e-02 6.388822197914123535e-02 6.687781631946564109e-02
1.062000000000000000e+05 5.661618076264861299e-02 5.905413180589673405e-02 6.018501147627835363e-02 6.213667616248130798e-02 6.589342176914209093e-02
1.063000000000000000e+05 5.605617515742779278e-02 5.757470428943631952e-02 5.954511687159540906e-02 6.140582635998725891e-02 6.411747594674425954e-02
1.064000000000000000e+05 5.486170768737792108e-02 5.694446936249729363e-02 5.859481468796737258e-02 6.034195795655250549e-02 6.343582898378369306e-02
1.065000000000000000e+05 5.553619079291825800e-02 5.607162881642578645e-02 5.905901268124574138e-02 6.075499393045891150e-02 6.230487860739231804e-02
1.066000000000000000e+05 5.783848829567440897e-02 5.738226473331460575e-02 6.094761018951745657e-02 6.267215311527252197e-02 6.319566051165263765e-02
1.067000000000000000e+05 6.025647446513185401e-02 5.962705053389084214e-02 6.323527817924826100e-02 6.505812332034094370e-02 6.551878467202185141e-02
1.068000000000000000e+05 6.145462691783909470e-02 6.180893629789352417e-02 6.464006453752520198e-02 6.655133515596389771e-02 6.793295264244084142e-02
1.069000000000000000e+05 6.114707902073860529e-02 6.259691119194032982e-02 6.468122539420921580e-02 6.653395667672158675e-02 6.899029344320296853e-02
1.070000000000000000e+05 6.041155382990839873e-02 6.217845343053340912e-02 6.413187831640243530e-02 6.611531972885131836e-02 6.879783322413761393e-02
1.071000000000000000e+05 6.024189889430998229e-02 6.151112187653780955e-02 6.371556557714938562e-02 6.574694439768791199e-02 6.814770475029940933e-02
1.072000000000000000e+05 6.142201870679852432e-02 6.166517436504363736e-02 6.457969148953751626e-02 6.661991029977798462e-02 6.796684592962265459e-02
1.073000000000000000e+05 6.406555123627187542e-02 6.315183155238615620e-02 6.696787911156844297e-02 6.901889666914919064e-02 6.940113162000960401e-02
1.074000000000000000e+05 6.599664106965061339e-02 6.582641229033457664e-02 6.923329234123244691e-02 7.139027863740921021e-02 7.211774557828898313e-02
1.075000000000000000e+05 6.315825134515747064e-02 6.663209199905405222e-02 6.668997555971116487e-02 6.921600922942189316e-02 7.377499217788367758e-02
1.076000000000000000e+05 6.014766141772264624e-02 6.328447908163081781e-02 6.343678236007674331e-02 6.589936465024948120e-02 7.075082381566379086e-02
1.077000000000000000e+05 6.012567203491921836e-02 6.105279382318258563e-02 6.328105926513676038e-02 6.544346362352367052e-02 6.781192421913145862e-02
1.078000000000000000e+05 6.106222070753575260e-02 6.144335828721522036e-02 6.415400877594949758e-02 6.631600856781005859e-02 6.790251096089684746e-02
1.079000000000000000e+05 6.092757429927571355e-02 6.210920214653015137e-02 6.408249946931997287e-02 6.640272587537771054e-02 6.872022072474162635e-02
1.080000000000000000e+05 5.877964422106751741e-02 6.163372471928596497e-02 6.254563480615615845e-02 6.486850231885910034e-02 6.838098168373105135e-02
1.081000000000000000e+05 5.626477379351853964e-02 5.920986440032718207e-02 6.042133023341498405e-02 6.247644312679778711e-02 6.629046688477191474e-02
1.082000000000000000e+05 5.713733799755573578e-02 5.754791200160981612e-02 6.094421160717802821e-02 6.252720952033996582e-02 6.403205980857205881e-02
1.083000000000000000e+05 5.752112373709678678e-02 5.847893338650466538e-02 6.140019726008177220e-02 6.307808309793470902e-02 6.468319892883300781e-02
1.084000000000000000e+05 5.804993599653247155e-02 5.873184800148011780e-02 6.180081317822131576e-02 6.344117969274520874e-02 6.501020918289820982e-02
1.085000000000000000e+05 5.943078901618725762e-02 5.958348885178570142e-02 6.310537147025269133e-02 6.476387381553638800e-02 6.562153249979016389e-02
1.086000000000000000e+05 5.993695095181462984e-02 6.085850670933726225e-02 6.379820033907888932e-02 6.557375192642211914e-02 6.711334913969047022e-02
1.087000000000000000e+05 6.033412076532844448e-02 6.102823391556738697e-02 6.428360765179004510e-02 6.602810323238363088e-02 6.759241347511608933e-02
1.088000000000000000e+05 6.175089314579961658e-02 6.201850995421409607e-02 6.567824582258861843e-02 6.740099936723709106e-02 6.825301299492522733e-02
1.089000000000000000e+05 6.221318751573561012e-02 6.306814737617973121e-02 6.619100160896779217e-02 6.805371120572084598e-02 6.957222685217868963e-02
1.090000000000000000e+05 6.439237445592875531e-02 6.379470601677894592e-02 6.806808089216549729e-02 6.983198225498199463e-02 7.024572739998501125e-02
1.091000000000000000e+05 6.648870028555393941e-02 6.626104712486255433e-02 7.012314088642596088e-02 7.197341322898857807e-02 7.256666675209981487e-02
1.092000000000000000e+05 6.482689857482905327e-02 6.720529943704604825e-02 6.893043071031570990e-02 7.120954245328903198e-02 7.407618969678878007e-02
1.093000000000000000e+05 6.254699580371382572e-02 6.519700698554527218e-02 6.685753849645441338e-02 6.908623129129418117e-02 7.245814596613234237e-02
1.094000000000000000e+05 6.348621189594273739e-02 6.395843550562857471e-02 6.746139898896223730e-02 6.929207593202590942e-02 7.070214440425237612e-02
1.095000000000000000e+05 6.337902694940557302e-02 6.478692218661308289e-02 6.752617843449110202e-02 6.947624683380131116e-02 7.135430052876477747e-02
1.096000000000000000e+05 6.171921133995060538e-02 6.428024768829349034e-02 6.610587636629730590e-02 6.815664470195770264e-02 7.112769752740855100e-02
1.097000000000000000e+05 6.082645237445830771e-02 6.278072800487281835e-02 6.509596829613048530e-02 6.703462079167368803e-02 6.951239109039297759e-02
1.098000000000000000e+05 6.018237851560119533e-02 6.212687678635121086e-02 6.451690867543216634e-02 6.643042713403701782e-02 6.866101384162903720e-02
1.099000000000000000e+05 5.931783575564623934e-02 6.131967697292566716e-02 6.361243464052676599e-02 6.552268564701085873e-02 6.792744477589923724e-02
1.100000000000000000e+05 5.913771316409111023e-02 6.053568795323371887e-02 6.335754940907160904e-02 6.515697389841079712e-02 6.713408231735229492e-02
1.101000000000000000e+05 5.938079956918954766e-02 6.060877572745085318e-02 6.354780904948711950e-02 6.533449888229371505e-02 6.697778984904290134e-02
1.102000000000000000e+05 5.886196896433826958e-02 6.061902716755866033e-02 6.310021405418717033e-02 6.501662731170654297e-02 6.711720923582713272e-02
1.103000000000000000e+05 5.740143503993740820e-02 5.993929356336591407e-02 6.186912829677270603e-02 6.378918141126645180e-02 6.651697511474291558e-02
1.104000000000000000e+05 5.562025249004361183e-02 5.846082866191858879e-02 6.018677875399597310e-02 6.194341182708740234e-02 6.508699566125855651e-02
1.105000000000000000e+05 5.488881487399337178e-02 5.695351585745807299e-02 5.929873790591951715e-02 6.093680113554005018e-02 6.336304073532424141e-02
1.106000000000000000e+05 5.485189400613307842e-02 5.635681711137294214e-02 5.921817583342393887e-02 6.065922230482101440e-02 6.255082214872040303e-02
1.107000000000000000e+05 5.508367754518984916e-02 5.640794299542904733e-02 5.933956019580365060e-02 6.084421277046202226e-02 6.246799193322659371e-02
1.108000000000000000e+05 5.491348892450333141e-02 5.653071478009223660e-02 5.928004259864488174e-02 6.086727976799011230e-02 6.262388974428176325e-02
1.109000000000000000e+05 5.485400576144456447e-02 5.633153673261402650e-02 5.909508659193912772e-02 6.067790836095809243e-02 6.247153299550216310e-02
1.110000000000000000e+05 5.578480400145055529e-02 5.648358911275863647e-02 5.990652181208133698e-02 6.132071465253829956e-02 6.245422065258028621e-02
1.111000000000000000e+05 5.681652694940569209e-02 5.745203420519822551e-02 6.095149970302977949e-02 6.243837811052791592e-02 6.340977559487030735e-02
1.112000000000000000e+05 5.734694033861161694e-02 5.839930102229118347e-02 6.150434489051501835e-02 6.318362057209014893e-02 6.446982045968374653e-02
1.113000000000000000e+05 5.695906959474082709e-02 5.875958800315858599e-02 6.127237994223828921e-02 6.301248073577885023e-02 6.497939139604569370e-02
1.114000000000000000e+05 5.706217586994167396e-02 5.829375237226488982e-02 6.136822787423937275e-02 6.283593922853469849e-02 6.464063733816145796e-02
1.115000000000000000e+05 5.772035624831915041e-02 5.874674953520294535e-02 6.216889961312213608e-02 6.362220644950865311e-02 6.490647693475093405e-02
1.116000000000000000e+05 5.805311977863308187e-02 5.927949473261832913e-02 6.236489564180378031e-02 6.390823423862457275e-02 6.553783178329468384e-02
1.117000000000000000e+05 5.835630640387536039e-02 5.977664832025764846e-02 6.281476318836205774e-02 6.423863396048550001e-02 6.587017714977264071e-02
1.118000000000000000e+05 5.638898074626923218e-02 5.960809327661992230e-02 6.104427861670646410e-02 6.290104240179061890e-02 6.600363294283551063e-02
1.119000000000000000e+05 5.429185356944796897e-02 5.751210879534484482e-02 5.897432509809730911e-02 6.080092675983918976e-02 6.408093914389600965e-02
1.120000000000000000e+05 5.457626357674604661e-02 5.563033372163772583e-02 5.884077027440071106e-02 6.012970209121704102e-02 6.202359522382419610e-02
1.121000000000000000e+05 5.728877410292639721e-02 5.647759623825551745e-02 6.130616640051201466e-02 6.243957951664902417e-02 6.241358272731309387e-02
1.122000000000000000e+05 6.060748137533684271e-02 5.930189117789273767e-02 6.452244669198980986e-02 6.567431241273880005e-02 6.504760861396821636e-02
1.123000000000000000e+05 6.282903105020525014e-02 6.255641169846064276e-02 6.666445185740785262e-02 6.808464601635921820e-02 6.834239194790525662e-02
1.124000000000000000e+05 6.219185441732397873e-02 6.431880742311478494e-02 6.650794297456746884e-02 6.857734918594360352e-02 7.043273866176603948e-02
1.125000000000000000e+05 5.830532032996429970e-02 6.319899298250666875e-02 6.309058610349864427e-02 6.535157561302216978e-02 6.986471265554428101e-02
1.126000000000000000e+05 5.717582240700719298e-02 5.926696844398963993e-02 6.139746730526292329e-02 6.278879195451736450e-02 6.597137550512918724e-02
1.127000000000000000e+05 6.019326340407132880e-02 5.931840818375360563e-02 6.425129721562072849e-02 6.538411602377873499e-02 6.518694460391995238e-02
1.128000000000000000e+05 5.945214644074437588e-02 6.159228533506393155e-02 6.392278671264643719e-02 6.573327630758285522e-02 6.787384063005459656e-02
1.129000000000000000e+05 6.004089627414948421e-02 6.072894856333724278e-02 6.408961017926537163e-02 6.569344177842127708e-02 6.732131371895468119e-02
1.130000000000000000e+05 6.187799945473670266e-02 6.201400794088840485e-02 6.590925281246502732e-02 6.746377050876617432e-02 6.791004439195003073e-02
1.131000000000000000e+05 6.058367311954481610e-02 6.345190331339842227e-02 6.509991176426414838e-02 6.712554767727865745e-02 6.951377809047699918e-02
1.132000000000000000e+05 5.678687453269965629e-02 6.148638874292373935e-02 6.139774670203484302e-02 6.369563192129135132e-02 6.856291045745209478e-02
1.133000000000000000e+05 5.705443348735564357e-02 5.795075204223396059e-02 6.101625890781509770e-02 6.259294599294649986e-02 6.480263104041392164e-02
1.134000000000000000e+05 5.966174989938734935e-02 5.918541476130471934e-02 6.367781907320045620e-02 6.504747271537780762e-02 6.483532130718233644e-02
1.135000000000000000e+05 5.756168626248844844e-02 6.105746421962982007e-02 6.217083303878680189e-02 6.414521858096143558e-02 6.721720223625500534e-02
1.136000000000000000e+05 5.631142452359198802e-02 5.852573662996302106e-02 6.037297074993446672e-02 6.206719949841499329e-02 6.522019724051157652e-02
1.137000000000000000e+05 5.846570719033480218e-02 5.809056200087065608e-02 6.243420857936151508e-02 6.372174248099311822e-02 6.408151566982280001e-02
1.138000000000000000e+05 5.829127281904218638e-02 5.999914370477197473e-02 6.257091239094732249e-02 6.426806002855300903e-02 6.607425789038337549e-02
1.139000000000000000e+05 5.974142931401741491e-02 5.975831374526023587e-02 6.371090275545918113e-02 6.518031284213048060e-02 6.614992861946425440e-02
1.140000000000000000e+05 6.133596003055575424e-02 6.158751994371414185e-02 6.566064059734344482e-02 6.732053309679031372e-02 6.770636290311836392e-02
1.141000000000000000e+05 5.875680610537521026e-02 6.247351653873919886e-02 6.347529528041685742e-02 6.558996066451097673e-02 6.904973467191055647e-02
1.142000000000000000e+05 5.659235157072536188e-02 5.965729244053360331e-02 6.104127367337539023e-02 6.287347525358200073e-02 6.642941534519211655e-02
1.143000000000000000e+05 5.893531121313562438e-02 5.859835520386698360e-02 6.314160618931044522e-02 6.433711946010572946e-02 6.461443781852725665e-02
1.144000000000000000e+05 6.011817991733551386e-02 6.061082556843761654e-02 6.449090341726940179e-02 6.577913463115692139e-02 6.665140718221677918e-02
1.145000000000000000e+05 5.935533661395312605e-02 6.146244052797556617e-02 6.396601100762677738e-02 6.549151241779334331e-02 6.776124040285745609e-02
1.146000000000000000e+05 5.748778209090232155e-02 6.062117740511885344e-02 6.219201162457458493e-02 6.387306004762649536e-02 6.715751856565471689e-02
1.147000000000000000e+05 5.700880356132984744e-02 5.890232883393756863e-02 6.148600510011117265e-02 6.303831189870834351e-02 6.527906785408653378e-02
1.148000000000000000e+05 5.799394637346273751e-02 5.863397866487503329e-02 6.235309839248661529e-02 6.368851661682128906e-02 6.476335008939108906e-02
1.149000000000000000e+05 5.921285390853887887e-02 5.967639181762941780e-02 6.362730786204338906e-02 6.499794870614998554e-02 6.586787164211270473e-02
1.150000000000000000e+05 5.949452519416808388e-02 6.070522032678127289e-02 6.401747465133666992e-02 6.551069021224975586e-02 6.708943843841552734e-02
1.151000000000000000e+05 5.883613910526044183e-02 6.102296691387894961e-02 6.351899368067583096e-02 6.510967016220098325e-02 6.738450398047765577e-02
1.152000000000000000e+05 5.709029227495190928e-02 6.020207628607750217e-02 6.177274435758590976e-02 6.358376890420913696e-02 6.676465511322017543e-02
1.153000000000000000e+05 5.648416079580777238e-02 5.833055097609765594e-02 6.051872552682954765e-02 6.211542338132857582e-02 6.496742481986686468e-02
1.154000000000000000e+05 6.019065596163268583e-02 5.829176194965832170e-02 6.373753423492153902e-02 6.464146822690963745e-02 6.428902953863147030e-02
1.155000000000000000e+05 6.351604424417020556e-02 6.205577589571461411e-02 6.764792650938057650e-02 6.873044371604895841e-02 6.793527901172674577e-02
1.156000000000000000e+05 6.450540572404862838e-02 6.527815610170356608e-02 6.919951140880584162e-02 7.077260315418243408e-02 7.159197866916658382e-02
1.157000000000000000e+05 6.376512452960009236e-02 6.613085083663464148e-02 6.866047444442903436e-02 7.046375796198850461e-02 7.286789764960603655e-02
1.158000000000000000e+05 6.198704458773125758e-02 6.541930735111238515e-02 6.687273010611527457e-02 6.891190260648727417e-02 7.214060008525839673e-02
1.159000000000000000e+05 6.133207987993953558e-02 6.347693949937821545e-02 6.559172285099823529e-02 6.745803356170652909e-02 7.013961950937895595e-02
1.160000000000000000e+05 6.484807431697868496e-02 6.303026527166366577e-02 6.891750295956929062e-02 7.010483741760253906e-02 6.947909444570538051e-02
1.161000000000000000e+05 6.782373979687682242e-02 6.666958816349509431e-02 7.222337983548637874e-02 7.349614799022657907e-02 7.312109544873253431e-02
1.162000000000000000e+05 6.825662270188335989e-02 6.948964819312097863e-02 7.309006030360859496e-02 7.484542578458786011e-02 7.605605532725660811e-02
1.163000000000000000e+05 6.578899204730991046e-02 6.973919160664078520e-02 7.127167880535137390e-02 7.339046150445957539e-02 7.712811991572382508e-02
1.164000000000000000e+05 6.304389864206312588e-02 6.722724884748450258e-02 6.858008950948715765e-02 7.090042531490325928e-02 7.488065958023064350e-02
1.165000000000000000e+05 6.014874577522269505e-02 6.478373333811753010e-02 6.611727923154812891e-02 6.844104081392310412e-02 7.239883343378698821e-02
1.166000000000000000e+05 5.727945588529103488e-02 6.212750710546956212e-02 6.304685436189162717e-02 6.487979739904403687e-02 6.909914354483247256e-02
1.167000000000000000e+05 5.857211604714405301e-02 5.963717307895412267e-02 6.302939001470808655e-02 6.446070969104757131e-02 6.545161709189413479e-02
1.168000000000000000e+05 5.964181959629057811e-02 6.058868840336799344e-02 6.422176857789357873e-02 6.579819321632385254e-02 6.684946199258166855e-02
1.169000000000000000e+05 5.766102585941557113e-02 6.124404743313789645e-02 6.303649929662542839e-02 6.482619792222993338e-02 6.787133346001307521e-02
1.170000000000000000e+05 5.299821645021454697e-02 5.889368429780006409e-02 5.828494392335414886e-02 6.095261871814727783e-02 6.602791547775248293e-02
1.171000000000000000e+05 4.808960758149635750e-02 5.395142007619172647e-02 5.267022264500464956e-02 5.537528730928933940e-02 6.108627098302058661e-02
1.172000000000000000e+05 4.441175803542139755e-02 4.911127388477325162e-02 4.923400431871403221e-02 5.133252590894699097e-02 5.558403491973857441e-02
1.173000000000000000e+05 4.135063797235487282e-02 4.590467195957911167e-02 4.763332940638037583e-02 4.967915266752255532e-02 5.228578247129894024e-02
1.174000000000000000e+05 3.176907982677181636e-02 4.274138398468512595e-02 4.354394314189696108e-02 4.714189842343330383e-02 5.094861010710392130e-02
1.175000000000000000e+05 1.229273807257342740e-02 3.241547616198742210e-02 3.124086139723469477e-02 3.911266662180508391e-02 4.772247622410476231e-02
1.176000000000000000e+05 3.936077821999802058e-03 1.096650026738701933e-02 1.013866038992921464e-02 1.873136498034000397e-02 3.917228609323476080e-02
1.177000000000000000e+05 6.901584779844031903e-03 4.192159639205741278e-03 6.450734799727991797e-03 8.944242261350038650e-03 1.961805933465429058e-02
1.178000000000000000e+05 9.354164022952336094e-03 7.221074774861280243e-03 9.640767766783676224e-03 1.045959070324897766e-02 9.506443565090503742e-03
1.179000000000000000e+05 1.608141576871372283e-02 9.929100330919002002e-03 1.603993116877990358e-02 1.470370683818996403e-02 1.068763939663770757e-02
1.180000000000000000e+05 2.322945781052105502e-02 1.703748665750026703e-02 2.498268832763035976e-02 2.476275712251663208e-02 1.821514529486532169e-02
1.181000000000000000e+05 2.144652511924511479e-02 2.381517048925162541e-02 2.429868159815676276e-02 2.527526859194063197e-02 2.667060190190900099e-02
1.182000000000000000e+05 1.747701350599526610e-02 2.182450350373976375e-02 1.990838181227456635e-02 2.084970287978649139e-02 2.521435312926762970e-02
1.183000000000000000e+05 1.851272225379948719e-02 1.835722886025902001e-02 2.020938117057074004e-02 2.045852690935120316e-02 2.077736224979147284e-02
1.184000000000000000e+05 2.010734155774119430e-02 1.947613842785364535e-02 2.204997191826495867e-02 2.256654575467109680e-02 2.162512669960656164e-02
1.185000000000000000e+05 1.795257236808519077e-02 2.066980209201575366e-02 2.039533481001823412e-02 2.137760538607860056e-02 2.344188410788776780e-02
1.186000000000000000e+05 1.643539309501669890e-02 1.830651573836789003e-02 1.822133194655178867e-02 1.855193637311458588e-02 2.136499260862677677e-02
1.187000000000000000e+05 1.898684035986664478e-02 1.762964949011810306e-02 2.071678144857291848e-02 2.086775097995979822e-02 1.985780965536835044e-02
1.188000000000000000e+05 1.791831776499763079e-02 1.961117275059223036e-02 2.013529539108270539e-02 2.127298526465892792e-02 2.229436822235585092e-02
1.189000000000000000e+05 1.579653160646560597e-02 1.824882896617040923e-02 1.760649525870879722e-02 1.861070096492780518e-02 2.113459135095277844e-02
1.190000000000000000e+05 1.841246578842397827e-02 1.666081976145505905e-02 1.984967167178789890e-02 1.982429809868335724e-02 1.867222897708430834e-02
1.191000000000000000e+05 2.002746786922216665e-02 1.925593093037594739e-02 2.189808795228599322e-02 2.222143951803435408e-02 2.142722185701159687e-02
1.192000000000000000e+05 2.002458989620206631e-02 2.071315795183181763e-02 2.233314501742523009e-02 2.309199795126914978e-02 2.345929632584258309e-02
1.193000000000000000e+05 1.743547184392797017e-02 2.072278242558251576e-02 1.988733978941992914e-02 2.111599408090140961e-02 2.361468207091095214e-02
1.194000000000000000e+05 1.423083622008551943e-02 1.775531955063360326e-02 1.608631461858719275e-02 1.729261688888072968e-02 2.086604058742505194e-02
1.195000000000000000e+05 1.316658565774558171e-02 1.471377164125448056e-02 1.472828933037813835e-02 1.547143561765558332e-02 1.713513253877549034e-02
1.196000000000000000e+05 1.272785905748607255e-02 1.369127947837115930e-02 1.424209686617053730e-02 1.486042235046625137e-02 1.568896723290283401e-02
1.197000000000000000e+05 1.106070649810117837e-02 1.313731176778676173e-02 1.270617195405054911e-02 1.355634257197395505e-02 1.512026114389298202e-02
1.198000000000000000e+05 7.005143770948205582e-03 1.141825569793585189e-02 8.684706098089474413e-03 9.750885888934135437e-03 1.343466093142820124e-02
1.199000000000000000e+05 6.048130723647696105e-03 6.688498100265897334e-03 6.403696606867062199e-03 6.290780846029395135e-03 8.545219053824241670e-03
