9.000000000000000000e+04 5.299758908692449311e-04 5.468409076378656251e-04 5.253172279442982822e-04 5.923103922597889670e-04
9.010000000000000000e+04 5.260531553795292975e-04 5.868118272803044986e-04 5.608544526971767901e-04 5.868914584678028680e-04
9.020000000000000000e+04 5.221304198898136639e-04 6.256723187256443700e-04 5.951378749655370122e-04 5.995694021059649447e-04
9.030000000000000000e+04 5.538242339221400830e-04 6.512076718058055396e-04 6.228147226039328164e-04 6.880280199829005676e-04
9.040000000000000000e+04 5.865073965523027143e-04 6.717071367845208960e-04 6.341035170044957573e-04 7.465424436125368910e-04
9.050000000000000000e+04 5.828695681929384111e-04 6.645092172052726245e-04 6.104101208396859463e-04 7.573333076605463527e-04
9.060000000000000000e+04 5.771562546341749665e-04 6.657141866187948290e-04 6.316717316551208111e-04 7.407248503481572363e-04
9.070000000000000000e+04 5.837038776136050299e-04 6.949287860082202463e-04 7.019227731541676472e-04 7.041377212104752087e-04
9.080000000000000000e+04 5.913333479346401765e-04 7.147903502991439454e-04 7.284636979711184507e-04 6.828253215857404274e-04
9.090000000000000000e+04 6.080643179281695334e-04 7.136075856184423026e-04 7.302075373626510909e-04 6.660476072851604333e-04
9.100000000000000000e+04 6.258985000032136949e-04 6.943105749526064241e-04 7.020769226912537426e-04 6.718267221524943126e-04
9.110000000000000000e+04 6.560400779661747358e-04 6.460307707105473769e-04 6.663627927577254464e-04 6.749732955864404596e-04
9.120000000000000000e+04 6.881046865366240292e-04 6.441866842913618980e-04 6.715536728706212807e-04 6.593899015663089386e-04
9.130000000000000000e+04 6.833054807575662890e-04 6.965176019988673266e-04 6.757658265125007389e-04 6.681411532639933192e-04
9.140000000000000000e+04 6.713713431689282037e-04 7.799181039537277831e-04 6.586492481801190088e-04 7.222051935396732892e-04
9.150000000000000000e+04 6.841739914573800050e-04 8.899496781206044961e-04 6.562897510627829344e-04 7.913366768814576908e-04
9.160000000000000000e+04 7.027485564504866011e-04 9.826419187609254386e-04 6.926266002426713277e-04 8.731917788123981939e-04
9.170000000000000000e+04 7.243865551505411374e-04 1.064497075947151749e-03 7.235168353440845973e-04 9.319409473575328328e-04
9.180000000000000000e+04 7.468696390111334441e-04 1.143933970732713586e-03 7.473494860057824018e-04 9.823568284520515191e-04
9.190000000000000000e+04 8.013847645336047562e-04 1.222296082229091261e-03 7.685374955248139078e-04 1.034299731254676846e-03
9.200000000000000000e+04 8.661959034473914933e-04 1.246848405056956779e-03 7.879260584931654888e-04 1.091902273976611644e-03
9.210000000000000000e+04 8.953598026690234553e-04 1.255257791284269736e-03 8.342280480680539954e-04 1.189951570566473698e-03
9.220000000000000000e+04 9.113210205231908785e-04 1.267326559416442466e-03 8.892823714987282925e-04 1.267828800871548039e-03
9.230000000000000000e+04 9.938057074055422959e-04 1.280060669713134957e-03 9.646031160192777018e-04 1.301482655090748864e-03
9.240000000000000000e+04 1.104434938876745938e-03 1.325096226737579666e-03 1.044025265374465532e-03 1.286709028201173414e-03
9.250000000000000000e+04 1.199856601665550077e-03 1.372823570989338722e-03 1.151095229713195497e-03 1.224660955467311418e-03
9.260000000000000000e+04 1.287978631486804424e-03 1.316540942092840529e-03 1.233391116148074580e-03 1.218290921349702389e-03
9.270000000000000000e+04 1.287552618278381801e-03 1.265984723891713229e-03 1.234193325267679510e-03 1.235920041808057394e-03
9.280000000000000000e+04 1.239163081762221716e-03 1.284145434034996954e-03 1.245552644085125759e-03 1.205680193276808827e-03
9.290000000000000000e+04 1.204414174654064437e-03 1.287521667032439287e-03 1.273242491966420677e-03 1.172999601277681598e-03
9.300000000000000000e+04 1.177968259359475026e-03 1.209583275727718187e-03 1.285867942016105311e-03 1.177028726509345841e-03
9.310000000000000000e+04 1.184771496808254086e-03 1.144522343662444670e-03 1.286274491602375355e-03 1.188621484065429832e-03
9.320000000000000000e+04 1.214244611127517472e-03 1.122386275728666852e-03 1.256104717470345362e-03 1.219945456380866749e-03
9.330000000000000000e+04 1.215074314220817566e-03 1.116149457041595416e-03 1.213546260452451949e-03 1.214211625673359239e-03
9.340000000000000000e+04 1.194080465903862723e-03 1.145685949159608785e-03 1.186002002305842169e-03 1.166668991555346122e-03
9.350000000000000000e+04 1.183684235217317363e-03 1.169263683139457142e-03 1.162695391431137551e-03 1.182917646983233390e-03
9.360000000000000000e+04 1.182295979516620249e-03 1.183307404098238791e-03 1.203133488074059794e-03 1.231641867998115340e-03
9.370000000000000000e+04 1.164883266177986791e-03 1.183709126327312346e-03 1.217346318987016065e-03 1.249793791382621455e-03
9.380000000000000000e+04 1.132289487708673225e-03 1.168195183371725267e-03 1.119890276469103592e-03 1.261150145341828795e-03
9.390000000000000000e+04 1.142237735308129862e-03 1.154027431671943594e-03 1.077246081963094968e-03 1.240345193833023319e-03
9.400000000000000000e+04 1.197091454869056437e-03 1.141013558191423605e-03 1.136532692531849785e-03 1.213128006541288511e-03
9.410000000000000000e+04 1.205547727103989820e-03 1.125417711408375002e-03 1.182647220159527540e-03 1.165712276533330911e-03
9.420000000000000000e+04 1.159418767190698073e-03 1.108208131311246231e-03 1.216065764229537407e-03 1.145526139096197243e-03
9.430000000000000000e+04 1.130823842502351939e-03 1.124695783770234903e-03 1.214175100706876929e-03 1.160889747515419807e-03
9.440000000000000000e+04 1.125242339046750566e-03 1.156159984031944823e-03 1.194791802230051221e-03 1.141648394896615073e-03
9.450000000000000000e+04 1.123417522509838600e-03 1.195749314391940724e-03 1.178964049507544342e-03 1.101777161658992147e-03
9.460000000000000000e+04 1.127102513453672860e-03 1.237776183781422483e-03 1.163873743311859277e-03 1.111335673255432061e-03
9.470000000000000000e+04 1.133872834197091790e-03 1.190848888985690827e-03 1.113022676725963431e-03 1.132227203536381732e-03
9.480000000000000000e+04 1.145711911039827557e-03 1.127748109792654817e-03 1.072771798999169919e-03 1.188329410860585909e-03
9.490000000000000000e+04 1.153080853083060693e-03 1.097747677768883164e-03 1.096486531486246538e-03 1.244019960062378192e-03
9.500000000000000000e+04 1.152197238573365043e-03 1.070505608009218734e-03 1.124728773189694097e-03 1.298112307141866114e-03
9.510000000000000000e+04 1.171697369769911711e-03 1.148813409780311727e-03 1.163203185722138646e-03 1.316952275814908162e-03
9.520000000000000000e+04 1.233663637854475262e-03 1.223665803267240783e-03 1.148964360757483280e-03 1.282379549932725600e-03
9.530000000000000000e+04 1.369732739454908354e-03 1.257053297344230564e-03 1.074382750763244569e-03 1.249807621967417804e-03
9.540000000000000000e+04 1.680953993001908786e-03 1.281935638890670292e-03 1.059287535744092654e-03 1.218624002760757517e-03
9.550000000000000000e+04 1.873220709561470004e-03 1.260039641519063473e-03 1.079767517719838494e-03 1.212883295241913486e-03
9.560000000000000000e+04 1.744310176254939247e-03 1.241054070221131759e-03 1.132580622582649932e-03 1.214188317113541098e-03
9.570000000000000000e+04 1.604309970899564682e-03 1.231769919168784885e-03 1.194234815734894527e-03 1.214123435064963768e-03
9.580000000000000000e+04 1.429808563614444472e-03 1.214075805041188883e-03 1.226259709752846715e-03 1.217100674590645970e-03
9.590000000000000000e+04 1.286190333926925163e-03 1.177459273994285217e-03 1.246044821727139646e-03 1.235237935473929146e-03
9.600000000000000000e+04 1.254523623030673286e-03 1.137080540624839983e-03 1.175583042789570508e-03 1.268992182770590366e-03
9.610000000000000000e+04 1.229346212109625087e-03 1.090682283539326936e-03 1.141835223814662665e-03 1.330336439397555338e-03
9.620000000000000000e+04 1.231980086796591106e-03 1.085426969912192023e-03 1.210544967526219979e-03 1.352961370441223884e-03
9.630000000000000000e+04 1.236452431671372339e-03 1.128171756986502640e-03 1.268899465949725400e-03 1.344442496124423824e-03
9.640000000000000000e+04 1.250423539183201415e-03 1.183345584604448110e-03 1.313146818618492716e-03 1.281187943787674786e-03
9.650000000000000000e+04 1.258619359553364613e-03 1.249172875545508056e-03 1.297296475021769832e-03 1.199393887605460472e-03
9.660000000000000000e+04 1.229853342216890612e-03 1.242068462119849583e-03 1.238428833045550261e-03 1.286323932591936642e-03
9.670000000000000000e+04 1.208688605820557862e-03 1.189381733465004866e-03 1.233282393074322482e-03 1.370723635294189557e-03
9.680000000000000000e+04 1.250234437180374608e-03 1.175266866623555584e-03 1.246782981898216045e-03 1.367767768428901441e-03
9.690000000000000000e+04 1.288596660966832407e-03 1.178295049476951826e-03 1.272740615672134437e-03 1.371811270727941925e-03
9.700000000000000000e+04 1.290877998921881580e-03 1.135143720528951090e-03 1.295884974646700121e-03 1.390371983145590167e-03
9.710000000000000000e+04 1.291940659412102932e-03 1.078138538040532019e-03 1.255241435968262832e-03 1.373604504223004119e-03
9.720000000000000000e+04 1.271676464267811274e-03 1.147691931244948071e-03 1.226450099028872798e-03 1.323973591495558036e-03
9.730000000000000000e+04 1.251573820947343490e-03 1.240255974575324308e-03 1.239470696002248134e-03 1.259317129799426664e-03
9.740000000000000000e+04 1.237287043284529282e-03 1.267958401412491156e-03 1.251829057093626577e-03 1.188548580387220263e-03
9.750000000000000000e+04 1.223000265621715290e-03 1.290255693541887032e-03 1.263108614570784220e-03 1.275757315536982586e-03
9.760000000000000000e+04 1.217724938580968912e-03 1.231816357857478403e-03 1.276846149567821337e-03 1.370599967215338109e-03
9.770000000000000000e+04 1.212449611540222317e-03 1.181623219913366732e-03 1.292678551769301486e-03 1.379033301787251217e-03
9.780000000000000000e+04 1.177486927626087429e-03 1.230384454852756536e-03 1.324741395274566056e-03 1.391917264822750428e-03
9.790000000000000000e+04 1.141699594909912708e-03 1.279476806533651374e-03 1.363780481094614217e-03 1.415742356164566805e-03
9.800000000000000000e+04 1.175715716309640212e-03 1.330390300292823682e-03 1.382504689768732260e-03 1.408412701857143096e-03
9.810000000000000000e+04 1.213720606515986252e-03 1.368180080281045140e-03 1.396583492287137556e-03 1.367591695976796843e-03
9.820000000000000000e+04 1.193592250859567541e-03 1.362224147699427545e-03 1.340904318636805927e-03 1.398558102636510668e-03
9.830000000000000000e+04 1.168334491156435440e-03 1.348658105173072049e-03 1.303083832158781138e-03 1.464136297485179499e-03
9.840000000000000000e+04 1.208020400994224992e-03 1.317969315271059257e-03 1.347782796752815260e-03 1.443521954900755383e-03
9.850000000000000000e+04 1.255578270776370759e-03 1.324030189352756910e-03 1.385812186876601805e-03 1.413731215172460681e-03
9.860000000000000000e+04 1.291261565646526291e-03 1.388890525808408145e-03 1.410744958040630785e-03 1.446214227548678821e-03
9.870000000000000000e+04 1.325089458186682169e-03 1.427019968183558573e-03 1.400544094372358547e-03 1.483282850331935120e-03
9.880000000000000000e+04 1.322100633012867699e-03 1.433963367464788970e-03 1.354775847293603888e-03 1.533889941935971364e-03
9.890000000000000000e+04 1.311985991507318410e-03 1.428681910174001710e-03 1.358704298618620358e-03 1.570092248926114676e-03
9.900000000000000000e+04 1.354224259670408449e-03 1.412922004392915118e-03 1.388642236958689260e-03 1.588385904774655905e-03
9.910000000000000000e+04 1.408678206756181850e-03 1.440235036774584892e-03 1.371023012183872260e-03 1.617335980406275605e-03
9.920000000000000000e+04 1.422810999051731364e-03 1.494468655507969618e-03 1.342676607759079287e-03 1.652317991764165736e-03
9.930000000000000000e+04 1.425820714163767138e-03 1.551396984742338045e-03 1.396137552183738173e-03 1.656895355464604175e-03
9.940000000000000000e+04 1.445785694862371414e-03 1.609522963088254929e-03 1.452817352327017515e-03 1.655967397635349286e-03
9.950000000000000000e+04 1.471200582356656586e-03 1.612514303827808186e-03 1.516936884204080592e-03 1.681920805125632122e-03
9.960000000000000000e+04 1.463282789265322147e-03 1.598965253285453527e-03 1.555580213948522727e-03 1.700420916942156982e-03
9.970000000000000000e+04 1.443019558920054365e-03 1.630369206797336202e-03 1.533186809416912152e-03 1.692006349936776410e-03
9.980000000000000000e+04 1.432743942427002317e-03 1.669946433773622117e-03 1.555536693555489239e-03 1.672474673340398161e-03
9.990000000000000000e+04 1.426693854871426831e-03 1.623686204103174519e-03 1.631699451905509451e-03 1.636921279980528728e-03
1.000000000000000000e+05 1.426083428891949381e-03 1.570272853045494429e-03 1.724893487739746724e-03 1.656946391552994741e-03
1.001000000000000000e+05 1.428084040468998199e-03 1.522710016903534814e-03 1.828817228389037442e-03 1.713653316380799258e-03
1.002000000000000000e+05 1.457636828968106183e-03 1.482365309963571114e-03 1.794179012371912001e-03 1.713805703458071627e-03
1.003000000000000000e+05 1.502113713299994824e-03 1.528638153447504835e-03 1.718851967809887108e-03 1.699391012629900563e-03
1.004000000000000000e+05 1.514012297748459045e-03 1.571280959992109446e-03 1.682955249350444023e-03 1.691129319459180012e-03
1.005000000000000000e+05 1.506080612702662830e-03 1.593958563370395176e-03 1.654177398358908525e-03 1.683348469950383388e-03
1.006000000000000000e+05 1.510257608602443924e-03 1.624440954843740098e-03 1.667484403359899411e-03 1.677407279318157696e-03
1.007000000000000000e+05 1.522690523328752450e-03 1.680939306633951087e-03 1.678056422300048265e-03 1.696292072993960771e-03
1.008000000000000000e+05 1.545893044863884099e-03 1.738073034317851430e-03 1.680490190034761560e-03 1.756820453250985221e-03
1.009000000000000000e+05 1.577300981110498412e-03 1.796636357762552549e-03 1.667027798308469205e-03 1.793245931927950560e-03
1.010000000000000000e+05 1.566023084375905072e-03 1.783901157750264303e-03 1.630788819891781840e-03 1.811209613649978527e-03
1.011000000000000000e+05 1.518462229607284077e-03 1.657088320206760550e-03 1.689130528498100810e-03 1.876660368749968324e-03
1.012000000000000000e+05 1.520855948407703277e-03 1.642911768055741991e-03 1.818662001530352854e-03 1.957186385239790671e-03
1.013000000000000000e+05 1.570575052694591798e-03 1.760144215529300948e-03 1.857359826034263393e-03 1.958081225750438713e-03
1.014000000000000000e+05 1.624081221319849909e-03 1.788679962442779820e-03 1.862472099821816827e-03 1.952896231188746071e-03
1.015000000000000000e+05 1.681584846746719472e-03 1.741189966019054220e-03 1.860887941303090249e-03 1.935594632257117437e-03
1.016000000000000000e+05 1.712483452401259570e-03 1.738930974798915926e-03 1.858641009248833105e-03 1.892652818209635121e-03
1.017000000000000000e+05 1.712082034794236256e-03 1.764941361831011673e-03 1.859658914197572822e-03 1.799346295898886618e-03
1.018000000000000000e+05 1.694254843879363162e-03 1.728645548482630198e-03 1.859558937982323410e-03 1.729632020482713877e-03
1.019000000000000000e+05 1.653556325497933547e-03 1.664658090520699076e-03 1.855217589115466846e-03 1.680829054814004034e-03
1.020000000000000000e+05 1.632005457017738932e-03 1.629732650076351312e-03 1.846036029193488023e-03 1.614717883928818700e-03
1.021000000000000000e+05 1.638537808392697857e-03 1.603525814887278057e-03 1.828545440293550314e-03 1.541971901043983403e-03
1.022000000000000000e+05 1.620841331776814824e-03 1.702625468333893947e-03 1.814468323410255678e-03 1.680228414464900741e-03
1.023000000000000000e+05 1.563340352033123657e-03 1.824508119714287170e-03 1.803447454727908879e-03 1.818264557939092705e-03
1.024000000000000000e+05 1.543594780186528792e-03 1.766114500289480685e-03 1.782862808572487903e-03 1.794694482602327999e-03
1.025000000000000000e+05 1.593551499842271214e-03 1.692697858297564700e-03 1.757923228032007333e-03 1.777955186361138661e-03
1.026000000000000000e+05 1.632695288407373484e-03 1.642541327599456860e-03 1.776800012905634931e-03 1.777063297621688746e-03
1.027000000000000000e+05 1.649312137200302118e-03 1.599416788871185812e-03 1.803588614653852187e-03 1.769895087177442193e-03
1.028000000000000000e+05 1.658300432309384176e-03 1.640676153780905094e-03 1.826176478149643461e-03 1.756297474011209604e-03
1.029000000000000000e+05 1.649257600529378722e-03 1.675418467332356106e-03 1.841149545980403073e-03 1.733579366268414319e-03
1.030000000000000000e+05 1.638163746725502384e-03 1.674316998413317645e-03 1.817766606016925617e-03 1.706701032929291810e-03
1.031000000000000000e+05 1.621532133457175397e-03 1.681510286384004177e-03 1.788302844244258781e-03 1.684305890260397176e-03
1.032000000000000000e+05 1.607859839308265794e-03 1.716352763987109885e-03 1.746218508905345284e-03 1.662483698557498061e-03
1.033000000000000000e+05 1.603394315753102223e-03 1.737940662840870834e-03 1.706749792761608122e-03 1.640132969328998236e-03
1.034000000000000000e+05 1.595921616879041049e-03 1.729705759508610953e-03 1.670062241331729275e-03 1.638688449140406414e-03
1.035000000000000000e+05 1.577547907473980616e-03 1.701224478774337329e-03 1.624561028667947200e-03 1.695211144926079671e-03
1.036000000000000000e+05 1.558544381235232217e-03 1.640348994196832088e-03 1.574191317417820285e-03 1.745073895260711248e-03
1.037000000000000000e+05 1.536841639994964738e-03 1.588763895759182738e-03 1.577837390214829319e-03 1.787049868087531301e-03
1.038000000000000000e+05 1.518611970485480613e-03 1.548017581151366236e-03 1.594678158351596139e-03 1.771157747142477210e-03
1.039000000000000000e+05 1.518326504918381158e-03 1.557782711922355229e-03 1.620091482679643152e-03 1.724188316579190359e-03
1.040000000000000000e+05 1.522674422408348219e-03 1.610843367303744535e-03 1.650165557733248353e-03 1.719344808847821657e-03
1.041000000000000000e+05 1.556675991463522162e-03 1.595979510719144684e-03 1.711221563145886660e-03 1.723077330573186822e-03
1.042000000000000000e+05 1.582004585315643095e-03 1.538662834155813536e-03 1.746929463960259898e-03 1.746880353310615924e-03
1.043000000000000000e+05 1.535781133742594642e-03 1.531017175342702999e-03 1.718165011774680853e-03 1.752909232666623575e-03
1.044000000000000000e+05 1.493021115133957247e-03 1.545447524418583135e-03 1.674122228089993400e-03 1.699067313264138439e-03
1.045000000000000000e+05 1.489513336788650822e-03 1.519120953160243981e-03 1.610769330982822706e-03 1.757277042789851104e-03
1.046000000000000000e+05 1.487881035166691316e-03 1.480567305801639560e-03 1.634819836780424277e-03 1.969157605131359977e-03
1.047000000000000000e+05 1.519069576203338360e-03 1.600174334145993207e-03 1.716841987361814254e-03 1.955820434593926859e-03
1.048000000000000000e+05 1.549858481620192390e-03 1.748537848981813548e-03 1.737680599993199132e-03 1.801170176759884448e-03
1.049000000000000000e+05 1.566260504724509674e-03 1.754339089675102789e-03 1.739276003108053414e-03 1.740884190627309128e-03
1.050000000000000000e+05 1.582662527828827175e-03 1.748260140856506759e-03 1.767950423580546843e-03 1.703132955945821847e-03
1.051000000000000000e+05 1.615154465587416216e-03 1.796920925730038010e-03 1.791416421144858238e-03 1.728883997051442563e-03
1.052000000000000000e+05 1.647646403346005256e-03 1.833746646582103427e-03 1.727706213949458921e-03 1.755325416635643157e-03
1.053000000000000000e+05 1.683710999390507787e-03 1.728551599176668396e-03 1.686740621052086218e-03 1.784657796098895830e-03
1.054000000000000000e+05 1.719874835942952372e-03 1.649429849264845297e-03 1.718091237717681409e-03 1.797316137353099138e-03
1.055000000000000000e+05 1.688676314871589588e-03 1.713711235567949185e-03 1.744525990631602816e-03 1.783400230211633266e-03
1.056000000000000000e+05 1.653628516221717151e-03 1.747430102814552348e-03 1.763549133581463271e-03 1.791263249867765554e-03
1.057000000000000000e+05 1.599783319323251456e-03 1.679273906539480209e-03 1.775567163175390114e-03 1.815006736980481717e-03
1.058000000000000000e+05 1.544279528461674992e-03 1.636408285413049534e-03 1.782042685498687502e-03 1.814464491767595403e-03
1.059000000000000000e+05 1.520599434952975195e-03 1.650446458371053861e-03 1.774056905487396201e-03 1.806712419770548431e-03
1.060000000000000000e+05 1.500776759305230993e-03 1.667282090856448415e-03 1.760385485241994317e-03 1.751334225940219232e-03
1.061000000000000000e+05 1.498801291419598865e-03 1.688593658585669025e-03 1.762223213164410864e-03 1.717766108019720683e-03
1.062000000000000000e+05 1.499614449746798205e-03 1.718120993951970706e-03 1.767995598946585974e-03 1.811253673445469177e-03
1.063000000000000000e+05 1.548279661718921256e-03 1.757233391561534904e-03 1.819966444358618379e-03 1.865832340628387253e-03
1.064000000000000000e+05 1.606206561493285240e-03 1.738041060721561741e-03 1.852653403539160099e-03 1.847959955910873390e-03
1.065000000000000000e+05 1.651927353882543794e-03 1.668873248353418314e-03 1.806396953459533375e-03 1.849781596087540000e-03
1.066000000000000000e+05 1.694800054548611067e-03 1.683960551577054834e-03 1.786782769657199298e-03 1.868233746174849516e-03
1.067000000000000000e+05 1.655239023204763821e-03 1.751707302045538671e-03 1.815400274805152158e-03 1.858168870006528728e-03
1.068000000000000000e+05 1.592937651996105541e-03 1.759656750670587607e-03 1.840576101143799300e-03 1.837819164696836332e-03
1.069000000000000000e+05 1.618294936143345507e-03 1.741029620698550341e-03 1.862515110507027925e-03 1.892334299664666852e-03
1.070000000000000000e+05 1.671828216654974546e-03 1.809588294956565677e-03 1.815593036848248739e-03 1.948542417903926030e-03
1.071000000000000000e+05 1.650373860266679624e-03 1.904302710483594995e-03 1.735492441369786577e-03 1.974523859425220389e-03
1.072000000000000000e+05 1.601146305026561857e-03 1.880939137350607108e-03 1.764905172345256328e-03 1.970112726793061490e-03
1.073000000000000000e+05 1.608426153069712761e-03 1.836106839006692139e-03 1.816059519602019907e-03 1.899071720055266286e-03
1.074000000000000000e+05 1.639612979425020397e-03 1.870481109454304354e-03 1.812417022680472712e-03 1.887809448873559257e-03
1.075000000000000000e+05 1.686494661067037670e-03 1.911455927301214603e-03 1.821213806131453386e-03 1.934902610020420091e-03
1.076000000000000000e+05 1.740909873246673442e-03 1.922966942812856994e-03 1.900542568966354573e-03 1.959084195827722353e-03
1.077000000000000000e+05 1.791069621182593812e-03 1.927265194391331645e-03 1.977037930254355817e-03 1.973390102609355688e-03
1.078000000000000000e+05 1.838924325986501709e-03 1.845010278771845678e-03 2.047310919517794040e-03 1.916849916559083388e-03
1.079000000000000000e+05 1.811368573680137298e-03 1.772240738764141671e-03 2.042585718362542602e-03 1.862621857629462958e-03
1.080000000000000000e+05 1.737910804002298177e-03 1.751640764621260242e-03 1.954096304531880400e-03 1.927046560135386392e-03
1.081000000000000000e+05 1.701186864399552951e-03 1.739306901267435390e-03 1.926410828899872930e-03 1.925237619842949752e-03
1.082000000000000000e+05 1.689508718029818267e-03 1.754526740543800069e-03 1.934145123092330778e-03 1.750645263554821956e-03
1.083000000000000000e+05 1.637181507959291739e-03 1.754220781935768433e-03 1.862670295876685863e-03 1.718309559951286839e-03
1.084000000000000000e+05 1.553883582688166641e-03 1.718981778087849861e-03 1.770318645964336166e-03 1.846468541427820310e-03
1.085000000000000000e+05 1.596165582500471769e-03 1.709017530632371334e-03 1.846331890331488106e-03 1.873596354504170969e-03
1.086000000000000000e+05 1.745190518633696298e-03 1.739492893404808501e-03 1.918680176111439099e-03 1.849290118213170984e-03
1.087000000000000000e+05 1.797463813889335496e-03 1.825089230588989751e-03 1.891504009700855369e-03 1.824250507638797885e-03
1.088000000000000000e+05 1.758077659892506557e-03 1.974993371253545241e-03 1.877104823209996580e-03 1.804364915746450382e-03
1.089000000000000000e+05 1.726306631202141487e-03 2.055948346002233959e-03 1.897261559683853429e-03 1.888719216840230091e-03
1.090000000000000000e+05 1.702573790335268561e-03 2.077804035680185304e-03 1.900730319996928258e-03 1.954679080923832270e-03
1.091000000000000000e+05 1.694390816688497474e-03 2.045843354189013936e-03 1.882027911982111666e-03 1.962696468425387340e-03
1.092000000000000000e+05 1.704501804477139178e-03 1.980247440717149924e-03 1.862288154711600006e-03 1.972781670390127366e-03
1.093000000000000000e+05 1.747698835280732822e-03 1.896511506010593916e-03 1.841824414106384318e-03 1.985566519015137532e-03
1.094000000000000000e+05 1.834321297541457053e-03 1.804713339644173353e-03 1.878618854307712764e-03 2.010527339883314869e-03
1.095000000000000000e+05 1.850686620071037092e-03 1.760447213485669517e-03 1.934655797894840878e-03 2.042746913434916479e-03
1.096000000000000000e+05 1.764008137661571881e-03 1.730440699389539745e-03 1.912015844676567822e-03 1.964737717957610718e-03
1.097000000000000000e+05 1.730000059278045564e-03 1.726111064558960616e-03 1.885522014972561538e-03 1.862683977063078408e-03
1.098000000000000000e+05 1.782521930365695961e-03 1.726449953231211972e-03 1.915960936677148794e-03 1.782821422331760030e-03
1.099000000000000000e+05 1.784703098302832785e-03 1.722543005351198859e-03 1.909619264019476407e-03 1.714769684799291377e-03
1.100000000000000000e+05 1.693947583500552464e-03 1.718282237758496931e-03 1.778024756506539714e-03 1.692571708156462426e-03
1.101000000000000000e+05 1.631571395052166173e-03 1.797990106084360225e-03 1.709731341327851975e-03 1.693097490949722677e-03
1.102000000000000000e+05 1.628318803174409269e-03 1.867043765646494860e-03 1.741915850489272237e-03 1.728053212282515145e-03
1.103000000000000000e+05 1.628389971518348460e-03 1.808246920043967343e-03 1.742432541536555754e-03 1.761020337649060047e-03
1.104000000000000000e+05 1.636317300386295678e-03 1.743911793586899652e-03 1.716618687185568698e-03 1.792607620916575415e-03
1.105000000000000000e+05 1.631680742963696794e-03 1.649116122429847677e-03 1.687463949652452102e-03 1.763593888448502199e-03
1.106000000000000000e+05 1.593121692556623021e-03 1.567710556025744047e-03 1.656914756530272889e-03 1.717798336238267028e-03
1.107000000000000000e+05 1.552987858363378019e-03 1.530938672131471057e-03 1.625919571813860560e-03 1.750289313265154627e-03
1.108000000000000000e+05 1.507954696835375795e-03 1.505644270760301108e-03 1.598688175801703292e-03 1.767613041773182479e-03
1.109000000000000000e+05 1.469707673337112197e-03 1.506174205066108940e-03 1.723833477586567218e-03 1.700656970451794054e-03
1.110000000000000000e+05 1.456060400196643309e-03 1.518423612759548695e-03 1.813316776297705085e-03 1.678408623504121754e-03
1.111000000000000000e+05 1.452725242634688146e-03 1.549424177873205081e-03 1.744698528048679257e-03 1.735143922950019985e-03
1.112000000000000000e+05 1.493584866123503271e-03 1.581723094231761439e-03 1.688921417794783273e-03 1.748800907989776256e-03
1.113000000000000000e+05 1.523844856205402261e-03 1.615536753709368020e-03 1.657680053353015066e-03 1.727807944485471644e-03
1.114000000000000000e+05 1.499340073684887233e-03 1.620165098838553894e-03 1.619667577406563733e-03 1.767850044156616361e-03
1.115000000000000000e+05 1.476421831595058553e-03 1.599777460240524220e-03 1.574966564485975233e-03 1.828565310387186317e-03
1.116000000000000000e+05 1.463657448261616130e-03 1.607337376680951536e-03 1.565544989723793899e-03 1.793202436033315174e-03
1.117000000000000000e+05 1.452633614404106200e-03 1.632364515020409430e-03 1.574089795505249217e-03 1.759653931487875026e-03
1.118000000000000000e+05 1.455969313723036581e-03 1.662010937063115477e-03 1.551695524322574578e-03 1.778293808591105765e-03
1.119000000000000000e+05 1.460751165948881089e-03 1.693710374085043288e-03 1.522605482752142523e-03 1.785056941628113516e-03
1.120000000000000000e+05 1.481922751119757421e-03 1.719407747740157606e-03 1.620977099608930053e-03 1.767186827712953099e-03
1.121000000000000000e+05 1.502549584318292695e-03 1.743304502385228027e-03 1.717649120455293438e-03 1.791737718746730596e-03
1.122000000000000000e+05 1.513643258000849263e-03 1.759730116640964830e-03 1.789428519787257315e-03 1.855750009733020140e-03
1.123000000000000000e+05 1.523910635944607586e-03 1.774797341735003409e-03 1.846648948601261123e-03 1.880944460064811613e-03
1.124000000000000000e+05 1.504431367291672638e-03 1.785328521469672653e-03 1.869997486822456891e-03 1.890348602333757552e-03
1.125000000000000000e+05 1.484952098638737906e-03 1.795481697424394308e-03 1.885332630977138574e-03 1.832941929786062419e-03
1.126000000000000000e+05 1.486316126536535052e-03 1.777948199269544557e-03 1.891265392760445958e-03 1.767175103011183086e-03
1.127000000000000000e+05 1.487680154434332198e-03 1.756362098290402537e-03 1.909023057392498449e-03 1.689842645173022422e-03
1.128000000000000000e+05 1.546257456537971590e-03 1.686144763419782566e-03 1.934039573278236324e-03 1.640122474506095157e-03
1.129000000000000000e+05 1.606424016258442685e-03 1.637648139543229631e-03 1.841534370914412605e-03 1.658282509801787446e-03
1.130000000000000000e+05 1.607586631849070068e-03 1.708615426134096459e-03 1.715715925582193173e-03 1.681017341187825316e-03
1.131000000000000000e+05 1.605377593489415227e-03 1.756996160885442590e-03 1.841017656647254714e-03 1.708670078370983121e-03
1.132000000000000000e+05 1.607260147702701961e-03 1.730088389505047642e-03 1.960848728100159002e-03 1.796212426568559927e-03
1.133000000000000000e+05 1.609503724790071685e-03 1.685595206577122397e-03 1.879622910402452057e-03 1.912630122933800959e-03
1.134000000000000000e+05 1.618471843495467499e-03 1.601534847667259462e-03 1.809333103031352972e-03 1.805998296647348678e-03
1.135000000000000000e+05 1.628255058154563740e-03 1.548984897837677246e-03 1.770549420648814560e-03 1.676220300447164293e-03
1.136000000000000000e+05 1.596973041122371579e-03 1.546851602536558103e-03 1.723774010431720341e-03 1.716963415912685538e-03
1.137000000000000000e+05 1.559274581638411946e-03 1.554115959509498341e-03 1.665833686328111341e-03 1.757145229365294440e-03
1.138000000000000000e+05 1.571022741919889066e-03 1.572344244135508076e-03 1.699301243049432643e-03 1.795669865446447100e-03
1.139000000000000000e+05 1.592341215704351888e-03 1.582223723195387262e-03 1.799866073993306500e-03 1.798450136001234845e-03
1.140000000000000000e+05 1.580368862047308934e-03 1.584947083198583184e-03 1.805997391580148673e-03 1.756791465631340294e-03
1.141000000000000000e+05 1.560628648653913887e-03 1.591689042039358404e-03 1.778290033547402782e-03 1.743358021055790982e-03
1.142000000000000000e+05 1.522320790582963428e-03 1.600942625153619790e-03 1.751175855240182273e-03 1.745901119382699696e-03
1.143000000000000000e+05 1.478890823635444201e-03 1.620549202969074048e-03 1.724843004920238038e-03 1.694886616164245543e-03
1.144000000000000000e+05 1.503798405560078343e-03 1.644757111762836996e-03 1.710697699459132063e-03 1.634952921148993734e-03
1.145000000000000000e+05 1.550671628193613224e-03 1.641943580542461201e-03 1.706442572544103345e-03 1.653895727583545991e-03
1.146000000000000000e+05 1.568579839290675437e-03 1.631023617317844086e-03 1.738357241454724323e-03 1.682565313148402840e-03
1.147000000000000000e+05 1.575760268337192144e-03 1.628550902765148320e-03 1.761000086219922239e-03 1.746359378906029878e-03
1.148000000000000000e+05 1.629044161746893505e-03 1.627614051607348270e-03 1.768139225037032797e-03 1.770476873131349984e-03
1.149000000000000000e+05 1.701833367002561406e-03 1.629977679691889478e-03 1.753241956855902672e-03 1.737413426030716933e-03
1.150000000000000000e+05 1.699454555777851674e-03 1.632616347713292549e-03 1.719094494055621938e-03 1.754893630010970467e-03
1.151000000000000000e+05 1.660995096642571079e-03 1.637419266383770495e-03 1.734447612673632386e-03 1.805732643704606758e-03
1.152000000000000000e+05 1.616276572573301096e-03 1.640414886898588186e-03 1.771703643423633723e-03 1.828016253795858260e-03
1.153000000000000000e+05 1.568167721664787259e-03 1.621722929545498220e-03 1.810026486323542154e-03 1.842944684171342199e-03
1.154000000000000000e+05 1.568265229693523426e-03 1.620218265890038378e-03 1.847417656274856143e-03 1.863415586883228640e-03
1.155000000000000000e+05 1.597705738814502027e-03 1.713243717571585629e-03 1.794981232471156438e-03 1.881907391463466181e-03
1.156000000000000000e+05 1.587745267274578119e-03 1.796054842067478299e-03 1.764538044724487092e-03 1.891120871408786749e-03
1.157000000000000000e+05 1.550920490738592894e-03 1.844818209277853099e-03 1.840133673681320454e-03 1.921181807112692756e-03
1.158000000000000000e+05 1.568333013155345833e-03 1.865803941549452200e-03 1.907523467352980479e-03 1.986212668605203974e-03
1.159000000000000000e+05 1.627069191917036167e-03 1.824289995208815737e-03 1.958349630541604026e-03 2.039313444318444080e-03
1.160000000000000000e+05 1.678660758937465828e-03 1.850887434213095012e-03 1.965225177741590674e-03 2.083276281987987439e-03
1.161000000000000000e+05 1.724179405977823787e-03 1.986463089769270520e-03 1.926501960853377066e-03 2.060823080092933843e-03
1.162000000000000000e+05 1.778019493518952958e-03 2.004526116326349559e-03 1.944176363269007691e-03 2.017285421193258394e-03
1.163000000000000000e+05 1.839743051008183158e-03 1.885491075717803328e-03 1.992177787385763718e-03 2.051738813544703825e-03
1.164000000000000000e+05 1.900593506197230734e-03 1.785903814703401673e-03 2.034023799260791486e-03 2.059418318569394314e-03
1.165000000000000000e+05 1.960522353402752074e-03 1.702986079055408136e-03 2.074424221897230251e-03 1.885321249152028134e-03
1.166000000000000000e+05 1.963343802881362728e-03 1.642427077642103373e-03 2.036312175555167383e-03 1.762690650708967745e-03
1.167000000000000000e+05 1.898980078563610461e-03 1.595842285125474757e-03 1.987499438938368501e-03 1.741154905965400755e-03
1.168000000000000000e+05 1.812237306007292818e-03 1.567596827488234928e-03 1.883130091703997047e-03 1.725219812499687597e-03
1.169000000000000000e+05 1.696122032637853785e-03 1.547502185352946612e-03 1.810902821715154772e-03 1.714248932666617362e-03
1.170000000000000000e+05 1.607723520997393586e-03 1.432943629613935965e-03 1.818004933864212323e-03 1.624788702527355140e-03
1.171000000000000000e+05 1.559976259892782019e-03 1.290045899793810071e-03 1.785217260670002911e-03 1.505240888104047037e-03
1.172000000000000000e+05 1.493065617925984486e-03 1.148857976498547260e-03 1.703250400066273198e-03 1.343380882744388575e-03
1.173000000000000000e+05 1.394672278828456213e-03 1.007980927116896176e-03 1.630065115422294972e-03 1.196349063527986237e-03
1.174000000000000000e+05 1.286545456996010962e-03 1.062064661908017262e-03 1.562556809176539677e-03 1.203281328777508312e-03
1.175000000000000000e+05 1.160449128576025940e-03 1.132395128713546131e-03 1.464472218548581442e-03 1.266701594696800553e-03
1.176000000000000000e+05 1.056775420654066083e-03 1.410823317879472813e-03 1.357092437468438275e-03 1.461174022169999323e-03
1.177000000000000000e+05 9.998155054363395185e-04 1.645893259817036210e-03 1.327881291805772844e-03 1.463279197410661441e-03
1.178000000000000000e+05 9.767522795741685054e-04 1.360664235014569148e-03 1.302794728177382455e-03 1.268325236218012433e-03
1.179000000000000000e+05 1.033808501279659701e-03 1.075218517954852149e-03 1.255491253982633174e-03 9.603902026342128881e-04
1.180000000000000000e+05 1.113800212197308195e-03 7.885809934802608286e-04 1.276603250647565923e-03 6.009199430474243282e-04
1.181000000000000000e+05 1.255717743987782783e-03 5.498671801470466931e-04 1.508092820205988137e-03 5.225469892678715400e-04
1.182000000000000000e+05 1.329205284827303423e-03 4.708990706184340526e-04 1.481180651640844059e-03 4.840275515011475309e-04
1.183000000000000000e+05 1.189799520486023270e-03 4.117837919394987177e-04 1.074496231591001022e-03 4.627950727222105809e-04
1.184000000000000000e+05 1.035094178706708577e-03 3.973373826723305578e-04 8.034730772134583612e-04 4.418372403511716283e-04
1.185000000000000000e+05 8.249278687145374100e-04 3.875989684759586747e-04 6.371450300395230465e-04 4.216409275656675935e-04
1.186000000000000000e+05 6.407331818179548902e-04 3.853933463928628403e-04 5.330011936097676104e-04 4.049471938331004059e-04
1.187000000000000000e+05 5.678454510453156620e-04 3.845893682686942535e-04 4.525716748366947996e-04 3.924012510842738279e-04
1.188000000000000000e+05 5.037042186063041748e-04 3.854206414299409336e-04 4.087348171369175991e-04 3.848031995584060092e-04
1.189000000000000000e+05 4.847532275577124045e-04 3.784434387961333347e-04 3.720285765264165012e-04 3.798623488744979379e-04
1.190000000000000000e+05 4.647679943894092382e-04 3.647732569094226489e-04 3.866333824162400553e-04 3.801990938396559452e-04
1.191000000000000000e+05 4.381636116549571377e-04 3.681334228481040051e-04 3.965597659113998365e-04 3.819070154582771427e-04
1.192000000000000000e+05 4.120146546268317351e-04 3.821375561776523856e-04 3.880560005791022630e-04 3.940429836691250963e-04
1.193000000000000000e+05 3.896229596759007629e-04 3.755705825332427642e-04 3.801526363978175566e-04 4.060350522046735923e-04
1.194000000000000000e+05 3.674431395161484293e-04 3.598608946781836843e-04 3.733076064488268344e-04 4.175424060444763298e-04
1.195000000000000000e+05 3.476645669897543791e-04 3.964797265953589494e-04 3.863544553095576831e-04 4.356794360018475414e-04
1.196000000000000000e+05 3.301604360458472941e-04 4.487971144442035910e-04 4.176550282544992838e-04 4.629085932061686960e-04
1.197000000000000000e+05 3.524590327955077996e-04 5.093750534292367915e-04 4.183782612929694777e-04 4.777160451307620745e-04
1.198000000000000000e+05 3.757123615894149824e-04 5.714549108026688480e-04 4.047769747356147344e-04 4.847294858994469127e-04
1.199000000000000000e+05 4.333360439761460071e-04 5.527170608238164565e-04 3.919638495951064533e-04 4.835129715994907645e-04
