9.000000000000000000e+04 3.753349868384415924e-04 3.715067889981326873e-04 3.514362597311947232e-04 3.488164948872325417e-04 3.497461722648859584e-04 3.475157134826542603e-04 4.122916300936392791e-04
9.010000000000000000e+04 3.859170005855947763e-04 3.523881993875912100e-04 3.592785752614109196e-04 3.568795422378325932e-04 3.409326604521098936e-04 3.785010755188981555e-04 4.221222685533955400e-04
9.020000000000000000e+04 3.935394081140180448e-04 3.394668953581650699e-04 3.673399892550458824e-04 3.656378821522213163e-04 3.322002500639281665e-04 4.047437448257745676e-04 4.287821436206150773e-04
9.030000000000000000e+04 3.804445721113319605e-04 3.699265903965460187e-04 3.771176745454597463e-04 3.805669435702368521e-04 3.242962327983888696e-04 3.825431955398445158e-04 3.973928579774181082e-04
9.040000000000000000e+04 3.766777906850578045e-04 3.884219348132150773e-04 3.867557957348783998e-04 3.943031904212740543e-04 3.192125845208807324e-04 3.641172989900617776e-04 3.725142564926990467e-04
9.050000000000000000e+04 4.008951729880197044e-04 3.710242273647486821e-04 3.959170729125634355e-04 4.033427299148358231e-04 3.271227790810818771e-04 3.630817668318071616e-04 3.834444178796237910e-04
9.060000000000000000e+04 4.164356533707235658e-04 3.545318493523180216e-04 4.041527303932325108e-04 4.128676823049502536e-04 3.354309779720659112e-04 3.692584423589795458e-04 3.923566335514974603e-04
9.070000000000000000e+04 4.175146305529974715e-04 3.395483537332804691e-04 4.105885717963709191e-04 4.235050392496644096e-04 3.448289506259081638e-04 3.951828294057786479e-04 3.945423635065337976e-04
9.080000000000000000e+04 4.147344725932377001e-04 3.269451164091457585e-04 4.224220745479892979e-04 4.062493373113768751e-04 3.639761031344111264e-04 4.122857460901898741e-04 4.011348680494744622e-04
9.090000000000000000e+04 4.080951794914442518e-04 3.167221373799139440e-04 4.407777514290217601e-04 3.480257051386789627e-04 4.007065978807860260e-04 4.134785108710070114e-04 4.176426154151982638e-04
9.100000000000000000e+04 4.179390859832278460e-04 3.612441583377390105e-04 4.487388586588594136e-04 3.501084798655259124e-04 4.320833563286407913e-04 4.263088993974480361e-04 4.407671248513679086e-04
9.110000000000000000e+04 4.376729122311576983e-04 4.386131792877982273e-04 4.487307958227822885e-04 4.109900013194404001e-04 4.568061853769065641e-04 4.536031917220211397e-04 4.744784536002540575e-04
9.120000000000000000e+04 4.359153756453979151e-04 4.761250809335820333e-04 4.472388552753631488e-04 4.243173945430312854e-04 4.524714774726053160e-04 4.543634555347871918e-04 4.735734999266689375e-04
9.130000000000000000e+04 4.269940514484082354e-04 5.003512761446074052e-04 4.450461946975879071e-04 4.069327466178791612e-04 4.228843862642913298e-04 4.320643850456292400e-04 4.322828834268636509e-04
9.140000000000000000e+04 4.192924184657546524e-04 4.565032550147765243e-04 4.375454661510102205e-04 4.209086691021963404e-04 4.390711829668633107e-04 4.224124774763192728e-04 4.068180473846973286e-04
9.150000000000000000e+04 4.117650270851490909e-04 4.029303458362520169e-04 4.286545293268891705e-04 4.477648258618299498e-04 4.828157285137361443e-04 4.203746781954870171e-04 3.949181660205059526e-04
9.160000000000000000e+04 4.353580253656911571e-04 4.247285026232596665e-04 4.244224284382325739e-04 4.408339351718960431e-04 5.031085648974511311e-04 4.082826253092078340e-04 4.127477543420651415e-04
9.170000000000000000e+04 4.568345794077946758e-04 4.458892541321923808e-04 4.211432438884826681e-04 4.259842052359688104e-04 5.139788395638237401e-04 3.921509169564534937e-04 4.491582612172131820e-04
9.180000000000000000e+04 4.634960237808284167e-04 4.625881686946005486e-04 4.421803476447545346e-04 4.119411675417367557e-04 4.822079791683439674e-04 4.109446510319724193e-04 4.421477559210943765e-04
9.190000000000000000e+04 4.643226563358860619e-04 4.686749639303245361e-04 4.586300909503605427e-04 3.984740201281330540e-04 4.399460458608201656e-04 4.383311526890514812e-04 4.158390229932983875e-04
9.200000000000000000e+04 4.476448534370155280e-04 4.429254011859958744e-04 4.449343227230010659e-04 4.238088984371925542e-04 4.427528599305582718e-04 4.134339511781082253e-04 4.293537508041703481e-04
9.210000000000000000e+04 4.449787863538301491e-04 4.293977735767603564e-04 4.445190027117262334e-04 4.463173527964978018e-04 4.510323076103916139e-04 3.821880142824774299e-04 4.548155168366419128e-04
9.220000000000000000e+04 4.656656122967868213e-04 4.362400378593467450e-04 4.849666002884047908e-04 4.468425097688276566e-04 4.527125826579801574e-04 3.990681052246270073e-04 4.342284577920384257e-04
9.230000000000000000e+04 4.695013131890009273e-04 4.321629081267582407e-04 4.972972457877503473e-04 4.402796844743364396e-04 4.551437953135815148e-04 4.157302138847365877e-04 4.052688850970612047e-04
9.240000000000000000e+04 4.564858890304724671e-04 4.171663843789948979e-04 4.593133454645138055e-04 4.078665709126110786e-04 4.692482776217784483e-04 4.170556555895265651e-04 4.360528454707204848e-04
9.250000000000000000e+04 4.434771455016907294e-04 4.342355754009547398e-04 4.378656484284346542e-04 3.953549177087573442e-04 4.754054992646589996e-04 4.196130687778175297e-04 4.718154336001025408e-04
9.260000000000000000e+04 4.304724103507569493e-04 4.705441952847485361e-04 4.349384990739729598e-04 4.258304188779196350e-04 4.396011845946565851e-04 4.286752913989953177e-04 4.659959585701925412e-04
9.270000000000000000e+04 4.542332458605053075e-04 4.797067546529020085e-04 4.347427949006206472e-04 4.321982452795933055e-04 4.250640145605929197e-04 4.316076551885794188e-04 4.627744328564271318e-04
9.280000000000000000e+04 4.902492715904811175e-04 4.798206271825087243e-04 4.364855356945067854e-04 4.049614341265915149e-04 4.748735898352697700e-04 4.159932666159047278e-04 4.907282989363765833e-04
9.290000000000000000e+04 4.757552885113530607e-04 4.390706465751273782e-04 4.561516928992548087e-04 3.953127449623085690e-04 5.152372620876689369e-04 4.124807407744975779e-04 5.100585431443284239e-04
9.300000000000000000e+04 4.540455898880673552e-04 3.924829726624620620e-04 4.835685166600522814e-04 4.019652420314721256e-04 5.370655774661664463e-04 4.327152663302923671e-04 4.819588670562731836e-04
9.310000000000000000e+04 4.440716408347156804e-04 4.130753732780988044e-04 4.867035934910749211e-04 4.109845494176508408e-04 5.238714622075709088e-04 4.492497601411951950e-04 4.629261035309691226e-04
9.320000000000000000e+04 4.398301079362296109e-04 4.310015813542429327e-04 4.841917524314535417e-04 4.214529243448594462e-04 4.636322908693083032e-04 4.608140620559756295e-04 4.741163818815046210e-04
9.330000000000000000e+04 4.757154881218023448e-04 4.302644416539390870e-04 4.763371673655098144e-04 4.488877281246964144e-04 4.590042203517637437e-04 4.569061326077208983e-04 4.808232187007293072e-04
9.340000000000000000e+04 4.905803442260619433e-04 4.268623397192798001e-04 4.682390166833370719e-04 4.828709781283525545e-04 5.065544666536712058e-04 4.384810478064913013e-04 4.774423120745062790e-04
9.350000000000000000e+04 4.423836280863817014e-04 4.154653510815542981e-04 4.650515731678359641e-04 4.579846778608588458e-04 5.272019615039454012e-04 4.222598962346777503e-04 4.745717959666006483e-04
9.360000000000000000e+04 4.129061400360269844e-04 4.206057205445602179e-04 4.720258360134705765e-04 4.204187821503509279e-04 5.302918711963091128e-04 4.074771010862727636e-04 4.725179046880030489e-04
9.370000000000000000e+04 4.146273654678813130e-04 4.533083535087853184e-04 5.361596971405191685e-04 4.433625356487317921e-04 5.042160266038399384e-04 4.178945736641961504e-04 4.800668896023524163e-04
9.380000000000000000e+04 4.290580963045037164e-04 4.678264912345115266e-04 5.657872133804163050e-04 4.705243902676687099e-04 4.652965470969488244e-04 4.394094118463743128e-04 4.988192300751408603e-04
9.390000000000000000e+04 4.561983325458941405e-04 4.641601337217388427e-04 4.992899117203956688e-04 4.686073987504974186e-04 4.352489220010662108e-04 4.524748620875480680e-04 5.078883892795134228e-04
9.400000000000000000e+04 4.573315001480792049e-04 4.777014194588027332e-04 4.582126739345057458e-04 4.686543209266103623e-04 4.076536794252992872e-04 4.632047091580380029e-04 5.086576788252445292e-04
9.410000000000000000e+04 4.428604265667410752e-04 5.015672911457685901e-04 4.590785415409441117e-04 4.822522475863775236e-04 4.055592000464805177e-04 4.494529779809509212e-04 4.874547350531473222e-04
9.420000000000000000e+04 4.706272023671608895e-04 4.618382052911152759e-04 4.454093515471016680e-04 4.847640904739249513e-04 4.071874598204989408e-04 4.321272937750224069e-04 4.525191454574113833e-04
9.430000000000000000e+04 5.124732612948333698e-04 4.009108002559222199e-04 4.166460632760441893e-04 4.497064272445102447e-04 4.122051540767152685e-04 4.118171683449524845e-04 4.286608412544252577e-04
9.440000000000000000e+04 4.823468530247360586e-04 4.167696833890283028e-04 4.073744026880861163e-04 4.256538087802929130e-04 4.173132698042744020e-04 3.929308304663040085e-04 4.097257750037732859e-04
9.450000000000000000e+04 4.419386637263859278e-04 4.435980362604628031e-04 4.108941227671587706e-04 4.240345507989796135e-04 4.215970794529023285e-04 4.027712198838758200e-04 3.932517090965454310e-04
9.460000000000000000e+04 4.582667972772160145e-04 4.652472674796983426e-04 4.075211993337627021e-04 4.244112625964401703e-04 4.283776070206917635e-04 4.124739912177952409e-04 3.775159432923448220e-04
9.470000000000000000e+04 4.710481661981522528e-04 4.824583517856582829e-04 4.014274955664971171e-04 4.274296991011019902e-04 4.504789036378802135e-04 4.213322879474840099e-04 4.015434323864448731e-04
9.480000000000000000e+04 4.590021827098318230e-04 4.686024076986894621e-04 4.092917750196844919e-04 4.248789888980620232e-04 4.652796684445741353e-04 4.302938982641693676e-04 4.328006041893237379e-04
9.490000000000000000e+04 4.445741206086735908e-04 4.534640700389384015e-04 4.200110964952362544e-04 4.174221256430000484e-04 4.555425346659999200e-04 4.396027570260377599e-04 4.251210595623091705e-04
9.500000000000000000e+04 4.229998226690021143e-04 4.344785516608406215e-04 4.371523691351045953e-04 4.265403991499907752e-04 4.396085578369480443e-04 4.459192643843111806e-04 4.141967885661347300e-04
9.510000000000000000e+04 4.123552295813735433e-04 4.359097279755297415e-04 4.546341661539484401e-04 4.452722519789714087e-04 4.104133368798692583e-04 4.458321397388891440e-04 4.182988046100235180e-04
9.520000000000000000e+04 4.199268112471499594e-04 4.713687287781970279e-04 4.713694183247313201e-04 4.421304707680461248e-04 3.988916803098417315e-04 4.551188764025966148e-04 4.191961131503435219e-04
9.530000000000000000e+04 4.361035081746317916e-04 4.817359655404136352e-04 4.817433399142721025e-04 4.310689255081883169e-04 4.130519219897530445e-04 4.780270052811355099e-04 3.816369316478621858e-04
9.540000000000000000e+04 4.608853203638191482e-04 4.670114382621795091e-04 4.610174231066190031e-04 4.406605160773849816e-04 4.138320132331582669e-04 4.998021345262335059e-04 3.578545028843591069e-04
9.550000000000000000e+04 4.517905322258961498e-04 4.471106523652001834e-04 4.469168171413012941e-04 4.543201485523064428e-04 4.010604136498449124e-04 5.204297385015644673e-04 4.098442141852691586e-04
9.560000000000000000e+04 4.223697838917068841e-04 4.241041112969736620e-04 4.496003319765648682e-04 4.377417266967143688e-04 4.034183201412518929e-04 5.035685091546294014e-04 4.549847377817166534e-04
9.570000000000000000e+04 4.133551748503815852e-04 4.310744317489148178e-04 4.399134995976037394e-04 4.199743626220434371e-04 4.164655515767542462e-04 4.602206040908775895e-04 4.772946356966206293e-04
9.580000000000000000e+04 4.111426122400108876e-04 4.480370393742451633e-04 4.113766143207717423e-04 4.238459607342505149e-04 4.465353270779328461e-04 4.387389129750580074e-04 4.781821714163273234e-04
9.590000000000000000e+04 3.956531830219712099e-04 4.590916506528831473e-04 3.981286624002439026e-04 4.327569558803467335e-04 4.847951945352371446e-04 4.277777587587130396e-04 4.308693921968475464e-04
9.600000000000000000e+04 3.782670585742645814e-04 4.693022624534222225e-04 3.996033870450457011e-04 4.728205872359484427e-04 4.805436402287516294e-04 4.420782788137572294e-04 4.041989234787377429e-04
9.610000000000000000e+04 4.127285345995436255e-04 4.540346612416425740e-04 4.223044517643782672e-04 4.970242007823639238e-04 4.631843975450925508e-04 4.641678151024828270e-04 4.105561515628293619e-04
9.620000000000000000e+04 4.438229214683910863e-04 4.394090020548332802e-04 4.578699650137255757e-04 4.711435475629079236e-04 4.557618377669556370e-04 4.578965651805290134e-04 4.346449341769344655e-04
9.630000000000000000e+04 4.513476842422174109e-04 4.292769370428164153e-04 4.497273290481517620e-04 4.528076220854916297e-04 4.500448280397671003e-04 4.467574191179346857e-04 4.794205304093904956e-04
9.640000000000000000e+04 4.508963057241760649e-04 4.213450163997798075e-04 4.258945882361953343e-04 4.490022833705201860e-04 4.288628106887688971e-04 4.624351715773174307e-04 4.942718721983224749e-04
9.650000000000000000e+04 4.265165033305318154e-04 4.200135288636839171e-04 4.112404158523310857e-04 4.451715836241915743e-04 4.078906295480889520e-04 4.789860966747052262e-04 4.834738530356647804e-04
9.660000000000000000e+04 4.135442869091200072e-04 4.208131135283943382e-04 3.982179889667935755e-04 4.413090014384424904e-04 4.218868346461603514e-04 4.725064467538543753e-04 4.681592057156022690e-04
9.670000000000000000e+04 4.195847137747624124e-04 4.251644851944485397e-04 4.109986121214554496e-04 4.253261880089303235e-04 4.334516224592528232e-04 4.668360337650519394e-04 4.500216657971625126e-04
9.680000000000000000e+04 4.119785728758625434e-04 4.365471145839671177e-04 4.251278402997463136e-04 3.991962042358007884e-04 4.273566426235595557e-04 4.670432363879671914e-04 4.596940436316286583e-04
9.690000000000000000e+04 3.907258642124203461e-04 4.549610016969500722e-04 4.433818971550335477e-04 3.997796244704762605e-04 4.274673202073866530e-04 4.618594501689151223e-04 4.817263849118326880e-04
9.700000000000000000e+04 3.952910233301282824e-04 4.579649221445137924e-04 4.551374213426847442e-04 4.150292272976682361e-04 4.508962256706325182e-04 4.364186149679176755e-04 4.762240226512146437e-04
9.710000000000000000e+04 4.153469031165262014e-04 4.517228625928259396e-04 4.389492550594944684e-04 4.249697336702754958e-04 4.635534925827208266e-04 4.261966758428224040e-04 4.624612493283504489e-04
9.720000000000000000e+04 4.266614312708706864e-04 4.371093248188649802e-04 4.400315102898413769e-04 4.331105463294645293e-04 4.510005416091172133e-04 4.515934296613336634e-04 4.485091559514258028e-04
9.730000000000000000e+04 4.350621755478640087e-04 4.197052943041463548e-04 4.810516152702373456e-04 4.442985553206111444e-04 4.317479114861907897e-04 4.580064555031257835e-04 4.345226407464901656e-04
9.740000000000000000e+04 4.300444517843178332e-04 4.165556807529466202e-04 4.706979662627748268e-04 4.560323308189740896e-04 4.019515240135103189e-04 4.345434504307367799e-04 4.469863109973306638e-04
9.750000000000000000e+04 4.231098040149803164e-04 4.154424124822496075e-04 3.879540275451333624e-04 5.007966951169056258e-04 3.860998633098065543e-04 4.192646043987664707e-04 4.616541633694871906e-04
9.760000000000000000e+04 4.105011010953614307e-04 4.108022695519872184e-04 3.696904154864793612e-04 5.439750274549776717e-04 3.854944372068489097e-04 4.129337722509860711e-04 4.752627907465012684e-04
9.770000000000000000e+04 3.991001005967645854e-04 4.136655530541445995e-04 4.089985236590603854e-04 5.243846717461499423e-04 3.998744169727270039e-04 4.127847523175160339e-04 4.868812034406458291e-04
9.780000000000000000e+04 3.961530170453220223e-04 4.690528215832402096e-04 4.314891048687158315e-04 5.048063043437630865e-04 4.257039203237801160e-04 4.173589147500346690e-04 4.746170399403710377e-04
9.790000000000000000e+04 3.951412169338172674e-04 5.024858577331145666e-04 4.445816563049691836e-04 4.852948716523381909e-04 4.478940203677695959e-04 4.426781588719817654e-04 4.608759668172791434e-04
9.800000000000000000e+04 3.999352671421260459e-04 4.700561967453253270e-04 4.497591396769388939e-04 4.696804535487109468e-04 4.681760837265019665e-04 4.788734652388745459e-04 4.390118907686898771e-04
9.810000000000000000e+04 4.087493844118683032e-04 4.375616741602341960e-04 4.523642259280164423e-04 4.655622284790881735e-04 4.685670259441407988e-04 4.628316361273245635e-04 4.348382661621604537e-04
9.820000000000000000e+04 4.242636134506663228e-04 4.049590489129733725e-04 4.669797797340823303e-04 4.682248005179023950e-04 4.621575848656784440e-04 4.289309572795523950e-04 4.896328130291674723e-04
9.830000000000000000e+04 4.206920767962799641e-04 4.004005709513028125e-04 4.834230133854737965e-04 4.832381101470875607e-04 4.542989817419490267e-04 4.159881318821983609e-04 5.177289915807107299e-04
9.840000000000000000e+04 3.980347744487092274e-04 4.238862402752225159e-04 4.229941046634466879e-04 4.825157268209868977e-04 4.461527586703040497e-04 4.072048804521027042e-04 4.857538414224699033e-04
9.850000000000000000e+04 3.913348484563494126e-04 4.342688982894391133e-04 3.734986538296284535e-04 4.629979324649648740e-04 4.499831585240678870e-04 4.505512999252327512e-04 4.623274365964953462e-04
9.860000000000000000e+04 3.942093482771160968e-04 4.367897495178338471e-04 4.431561788530241305e-04 4.548716172508583656e-04 4.552585269160178139e-04 4.974042278430080340e-04 4.525790243021506152e-04
9.870000000000000000e+04 3.890308397737835054e-04 4.323883818856163043e-04 4.931084409279075983e-04 4.558067058996389869e-04 4.957033754956579035e-04 4.816626364971513148e-04 4.573709147324132081e-04
9.880000000000000000e+04 3.811679951624178221e-04 4.256796079665279664e-04 4.678224262902789090e-04 4.634626358481737981e-04 5.250432889287008371e-04 4.667300960897375652e-04 4.791264916747190795e-04
9.890000000000000000e+04 4.453742053690493033e-04 4.376058450846520868e-04 4.572494992175943048e-04 4.746082333946584244e-04 4.565209613823049549e-04 4.589273170773561033e-04 4.933070063355480921e-04
9.900000000000000000e+04 5.198759948353946650e-04 4.521942266366637013e-04 4.778336987530208755e-04 4.835956479757386249e-04 4.077021728177638096e-04 4.594241963507171502e-04 5.009946104693973040e-04
9.910000000000000000e+04 5.075025833853626491e-04 4.410172103936134294e-04 4.814065333806538585e-04 4.918996379511076994e-04 4.422950326097503421e-04 4.950562957003919184e-04 5.046192621505558081e-04
9.920000000000000000e+04 4.984549394067840870e-04 4.338712168955271534e-04 4.627906311720309061e-04 4.827896177647707232e-04 4.687651797140302804e-04 5.139297150822453621e-04 5.057045685487832976e-04
9.930000000000000000e+04 5.126876677283801354e-04 4.549423826121889568e-04 4.600539632283771408e-04 4.708626253463939768e-04 4.743747237794284895e-04 4.897637972740146502e-04 5.106031356643873746e-04
9.940000000000000000e+04 5.183028514346454431e-04 4.789835116925603847e-04 4.704587305384896065e-04 4.707191210005741205e-04 4.730829231836617267e-04 4.745653770812449527e-04 5.171964853210481465e-04
9.950000000000000000e+04 4.980654012949184200e-04 5.119345308640606317e-04 4.451031530425156963e-04 4.728103300954913002e-04 4.600112411834948040e-04 4.746735476458973811e-04 5.050523265398517737e-04
9.960000000000000000e+04 4.852576010762526333e-04 5.315344079908334565e-04 4.013565410748359341e-04 5.010912603446299185e-04 4.510124777269628447e-04 4.729556245573506620e-04 4.872869152272988106e-04
9.970000000000000000e+04 4.848325507260222767e-04 5.288823817097274612e-04 4.067685156360577293e-04 5.171532820331325390e-04 4.468220208844429775e-04 4.690818964615557488e-04 4.930893697844600460e-04
9.980000000000000000e+04 4.649709627174653057e-04 5.250868445511315237e-04 4.265683691813470591e-04 4.711808448752930704e-04 4.680579584124674661e-04 4.614528370235344672e-04 5.031768908633857005e-04
9.990000000000000000e+04 4.256728370505817203e-04 5.201477965150456441e-04 4.360517976544945554e-04 4.381167020701647041e-04 5.102854540836190920e-04 4.507234458960002318e-04 5.011518793554403791e-04
1.000000000000000000e+05 4.186999139014706381e-04 5.012765582866188013e-04 4.442182356928996807e-04 4.407040389058529731e-04 4.944926317240123156e-04 4.579571914798116002e-04 4.981174901319218801e-04
1.001000000000000000e+05 4.311221122630230795e-04 4.740460059427873264e-04 4.760974217211852411e-04 4.476278201200241131e-04 4.456282280868717601e-04 4.754299249890904001e-04 5.015883740807894255e-04
1.002000000000000000e+05 4.548390911028076574e-04 4.674900850462205930e-04 5.036860262885768267e-04 4.620282295729592368e-04 4.297987554063311907e-04 4.938567709391464885e-04 5.041189728531246788e-04
1.003000000000000000e+05 4.823209967686696684e-04 4.678257079654087915e-04 4.976650760789882695e-04 4.770774389431339151e-04 4.264298268585419555e-04 5.126435014063377999e-04 4.953661495070801240e-04
1.004000000000000000e+05 5.100100140490623464e-04 4.770499519268621034e-04 4.860670600704191453e-04 4.928631238950401290e-04 4.326567266141562802e-04 4.973529176206302558e-04 4.907855227002633734e-04
1.005000000000000000e+05 5.377286187029594287e-04 4.875439988943533042e-04 4.554140692486649761e-04 4.852696877838290541e-04 4.410576812197597625e-04 4.743416923245028795e-04 5.091519768592095213e-04
1.006000000000000000e+05 4.964953015027479075e-04 4.599549784470406688e-04 4.390244519242619999e-04 4.600120268693777483e-04 4.658636073310982897e-04 4.883629342018275471e-04 5.196815448006203344e-04
1.007000000000000000e+05 4.644446815513172825e-04 4.385122029277949075e-04 4.503691719558133009e-04 4.571946052175618986e-04 4.924024529676917497e-04 5.062960564143789656e-04 5.040881586835787307e-04
1.008000000000000000e+05 4.966729423413533641e-04 4.600931419050169400e-04 4.588889414137884109e-04 4.653856028266608398e-04 4.768841790367023574e-04 4.970054424681272578e-04 4.939266190961400221e-04
1.009000000000000000e+05 5.145405259885804531e-04 4.923368531142826784e-04 4.639952289286919536e-04 4.584344632876242694e-04 4.627659922265200411e-04 4.882532293331060154e-04 4.959867342003061470e-04
1.010000000000000000e+05 4.893260782073805644e-04 5.565688810196794262e-04 4.549833734566821413e-04 4.470151521311045229e-04 4.671427671025193441e-04 4.873978869231189687e-04 4.940648836606624430e-04
1.011000000000000000e+05 4.750150174626310232e-04 5.731806168835141711e-04 4.351476083613737959e-04 4.329908913374949284e-04 4.680739765616766875e-04 4.880916161393578632e-04 4.857718880909214624e-04
1.012000000000000000e+05 4.788762684452985293e-04 5.104251993447452528e-04 4.155037813081264414e-04 4.185891016109735685e-04 4.524154266064129128e-04 4.962438383707572015e-04 4.882721295603179219e-04
1.013000000000000000e+05 4.816740366091514436e-04 4.768586415140142537e-04 3.959505916636301467e-04 4.498738436313498307e-04 4.460854787616555734e-04 4.900939344639063588e-04 5.033644809087092992e-04
1.014000000000000000e+05 4.834083219541897660e-04 4.724809433913210112e-04 4.046002982696734140e-04 4.786915346117162260e-04 4.661486490832209787e-04 4.434794785561343771e-04 5.028856784207192407e-04
1.015000000000000000e+05 4.782189222696534231e-04 4.734015262254428623e-04 4.206364777032378633e-04 4.630557027978669717e-04 4.744667000075205297e-04 4.225655515026860388e-04 4.890601726444034764e-04
1.016000000000000000e+05 4.688753115673723244e-04 4.775010776336537045e-04 4.256781829957239608e-04 4.457079538909367727e-04 4.610028931405216798e-04 4.493144234154499740e-04 4.841391289889307773e-04
1.017000000000000000e+05 4.753411746053610954e-04 5.036832879191643084e-04 4.298833923277594086e-04 4.204120184804150599e-04 4.532481941799184635e-04 4.703854965996341663e-04 4.847833741589834965e-04
1.018000000000000000e+05 4.870768622234398050e-04 5.372263844971082204e-04 4.501442133139000506e-04 3.985572843144071539e-04 4.527746763173277965e-04 4.842153192314260410e-04 4.790243096658579921e-04
1.019000000000000000e+05 5.025875409191559069e-04 5.051775284240195936e-04 4.668696961253381104e-04 3.856183897364607758e-04 4.634174797593065939e-04 4.891872614544158200e-04 4.704193297668751261e-04
1.020000000000000000e+05 5.186375040545346173e-04 4.637583934007833450e-04 4.603629566458892629e-04 3.914922374554870885e-04 4.839712202680097560e-04 4.862618163249796035e-04 4.692136577243242318e-04
1.021000000000000000e+05 4.591065494214654954e-04 4.887512586796546789e-04 4.534248525208937918e-04 4.280935642595638194e-04 4.907597782789928018e-04 5.117827581354835505e-04 4.702277780387027826e-04
1.022000000000000000e+05 4.097428564990366739e-04 5.114355175235403778e-04 4.451594725634472338e-04 4.668914594268729957e-04 4.890337904150986528e-04 5.548994032078034908e-04 4.660861309228006458e-04
1.023000000000000000e+05 4.315499955510900096e-04 5.179595313225267934e-04 4.422160334320182715e-04 5.080593362492488718e-04 4.804265564837201046e-04 5.806733325933880266e-04 4.610070715468467749e-04
1.024000000000000000e+05 4.499598473907114125e-04 5.094633649742177700e-04 4.487960673576768403e-04 5.028408671820436791e-04 4.689676349928423630e-04 5.992601906132956607e-04 4.443973073471396218e-04
1.025000000000000000e+05 4.581778375930369625e-04 4.559066581840222126e-04 4.557359747929962948e-04 4.643452369331770848e-04 4.698832049525530712e-04 5.746846560858799623e-04 4.268266510787857701e-04
1.026000000000000000e+05 4.708718571368201641e-04 4.193678987905382770e-04 4.630789405591359607e-04 4.265534638807484636e-04 4.739666447236154053e-04 5.390595490663460361e-04 4.567865840613234349e-04
1.027000000000000000e+05 4.910259255830328210e-04 4.111923850582403415e-04 4.879373701291951160e-04 3.890875506414854081e-04 4.424848175163698539e-04 5.350389609039501006e-04 4.827021949534273716e-04
1.028000000000000000e+05 5.001398814219482633e-04 4.304585291024869663e-04 5.252261288504204073e-04 4.139508388213756465e-04 4.063974161680475794e-04 5.351110442482345320e-04 4.600859407603564944e-04
1.029000000000000000e+05 4.982137246535663826e-04 4.771663309232782599e-04 5.115810356017075561e-04 4.559043919065148133e-04 4.558807916978388844e-04 5.229722195158681766e-04 4.451429068803059732e-04
1.030000000000000000e+05 4.993285028620522920e-04 4.745175645921562136e-04 4.759104928524777577e-04 4.708564576999790655e-04 5.019149879376272197e-04 5.117195630495398242e-04 4.724025847218857321e-04
1.031000000000000000e+05 5.022678420566590272e-04 4.422548573698862392e-04 4.468706203473255196e-04 4.823369036987990455e-04 4.643602245593279258e-04 5.181863996685113008e-04 4.871051100586303874e-04
1.032000000000000000e+05 4.736380117067393318e-04 4.678252125585743667e-04 4.193727641780049960e-04 4.773822750667197179e-04 4.323218219080536572e-04 5.203190572959570312e-04 4.599504603792555911e-04
1.033000000000000000e+05 4.344851248419774386e-04 5.126732552175819338e-04 4.097658760084010496e-04 4.759205372044551926e-04 4.308532516190602532e-04 4.984331396786849085e-04 4.303866281098676612e-04
1.034000000000000000e+05 4.724527638712403997e-04 4.900276251350357262e-04 4.022357805064971886e-04 5.125529384203857727e-04 4.338128975107108788e-04 4.783492067014927110e-04 3.954021350129511159e-04
1.035000000000000000e+05 5.214376208853640929e-04 4.577400418036961299e-04 4.104214748478280024e-04 5.503033919789065065e-04 4.506398519680657232e-04 4.639083308866577722e-04 3.915135636863443093e-04
1.036000000000000000e+05 5.049104014318088170e-04 4.612159252766572762e-04 4.222699336032493069e-04 5.928242021991449477e-04 4.644669096367495180e-04 4.580161286904162340e-04 4.373784671922471682e-04
1.037000000000000000e+05 4.874898755264435207e-04 4.615765438366951326e-04 4.547214421879387162e-04 6.299510344462719118e-04 4.722364834052319776e-04 4.693856713009505978e-04 4.881204604163341091e-04
1.038000000000000000e+05 4.638162044584078652e-04 4.401303080062697972e-04 4.738717389423364687e-04 6.539447029327783356e-04 4.677956262187110714e-04 4.629412895668206336e-04 5.445523916449696153e-04
1.039000000000000000e+05 4.462828134127232930e-04 4.266361611200630236e-04 4.559686598837802774e-04 6.038682255035650662e-04 4.465191748366566932e-04 4.319352848726251541e-04 5.574057292523000064e-04
1.040000000000000000e+05 4.471702624340919709e-04 4.369982810665118812e-04 4.395042266779782664e-04 4.391024898822415683e-04 4.502456410307936014e-04 4.384276445919647338e-04 5.329059866128007562e-04
1.041000000000000000e+05 4.492393578610582097e-04 4.499769551140340215e-04 4.254135591292213577e-04 3.807796470275313060e-04 4.780374153920097474e-04 4.810121800593245554e-04 5.233501269041833511e-04
1.042000000000000000e+05 4.532778639640204195e-04 4.673165526633449481e-04 4.258676056624823188e-04 4.316290018821469961e-04 4.886625599528941159e-04 4.806089738908137410e-04 5.231341940273644565e-04
1.043000000000000000e+05 4.435563066074094986e-04 4.581445791496119042e-04 4.414257783578391290e-04 4.469704547345642784e-04 4.877824100731274998e-04 4.513948344982542799e-04 5.092725757433840244e-04
1.044000000000000000e+05 4.200746857912255011e-04 4.224610345728348898e-04 4.642085352698624759e-04 4.381363147344218955e-04 4.946365417376393523e-04 4.535248906371692297e-04 4.893462083895529962e-04
1.045000000000000000e+05 4.143993424043657396e-04 4.200141201877263288e-04 4.917324255740721179e-04 4.498619044377069327e-04 5.049997455842780269e-04 4.698759243783294385e-04 4.939279310276321758e-04
1.046000000000000000e+05 4.194077654751005740e-04 4.375091839176187530e-04 4.898889049275234955e-04 4.705590125570343024e-04 4.899148091261157573e-04 5.003739891622373910e-04 5.058620806632840384e-04
1.047000000000000000e+05 4.208307081386764622e-04 4.748258957740659342e-04 4.764529852214638580e-04 4.713139077012620868e-04 4.675291766788709715e-04 5.349306284256222796e-04 5.192064702762896194e-04
1.048000000000000000e+05 4.210584906665326655e-04 5.187498236726979621e-04 5.136117546657636632e-04 4.670041138359432519e-04 4.624391018880057722e-04 5.182131563097670032e-04 5.328072671579051154e-04
1.049000000000000000e+05 4.464728266083998966e-04 5.285498357323819641e-04 5.611194377999062510e-04 4.670091090392791797e-04 4.600196646764338889e-04 4.935783581721190760e-04 5.296202274970903540e-04
1.050000000000000000e+05 4.754852416094116144e-04 5.334750026722161241e-04 5.007075993339333685e-04 4.675002776588014206e-04 4.561130835833300512e-04 4.856575069090355960e-04 5.250342014577387981e-04
1.051000000000000000e+05 4.863930148311391413e-04 5.028148700028311439e-04 4.388412876558853669e-04 4.654534459932592547e-04 4.523573898262997321e-04 4.788410378658788133e-04 5.341621497718969510e-04
1.052000000000000000e+05 4.945477959788096862e-04 4.745107375411044518e-04 4.606532773767177814e-04 4.655471014158275790e-04 4.533221400095224568e-04 4.789759552323322265e-04 5.384632126949067017e-04
1.053000000000000000e+05 4.834316326080810859e-04 4.626986065329851262e-04 4.810437494479520570e-04 4.846375797453847303e-04 4.539625003457969411e-04 4.841260415552093937e-04 4.848416509241722716e-04
1.054000000000000000e+05 4.753549765917228979e-04 4.494655604813648994e-04 4.944845796767045366e-04 4.949609729328830398e-04 4.525020502446918422e-04 5.217553173101716762e-04 4.461726526173946379e-04
1.055000000000000000e+05 4.763968426384758924e-04 4.319697692992421315e-04 5.060097199934374557e-04 4.707639683735083532e-04 4.591094530054190635e-04 5.425096326106585657e-04 4.897427533624151364e-04
1.056000000000000000e+05 4.734206430475766713e-04 4.229920303925445652e-04 5.126817791997217467e-04 4.508608725454512863e-04 4.938390857416756268e-04 5.044426571841182337e-04 5.251193021907889918e-04
1.057000000000000000e+05 4.637476673939237392e-04 4.282110452782223711e-04 5.093330868838989983e-04 4.407979842266624522e-04 5.107381350605963346e-04 4.769023790084521951e-04 5.331840112970051299e-04
1.058000000000000000e+05 4.579338480977448046e-04 4.321129505985972464e-04 4.907146779629567752e-04 4.500208639403407399e-04 4.883371229698852886e-04 4.725638008959338909e-04 5.444535110299456547e-04
1.059000000000000000e+05 4.559791851590398130e-04 4.346977463536691910e-04 4.797316927083826303e-04 4.875697154517062140e-04 4.639725902156725552e-04 4.641640508453769368e-04 5.629337896730148569e-04
1.060000000000000000e+05 4.584275015151085425e-04 4.248186507345231623e-04 4.761013376510516912e-04 4.981949016088059326e-04 4.366783599635373531e-04 4.497047744110814742e-04 5.706181996883365626e-04
1.061000000000000000e+05 4.635176054480415154e-04 4.074612202908463494e-04 4.613981165897009093e-04 4.825695140454914155e-04 4.281183212386368295e-04 4.538797419563967892e-04 5.610292198992574385e-04
1.062000000000000000e+05 4.532484707041790385e-04 4.028583533631630281e-04 4.399840676471278972e-04 4.895363475535848127e-04 4.390223776069710404e-04 4.774149629870259024e-04 5.653793402734960888e-04
1.063000000000000000e+05 4.378595897347181145e-04 4.025070076074775552e-04 4.880556470486317310e-04 5.110939905036255247e-04 4.453906689989080726e-04 4.756679580638407566e-04 5.859917441716069398e-04
1.064000000000000000e+05 4.410179531832118132e-04 4.081370380839759540e-04 5.610707853428821903e-04 5.057559740328570683e-04 4.484692846936776545e-04 4.555843936576680210e-04 5.753625578725638434e-04
1.065000000000000000e+05 4.468259229771275390e-04 4.146215508793577010e-04 5.657952137139067193e-04 4.893715260142574887e-04 4.486613691989710839e-04 4.591536134650807768e-04 5.379548656902483203e-04
1.066000000000000000e+05 4.799289666877409400e-04 4.692375412388090404e-04 5.583790714319051109e-04 4.723568482851054099e-04 4.474239334961429768e-04 4.744365930735067096e-04 5.162758690458568289e-04
1.067000000000000000e+05 5.059794803905664530e-04 5.188516517125978111e-04 5.213110191835069931e-04 4.551944604675425875e-04 4.557486858372867167e-04 4.576292795012313827e-04 5.044273071126650519e-04
1.068000000000000000e+05 4.826622840388772925e-04 5.334526029867480042e-04 4.872429252939519543e-04 4.533998029894077686e-04 4.671269099907904569e-04 4.305746454174738886e-04 4.856486258067611579e-04
1.069000000000000000e+05 4.683760390167734846e-04 5.378597464315994876e-04 5.041688662840595027e-04 4.532094763542010292e-04 4.778866689390571534e-04 4.155984955527279633e-04 4.637898914463179549e-04
1.070000000000000000e+05 4.811826479834256263e-04 5.116854663885545169e-04 5.178860315832618929e-04 4.616183337268079724e-04 4.885348251435217559e-04 4.028019217876521165e-04 4.514939450783933333e-04
1.071000000000000000e+05 4.876487060467373826e-04 4.898207804385664972e-04 5.178054614115685465e-04 4.734950412490882303e-04 4.702111022115610479e-04 4.551020695712576438e-04 4.420668351082240204e-04
1.072000000000000000e+05 4.835471792711484060e-04 4.751387513103401709e-04 5.098734550611064070e-04 5.123439166021575208e-04 4.501000653138889987e-04 5.099610246779777249e-04 4.560482635865212298e-04
1.073000000000000000e+05 4.706514931314371509e-04 4.788794911854036369e-04 4.837850025472441849e-04 5.307170249066821797e-04 4.370102812664737536e-04 4.933100334149610701e-04 4.742857899645425276e-04
1.074000000000000000e+05 4.489616476276036172e-04 5.010430000637568953e-04 4.915052454964488442e-04 4.744138063282674739e-04 4.285336654646849149e-04 4.788275407674700028e-04 4.792079162504056739e-04
1.075000000000000000e+05 4.442763045262672805e-04 4.794955722285703303e-04 5.468650138708938029e-04 4.360121703743064588e-04 4.556809600041157810e-04 4.810906763176465159e-04 4.830204258619216480e-04
1.076000000000000000e+05 4.497936628664292078e-04 4.317215823652597846e-04 5.503369703078246590e-04 4.362779528891772831e-04 4.774586736322731129e-04 4.884193182799911491e-04 5.138684248644708689e-04
1.077000000000000000e+05 4.530365307555377498e-04 4.401624334764020355e-04 5.074805232291208779e-04 4.443017500895003595e-04 4.782614618257558675e-04 5.155350946648795760e-04 5.357363751978416353e-04
1.078000000000000000e+05 4.555212351609617938e-04 4.673415649123619214e-04 4.819978774834000283e-04 4.631397495786338621e-04 4.902706980898573035e-04 5.259460461063211354e-04 4.498437415011378440e-04
1.079000000000000000e+05 4.306582546253675528e-04 4.619034921168382727e-04 4.662241207178719512e-04 4.551440169600482117e-04 5.293215807852237565e-04 4.960475286625046177e-04 3.822564028031444979e-04
1.080000000000000000e+05 4.018884619553421823e-04 4.518058187168169995e-04 4.383443364012024296e-04 4.222779960465035593e-04 5.289190945119189979e-04 4.661578371748395185e-04 4.153481865981022668e-04
1.081000000000000000e+05 3.933608430048346006e-04 4.618050766872908229e-04 4.065300931304120183e-04 4.162204078043734638e-04 4.647336617392528011e-04 4.362824143162860537e-04 4.392509306048863072e-04
1.082000000000000000e+05 3.904818817539394801e-04 4.665716797393286690e-04 3.932749234867753208e-04 4.265761456876017562e-04 4.364314872360588278e-04 4.425828061853040191e-04 4.325235419844225982e-04
1.083000000000000000e+05 4.271435244003316976e-04 4.347096983623149999e-04 3.828439606994464887e-04 4.706534644900573871e-04 4.483767510621385391e-04 4.894587740325447803e-04 4.395250481198543103e-04
1.084000000000000000e+05 4.574645260922935723e-04 4.267746231402491349e-04 4.306860143671561222e-04 5.277461303139646415e-04 4.804682684653678918e-04 4.954383035646606681e-04 4.774165674560460577e-04
1.085000000000000000e+05 4.687636049209644730e-04 4.906202663830267364e-04 4.751957815417226483e-04 5.114480409602746276e-04 5.283562801506789218e-04 4.693513075996933424e-04 4.903278906183341102e-04
1.086000000000000000e+05 4.735169919711098522e-04 5.317436080312498009e-04 4.769575030365909188e-04 4.793427120298747912e-04 5.240058115433194382e-04 4.583047512940959271e-04 4.632708999023651920e-04
1.087000000000000000e+05 4.673608927237128219e-04 5.349964470218817898e-04 4.757881223208975437e-04 4.583547042993204798e-04 4.914875349349991616e-04 4.553682359812991662e-04 4.440268866675598294e-04
1.088000000000000000e+05 4.831690744171165475e-04 5.199695605481733165e-04 4.634272604376033747e-04 4.386150018663699068e-04 4.830507347906003862e-04 4.923639030194700743e-04 4.338980138274461853e-04
1.089000000000000000e+05 5.209415370513209749e-04 4.866629486101244355e-04 4.649613882072928727e-04 4.317555849368781519e-04 4.831254909825902439e-04 5.434735310610045713e-04 4.331741892372349147e-04
1.090000000000000000e+05 4.947053321418340161e-04 4.746594031043963220e-04 4.959201999480011445e-04 4.309206128988296168e-04 4.759277504587040896e-04 5.513357262618141623e-04 4.405118345755105720e-04
1.091000000000000000e+05 4.300639267061320305e-04 4.754376974580607016e-04 4.955106770723706130e-04 4.716543106117707411e-04 4.672195683092125696e-04 5.502157623341637346e-04 4.544004449933632703e-04
1.092000000000000000e+05 4.288132003840729981e-04 4.846082997711917352e-04 4.541859351319440098e-04 4.998346694664405074e-04 4.652977078489211747e-04 5.390230862201731647e-04 4.723834085859503857e-04
1.093000000000000000e+05 4.486927004332282292e-04 4.965763380708116716e-04 4.352453760695110469e-04 4.854731577458624254e-04 4.639443369597011238e-04 5.267724390464013440e-04 4.680781067085187301e-04
1.094000000000000000e+05 4.709703038629778826e-04 4.843199233599548847e-04 4.348296580095534409e-04 4.790028319676660029e-04 4.557013087014269220e-04 4.913356698378310060e-04 4.538669090666326610e-04
1.095000000000000000e+05 4.935904934899553028e-04 4.686028725047443268e-04 4.529335968818004230e-04 4.886183852258641370e-04 4.490187285527727197e-04 4.616465145251553558e-04 4.434311901381070720e-04
1.096000000000000000e+05 5.222348881844608758e-04 4.426710397828198919e-04 4.805619307477547561e-04 4.880870116543944135e-04 4.571083905085355169e-04 4.863681040936685155e-04 4.341281148235895350e-04
1.097000000000000000e+05 5.483052173586294839e-04 4.198738539696306562e-04 4.881553773442543040e-04 4.741258819848320023e-04 4.587722982318903869e-04 5.022275217265526406e-04 4.629566948703932577e-04
1.098000000000000000e+05 5.563570878904389042e-04 4.190191965175878684e-04 4.898849544960358132e-04 4.606810281654105991e-04 4.320742562397801643e-04 4.789711459883714217e-04 4.987183031647147860e-04
1.099000000000000000e+05 5.578179266755349747e-04 4.178370421759809196e-04 4.487954261965644651e-04 4.476909887853990902e-04 4.113887947378763103e-04 4.590469891177977675e-04 4.767803867263681588e-04
1.100000000000000000e+05 5.395056702204914295e-04 4.156723971656817044e-04 4.022396291160784416e-04 4.377208910628325187e-04 4.066436629076841387e-04 4.479570869194870368e-04 4.500341765602962579e-04
1.101000000000000000e+05 5.110386911040810899e-04 4.198811444857443193e-04 4.092073815211651655e-04 4.295023595015838927e-04 4.099921892143377480e-04 4.368005983809804455e-04 4.670155194954231197e-04
1.102000000000000000e+05 4.656471742187260569e-04 4.347122123564100388e-04 4.144020788602592728e-04 4.095353932760638295e-04 4.275401157610709386e-04 4.255272917017794104e-04 4.815370549226263234e-04
1.103000000000000000e+05 4.438180288981855601e-04 4.172751847383912973e-04 4.057078448490875500e-04 3.853146834652035856e-04 4.373140448917606725e-04 4.158745010694319820e-04 4.665409002547648209e-04
1.104000000000000000e+05 4.455512551424596537e-04 3.675700616316880946e-04 3.972584789609841520e-04 3.916057911652463829e-04 4.376715827861175326e-04 4.081845890290477803e-04 4.473675029247289360e-04
1.105000000000000000e+05 4.487969772713219763e-04 3.711263612453966033e-04 3.896457458266975346e-04 4.039068023144029487e-04 4.368007718428191426e-04 4.030066737849879511e-04 4.052192709527238645e-04
1.106000000000000000e+05 4.529501969309372472e-04 4.066395144913521713e-04 3.897738295093073767e-04 4.351495837763247158e-04 4.348894771782124604e-04 3.999565675919330120e-04 3.691614799359043981e-04
1.107000000000000000e+05 4.573545269697236481e-04 4.281260607719052764e-04 4.049535014469998057e-04 4.654455328923262267e-04 4.218229607179928178e-04 4.196639480611327700e-04 3.534051587697048438e-04
1.108000000000000000e+05 4.618425604682337409e-04 4.449370713973242091e-04 4.132857916534068889e-04 4.393322124934622395e-04 4.022210617916553124e-04 4.527039974839791418e-04 3.617482036478472359e-04
1.109000000000000000e+05 4.339777132453960084e-04 4.549212917019445582e-04 4.133441622678432105e-04 4.203829513354456022e-04 4.097916656142035186e-04 4.450170672047063978e-04 4.243148221257503610e-04
1.110000000000000000e+05 4.014910259195086407e-04 4.639302562464508008e-04 4.214333544459459842e-04 4.457206018481345701e-04 4.279427129849910916e-04 4.214718439440764920e-04 4.624936552760055674e-04
1.111000000000000000e+05 4.412978907868054298e-04 4.458809157027715368e-04 4.356795098228586401e-04 4.603671027319696787e-04 4.206205049085412679e-04 4.252307261544027955e-04 4.616520319020130450e-04
1.112000000000000000e+05 4.745296619339865827e-04 4.295196243231976917e-04 4.555285785340878980e-04 4.412520784720419032e-04 4.072809923957368123e-04 4.354393970586549738e-04 4.514836634692159009e-04
1.113000000000000000e+05 4.617357770403587164e-04 4.249746770923620506e-04 4.780234674309671969e-04 4.345542558665794163e-04 4.182394349497300327e-04 4.632746322837515162e-04 4.304340924678124792e-04
1.114000000000000000e+05 4.521109662934166265e-04 4.220003677751762105e-04 4.701080776609978099e-04 4.517710438548982370e-04 4.319550922630748186e-04 4.931100450204322066e-04 4.122042888346918945e-04
1.115000000000000000e+05 4.519933779865319200e-04 4.237379721989400984e-04 4.542280910973311644e-04 4.555485431966427865e-04 4.256975944933865936e-04 4.548051918619180293e-04 3.963914286600992852e-04
1.116000000000000000e+05 4.485325611198182202e-04 4.278246501079087383e-04 4.128018184172140112e-04 4.424309368112649596e-04 4.186974339357526663e-04 4.194899777378509093e-04 4.078953372848784361e-04
1.117000000000000000e+05 4.394996966533894775e-04 4.358264504922186133e-04 3.693660508213092246e-04 4.136082431748107878e-04 4.058375254292066921e-04 4.309235885648344502e-04 4.364722264092600786e-04
1.118000000000000000e+05 4.377168346093106397e-04 4.457667986350231318e-04 3.598122640686251920e-04 3.716371043979182272e-04 4.005108614301901185e-04 4.377156991394919928e-04 4.524232864109904392e-04
1.119000000000000000e+05 4.431839749875816524e-04 4.576456945363224023e-04 3.568030468233769821e-04 3.717607354529381923e-04 4.331401601421883997e-04 4.211217892120445614e-04 4.627628668026527925e-04
1.120000000000000000e+05 4.405088050704913287e-04 4.520340461748280966e-04 3.968010006269641495e-04 3.949952205333154406e-04 4.606102896386688665e-04 4.123607996374622727e-04 4.548542070201494285e-04
1.121000000000000000e+05 4.329482489761841274e-04 4.359280712556577102e-04 4.299085127391846653e-04 4.026298306783688608e-04 4.729898491797619297e-04 4.265111020950074390e-04 4.414710751853966747e-04
1.122000000000000000e+05 4.440628526276422139e-04 4.411289948325418614e-04 4.418146658010461947e-04 4.049763476250081316e-04 4.577040252766892371e-04 4.429138674592119577e-04 4.639081419364893266e-04
1.123000000000000000e+05 4.614025095276887839e-04 4.534322179081109127e-04 4.462616781145535387e-04 4.380952699821204265e-04 3.896490440634616968e-04 4.636129972564880203e-04 4.928579720668310824e-04
1.124000000000000000e+05 4.657005582486818088e-04 4.293384218900903287e-04 4.373607543520539398e-04 4.767256679351390019e-04 3.563057483275570503e-04 4.653723427051328020e-04 4.660375441820902151e-04
1.125000000000000000e+05 4.681355200869528909e-04 4.000450517158427315e-04 4.394276025068465444e-04 4.415585832696214473e-04 3.683939232899242325e-04 4.423428527562983290e-04 4.345695947960895983e-04
1.126000000000000000e+05 4.460866642852157537e-04 4.106788843011395713e-04 4.537783552090073405e-04 4.042764298979520518e-04 3.690120578166070759e-04 4.250841031311571494e-04 4.575945258511147375e-04
1.127000000000000000e+05 4.268675185880280339e-04 4.202298145571390698e-04 4.482471393461221311e-04 4.011342209046190178e-04 3.591393017008944291e-04 4.131034696557361278e-04 4.778984248120341665e-04
1.128000000000000000e+05 4.274563436226864522e-04 4.222004285080572876e-04 4.286061393403039935e-04 3.993327670146965664e-04 3.572099037045747567e-04 4.231559740500025852e-04 4.655499386437058360e-04
1.129000000000000000e+05 4.237635400897244234e-04 4.118578592114865294e-04 4.385571254931815025e-04 4.050171957854825817e-04 3.603278478466193221e-04 4.472087014656329668e-04 4.528323809522597182e-04
1.130000000000000000e+05 4.072258508539013241e-04 3.645757401724487347e-04 4.613046462011725414e-04 4.108348766276020557e-04 3.984644756766191455e-04 4.428533312501352825e-04 4.380849298836650115e-04
1.131000000000000000e+05 3.921395558769956999e-04 3.463702386441640875e-04 4.575075392429320004e-04 4.170456510801552868e-04 4.515636319914703191e-04 4.263599556831575176e-04 4.265340545638169039e-04
1.132000000000000000e+05 3.794722513316192009e-04 3.766257663004680739e-04 4.475372630599879311e-04 4.199833306499018478e-04 4.409311094006685750e-04 4.290149486802716781e-04 4.256384317397916427e-04
1.133000000000000000e+05 3.851341442253761920e-04 4.142754415245726270e-04 4.103139741744618965e-04 4.169593016831060176e-04 4.133377367785301165e-04 4.367658784726664465e-04 4.204867851325223903e-04
1.134000000000000000e+05 4.091252345582665649e-04 4.593192643164776927e-04 3.738061495823059789e-04 4.077377987298212996e-04 4.136560070631830309e-04 4.212958833199525804e-04 4.057590850129558246e-04
1.135000000000000000e+05 4.330244055905604385e-04 4.434413352580617485e-04 4.122734256070644042e-04 3.911137574037872110e-04 4.178171847045699587e-04 4.026288042979830136e-04 4.121397867061464136e-04
1.136000000000000000e+05 4.568684250424965101e-04 3.910103550894532417e-04 4.435922482009455048e-04 3.930428494145321691e-04 4.314234532427072607e-04 3.931054889934382278e-04 4.522939312997581104e-04
1.137000000000000000e+05 5.013720916770978081e-04 3.805050506021174974e-04 4.347010202461234736e-04 4.097301156704418346e-04 4.435951853623641000e-04 3.865522983234478895e-04 4.709630131094357615e-04
1.138000000000000000e+05 5.527623073725874969e-04 3.839749713418726920e-04 4.229899608248949869e-04 4.231394449844665400e-04 4.270675764485926313e-04 4.238949692236534473e-04 4.645661883378548844e-04
1.139000000000000000e+05 5.023800640040590763e-04 3.741673707086795304e-04 4.034236566043918190e-04 4.348467685786660598e-04 4.145759688981702257e-04 4.565283977664835323e-04 4.399077554104877585e-04
1.140000000000000000e+05 4.374588979120994895e-04 3.624629813079223179e-04 3.987277843974440582e-04 4.023471192706135156e-04 4.255984562472520149e-04 4.617253708359170565e-04 3.995965154924480990e-04
1.141000000000000000e+05 4.419974931539194106e-04 3.696947992257216837e-04 4.185681250128701946e-04 3.558485952101868278e-04 4.259343644707900200e-04 4.653210136478024375e-04 4.076310664119391406e-04
1.142000000000000000e+05 4.448740325181877917e-04 3.803160923839312975e-04 4.216944945334986428e-04 3.970713436559872734e-04 3.916110971520375423e-04 4.637231529216959006e-04 4.458817366048782984e-04
1.143000000000000000e+05 4.361161807395955549e-04 4.146637122250124846e-04 4.074640479172214743e-04 4.524842979483791982e-04 3.718988073954146954e-04 4.653590397251917651e-04 4.405789310698819553e-04
1.144000000000000000e+05 4.271947584516665327e-04 4.374300918406775780e-04 3.924917216433878621e-04 4.422421859807308957e-04 3.825544317875379180e-04 4.737160488451175691e-04 4.159190252113555727e-04
1.145000000000000000e+05 4.177826246357270999e-04 4.254527507800943899e-04 3.770325368442829675e-04 4.291039421621165679e-04 4.002946555838680486e-04 4.843387574189760730e-04 4.045651896906405417e-04
1.146000000000000000e+05 4.170036272100094529e-04 4.140624550197723294e-04 3.641582714611784114e-04 4.114593277642809724e-04 4.280623123830762161e-04 4.981683021430164489e-04 3.972031752712686342e-04
1.147000000000000000e+05 4.306131904346615757e-04 4.036505680932189234e-04 3.523043690054424200e-04 3.961941145032973010e-04 4.221934339579225628e-04 4.913718521258550074e-04 3.843156663057868401e-04
1.148000000000000000e+05 4.303583504361629323e-04 4.035130361779159527e-04 3.740392875796069933e-04 3.930089377832612311e-04 3.831137992353000421e-04 4.642104959085207932e-04 3.704235219682844456e-04
1.149000000000000000e+05 4.162391072145136314e-04 4.136498592738633087e-04 4.026446468189762173e-04 3.920595170656096160e-04 3.771682983701291590e-04 4.522955903164432617e-04 3.811064528960174890e-04
1.150000000000000000e+05 4.010450179699286523e-04 4.107545399524865763e-04 4.144711552334514964e-04 3.972850414974000142e-04 3.940247820950418668e-04 4.508728657998154160e-04 3.938373067625214894e-04
1.151000000000000000e+05 3.852060211115822881e-04 4.000399351807154558e-04 4.248341429013514155e-04 4.110736677846722580e-04 4.251434258300420231e-04 4.272103004125323857e-04 4.215728335676210644e-04
1.152000000000000000e+05 3.905210493611498352e-04 3.807346426412282952e-04 4.275839689512374309e-04 4.396262627882932777e-04 4.629266303174216354e-04 3.931552860202670537e-04 4.470921815795137486e-04
1.153000000000000000e+05 4.028874193133554068e-04 3.585657875125025087e-04 4.274870101262414745e-04 4.351990459105908047e-04 4.895056117368881384e-04 3.927895477836756207e-04 4.460173840729404933e-04
1.154000000000000000e+05 4.237618410293567638e-04 3.617469038994159574e-04 4.134724363573734265e-04 3.933352858162431510e-04 5.127511053014378005e-04 4.024470652628239580e-04 4.417921445279435829e-04
1.155000000000000000e+05 4.458516987116147002e-04 3.685494447885635902e-04 4.000179423323125660e-04 3.851256473356537186e-04 5.206466557948241950e-04 4.306930000023424777e-04 4.202394737716093863e-04
1.156000000000000000e+05 4.194724964420622616e-04 3.939356811747061473e-04 3.879823169915633556e-04 4.023435674076759590e-04 5.260407340840209719e-04 4.619681582954030365e-04 4.064015353845355067e-04
1.157000000000000000e+05 4.004810207981889664e-04 4.150441598431105824e-04 3.811188595388607741e-04 4.321381161840349289e-04 5.037440894711229817e-04 4.694416735753762686e-04 4.182793715616642738e-04
1.158000000000000000e+05 4.332036315340698370e-04 4.062083344873478920e-04 3.821368007727075173e-04 4.681023318719548017e-04 4.808450653917250564e-04 4.752273659634141906e-04 4.260391742717025017e-04
1.159000000000000000e+05 4.595580606613522369e-04 4.013836975524737389e-04 3.959111834211952088e-04 4.512032807947026036e-04 4.802027053492193475e-04 4.706976864433087804e-04 4.245334016807885617e-04
1.160000000000000000e+05 4.668079449628393328e-04 4.085926258802649808e-04 4.219695466911886953e-04 4.187052329670697993e-04 4.766931405927639777e-04 4.673491738496614333e-04 4.328950220162943135e-04
1.161000000000000000e+05 4.660306011849538513e-04 4.079381101999249738e-04 4.329623792154699041e-04 3.943774931485228945e-04 4.535432235457430511e-04 4.720916547022560627e-04 4.570444710340759850e-04
1.162000000000000000e+05 4.518745439414474435e-04 3.941778545060328851e-04 4.348245870453827330e-04 3.712338559399874544e-04 4.335794025333415290e-04 4.721541185869998860e-04 4.672358691873446926e-04
1.163000000000000000e+05 4.391789476160441481e-04 3.761936176304181445e-04 4.309402773586794170e-04 3.917753518836437736e-04 4.251417524697120019e-04 4.552859328527513599e-04 4.611428746653467125e-04
1.164000000000000000e+05 4.279438122087439109e-04 3.539853995730806975e-04 4.249931152301137825e-04 4.105585957045477510e-04 4.278801260982281621e-04 4.383904042116332223e-04 4.334294187268310271e-04
1.165000000000000000e+05 4.348885674632722007e-04 3.484461590597916279e-04 4.272650046338578281e-04 3.941445135033803059e-04 4.559973868609917868e-04 4.214327843861654624e-04 3.871841387170160079e-04
1.166000000000000000e+05 4.527412571148975093e-04 3.529083050729316280e-04 4.309980587544579868e-04 3.834851086386727431e-04 4.622903324936736193e-04 4.156646224882084911e-04 3.701695676516802719e-04
1.167000000000000000e+05 4.394393106028720544e-04 3.526276693970296656e-04 4.272767779549701173e-04 3.995438485503920406e-04 4.351427952657507293e-04 4.270415977372415050e-04 3.714241896766388431e-04
1.168000000000000000e+05 4.157524853696297146e-04 3.507661064914470309e-04 4.209660866614543199e-04 4.068545924473564775e-04 4.154265838496854391e-04 4.353916786558360971e-04 4.100970411672491349e-04
1.169000000000000000e+05 4.001760914482696096e-04 3.687987931788942438e-04 3.865161208463542965e-04 3.915000739424482224e-04 4.036306012594184840e-04 4.405157274590939327e-04 4.654002168648183491e-04
1.170000000000000000e+05 3.857583305714641251e-04 3.896735155224886242e-04 3.659846360870306747e-04 3.679109795332789171e-04 4.425118168106322936e-04 4.249207069464816240e-04 4.585881402892655638e-04
1.171000000000000000e+05 3.872559952320851436e-04 3.690854281380434175e-04 4.053026198675595878e-04 3.308720778138187152e-04 5.191193909782899603e-04 3.939014903876070900e-04 4.331414880317773766e-04
1.172000000000000000e+05 3.844698393410149527e-04 3.485109573800500293e-04 4.241016647201476019e-04 3.379223885976649459e-04 5.271927353491029020e-04 3.678051412784112445e-04 4.093035206229989975e-04
1.173000000000000000e+05 3.516969395881064582e-04 3.280318030072196960e-04 3.954506633018789615e-04 3.925426391877107459e-04 5.003399818426741480e-04 3.442175611579941646e-04 3.857580413685317441e-04
1.174000000000000000e+05 3.291694485179649885e-04 3.050048084430782109e-04 3.689005623334700129e-04 3.986943522012899982e-04 4.528964083733404014e-04 3.375309947954793928e-04 3.538827417959959643e-04
1.175000000000000000e+05 3.373781834961248104e-04 2.743342933050031077e-04 3.453108210898638919e-04 3.700751578230506182e-04 3.986473944077925788e-04 3.364303567088811585e-04 3.213132905302873736e-04
1.176000000000000000e+05 3.279492853910752066e-04 2.641341912161127297e-04 3.037224938420755535e-04 3.256044555797933540e-04 3.539114705531994261e-04 3.267241367336793626e-04 3.035426728678125357e-04
1.177000000000000000e+05 2.891243321473432448e-04 2.880514442091967669e-04 2.460640005191256437e-04 2.737950922879190232e-04 3.109772683105288928e-04 3.153880717038183351e-04 2.891309572714253410e-04
1.178000000000000000e+05 2.738227849377897964e-04 3.003291212419982158e-04 2.422246898017259970e-04 2.692518577847185547e-04 2.810531839989402914e-04 2.913273863038395276e-04 3.150260664680645480e-04
1.179000000000000000e+05 2.820446437624147531e-04 3.009672223145170764e-04 2.684608046580054704e-04 2.776686908526039771e-04 2.527773835569362484e-04 2.672574560206700299e-04 3.400670947676716241e-04
1.180000000000000000e+05 2.853520986871780057e-04 2.795294182678635274e-04 2.699619638034613423e-04 2.875277651008280029e-04 2.587958177005407739e-04 2.919264411562153688e-04 3.604106781335999739e-04
1.181000000000000000e+05 2.857109112720242574e-04 2.448460711497065217e-04 2.634242623428996325e-04 2.975722703579527302e-04 2.621045255839474946e-04 3.148674009662933500e-04 3.696912563713162202e-04
1.182000000000000000e+05 2.683377846064287126e-04 2.747848658587953921e-04 2.771148414720111196e-04 2.878054596856374553e-04 2.430978407363096252e-04 3.235775639784025217e-04 3.420951508483232499e-04
1.183000000000000000e+05 2.450540115240192897e-04 3.262643745102996088e-04 2.938836372125966986e-04 2.773326756729031870e-04 2.359437111267757251e-04 3.242447349112070930e-04 3.143090475789892804e-04
1.184000000000000000e+05 2.599944224058084018e-04 3.298672167646626071e-04 3.004070767565315088e-04 2.622109328087584299e-04 2.769644834527562214e-04 2.922210348120028419e-04 2.860954493803881437e-04
1.185000000000000000e+05 2.803954309967687797e-04 3.266305352480054314e-04 3.059380505161279668e-04 2.528667580656851228e-04 3.061788385193646152e-04 2.682143563116037746e-04 2.574499051246685556e-04
1.186000000000000000e+05 2.976764493803181954e-04 3.221790693213313016e-04 3.038328031208488780e-04 2.681735406391803109e-04 3.060083328515422556e-04 2.641611537904488076e-04 2.281132471775594020e-04
1.187000000000000000e+05 3.144832740135549603e-04 3.182557320045195886e-04 3.046225991415046908e-04 2.847343484780351396e-04 3.112964749831695723e-04 2.652085001013647922e-04 2.210458709592256479e-04
1.188000000000000000e+05 3.279707423946032229e-04 3.180292949567447387e-04 3.164661972957317289e-04 3.043484352238528547e-04 3.256515236291396037e-04 2.747279444723330793e-04 2.399593234244656328e-04
1.189000000000000000e+05 3.383918271711108556e-04 3.165744148829121186e-04 3.232700828852996572e-04 3.128786422411086515e-04 3.395680385503994708e-04 2.775765812338252029e-04 2.642870861449315599e-04
1.190000000000000000e+05 3.396137611339964898e-04 3.114342057309061880e-04 3.194016359850032410e-04 3.042467129044581099e-04 3.529799393226777009e-04 2.727492201981105324e-04 2.932556862270194057e-04
1.191000000000000000e+05 3.375692535490126974e-04 3.013093076758386214e-04 3.198534900575697080e-04 3.039646154274369227e-04 3.449351367406827858e-04 2.982323019161015488e-04 3.191498751608588379e-04
1.192000000000000000e+05 3.300806767175798245e-04 2.828765947823348140e-04 3.259405193121321827e-04 3.122464480628545243e-04 3.196263199655940512e-04 3.481030961945461412e-04 3.431225571270435674e-04
1.193000000000000000e+05 3.203473348293354420e-04 2.636367354767232872e-04 2.972373089362957081e-04 3.040623148084237041e-04 2.862720117563798453e-04 3.580367201592317265e-04 3.379648595025132752e-04
1.194000000000000000e+05 3.083692278842796583e-04 2.435897297590040140e-04 2.397421761077185868e-04 2.846673111609049887e-04 2.484568370094330982e-04 3.458269625638155250e-04 3.198603265043299107e-04
1.195000000000000000e+05 2.910065250070882712e-04 2.316446744969916593e-04 2.074759981766696173e-04 2.684648639979509799e-04 2.159477242067511793e-04 3.099607655578837085e-04 2.957939040264030315e-04
1.196000000000000000e+05 2.704130645706155113e-04 2.245607895084034556e-04 1.881847113357810357e-04 2.536555323918980739e-04 1.853764775054523965e-04 2.654548254628964245e-04 2.699389147045532064e-04
1.197000000000000000e+05 2.397678138079790099e-04 2.605675078798143905e-04 2.301112870085230333e-04 2.578232722745174544e-04 2.438545258700514974e-04 2.578663283903766192e-04 2.976072011703821902e-04
1.198000000000000000e+05 2.057719662699546126e-04 3.109377607045584347e-04 2.899552858559847684e-04 2.668105858685433239e-04 3.216611033962489151e-04 2.582909197258375310e-04 3.350069923248867013e-04
1.199000000000000000e+05 2.371185695188604591e-04 3.150966811746857285e-04 2.788297424842287996e-04 2.728716216127753560e-04 3.258427411632420145e-04 2.867180517231811190e-04 3.326313816243999487e-04
