9.000000000000000000e+04 7.289636880159378052e-03 9.823532775044441223e-03 9.210703894495964050e-03 9.092183783650398254e-03 5.748588126152753830e-03
9.010000000000000000e+04 7.022468776752549893e-03 1.009253875352441633e-02 9.374635874604192107e-03 9.270438924431800842e-03 5.758535034644106550e-03
9.020000000000000000e+04 7.351945334424544835e-03 1.040546545758841770e-02 9.599384758621459790e-03 9.487411752343176755e-03 5.736511064072449297e-03
9.030000000000000000e+04 8.400095179676965798e-03 1.075052339583633387e-02 9.883829159662113617e-03 9.745522122830150083e-03 5.775605156086382162e-03
9.040000000000000000e+04 9.203405802448588052e-03 1.106282025575638234e-02 1.025540785243113893e-02 1.009041566401719728e-02 6.042973858614734094e-03
9.050000000000000000e+04 9.096202688912539275e-03 1.134960385970771972e-02 1.057315917375188132e-02 1.041058916598558079e-02 6.679686795299237707e-03
9.060000000000000000e+04 8.799790926277637967e-03 1.163360236212611018e-02 1.084304673597217931e-02 1.069784425199031379e-02 7.132277190685273362e-03
9.070000000000000000e+04 8.949735586841887913e-03 1.196011574007569897e-02 1.104433919303119196e-02 1.091206494718789666e-02 7.504767688612150670e-03
9.080000000000000000e+04 9.369356383879973507e-03 1.235164232552049372e-02 1.129085171967744890e-02 1.114099122583865446e-02 7.726288363337522822e-03
9.090000000000000000e+04 9.894615262746824999e-03 1.276941241696475000e-02 1.158086854033173012e-02 1.139626979827880124e-02 7.804207326844333353e-03
9.100000000000000000e+04 1.049535814672710940e-02 1.319858636707068808e-02 1.196667325372495830e-02 1.176752652972935451e-02 7.887962305297450613e-03
9.110000000000000000e+04 1.106776169190801413e-02 1.361106380820275089e-02 1.238756174532074095e-02 1.217675659805534868e-02 8.132451334968203091e-03
9.120000000000000000e+04 1.150818865746259037e-02 1.401181567460298323e-02 1.282524906098842649e-02 1.262656439095733926e-02 8.488431572914125270e-03
9.130000000000000000e+04 1.185200964411100427e-02 1.439954175613819380e-02 1.325520649241905893e-02 1.306153649464248008e-02 8.925180146470680642e-03
9.140000000000000000e+04 1.221207844714325592e-02 1.474711801856754337e-02 1.366432475546995942e-02 1.348047882318495136e-02 9.314346443861734950e-03
9.150000000000000000e+04 1.253740247339008539e-02 1.506841196678578021e-02 1.405535736121235960e-02 1.387495007365940197e-02 9.478268306702376800e-03
9.160000000000000000e+04 1.283377350618441180e-02 1.536544471979142332e-02 1.441432081162929459e-02 1.423591494560240076e-02 9.597555498282107217e-03
9.170000000000000000e+04 1.315010638286670530e-02 1.565430935472250304e-02 1.475437987906238688e-02 1.458263020962475079e-02 9.915472380816928166e-03
9.180000000000000000e+04 1.348932329565287989e-02 1.593386918306350514e-02 1.508553680032493141e-02 1.491281282156704108e-02 1.041952623054385671e-02
9.190000000000000000e+04 1.378320312748351414e-02 1.619904989376663371e-02 1.541009349748491755e-02 1.524715805426238129e-02 1.093272201096019865e-02
9.200000000000000000e+04 1.410656850785015938e-02 1.641995310783385051e-02 1.571938147147496426e-02 1.558114588260648727e-02 1.140051117787761227e-02
9.210000000000000000e+04 1.445485293865204045e-02 1.661540487781166739e-02 1.600867606699466969e-02 1.591218411922452891e-02 1.185850328765806691e-02
9.220000000000000000e+04 1.473631431659063601e-02 1.678877186030150112e-02 1.626265975336232267e-02 1.620286568999288607e-02 1.228855747729538234e-02
9.230000000000000000e+04 1.492387468616167799e-02 1.692899892106652579e-02 1.645542260880271043e-02 1.645497780293225104e-02 1.266404625649253032e-02
9.240000000000000000e+04 1.495557878166437274e-02 1.703807957470417078e-02 1.661956369876861628e-02 1.663321204483507801e-02 1.297085005789995471e-02
9.250000000000000000e+04 1.492052339017391205e-02 1.714214216917752873e-02 1.675403847669562282e-02 1.676315627992153168e-02 1.325179597673317895e-02
9.260000000000000000e+04 1.494918192426363847e-02 1.725009851157664753e-02 1.688357204198837058e-02 1.687934793531895364e-02 1.354923880348604844e-02
9.270000000000000000e+04 1.506564158946276447e-02 1.739608220756053841e-02 1.702012129127978765e-02 1.700085278600454997e-02 1.384343811310826018e-02
9.280000000000000000e+04 1.524595168729622231e-02 1.756045401096344508e-02 1.716828264296054937e-02 1.713222011923790783e-02 1.412837578604617637e-02
9.290000000000000000e+04 1.546963589886824093e-02 1.774198751896620060e-02 1.733491279805700683e-02 1.727006386965514173e-02 1.440912251050273374e-02
9.300000000000000000e+04 1.572419628500939040e-02 1.792950443923473081e-02 1.751208901405335028e-02 1.741822585463524697e-02 1.465921318158507763e-02
9.310000000000000000e+04 1.596748977899552918e-02 1.811879530549048711e-02 1.770052234331766228e-02 1.758545201271773453e-02 1.484988028494020791e-02
9.320000000000000000e+04 1.619718442360559146e-02 1.830886840820311612e-02 1.788114055991172832e-02 1.776560649275780654e-02 1.497558833410342523e-02
9.330000000000000000e+04 1.640661552548408272e-02 1.849450118839741225e-02 1.805174017325043498e-02 1.796663895249367773e-02 1.504792207852005681e-02
9.340000000000000000e+04 1.659607807795207210e-02 1.867671869695187309e-02 1.821221596250930178e-02 1.816780172288418732e-02 1.507583754137158290e-02
9.350000000000000000e+04 1.677036471664906589e-02 1.886172322556376596e-02 1.838350168739755208e-02 1.836656127125025489e-02 1.512666228227317264e-02
9.360000000000000000e+04 1.695586659014224409e-02 1.906290851533412600e-02 1.855575434863567311e-02 1.855149790644646315e-02 1.524384237825870785e-02
9.370000000000000000e+04 1.712541716794172691e-02 1.926018547266721004e-02 1.872869186724226281e-02 1.873256914317608657e-02 1.541086191932360995e-02
9.380000000000000000e+04 1.728500296672185604e-02 1.944885771721600876e-02 1.889873736848433211e-02 1.891176506876946287e-02 1.562409237648050564e-02
9.390000000000000000e+04 1.745065093040466808e-02 1.962166780605912805e-02 1.907537233084439718e-02 1.909337878227234525e-02 1.583941016346215175e-02
9.400000000000000000e+04 1.763062824805576578e-02 1.978333108127117504e-02 1.925798207521438668e-02 1.927489414811135032e-02 1.603063866496085704e-02
9.410000000000000000e+04 1.781916735072930358e-02 1.993774781003594329e-02 1.945094272494316684e-02 1.945563368499279508e-02 1.623005565876762049e-02
9.420000000000000000e+04 1.797979451715946489e-02 2.008447553962468962e-02 1.964458867907524497e-02 1.962925419211387912e-02 1.643853545188904072e-02
9.430000000000000000e+04 1.814139840503534509e-02 2.022443925961851449e-02 1.983638022715845939e-02 1.980780810117721905e-02 1.662657121817271572e-02
9.440000000000000000e+04 1.831091130773225203e-02 2.034699536859988986e-02 2.001453255613644747e-02 1.998907238245010640e-02 1.681463989118736277e-02
9.450000000000000000e+04 1.848654262721537850e-02 2.045002197846770495e-02 2.017541732639074881e-02 2.015600278973579684e-02 1.700880872085689527e-02
9.460000000000000000e+04 1.865772157907485962e-02 2.050495121628046272e-02 2.032115059594313822e-02 2.031372852623462844e-02 1.718668089558680542e-02
9.470000000000000000e+04 1.876570160190264847e-02 2.052600961178541183e-02 2.043886092801888710e-02 2.046263266354799229e-02 1.736634125312169416e-02
9.480000000000000000e+04 1.883357316255569042e-02 2.051982857286930098e-02 2.052768923342227977e-02 2.057470351457595797e-02 1.754728473722935028e-02
9.490000000000000000e+04 1.887364313006401062e-02 2.048154043033719243e-02 2.059490143631895545e-02 2.066801287233829484e-02 1.773620033636690019e-02
9.500000000000000000e+04 1.884823665022850037e-02 2.042483631521463394e-02 2.062964408348003792e-02 2.074366435408592224e-02 1.790088694542645714e-02
9.510000000000000000e+04 1.876760676503181138e-02 2.035386001691221608e-02 2.062960434705018997e-02 2.078109793365001678e-02 1.806017071008681266e-02
9.520000000000000000e+04 1.868146290381749591e-02 2.026374131441116208e-02 2.060343404610951584e-02 2.078960120677948026e-02 1.826122966905434353e-02
9.530000000000000000e+04 1.858710318803787759e-02 2.014860665425658240e-02 2.053850884238878766e-02 2.076736602932214779e-02 1.844568741818269214e-02
9.540000000000000000e+04 1.850110881030559568e-02 2.002750664949417420e-02 2.044573727995157436e-02 2.069663174450397589e-02 1.860309273004532096e-02
9.550000000000000000e+04 1.844355973104635713e-02 1.990525089204311926e-02 2.033816433201234009e-02 2.061007115989923685e-02 1.871171351522207815e-02
9.560000000000000000e+04 1.836309820413589006e-02 1.981840983033180195e-02 2.021412936349709782e-02 2.050633773207664531e-02 1.879469513893127289e-02
9.570000000000000000e+04 1.823576852679253263e-02 1.975928511470556245e-02 2.008212415501474737e-02 2.035833697766065847e-02 1.881779767572879652e-02
9.580000000000000000e+04 1.803735752900441705e-02 1.972950972616672669e-02 1.995219095299640907e-02 2.020567156374454901e-02 1.878646723926067491e-02
9.590000000000000000e+04 1.779339465002218248e-02 1.977114330977201503e-02 1.982846982156237156e-02 2.005055148154497383e-02 1.873829850306113487e-02
9.600000000000000000e+04 1.759644038975237759e-02 1.987703144550323139e-02 1.975525021553039412e-02 1.994166933000087946e-02 1.867914013564586292e-02
9.610000000000000000e+04 1.759135385354359052e-02 2.004295691847800265e-02 1.973950143282612174e-02 1.988349579274654305e-02 1.858623203511038796e-02
9.620000000000000000e+04 1.781107361117998181e-02 2.029856763780117992e-02 1.979751339803138832e-02 1.989622198045253726e-02 1.847937366614738758e-02
9.630000000000000000e+04 1.819374203681946647e-02 2.057393711060286762e-02 1.997459348291158107e-02 2.003263887017964900e-02 1.836573524400592419e-02
9.640000000000000000e+04 1.861726984381677913e-02 2.085048161447048548e-02 2.019542699058850602e-02 2.022022306919096790e-02 1.822264822820822763e-02
9.650000000000000000e+04 1.897570068637528806e-02 2.110028183087706358e-02 2.045840860034029568e-02 2.046749368309973630e-02 1.806947939718762941e-02
9.660000000000000000e+04 1.920471556484698930e-02 2.127657610923051196e-02 2.072570398449897003e-02 2.071878850460051255e-02 1.794766783714294225e-02
9.670000000000000000e+04 1.935553245246410606e-02 2.140148757025599202e-02 2.096622618536153615e-02 2.095821507275103315e-02 1.783961899578570542e-02
9.680000000000000000e+04 1.950172923505306619e-02 2.146447002887726108e-02 2.117789328098297272e-02 2.117246791720389307e-02 1.778034982581933390e-02
9.690000000000000000e+04 1.959353186190128035e-02 2.147116560488939244e-02 2.130464565008879235e-02 2.133953936398028453e-02 1.781100554391741586e-02
9.700000000000000000e+04 1.962429073949654990e-02 2.145751304924487998e-02 2.139789834618568629e-02 2.148430608212947152e-02 1.791362613439559728e-02
9.710000000000000000e+04 1.962778205672899984e-02 2.142700437456369553e-02 2.146027542650699380e-02 2.160188686102627875e-02 1.811077523355682922e-02
9.720000000000000000e+04 1.962408632040023651e-02 2.138293802738189947e-02 2.148533701896667564e-02 2.166409321129322135e-02 1.842719487845899048e-02
9.730000000000000000e+04 1.962661939362684779e-02 2.135425325483083711e-02 2.149465225636959173e-02 2.169481199234724045e-02 1.880476312711837350e-02
9.740000000000000000e+04 1.961404673755168943e-02 2.134349837899208319e-02 2.148990444839000633e-02 2.168131992220878601e-02 1.914776238302387870e-02
9.750000000000000000e+04 1.958788558840751648e-02 2.137951552867889404e-02 2.146090287715196609e-02 2.165444195270538330e-02 1.939935097470878861e-02
9.760000000000000000e+04 1.955330739418665448e-02 2.144772596657276362e-02 2.143858974178632082e-02 2.162338688969612024e-02 1.954912751913070665e-02
9.770000000000000000e+04 1.951801175872484861e-02 2.154384527355432399e-02 2.142537083476781998e-02 2.159266430884599491e-02 1.960676735267043169e-02
9.780000000000000000e+04 1.952824331820010931e-02 2.168139263987540685e-02 2.144086606800556238e-02 2.156750284135341630e-02 1.960288964211940807e-02
9.790000000000000000e+04 1.956654367347558307e-02 2.186247806996107282e-02 2.150006298596660037e-02 2.156007301062345949e-02 1.958736705283323914e-02
9.800000000000000000e+04 1.964365616440773288e-02 2.208638116717340227e-02 2.159474554161230561e-02 2.161075770854950159e-02 1.955902278423309396e-02
9.810000000000000000e+04 1.978489145636558311e-02 2.237753992900253300e-02 2.174823960289359523e-02 2.171910788863897976e-02 1.952668411657214331e-02
9.820000000000000000e+04 1.995838023722170881e-02 2.278505608439445815e-02 2.193698876847823345e-02 2.186898872256280019e-02 1.950785014778375764e-02
9.830000000000000000e+04 2.017451917131741698e-02 2.327825967222451123e-02 2.215555928026635354e-02 2.209293372929097346e-02 1.949527993177374227e-02
9.840000000000000000e+04 2.044083267450333419e-02 2.387042716145513013e-02 2.242459580302238326e-02 2.238114319741727268e-02 1.947780564427375669e-02
9.850000000000000000e+04 2.080708009501299957e-02 2.459885990247132406e-02 2.279992957289021793e-02 2.272068187594415700e-02 1.950182775035500665e-02
9.860000000000000000e+04 2.127166534463562075e-02 2.538032960146670292e-02 2.327542047947648088e-02 2.316772364079953961e-02 1.955683423827091552e-02
9.870000000000000000e+04 2.190145105123518857e-02 2.620626831427218945e-02 2.391900958493350937e-02 2.373499877750875897e-02 1.962846381589770234e-02
9.880000000000000000e+04 2.288320109248163231e-02 2.699930235743523005e-02 2.472292152543862503e-02 2.439041741192343737e-02 1.974391768376032585e-02
9.890000000000000000e+04 2.402713234225915123e-02 2.766893109306691953e-02 2.557654768849412785e-02 2.518676672130825550e-02 1.992612011109789680e-02
9.900000000000000000e+04 2.502651251852507780e-02 2.821396905928848925e-02 2.645369712263340514e-02 2.599446475505831286e-02 2.017455529421569027e-02
9.910000000000000000e+04 2.574227052430310553e-02 2.852115457877514582e-02 2.721950057273107154e-02 2.679867204278709239e-02 2.045096234108008740e-02
9.920000000000000000e+04 2.623934522271156866e-02 2.868006311357021096e-02 2.787096177538235867e-02 2.749420516192914790e-02 2.077790379524228903e-02
9.930000000000000000e+04 2.657146997749806894e-02 2.873684251680970123e-02 2.836361667141320056e-02 2.807997468858958179e-02 2.124722737818954960e-02
9.940000000000000000e+04 2.678248894711334621e-02 2.867965642362833162e-02 2.861710832764704712e-02 2.856866121292114813e-02 2.189096848169962486e-02
9.950000000000000000e+04 2.679109039405981954e-02 2.852242719382048000e-02 2.873661415651440620e-02 2.880617696791887630e-02 2.274207497636479211e-02
9.960000000000000000e+04 2.655970677733420979e-02 2.835392221808433547e-02 2.870842553675174644e-02 2.887032680213451330e-02 2.371006742119793897e-02
9.970000000000000000e+04 2.610275837282338349e-02 2.821202307939528475e-02 2.850233888874450366e-02 2.878458354622125473e-02 2.469055337210503132e-02
9.980000000000000000e+04 2.559230210880441420e-02 2.828757915645838117e-02 2.829974549512067825e-02 2.852535262703895583e-02 2.559282677868997963e-02
9.990000000000000000e+04 2.539665602147579346e-02 2.847975393757224902e-02 2.811416316777468408e-02 2.833911705762147751e-02 2.633642317727206625e-02
1.000000000000000000e+05 2.569437709947426998e-02 2.878478541970252991e-02 2.814102793733279026e-02 2.822158299386501312e-02 2.679595040778319157e-02
1.001000000000000000e+05 2.612715485195320209e-02 2.910468952730297168e-02 2.827666476989786765e-02 2.835202027112245643e-02 2.699211485683918402e-02
1.002000000000000000e+05 2.643861077725888006e-02 2.942061930894850075e-02 2.851674828678371632e-02 2.851479724049568037e-02 2.712862405925989609e-02
1.003000000000000000e+05 2.659698682526746849e-02 2.973995300009844162e-02 2.882041780278087051e-02 2.871193513274192602e-02 2.715701298167308084e-02
1.004000000000000000e+05 2.676538594067096738e-02 3.011815235018730497e-02 2.915687762200832450e-02 2.893874064087867404e-02 2.703756694992383997e-02
1.005000000000000000e+05 2.713713534176351305e-02 3.045722246170044778e-02 2.952474215999247031e-02 2.924566268920898021e-02 2.682615928351879744e-02
1.006000000000000000e+05 2.774954860409097057e-02 3.072836503386497387e-02 2.995229791849850220e-02 2.964761205017565904e-02 2.653598887224992153e-02
1.007000000000000000e+05 2.839189062515892412e-02 3.081463448703288671e-02 3.032734688371418671e-02 3.012247800827025368e-02 2.643724963068962153e-02
1.008000000000000000e+05 2.871341377496719124e-02 3.073335200548171775e-02 3.064277820289134854e-02 3.051160007715224623e-02 2.656123936176301575e-02
1.009000000000000000e+05 2.864516456921895049e-02 3.057827495038507870e-02 3.077895198638240862e-02 3.077797103673219140e-02 2.691495437795914103e-02
1.010000000000000000e+05 2.850684287647406098e-02 3.037972822785376531e-02 3.085012144098679340e-02 3.087360598146915089e-02 2.732449794809021712e-02
1.011000000000000000e+05 2.867202676832674921e-02 3.007860451936721080e-02 3.087084338068962416e-02 3.093384284526109682e-02 2.766084156930445972e-02
1.012000000000000000e+05 2.899851453800995904e-02 2.971814423799514979e-02 3.081972700854142613e-02 3.096588820219039681e-02 2.792764817674954839e-02
1.013000000000000000e+05 2.874247252941130454e-02 2.929625622928143727e-02 3.051129869495827415e-02 3.080775260925293704e-02 2.818214245140553478e-02
1.014000000000000000e+05 2.771318532526488576e-02 2.910355761647225384e-02 3.003667067736383658e-02 3.048555001616480228e-02 2.851411025971176127e-02
1.015000000000000000e+05 2.651466863850758179e-02 2.917095124721526267e-02 2.937909628575047574e-02 2.992213591933252925e-02 2.888813999791941742e-02
1.016000000000000000e+05 2.588177335759005160e-02 2.949600175023081236e-02 2.902606536944707383e-02 2.945728465914728214e-02 2.914047278463839652e-02
1.017000000000000000e+05 2.617497071623802948e-02 3.006668541580439363e-02 2.895253818482160929e-02 2.922176945954560456e-02 2.926977874711155642e-02
1.018000000000000000e+05 2.705732574065531151e-02 3.055511925369500809e-02 2.937473602592943073e-02 2.940972536802290843e-02 2.924242650469143986e-02
1.019000000000000000e+05 2.807329537967845345e-02 3.094140028581022703e-02 2.999642152339217563e-02 2.993952412158252391e-02 2.903189972043036457e-02
1.020000000000000000e+05 2.876970060169695489e-02 3.106785230338572623e-02 3.059821836650371621e-02 3.050470724701884184e-02 2.876646257936953111e-02
1.021000000000000000e+05 2.899714104831218817e-02 3.109064850956201609e-02 3.101331138983370525e-02 3.097655475139616046e-02 2.850438077623646677e-02
1.022000000000000000e+05 2.889359302818774594e-02 3.107916742563247847e-02 3.113395926853020773e-02 3.122105047106743178e-02 2.817082232485216761e-02
1.023000000000000000e+05 2.886737868189811693e-02 3.109044142067432515e-02 3.118321957066655034e-02 3.137581817805767254e-02 2.762207305058837770e-02
1.024000000000000000e+05 2.899498810370762861e-02 3.106515333056450098e-02 3.122129720946153000e-02 3.145453810691833246e-02 2.712744062145550430e-02
1.025000000000000000e+05 2.907085542877515041e-02 3.096947725862265327e-02 3.131635207682848671e-02 3.152352198958396912e-02 2.720077025393647513e-02
1.026000000000000000e+05 2.905017241835594274e-02 3.076485656201840765e-02 3.137650251388549721e-02 3.158075064420700490e-02 2.796901524066925521e-02
1.027000000000000000e+05 2.910811963180700776e-02 3.041601918637752353e-02 3.136610681811968782e-02 3.161098025739193101e-02 2.886403302972510507e-02
1.028000000000000000e+05 2.906376324594021204e-02 3.004725813865660386e-02 3.117540145913759789e-02 3.151481881737708268e-02 2.946747660636899954e-02
1.029000000000000000e+05 2.855876453220844782e-02 2.967290783300995452e-02 3.088534379377959674e-02 3.133094511926172443e-02 2.967254912480711895e-02
1.030000000000000000e+05 2.794208712875841452e-02 2.940507847815752515e-02 3.048764163007336089e-02 3.099732771515844448e-02 2.963656000792979847e-02
1.031000000000000000e+05 2.751638971269129361e-02 2.920315826311708010e-02 3.010430830220380688e-02 3.064699895679948854e-02 2.947483559449513152e-02
1.032000000000000000e+05 2.726616375148297258e-02 2.905441574752331418e-02 2.979376479983329717e-02 3.030485391616819998e-02 2.944176375865937417e-02
1.033000000000000000e+05 2.710886711875597904e-02 2.892457073554396269e-02 2.956352181732653864e-02 3.003223173320292150e-02 2.961773800353209585e-02
1.034000000000000000e+05 2.690642821292081946e-02 2.877670601010321946e-02 2.936148662120104461e-02 2.979010060429572102e-02 2.973128687590360572e-02
1.035000000000000000e+05 2.658527679741384472e-02 2.863664105534553458e-02 2.914740266278386879e-02 2.956177182495593053e-02 2.964129308238625665e-02
1.036000000000000000e+05 2.638218663632869998e-02 2.855709075927734611e-02 2.892229318618774400e-02 2.932536125183104331e-02 2.932921784619489658e-02
1.037000000000000000e+05 2.632336457570394125e-02 2.857799714431166413e-02 2.870572291314600968e-02 2.909065924584864835e-02 2.894124740734694765e-02
1.038000000000000000e+05 2.609759479761123227e-02 2.868048477917908845e-02 2.853858999907970054e-02 2.886865690350532213e-02 2.857631083577868991e-02
1.039000000000000000e+05 2.583555455009142049e-02 2.889247110113502340e-02 2.842601406698425440e-02 2.873164877295493469e-02 2.809860811258358196e-02
1.040000000000000000e+05 2.590410138169923701e-02 2.924577854573727834e-02 2.848807188371817178e-02 2.870568260550498962e-02 2.778171536823114199e-02
1.041000000000000000e+05 2.622217200696467729e-02 2.962492959573865062e-02 2.867430556565522468e-02 2.877012714743614960e-02 2.776995601132511982e-02
1.042000000000000000e+05 2.655620944996675212e-02 3.001048814505337739e-02 2.895487797756986920e-02 2.901690602302551755e-02 2.775464540968338237e-02
1.043000000000000000e+05 2.702425728241604139e-02 3.036825934424994614e-02 2.932785759369531051e-02 2.932072762399912449e-02 2.756206950172781014e-02
1.044000000000000000e+05 2.749217554926870061e-02 3.073217883706092293e-02 2.969443149864673531e-02 2.966555021703243950e-02 2.737179785966873877e-02
1.045000000000000000e+05 2.772697036465008452e-02 3.110437449067833190e-02 3.004891211166978507e-02 2.999440021812916149e-02 2.715361711258690650e-02
1.046000000000000000e+05 2.788422058025995937e-02 3.150063253939152513e-02 3.036188330501316673e-02 3.030253283679485571e-02 2.698236979544162834e-02
1.047000000000000000e+05 2.816276624798776107e-02 3.188928008079528614e-02 3.071079056710003530e-02 3.059506502002477812e-02 2.700742419809102832e-02
1.048000000000000000e+05 2.853006084760032271e-02 3.225216373801230441e-02 3.109859645366668673e-02 3.094084680080413929e-02 2.713263968626658529e-02
1.049000000000000000e+05 2.902825817465780334e-02 3.251452703028916147e-02 3.156986631453038983e-02 3.134309165179729323e-02 2.730071732153496744e-02
1.050000000000000000e+05 2.965605072677135468e-02 3.261982277035713196e-02 3.201944380998611450e-02 3.179847821593284607e-02 2.773104421794418684e-02
1.051000000000000000e+05 3.020423958698910047e-02 3.261445954442023648e-02 3.239773150533437063e-02 3.225164458155631991e-02 2.823530531177917413e-02
1.052000000000000000e+05 3.048467149337131740e-02 3.247495606541633134e-02 3.259594798088073786e-02 3.259972080588340732e-02 2.852364545067150731e-02
1.053000000000000000e+05 3.032649680972101039e-02 3.233689863234758682e-02 3.258418068289756220e-02 3.283613875508308022e-02 2.884078957140445709e-02
1.054000000000000000e+05 2.987368561327457747e-02 3.224912315607070951e-02 3.249391712248324987e-02 3.277502700686454884e-02 2.926116600632668735e-02
1.055000000000000000e+05 2.950095422565936903e-02 3.224400281906127791e-02 3.235728833824396550e-02 3.266488388180732727e-02 2.962677112470072163e-02
1.056000000000000000e+05 2.949406363070012152e-02 3.228655189275741327e-02 3.234502613544464056e-02 3.250706046819687445e-02 2.996228158473969796e-02
1.057000000000000000e+05 2.973909457524616731e-02 3.227818194776772842e-02 3.239840969443321533e-02 3.249175585806370059e-02 3.038898510858414545e-02
1.058000000000000000e+05 3.006256178021430789e-02 3.220602579414844069e-02 3.252566874027253141e-02 3.252458631992340143e-02 3.081438786039748801e-02
1.059000000000000000e+05 3.019922316074371421e-02 3.199399191886186794e-02 3.249347958713769829e-02 3.261026434600353130e-02 3.108658671379089383e-02
1.060000000000000000e+05 3.002635029455024557e-02 3.184057623147965033e-02 3.232973193128903938e-02 3.256338089704513550e-02 3.118161534269650939e-02
1.061000000000000000e+05 2.954643997053308518e-02 3.178005173802374989e-02 3.199972404787936736e-02 3.241118788719177940e-02 3.112438631554444168e-02
1.062000000000000000e+05 2.889230199158192985e-02 3.205548062920571262e-02 3.166613847017289013e-02 3.211737424135208824e-02 3.096006374806167111e-02
1.063000000000000000e+05 2.844699032604694131e-02 3.263120930641892625e-02 3.149619878580172533e-02 3.184992939233780712e-02 3.076356158902248533e-02
1.064000000000000000e+05 2.854124061763284662e-02 3.339529246091844233e-02 3.153629178802172528e-02 3.175581693649291021e-02 3.059463654955228359e-02
1.065000000000000000e+05 2.927783168852335707e-02 3.431767541915177466e-02 3.208329845219852483e-02 3.195867128670214913e-02 3.060406567528843949e-02
1.066000000000000000e+05 3.046037542323268635e-02 3.509567774832246523e-02 3.277991463740669020e-02 3.256209805607798019e-02 3.078117097417513992e-02
1.067000000000000000e+05 3.155995105703672532e-02 3.573512010276315432e-02 3.361389342695472043e-02 3.325792826712135886e-02 3.083141378437479624e-02
1.068000000000000000e+05 3.219346314668657810e-02 3.617765396833415997e-02 3.431629106402397239e-02 3.399550378322598737e-02 3.063999086618422046e-02
1.069000000000000000e+05 3.258960475524264738e-02 3.654483187943696060e-02 3.494810619701940735e-02 3.460658229887486614e-02 3.032510900869966886e-02
1.070000000000000000e+05 3.303717647989588835e-02 3.686291426420212208e-02 3.551877935727432850e-02 3.519198372960093829e-02 3.002589332560698376e-02
1.071000000000000000e+05 3.378101959824562905e-02 3.713002003729343192e-02 3.613161116838452952e-02 3.578298188745972913e-02 2.991701360791921768e-02
1.072000000000000000e+05 3.465702399611474832e-02 3.707716777920723461e-02 3.670059437553088028e-02 3.639991268515587602e-02 3.018009806672734135e-02
1.073000000000000000e+05 3.521690284212428135e-02 3.680795382708311470e-02 3.719503821184238362e-02 3.695398531854154900e-02 3.084919452046359575e-02
1.074000000000000000e+05 3.522882074117661411e-02 3.633539900183673649e-02 3.728610642254352042e-02 3.732181787490843061e-02 3.174883015453815183e-02
1.075000000000000000e+05 3.475562234719594551e-02 3.564983420073983278e-02 3.712919137130182151e-02 3.735010325908660889e-02 3.276766774555043421e-02
1.076000000000000000e+05 3.426082481940585789e-02 3.492287486791609968e-02 3.678653265039125847e-02 3.718908488750454627e-02 3.361601516604422607e-02
1.077000000000000000e+05 3.380534425377842989e-02 3.418576419353486218e-02 3.625011071562764947e-02 3.677603945136067448e-02 3.421891223639250690e-02
1.078000000000000000e+05 3.312606409192088430e-02 3.350623995065691446e-02 3.554791813095409952e-02 3.619294375181193735e-02 3.463942684233189961e-02
1.079000000000000000e+05 3.210983817776044691e-02 3.303973797708752158e-02 3.473352895428740567e-02 3.550148122012609930e-02 3.506943538784983161e-02
1.080000000000000000e+05 3.095475360751149055e-02 3.279053866863250455e-02 3.379873558878898621e-02 3.464436903595919520e-02 3.555139079689979831e-02
1.081000000000000000e+05 3.008491481343909119e-02 3.288952928036451701e-02 3.305540586511291484e-02 3.382539033889766372e-02 3.595550971726577116e-02
1.082000000000000000e+05 2.970803551375866131e-02 3.336814068257808880e-02 3.251491419970988644e-02 3.310787573456762389e-02 3.608719018598397638e-02
1.083000000000000000e+05 2.978127039968967230e-02 3.402260392904280645e-02 3.239253286272287397e-02 3.277234055101869992e-02 3.567682191729544539e-02
1.084000000000000000e+05 3.016480860610804351e-02 3.483861908316608635e-02 3.263060177365938869e-02 3.276778459548950612e-02 3.485088775555288815e-02
1.085000000000000000e+05 3.072023404141270564e-02 3.576651923358443314e-02 3.308912472178541370e-02 3.298177495598795389e-02 3.396918755024676967e-02
1.086000000000000000e+05 3.136781014502046383e-02 3.668325431644921253e-02 3.381542943418031077e-02 3.349288284778596803e-02 3.316901452839369352e-02
1.087000000000000000e+05 3.228846321503319600e-02 3.756748888641597839e-02 3.475746004531783673e-02 3.423365689814093782e-02 3.239479299634697579e-02
1.088000000000000000e+05 3.357829650243125685e-02 3.814549833536148155e-02 3.579826826850573268e-02 3.513243213295940554e-02 3.157555436094602180e-02
1.089000000000000000e+05 3.509638845920567268e-02 3.835374396294355392e-02 3.693138398230080138e-02 3.622524186968806986e-02 3.090986000373958931e-02
1.090000000000000000e+05 3.629824866851165399e-02 3.821962513029578123e-02 3.779032751917844879e-02 3.719776049256327127e-02 3.076033151398103321e-02
1.091000000000000000e+05 3.675071671605109613e-02 3.755543362349276354e-02 3.833778935174148028e-02 3.803662806749344427e-02 3.111197470997774037e-02
1.092000000000000000e+05 3.633944824337958374e-02 3.669592365622522528e-02 3.842533603310584883e-02 3.832087740302086293e-02 3.177881471812721986e-02
1.093000000000000000e+05 3.562064831455553915e-02 3.576827120035884489e-02 3.795061866442360488e-02 3.822256796061991591e-02 3.262716217587389306e-02
1.094000000000000000e+05 3.476421505212778928e-02 3.489356495440006090e-02 3.729876163105167591e-02 3.781812489032743835e-02 3.355069207648436053e-02
1.095000000000000000e+05 3.381480798125269943e-02 3.415512144565583524e-02 3.649675790220501675e-02 3.703783452510832352e-02 3.462579641491177196e-02
1.096000000000000000e+05 3.291096165776252053e-02 3.347162172198296648e-02 3.568151046832402501e-02 3.622641980648039911e-02 3.583197087049489610e-02
1.097000000000000000e+05 3.215153927604354200e-02 3.282610710710282681e-02 3.490055064360301357e-02 3.539309851825236941e-02 3.685815118253231437e-02
1.098000000000000000e+05 3.148709952831271058e-02 3.217588767409321204e-02 3.416309148073201629e-02 3.468874976038932578e-02 3.746029086410997133e-02
1.099000000000000000e+05 3.095751402278743014e-02 3.150411954149601873e-02 3.354303145160279775e-02 3.403470396995544184e-02 3.741182566930852105e-02
1.100000000000000000e+05 3.044092965622742855e-02 3.080658800899982452e-02 3.293428197503089905e-02 3.342800214886665344e-02 3.661943475405374931e-02
1.101000000000000000e+05 2.981193453073499935e-02 3.013571590185167015e-02 3.233169551938770009e-02 3.280987478792667805e-02 3.552724532783028966e-02
1.102000000000000000e+05 2.898460683723291104e-02 2.958067681640388913e-02 3.160884427527588247e-02 3.213576436042785839e-02 3.446314829091225856e-02
1.103000000000000000e+05 2.804324261844160643e-02 2.915296811610460989e-02 3.085922036319973735e-02 3.140217192471028013e-02 3.358639823893708881e-02
1.104000000000000000e+05 2.721742793917656181e-02 2.901608392596244715e-02 3.009895585477352295e-02 3.066659346222878196e-02 3.279833748936651638e-02
1.105000000000000000e+05 2.665811652938523610e-02 2.908242400735617031e-02 2.953681818520027466e-02 3.003207501024008491e-02 3.207918430368107005e-02
1.106000000000000000e+05 2.640069137016931924e-02 2.928968798369169235e-02 2.919418471554914921e-02 2.951890304684639740e-02 3.146842808773120392e-02
1.107000000000000000e+05 2.639384925365447637e-02 2.962477831169961842e-02 2.904147092252969131e-02 2.929614678025246194e-02 3.084676519036291115e-02
1.108000000000000000e+05 2.651741964121659412e-02 2.999809831380844879e-02 2.916437658170858982e-02 2.920728683471679465e-02 3.013230261703328181e-02
1.109000000000000000e+05 2.688482925295830953e-02 3.036040725186469127e-02 2.941839730987947515e-02 2.927471522241830576e-02 2.931863348931067551e-02
1.110000000000000000e+05 2.740720883011814671e-02 3.066898081451655683e-02 2.976236715912821199e-02 2.953460887074469549e-02 2.848072871565822395e-02
1.111000000000000000e+05 2.786547616124151333e-02 3.084803307428956448e-02 3.017257617165644903e-02 2.986337643116711293e-02 2.773535395041109436e-02
1.112000000000000000e+05 2.812770466009775414e-02 3.095417648553848086e-02 3.052181534469127627e-02 3.026849381625650731e-02 2.718242064118385135e-02
1.113000000000000000e+05 2.832345366477967072e-02 3.098570562899112535e-02 3.082789830863476646e-02 3.063868183642627641e-02 2.697835817933082886e-02
1.114000000000000000e+05 2.876375675201419194e-02 3.086936537176371287e-02 3.107881168524426196e-02 3.098102837800981862e-02 2.712294773509106582e-02
1.115000000000000000e+05 2.930633773406344719e-02 3.069607811048627455e-02 3.122670979549488010e-02 3.128308355808256946e-02 2.745677810162304444e-02
1.116000000000000000e+05 2.926734834909440475e-02 3.049140997231006983e-02 3.121185630559921223e-02 3.136515706777572715e-02 2.784946061670778503e-02
1.117000000000000000e+05 2.828152288993198218e-02 3.056965062394738364e-02 3.080451215927797887e-02 3.124138325452801776e-02 2.831392654528219754e-02
1.118000000000000000e+05 2.688383166988687553e-02 3.106421682983636148e-02 3.026760001977284870e-02 3.078447967767717133e-02 2.880508929491043535e-02
1.119000000000000000e+05 2.629750110208987912e-02 3.186560075730083402e-02 2.993192708119749024e-02 3.038433700799941101e-02 2.913188809528947931e-02
1.120000000000000000e+05 2.708307740588979454e-02 3.287356942892080691e-02 3.021730581919352190e-02 3.026330582797530019e-02 2.927255605657895499e-02
1.121000000000000000e+05 2.904302428166073008e-02 3.349254518747332710e-02 3.121532573054238563e-02 3.075521994382141022e-02 2.939511746789018679e-02
1.122000000000000000e+05 3.095915220677859445e-02 3.380214095115661316e-02 3.232601381838325766e-02 3.171801090240479459e-02 2.950185559689998474e-02
1.123000000000000000e+05 3.170806651314098112e-02 3.368501581251621274e-02 3.330756260703005012e-02 3.269556030631069060e-02 2.927489434679349939e-02
1.124000000000000000e+05 3.130676006277404583e-02 3.360655769705772622e-02 3.362085406978924940e-02 3.337440013885494688e-02 2.859777217109997147e-02
1.125000000000000000e+05 3.079171665012836456e-02 3.361156024038790963e-02 3.372270520776510239e-02 3.361225873231887817e-02 2.784776175394651845e-02
1.126000000000000000e+05 3.082020041843256189e-02 3.374765530228614197e-02 3.366925207277139676e-02 3.370395421981812328e-02 2.772995496789619832e-02
1.127000000000000000e+05 3.116169465084868417e-02 3.375230804085731229e-02 3.387660724421341640e-02 3.377987124025821908e-02 2.883300257225837257e-02
1.128000000000000000e+05 3.173213735222814302e-02 3.359219789505003828e-02 3.410323977470398199e-02 3.397199764847756709e-02 3.056393064558499476e-02
1.129000000000000000e+05 3.217696130275726069e-02 3.325387477874755526e-02 3.431227291623752118e-02 3.417733117938042547e-02 3.207799277578789882e-02
1.130000000000000000e+05 3.189186329642929724e-02 3.276729881763459223e-02 3.411011844873428761e-02 3.426985666155815680e-02 3.258082568645476879e-02
1.131000000000000000e+05 3.096448794007302524e-02 3.236597105860709866e-02 3.375136800110341978e-02 3.407481215894220261e-02 3.218301605433222801e-02
1.132000000000000000e+05 3.038532197475434654e-02 3.206425458192824901e-02 3.324067314465840861e-02 3.373503506183622019e-02 3.163395568728443602e-02
1.133000000000000000e+05 3.020668802162011779e-02 3.202206064015627324e-02 3.281610880047081125e-02 3.330659821629522455e-02 3.166974308590091158e-02
1.134000000000000000e+05 2.974481202661989621e-02 3.215010933578013597e-02 3.245232708752154860e-02 3.290594130754469215e-02 3.216988034546373887e-02
1.135000000000000000e+05 2.918694031735260402e-02 3.239525295794010162e-02 3.215256476153930537e-02 3.254324346780775729e-02 3.255495335906744003e-02
1.136000000000000000e+05 2.907953619956969368e-02 3.275550156831740639e-02 3.207246194283167734e-02 3.231533259153365062e-02 3.253819227218627402e-02
1.137000000000000000e+05 2.950513571500777352e-02 3.306485004723070525e-02 3.223713885992766925e-02 3.233032613992691678e-02 3.201087549328800880e-02
1.138000000000000000e+05 3.038691617548467186e-02 3.328024283051490839e-02 3.261152741809689171e-02 3.251125872135163936e-02 3.120221396287283996e-02
1.139000000000000000e+05 3.099972558518248114e-02 3.332773961126804518e-02 3.307813635716835843e-02 3.288893096148969020e-02 3.054174206530049784e-02
1.140000000000000000e+05 3.094413951039312952e-02 3.318567574024199746e-02 3.338339552283287048e-02 3.320416137576104321e-02 3.022745586931706308e-02
1.141000000000000000e+05 3.082827851176261902e-02 3.293333705514669280e-02 3.355672530829906242e-02 3.346319682896137238e-02 2.996810551732778660e-02
1.142000000000000000e+05 3.110514469444752156e-02 3.256811462342739522e-02 3.357095763087272755e-02 3.356615453958511353e-02 2.979734900097051956e-02
1.143000000000000000e+05 3.138933092355728621e-02 3.196837574243548141e-02 3.346422597765921769e-02 3.361363589763641246e-02 2.998109491541984042e-02
1.144000000000000000e+05 3.110955407222114333e-02 3.135527618229393826e-02 3.322421073913574274e-02 3.359699994325637123e-02 3.053563428421820006e-02
1.145000000000000000e+05 3.011538473268353389e-02 3.075993880629541988e-02 3.264276515692470654e-02 3.322014398872851632e-02 3.118362324312328945e-02
1.146000000000000000e+05 2.899617619812487959e-02 3.046658359467983510e-02 3.193665787577628506e-02 3.266788765788077725e-02 3.154495462775229464e-02
1.147000000000000000e+05 2.825370915234088134e-02 3.039333239197731032e-02 3.122312192494672289e-02 3.197258837521075453e-02 3.146343982468048639e-02
1.148000000000000000e+05 2.800910087923209543e-02 3.049843676388263106e-02 3.071223927040894752e-02 3.137725800275802113e-02 3.133872613310813987e-02
1.149000000000000000e+05 2.791740007698536100e-02 3.081857092678545393e-02 3.042300943285227571e-02 3.092712797224521706e-02 3.127122018486261368e-02
1.150000000000000000e+05 2.772513342400391781e-02 3.135896380990743637e-02 3.027238075931866848e-02 3.061365708708763123e-02 3.101186795781053426e-02
1.151000000000000000e+05 2.754685141146182709e-02 3.204760435968641297e-02 3.028748779247204467e-02 3.050580412149429474e-02 3.031665472313765930e-02
1.152000000000000000e+05 2.777237482368949753e-02 3.290611162781717502e-02 3.061462335288524586e-02 3.057207122445106465e-02 2.936307691037657111e-02
1.153000000000000000e+05 2.872848980128760166e-02 3.369580537080764382e-02 3.117243754987916032e-02 3.082334090024232628e-02 2.852849463000893537e-02
1.154000000000000000e+05 3.007760934531687746e-02 3.439198017120359552e-02 3.206381930659209928e-02 3.160365186631678563e-02 2.818555153906344979e-02
1.155000000000000000e+05 3.124058321118357295e-02 3.495744839310643143e-02 3.298256527632471846e-02 3.245174065232275806e-02 2.813634593039751261e-02
1.156000000000000000e+05 3.177051782608030644e-02 3.546134501695628882e-02 3.379090468088785659e-02 3.336132377386091807e-02 2.814599220951398070e-02
1.157000000000000000e+05 3.180302063624063785e-02 3.592005964368579635e-02 3.436754313608012673e-02 3.398356422781943081e-02 2.818668384725850351e-02
1.158000000000000000e+05 3.216147333383559404e-02 3.632176570594310844e-02 3.493486911058425043e-02 3.458414763212202397e-02 2.856353834271429734e-02
1.159000000000000000e+05 3.332442849874499985e-02 3.628908757120370698e-02 3.557532371332245563e-02 3.518049836158750748e-02 2.943494211882353301e-02
1.160000000000000000e+05 3.463077793518707509e-02 3.587503656744958636e-02 3.633798311154047556e-02 3.593939542770389906e-02 3.069830350577834946e-02
1.161000000000000000e+05 3.499561011791229442e-02 3.513017751276497486e-02 3.668679945170880141e-02 3.655938230454924831e-02 3.183492276817564970e-02
1.162000000000000000e+05 3.429224262634914672e-02 3.402323365211482736e-02 3.666922288636365046e-02 3.694065406918525113e-02 3.253168389201168548e-02
1.163000000000000000e+05 3.340134685238201062e-02 3.278285123407835566e-02 3.621471369018158803e-02 3.672487050294874489e-02 3.286046459029116212e-02
1.164000000000000000e+05 3.276235014200208628e-02 3.139983728528020213e-02 3.545353382825851274e-02 3.630670562386508621e-02 3.334064438939093183e-02
1.165000000000000000e+05 3.218324730793638982e-02 2.975125713273884046e-02 3.460382092744108962e-02 3.567849025130273577e-02 3.418108131736517785e-02
1.166000000000000000e+05 3.128607009847961251e-02 2.779026165604597809e-02 3.367343388497822526e-02 3.481202259659763737e-02 3.501829917232197886e-02
1.167000000000000000e+05 2.980462193489072723e-02 2.574959486722957699e-02 3.222934152930972962e-02 3.372920252382746037e-02 3.526789240539071613e-02
1.168000000000000000e+05 2.779621005058302910e-02 2.372314952313916633e-02 3.050790339708328233e-02 3.229876771569256677e-02 3.466519231597581935e-02
1.169000000000000000e+05 2.538348168134675967e-02 2.213838787749412493e-02 2.852547895784171908e-02 3.045857451856131756e-02 3.349832025667036361e-02
1.170000000000000000e+05 2.304764613509184545e-02 2.003155108541245996e-02 2.649152856320127758e-02 2.852004580199707026e-02 3.235187567770482497e-02
1.171000000000000000e+05 2.117352768778800118e-02 1.717071315273645260e-02 2.466508440673342156e-02 2.656477745622404588e-02 3.129918486500778835e-02
1.172000000000000000e+05 1.994176894426341606e-02 1.399371065199386290e-02 2.301323217650254674e-02 2.494344778358934672e-02 2.998201983670388537e-02
1.173000000000000000e+05 1.865142792463309399e-02 1.152364257723094074e-02 2.147032463923091022e-02 2.340460635721671248e-02 2.816685725003469434e-02
1.174000000000000000e+05 1.583080866684530297e-02 9.769495986401992640e-03 1.947596007337169810e-02 2.184598274528968403e-02 2.586940560489897623e-02
1.175000000000000000e+05 1.231010848035415071e-02 9.070573840290281978e-03 1.710699009709070600e-02 1.972535811364634073e-02 2.353668911382550410e-02
1.176000000000000000e+05 8.009205684065734757e-03 8.632693849503990033e-03 1.420496318489313133e-02 1.741542808711512430e-02 2.148190073668958949e-02
1.177000000000000000e+05 5.565178040415049397e-03 8.385988976806403594e-03 1.180685730651026728e-02 1.507591972127541105e-02 1.995303520311910231e-02
1.178000000000000000e+05 5.759065343687919981e-03 8.323893323540689643e-03 9.902647919952930339e-03 1.258570384234173646e-02 1.878469323118523576e-02
1.179000000000000000e+05 6.072303634136913368e-03 8.231857176870114451e-03 9.076719470322161878e-03 1.039264604449266841e-02 1.746683873236170095e-02
1.180000000000000000e+05 6.246278962741298214e-03 8.100617863237869268e-03 8.680425335963566288e-03 9.513232298195310396e-03 1.536183413118099965e-02
1.181000000000000000e+05 6.209869974603252074e-03 7.899220511317249158e-03 8.488503294065592730e-03 8.991982527077177836e-03 1.212418585084390835e-02
1.182000000000000000e+05 6.107560563832527267e-03 7.744270507246254695e-03 8.337647859007127696e-03 8.654583655297745301e-03 9.124388694763204202e-03
1.183000000000000000e+05 5.959745875249308593e-03 7.617403795011343237e-03 8.157163805638757356e-03 8.443758226931084160e-03 7.380437591734007388e-03
1.184000000000000000e+05 5.769193824380632052e-03 7.520519345998767646e-03 7.974693750341732904e-03 8.257185742259016623e-03 6.849518554906047947e-03
1.185000000000000000e+05 5.584919545799504371e-03 7.423913059756157354e-03 7.817637827247375312e-03 8.084569498896592224e-03 6.852837791666393542e-03
1.186000000000000000e+05 5.422092831383156647e-03 7.333643902093167459e-03 7.692724388713638277e-03 7.922199964523308005e-03 6.869611047829191422e-03
1.187000000000000000e+05 5.283374041318895757e-03 7.248529433272775380e-03 7.587314750999215457e-03 7.788988528773184254e-03 6.708960048854358850e-03
1.188000000000000000e+05 5.205371417105197906e-03 7.133688461035489307e-03 7.505996916443109790e-03 7.677843291312453494e-03 6.439638622105123625e-03
1.189000000000000000e+05 5.248789464433992365e-03 6.966207670047882931e-03 7.443056868699687682e-03 7.605880154296753085e-03 6.177771159758165334e-03
1.190000000000000000e+05 5.333711610486106640e-03 6.750198826193822346e-03 7.367173628881569514e-03 7.541386969387529199e-03 5.926873985057066335e-03
1.191000000000000000e+05 5.287075135856871347e-03 6.459974423050900139e-03 7.259171134792271121e-03 7.477131383493539583e-03 5.727615761570629613e-03
1.192000000000000000e+05 5.036345974852637214e-03 6.183925941586500448e-03 7.048901002854109088e-03 7.366697099059817816e-03 5.622021605571108499e-03
1.193000000000000000e+05 4.616767851014917309e-03 5.958263692446050253e-03 6.784859932959068363e-03 7.188468705862756207e-03 5.560911373856168224e-03
1.194000000000000000e+05 4.167135693132905001e-03 5.867753317579626517e-03 6.461044345051026802e-03 6.952720955014222992e-03 5.514606349170208394e-03
1.195000000000000000e+05 3.765061094115189268e-03 5.994650186039503052e-03 6.126978372534109402e-03 6.599703244864935786e-03 5.493052738408246878e-03
1.196000000000000000e+05 3.372448949764170201e-03 6.287189014255994274e-03 5.861012085030476229e-03 6.246099807322021483e-03 5.419282764196391156e-03
1.197000000000000000e+05 3.128804815933101252e-03 6.786543969064982688e-03 5.685343039222055112e-03 5.899306619539856043e-03 5.236531537957504930e-03
1.198000000000000000e+05 3.281069860483233451e-03 7.588304169476073509e-03 5.807434416686504952e-03 5.786060821264981356e-03 4.948042668402182279e-03
1.199000000000000000e+05 3.798326908921182115e-03 8.450733572244666786e-03 6.109560068386326107e-03 5.850308248773217548e-03 4.579728332658618457e-03
