9.000000000000000000e+04 1.550889324597569537e-04 2.051061508683762341e-04 1.806937743558316260e-04 2.235679024805411813e-04 2.089826067355564896e-04
9.010000000000000000e+04 1.781112744229306443e-04 1.925363157147236661e-04 1.998028013071164539e-04 2.126253857840184507e-04 1.996649611336059221e-04
9.020000000000000000e+04 1.878541601975815126e-04 1.837796727091845709e-04 2.205697040086864662e-04 2.046353605290239205e-04 1.660318072925452010e-04
9.030000000000000000e+04 1.702499917956433906e-04 1.781272360581670022e-04 2.415158865693100253e-04 1.997823574306531284e-04 1.678853774224829925e-04
9.040000000000000000e+04 1.942051313799491848e-04 1.724167349807491649e-04 2.336243386820229765e-04 2.101683893416515000e-04 2.001729238055528954e-04
9.050000000000000000e+04 1.650339925460022055e-04 1.791410796178037352e-04 2.349984983304973256e-04 2.217651223748207687e-04 1.962077621327577555e-04
9.060000000000000000e+04 2.120556011945177815e-04 1.926759828925562795e-04 2.431899768004866795e-04 2.342432329417436937e-04 1.758415830015528627e-04
9.070000000000000000e+04 2.051695815950250427e-04 2.069126897946129632e-04 2.485760152924807961e-04 2.349991400031014829e-04 2.148389917032875152e-04
9.080000000000000000e+04 1.590728970984642374e-04 2.242674336216106770e-04 2.467702511687308847e-04 2.230549061258982281e-04 2.244441606611292787e-04
9.090000000000000000e+04 1.669674976218216947e-04 2.421313339847548944e-04 2.368471813585107193e-04 1.949011347380924920e-04 1.968109694539201709e-04
9.100000000000000000e+04 1.860652760524394132e-04 2.588290590580355054e-04 2.038783362399896291e-04 1.991736605239421813e-04 2.091449403655697571e-04
9.110000000000000000e+04 1.837961458390753404e-04 2.370419273397508157e-04 2.072801207607222033e-04 2.121921759410725738e-04 2.323551485704360988e-04
9.120000000000000000e+04 1.773157806171645422e-04 2.166483113425673448e-04 2.320872775586449205e-04 2.336773989180719754e-04 2.148873792988513650e-04
9.130000000000000000e+04 1.732223610851283530e-04 2.078465269518488300e-04 2.673919412834020954e-04 2.470199616081965137e-04 2.148714993135516832e-04
9.140000000000000000e+04 1.901792395085124252e-04 2.001944213389932373e-04 2.730262923973896644e-04 2.526348564175777585e-04 2.159683547553738160e-04
9.150000000000000000e+04 1.825819224129988667e-04 1.946085298925182960e-04 2.633860865240414059e-04 2.466918021600749094e-04 2.056597486504035152e-04
9.160000000000000000e+04 1.835556249430130157e-04 1.915461719363915959e-04 2.448667746060376204e-04 2.347450427305858235e-04 2.107639310145205380e-04
9.170000000000000000e+04 1.663855334088641029e-04 1.976994985651780393e-04 2.465167969350745276e-04 2.250303569385056675e-04 2.065296027509275938e-04
9.180000000000000000e+04 1.514481042696754311e-04 1.915886396307326799e-04 2.498000151545685184e-04 2.219239988398120315e-04 1.956153230648511330e-04
9.190000000000000000e+04 1.354163638468885913e-04 1.808264845103953525e-04 2.384245716857339012e-04 2.193019134795920239e-04 1.727113521789801589e-04
9.200000000000000000e+04 1.497042704186981915e-04 1.871101239424157272e-04 2.004865561280790443e-04 2.199356302762710215e-04 1.773338886608146446e-04
9.210000000000000000e+04 1.656683146458755166e-04 1.972220277020510378e-04 1.676324186250957669e-04 2.278101748563774267e-04 1.936582825668557457e-04
9.220000000000000000e+04 1.715170775761924770e-04 2.061648013160973251e-04 1.619395462410942634e-04 2.262856688510404227e-04 2.015883489375915169e-04
9.230000000000000000e+04 1.809155739914538393e-04 2.073677950571346524e-04 1.631701613131209265e-04 2.184613594963904007e-04 1.907303094157648858e-04
9.240000000000000000e+04 1.717553688906542136e-04 1.825550794408948511e-04 1.617769850864364447e-04 2.005856108613257474e-04 1.734724067986328198e-04
9.250000000000000000e+04 1.791723621522019834e-04 1.645452047459762676e-04 1.530756786254213408e-04 1.804594524748515333e-04 1.705192451145705389e-04
9.260000000000000000e+04 1.791653655977487809e-04 1.691376056099869673e-04 1.563411936993842769e-04 1.661402676006732608e-04 1.730300517809414749e-04
9.270000000000000000e+04 1.875896220649468042e-04 1.852663482129890263e-04 1.650050063453668283e-04 1.722182847038222005e-04 1.868158566776223202e-04
9.280000000000000000e+04 2.211289121060195522e-04 1.938862455048363429e-04 1.792681132341240955e-04 1.822376244780349536e-04 1.921248665826618090e-04
9.290000000000000000e+04 2.193768865295750599e-04 1.924301858215684993e-04 1.948079740904395149e-04 1.904441194568216129e-04 1.872430236137257169e-04
9.300000000000000000e+04 2.164882375161839717e-04 1.825772400607454356e-04 2.033642603331050215e-04 1.864274914750501874e-04 1.637344691486222823e-04
9.310000000000000000e+04 1.907247045294851518e-04 1.812887931468577243e-04 2.030151225511508885e-04 1.920263839809936831e-04 1.669262374873509592e-04
9.320000000000000000e+04 1.857555338524531966e-04 1.861672619269766306e-04 2.096072613659621584e-04 2.002588974597899749e-04 1.721215883029875030e-04
9.330000000000000000e+04 1.730751218257236819e-04 1.878343830985950336e-04 2.106361665395057854e-04 2.015297304491630572e-04 1.675845858863119864e-04
9.340000000000000000e+04 1.556070214517257203e-04 1.853632040102410673e-04 2.056452549190671789e-04 1.966615197211004859e-04 1.680422477240302553e-04
9.350000000000000000e+04 1.143672012389413615e-04 1.802348378672460796e-04 2.091778808671703631e-04 1.907533090522027964e-04 1.747666522189842244e-04
9.360000000000000000e+04 1.308829646141828804e-04 1.729895387954922105e-04 2.060430013971149192e-04 1.962104211234405289e-04 1.731116359423177031e-04
9.370000000000000000e+04 1.463382046909647875e-04 1.728253406216305780e-04 1.971785620907379698e-04 1.974983304687618106e-04 1.843268246576041226e-04
9.380000000000000000e+04 1.547620805191825147e-04 1.718122435795259079e-04 1.906770403443423865e-04 1.956737109675296086e-04 1.894143548941673843e-04
9.390000000000000000e+04 1.525829858408200130e-04 1.644187048941870709e-04 1.887045745783002908e-04 1.885556686218654745e-04 1.731859067315163027e-04
9.400000000000000000e+04 1.466190415209979165e-04 1.682706079906017254e-04 1.908073199443975317e-04 1.854716760072736372e-04 1.554558496647893268e-04
9.410000000000000000e+04 1.621359754288116890e-04 1.773673275489097867e-04 1.997374424606720121e-04 1.854688811328238161e-04 1.676472215065653035e-04
9.420000000000000000e+04 1.543608471111988204e-04 1.913716335825708698e-04 1.972804433833768971e-04 1.900567404078264914e-04 1.628705181679567752e-04
9.430000000000000000e+04 1.642769854590038795e-04 1.993471609829219264e-04 1.869657486274891114e-04 2.007335477690247504e-04 1.553919408370404401e-04
9.440000000000000000e+04 1.718057835117965117e-04 2.067014725314731229e-04 1.712576589764562649e-04 2.154932546410887105e-04 1.757600356395859931e-04
9.450000000000000000e+04 1.858122528796759556e-04 2.136127905659047737e-04 1.690959416315737597e-04 2.239957073681877054e-04 1.517620630687436969e-04
9.460000000000000000e+04 1.827522758884407290e-04 2.200311520628888459e-04 1.727975200032047813e-04 2.279629662515549613e-04 1.575698599985213798e-04
9.470000000000000000e+04 1.786836555533175865e-04 2.167024249832708103e-04 1.723304073047284089e-04 2.281263249139916442e-04 1.657813130355049243e-04
9.480000000000000000e+04 1.799156904388076632e-04 2.084914112922807438e-04 1.774249477011082367e-04 2.275033790061548229e-04 1.575382937410118016e-04
9.490000000000000000e+04 1.871571162106433733e-04 2.050840812951878025e-04 1.846974198141143229e-04 2.213801312252278392e-04 1.594432015636567681e-04
9.500000000000000000e+04 1.881033311193406981e-04 1.982461233508637968e-04 1.916353179018884115e-04 2.100801287402160732e-04 1.555713115073218821e-04
9.510000000000000000e+04 2.075846495486061692e-04 1.926048975071538568e-04 1.948814916336334821e-04 1.989830916515330584e-04 1.584951257931393391e-04
9.520000000000000000e+04 1.942317621478916768e-04 1.935435946122901919e-04 1.942302056840703502e-04 1.948829148068509127e-04 1.677586440830896534e-04
9.530000000000000000e+04 1.758663790830863188e-04 1.995946076016621128e-04 1.865150084745303212e-04 1.982169019714197548e-04 1.934105776911433010e-04
9.540000000000000000e+04 1.878577772849204699e-04 2.053821601399802624e-04 1.933770717334282814e-04 2.077302965467620185e-04 2.127166676669088217e-04
9.550000000000000000e+04 1.959630358193214475e-04 2.089539930009716548e-04 2.026884603261368224e-04 2.184607688651640193e-04 2.188499074359654989e-04
9.560000000000000000e+04 1.844316811281657338e-04 2.031560059693527157e-04 2.093672731764201949e-04 2.304200066973336662e-04 2.054781996159864602e-04
9.570000000000000000e+04 1.864469421347953056e-04 1.999553785681030865e-04 2.171565207592985095e-04 2.296496231910823799e-04 1.891372888725902925e-04
9.580000000000000000e+04 1.743612100144280416e-04 2.002127371494684329e-04 2.244898773263934979e-04 2.225590116961002191e-04 1.689967757694878529e-04
9.590000000000000000e+04 1.714291141290803875e-04 1.946390372929216036e-04 2.306662578785277260e-04 2.080055230709276749e-04 1.828291150255779507e-04
9.600000000000000000e+04 1.811170713647927721e-04 1.918474767193370826e-04 2.335252604563938092e-04 2.113641082265327884e-04 2.049270382602232890e-04
9.610000000000000000e+04 1.850102271454333682e-04 1.932896604287003873e-04 2.335088913186993771e-04 2.250742347025599520e-04 2.016604705503880054e-04
9.620000000000000000e+04 2.028866702022286974e-04 2.095097994900704493e-04 2.299482071979313939e-04 2.519541057052713932e-04 1.984534465003674330e-04
9.630000000000000000e+04 2.023015088936922683e-04 2.204772669314061611e-04 2.300493016117435754e-04 2.542629844256545451e-04 1.978829780838672349e-04
9.640000000000000000e+04 2.187273901448048038e-04 2.266435356830365352e-04 2.311320283199680566e-04 2.486652810447263014e-04 1.920291136803642222e-04
9.650000000000000000e+04 2.356831290376689098e-04 2.250502687603360300e-04 2.330718553307996549e-04 2.351619881581000580e-04 1.742763945970661325e-04
9.660000000000000000e+04 2.326073429430859478e-04 2.294023791960726505e-04 2.235286854403153653e-04 2.376489913672359959e-04 1.845428801370322617e-04
9.670000000000000000e+04 2.257719910919910727e-04 2.344212039808764444e-04 2.149430326763654571e-04 2.581304400903940556e-04 1.988308788243433136e-04
9.680000000000000000e+04 2.030972587335207842e-04 2.374704700424600206e-04 2.078049433230546163e-04 3.088899598074002417e-04 1.961117714051795408e-04
9.690000000000000000e+04 2.032345354928659505e-04 2.371648105760351070e-04 2.100059344650675877e-04 3.851114480661595261e-04 2.002295197246794004e-04
9.700000000000000000e+04 1.811483736703222314e-04 2.299744276852991537e-04 2.147040845353746276e-04 4.483136866568514841e-04 2.060028748876182680e-04
9.710000000000000000e+04 1.752456192753985191e-04 2.144058916460952059e-04 2.218068557053866319e-04 4.685577559785208653e-04 2.138705488058702524e-04
9.720000000000000000e+04 1.717605706762137996e-04 2.228372578492329671e-04 2.331975868200785969e-04 4.022947551352288502e-04 2.259884755859409820e-04
9.730000000000000000e+04 1.602006990400331519e-04 2.378662088261760668e-04 2.385487698806622802e-04 3.272293830099771484e-04 2.317675986307716270e-04
9.740000000000000000e+04 1.568170510650701815e-04 2.560665534235390898e-04 2.400030126114000690e-04 2.907986609179408080e-04 2.266667383392197209e-04
9.750000000000000000e+04 1.668863047436052295e-04 2.508584031503938356e-04 2.444706590281962681e-04 2.717706976099249676e-04 2.030630915916330583e-04
9.760000000000000000e+04 1.833291329104705858e-04 2.380563311926598574e-04 2.411534655892845198e-04 2.551480346483249711e-04 1.919747949314519649e-04
9.770000000000000000e+04 2.077915013433600860e-04 2.234042649158544350e-04 2.343294841565751274e-04 2.286391764852509917e-04 1.842127221825377338e-04
9.780000000000000000e+04 2.086255988193671282e-04 2.193695139471456854e-04 2.333570626198300929e-04 2.314431892045764173e-04 1.873867050195534504e-04
9.790000000000000000e+04 1.903306534832431606e-04 2.302954216162839487e-04 2.312971203885369400e-04 2.414890997132677311e-04 2.027297742331726803e-04
9.800000000000000000e+04 1.820968389061300007e-04 2.414306370318259145e-04 2.288525097092601883e-04 2.376048461391377432e-04 1.871608928038063255e-04
9.810000000000000000e+04 2.023318360279139283e-04 2.401420868980373691e-04 2.269753290518868678e-04 2.491595225259932221e-04 1.598647259300439271e-04
9.820000000000000000e+04 2.441022332410817237e-04 2.258420468230396103e-04 2.299252026095732889e-04 2.647567202420914967e-04 1.573796673850044096e-04
9.830000000000000000e+04 2.748242494223527904e-04 2.335062582730031058e-04 2.397362782409699741e-04 2.683386618422145152e-04 1.641471770713495931e-04
9.840000000000000000e+04 2.793705287588951519e-04 2.791757220011560148e-04 2.651883079575698414e-04 2.632894246012510158e-04 1.801461082909430592e-04
9.850000000000000000e+04 2.817744750384328415e-04 3.375335856259662815e-04 2.780344490336310532e-04 2.626647193134448179e-04 1.830155933567036099e-04
9.860000000000000000e+04 2.575565189602311645e-04 3.704628644947206601e-04 2.812410274859988824e-04 3.109846937183400315e-04 1.678306289208382300e-04
9.870000000000000000e+04 2.581237752439949980e-04 3.755916548985569229e-04 2.701080970363284859e-04 3.282221705530449698e-04 1.921965279927349021e-04
9.880000000000000000e+04 3.142330399077559447e-04 3.626757346950112829e-04 2.950593757754208391e-04 3.251217349062720066e-04 2.292711260217455234e-04
9.890000000000000000e+04 3.641772976801176771e-04 3.451924932070091667e-04 3.232351092361161965e-04 3.033417808452704362e-04 2.436167674445245625e-04
9.900000000000000000e+04 3.232623968112602244e-04 3.251576274088222875e-04 3.405378533059680627e-04 3.031851034353756939e-04 2.435535511184884960e-04
9.910000000000000000e+04 3.058599089483414663e-04 3.084711410145032375e-04 3.388203632842736335e-04 3.166665658014630887e-04 2.481002773790842871e-04
9.920000000000000000e+04 3.175911047236433743e-04 2.972654328732943999e-04 3.306485799210269537e-04 3.259781276951964732e-04 2.652722371829395660e-04
9.930000000000000000e+04 3.265851136412441518e-04 2.876768455601375887e-04 3.172029764240400819e-04 3.288686650893851596e-04 2.949519155005803496e-04
9.940000000000000000e+04 3.260861752504631297e-04 2.757001745881815106e-04 3.235565120897627555e-04 3.274346874559229533e-04 2.822220079753074221e-04
9.950000000000000000e+04 3.016533897178300355e-04 2.551735795095556088e-04 3.327560549954616592e-04 3.323055856518212798e-04 2.987910477725616966e-04
9.960000000000000000e+04 3.113620340839060854e-04 2.598261256067306937e-04 3.427350797783783928e-04 3.138190025927044377e-04 3.392081799933507587e-04
9.970000000000000000e+04 3.213769552806354187e-04 3.157702070049063742e-04 3.232842367167362363e-04 2.769311137419717419e-04 3.304544965231816646e-04
9.980000000000000000e+04 3.017455115878552680e-04 3.555890044298215947e-04 3.090155568262017874e-04 2.740676063598904838e-04 3.491551059986172461e-04
9.990000000000000000e+04 3.440228659421435461e-04 3.730369005952733621e-04 3.029000306729926189e-04 2.669599342073645598e-04 3.417652505540458318e-04
1.000000000000000000e+05 3.440954147441917807e-04 3.652941006991199981e-04 3.086864818983050792e-04 2.558577540355966707e-04 3.298164644933721250e-04
1.001000000000000000e+05 2.973101236882796277e-04 3.736984997454355167e-04 3.245336082659704743e-04 2.712768695869124426e-04 3.061251985146703873e-04
1.002000000000000000e+05 2.953509883409022796e-04 3.632492378888180782e-04 3.493403638808949383e-04 2.889156144289029330e-04 3.115186376448813893e-04
1.003000000000000000e+05 3.099889236798913364e-04 3.366262212580361699e-04 3.533082377275141464e-04 3.089127153922353593e-04 3.272894106841978340e-04
1.004000000000000000e+05 3.225371127433993251e-04 3.029782798434557797e-04 3.438324246170586609e-04 3.125575214773772129e-04 3.622790531266864458e-04
1.005000000000000000e+05 3.183012501911465010e-04 3.019319240346008087e-04 3.261280636532310883e-04 3.250299770724445533e-04 3.654484628204017829e-04
1.006000000000000000e+05 2.867038972933433827e-04 3.154307052116640830e-04 3.421941151066780788e-04 3.487088231373552429e-04 3.404169775926282828e-04
1.007000000000000000e+05 3.312191485286393672e-04 3.177630118499933580e-04 3.327696337580863866e-04 3.570988568564487792e-04 3.378008684215051964e-04
1.008000000000000000e+05 3.165755895399896178e-04 3.103252634713189479e-04 3.113404995002937853e-04 3.522695418987956367e-04 3.573504200355044646e-04
1.009000000000000000e+05 2.953663525979933688e-04 3.105858926108850493e-04 3.292162079105571655e-04 3.308383340806281443e-04 3.632854194363504272e-04
1.010000000000000000e+05 3.005157159706732159e-04 3.357435136729739486e-04 3.392068820460619402e-04 3.221620124311678807e-04 3.662353222338234114e-04
1.011000000000000000e+05 3.454369352595859947e-04 3.385007476656750193e-04 3.425245240925651113e-04 3.223634459720325679e-04 3.213677923680174193e-04
1.012000000000000000e+05 3.959483844823926714e-04 3.360883723571975504e-04 3.342755615196706391e-04 3.342606742412892800e-04 2.931918448631212412e-04
1.013000000000000000e+05 3.801024278667249068e-04 3.316656300988987064e-04 3.349457542955919828e-04 3.453840138341714508e-04 3.128332472299700487e-04
1.014000000000000000e+05 3.490481287134337062e-04 3.333532342751438179e-04 3.431996673670913091e-04 3.525349546267026618e-04 2.899842672942632414e-04
1.015000000000000000e+05 3.759169248956257007e-04 3.307949633925660036e-04 3.647823059919505463e-04 3.529209982336054788e-04 3.272472644799917464e-04
1.016000000000000000e+05 3.878368333609871158e-04 3.243625023977867524e-04 3.872884641468955151e-04 3.689964433657656664e-04 3.393353969852785966e-04
1.017000000000000000e+05 3.226176292139223164e-04 3.263829946058262538e-04 3.941602668175334069e-04 3.782930801945093226e-04 3.292077025277654885e-04
1.018000000000000000e+05 3.251064169767762147e-04 3.271276194241345709e-04 3.534126889573769312e-04 3.684287427288217135e-04 3.848723472335917307e-04
1.019000000000000000e+05 3.505823776798381946e-04 3.297595593093553931e-04 3.223260698235226726e-04 3.713046925413703145e-04 4.403162417423094424e-04
1.020000000000000000e+05 3.508632582904027157e-04 3.466674901801154577e-04 3.080832632147872713e-04 3.781747531572452847e-04 3.934642215480246082e-04
1.021000000000000000e+05 3.477570582166112983e-04 3.158279382870939327e-04 3.272386146208951263e-04 3.877195662341136528e-04 5.319978728429297513e-04
1.022000000000000000e+05 3.555644945140745456e-04 2.769915198408329010e-04 3.233582322158762377e-04 3.638746736938815846e-04 6.034484380881852215e-04
1.023000000000000000e+05 3.376668657280870668e-04 2.707154901729399293e-04 3.221976675775894863e-04 3.368071386437237829e-04 4.209410699657721968e-04
1.024000000000000000e+05 3.235210855833009795e-04 2.825953696145444972e-04 3.362903589755136965e-04 3.251179865742488207e-04 4.512788394147651256e-04
1.025000000000000000e+05 3.142227330357915327e-04 2.985466285874443680e-04 3.541816500687983951e-04 3.333593275449761996e-04 4.718462206962255041e-04
1.026000000000000000e+05 2.952547380041047704e-04 3.142455298135441626e-04 3.619746438336571650e-04 3.477634160966799632e-04 3.559391599067482110e-04
1.027000000000000000e+05 3.056966034990585019e-04 3.103316167333141653e-04 3.526104688810784951e-04 3.614955977987254865e-04 3.382293481369094950e-04
1.028000000000000000e+05 2.868945510910154810e-04 3.014664361123499175e-04 3.372363728978343368e-04 3.667319738520945292e-04 3.738829033444904335e-04
1.029000000000000000e+05 3.320877192585044340e-04 2.892082750031932858e-04 3.248068601003710454e-04 3.669334635676294921e-04 3.728974983610428809e-04
1.030000000000000000e+05 3.087455788575557193e-04 2.886582296741381200e-04 3.171309111128084034e-04 3.602673904675788956e-04 3.270351387472946207e-04
1.031000000000000000e+05 3.110954649345245302e-04 2.874158108241290960e-04 3.152592733083729205e-04 3.609220703163592463e-04 3.371775619170929621e-04
1.032000000000000000e+05 2.826642854530469584e-04 2.865056980847398033e-04 2.998430084053182662e-04 3.641037136349711107e-04 3.559290243848497711e-04
1.033000000000000000e+05 3.114342331973408593e-04 2.921904564367326543e-04 2.689949264049222230e-04 3.643334802766388220e-04 3.372191469735677950e-04
1.034000000000000000e+05 3.026246762745093011e-04 2.946211576670387236e-04 2.706685380941927432e-04 3.716392068632038640e-04 3.153482724292959363e-04
1.035000000000000000e+05 2.847895847555142199e-04 2.868291051042274600e-04 2.607228861477939937e-04 3.790511309188489904e-04 3.141827430016558417e-04
1.036000000000000000e+05 2.883178680441116450e-04 2.480924417052308181e-04 2.408646500356378419e-04 3.672450729556411874e-04 3.492893114548534131e-04
1.037000000000000000e+05 2.832315074444566793e-04 2.354045462982815799e-04 2.473881380968308156e-04 3.587064498553952079e-04 3.857487532530755217e-04
1.038000000000000000e+05 2.562108163688507092e-04 2.405187895968665182e-04 2.694717408015884436e-04 3.538591519309877437e-04 3.231238256808545558e-04
1.039000000000000000e+05 2.698468605589031811e-04 2.668649831402800272e-04 3.001076973578450588e-04 3.622374456705652391e-04 3.609352059715255335e-04
1.040000000000000000e+05 2.984902209737619089e-04 3.059302764668328186e-04 2.914051468230956796e-04 3.698141961087170410e-04 3.506716912990503294e-04
1.041000000000000000e+05 2.844883191681247137e-04 3.349187678796766406e-04 2.766971166682001223e-04 3.751269593704068331e-04 3.469795552423841608e-04
1.042000000000000000e+05 2.712969315657267656e-04 3.473766842839985398e-04 2.631345366679063410e-04 3.630098823267480885e-04 3.718975059136582365e-04
1.043000000000000000e+05 2.834592270570095987e-04 3.534679979058237250e-04 2.839606954847410177e-04 3.432603078038156015e-04 4.058062643220292543e-04
1.044000000000000000e+05 3.081648714337479017e-04 3.441793205281620761e-04 2.903256743838297815e-04 3.213287416523129248e-04 3.811306848874084288e-04
1.045000000000000000e+05 3.327315617243110099e-04 3.232004046528163502e-04 2.958865312830656971e-04 3.527474606791260745e-04 3.801427370468790212e-04
1.046000000000000000e+05 3.100097032913788891e-04 3.308151023618678254e-04 3.349237398251853179e-04 3.910229656358011762e-04 3.859487602194399151e-04
1.047000000000000000e+05 3.364535881796293631e-04 3.416248211321093638e-04 3.598005303649555843e-04 4.341546869749272116e-04 3.571521929829997097e-04
1.048000000000000000e+05 3.749259372107868076e-04 3.590805387793428744e-04 3.699305570956201001e-04 4.498377077561840323e-04 4.057108770828196653e-04
1.049000000000000000e+05 3.269059811946769959e-04 3.989283533932925477e-04 3.492716900208124174e-04 4.421639329533444906e-04 4.330237448624075841e-04
1.050000000000000000e+05 3.307807256095978798e-04 4.126704418121885775e-04 3.422078621649940998e-04 4.125072917184145608e-04 3.905535313462680635e-04
1.051000000000000000e+05 3.372190058093263660e-04 4.084735785105883012e-04 3.466627816432501477e-04 4.109890402658647034e-04 4.222633839630605436e-04
1.052000000000000000e+05 3.361193343036837059e-04 3.831746737185381122e-04 3.701228902065088408e-04 4.327939308971695716e-04 4.909693147304390387e-04
1.053000000000000000e+05 3.451014792511445219e-04 3.801730500933932265e-04 3.682277261478178704e-04 4.793796599925706243e-04 4.424802175932763290e-04
1.054000000000000000e+05 3.712360489296858183e-04 3.776726495453197781e-04 3.569318523096546040e-04 5.089696649095765742e-04 4.309289897880479820e-04
1.055000000000000000e+05 3.638953797176991086e-04 3.682377690240882704e-04 3.402139454831157534e-04 5.189846974578626263e-04 4.980135881808432814e-04
1.056000000000000000e+05 3.566750865832004984e-04 3.410791229512413021e-04 3.248560277497318689e-04 5.061471028203736117e-04 4.961166670219711904e-04
1.057000000000000000e+05 3.446442149792942563e-04 3.462206006033329659e-04 3.235603859906222490e-04 4.696510215664072090e-04 4.682458125418392596e-04
1.058000000000000000e+05 3.528635196781624000e-04 3.867914136521680103e-04 3.478819375912624670e-04 4.511430693094899917e-04 4.653589808168135354e-04
1.059000000000000000e+05 3.543712307288586255e-04 3.832188943757517926e-04 3.710925983549567863e-04 4.591190582292766181e-04 5.120148135412927980e-04
1.060000000000000000e+05 3.316800531247417433e-04 3.753241146035822258e-04 3.759317785788417274e-04 4.844988627580351886e-04 5.304092468005690460e-04
1.061000000000000000e+05 3.469878998514707791e-04 3.685161162876593997e-04 3.527756993439933562e-04 5.086146606345838279e-04 5.422758744726644681e-04
1.062000000000000000e+05 3.500602987175754346e-04 3.898442534095369286e-04 3.387915281160180014e-04 5.281083227986583606e-04 5.447085730286614982e-04
1.063000000000000000e+05 3.548389881587008681e-04 4.025109107282160608e-04 3.413269319520519660e-04 5.424192126095494712e-04 5.812905220113678741e-04
1.064000000000000000e+05 3.746397812083498155e-04 4.118181673159760085e-04 3.639484727906239312e-04 5.370173821686694167e-04 5.980259574671431891e-04
1.065000000000000000e+05 3.745264314242393493e-04 4.234273098476278984e-04 3.971614774274295008e-04 4.983693053034703559e-04 5.413981224814429661e-04
1.066000000000000000e+05 3.954257521030217644e-04 4.360270552812005340e-04 4.130059073610627845e-04 4.770563275270055790e-04 4.812758272923028892e-04
1.067000000000000000e+05 4.091915554307404561e-04 4.343190338516740275e-04 4.098291637099309831e-04 4.596880453710650125e-04 4.946713100679422633e-04
1.068000000000000000e+05 3.829996650178807936e-04 4.034451437504312605e-04 4.174740540448370544e-04 4.440180476387648573e-04 5.580630407378626544e-04
1.069000000000000000e+05 4.178721307687653500e-04 4.010146881341811404e-04 4.107772540704694979e-04 4.298553657952382126e-04 6.276770152567403031e-04
1.070000000000000000e+05 4.606253584969035924e-04 4.143163557149093733e-04 3.912161229897183476e-04 4.093973005864566962e-04 6.559729589150363515e-04
1.071000000000000000e+05 4.315614910299112950e-04 4.432204110149182011e-04 3.717125025372601315e-04 3.736894477388885737e-04 6.259810157392809273e-04
1.072000000000000000e+05 4.166109799643787797e-04 4.360581836118349562e-04 3.747322897490164089e-04 3.664050650472406917e-04 5.848681775889296710e-04
1.073000000000000000e+05 3.940906862567893402e-04 4.392801720481500413e-04 3.904694237048456280e-04 3.753756571044497407e-04 5.801835427673054501e-04
1.074000000000000000e+05 3.764219574358627354e-04 4.530464795169405578e-04 3.657729546737207129e-04 4.072862545338306207e-04 6.184886423022653481e-04
1.075000000000000000e+05 4.027659490706092353e-04 4.784117479209638608e-04 3.724342707013205637e-04 4.343885012797558932e-04 6.188947997954175441e-04
1.076000000000000000e+05 5.024381533769734648e-04 4.937687400678470720e-04 3.954007607360998894e-04 4.598147302877364918e-04 5.688946275401586365e-04
1.077000000000000000e+05 5.251658591894000369e-04 5.090254108850279053e-04 3.979792265866925706e-04 4.848117545480975371e-04 4.792181468202217839e-04
1.078000000000000000e+05 5.003952185374451345e-04 5.483457093308944730e-04 4.057625470570524855e-04 4.863580728360981497e-04 4.598440388493717961e-04
1.079000000000000000e+05 4.662369176795529797e-04 5.926441298455995769e-04 4.246423116989508071e-04 4.784976227411681313e-04 5.064414573658409992e-04
1.080000000000000000e+05 5.092124882853365240e-04 6.347002006111858441e-04 4.812818382079231709e-04 4.683612305425592019e-04 4.919359328800759074e-04
1.081000000000000000e+05 5.858038959588954828e-04 6.669579030554305963e-04 5.215965420344968609e-04 4.694507581634324795e-04 4.887401534232746134e-04
1.082000000000000000e+05 6.160794858216386231e-04 6.687612025790000457e-04 5.443726313703812136e-04 4.794807733945412906e-04 5.410387844085836392e-04
1.083000000000000000e+05 6.302564121529700015e-04 6.397524722085174559e-04 5.306665674283407011e-04 5.077792267031577432e-04 5.266054055067443708e-04
1.084000000000000000e+05 6.188626758728328235e-04 5.717985498376749456e-04 5.328100952993820904e-04 5.225726986009986749e-04 5.216743638228896413e-04
1.085000000000000000e+05 5.991303044351831359e-04 5.110753714429093573e-04 5.414514475275335626e-04 5.347831247075734160e-04 5.710416883215954642e-04
1.086000000000000000e+05 5.805024972712889177e-04 4.849388122647448562e-04 5.532677205370709539e-04 5.703424423332123169e-04 5.998182872782788656e-04
1.087000000000000000e+05 5.682704914180982227e-04 4.959431550184960780e-04 5.322235813045812563e-04 5.776919996238366909e-04 5.974712828412772269e-04
1.088000000000000000e+05 5.293578768239143046e-04 5.508393763177621243e-04 5.134156007887019126e-04 5.633024275527081983e-04 5.735699646968364217e-04
1.089000000000000000e+05 4.780074746137990735e-04 5.651092163513653710e-04 5.180822012693188155e-04 5.081731747110680968e-04 6.167479312828790016e-04
1.090000000000000000e+05 4.426317611543367954e-04 5.529325395675681537e-04 5.257854827753311814e-04 4.716006966997571552e-04 6.434189523761025533e-04
1.091000000000000000e+05 4.527541860703278558e-04 5.484160034412961056e-04 5.223106239928552216e-04 4.484780206168593867e-04 6.213660156715496022e-04
1.092000000000000000e+05 5.309240554159864707e-04 5.587534615238482676e-04 4.978797408772264385e-04 4.392343274209645708e-04 5.964352456457941562e-04
1.093000000000000000e+05 5.727488214567149185e-04 5.698684331053205550e-04 4.840309278149584199e-04 4.284294576546012552e-04 6.042714665458561764e-04
1.094000000000000000e+05 5.551755321305080430e-04 5.634835419628540830e-04 4.848770922741868668e-04 4.156756523838336481e-04 5.939652569145319758e-04
1.095000000000000000e+05 5.563803135221155865e-04 5.689306399166555155e-04 5.053136768657944975e-04 3.905436265733107913e-04 5.959239610639793143e-04
1.096000000000000000e+05 5.661080234413579668e-04 5.847235780613776199e-04 5.048490205115885527e-04 3.924957736367822156e-04 5.583350116536758270e-04
1.097000000000000000e+05 5.797111511414767280e-04 6.142678808590414617e-04 5.176174166781286881e-04 4.176361942231356593e-04 4.806566230518305471e-04
1.098000000000000000e+05 5.729500266575660418e-04 6.062147783256695332e-04 5.487251417355846561e-04 4.625567575685626581e-04 5.114693007123102689e-04
1.099000000000000000e+05 5.367400956257127121e-04 5.740591985085774420e-04 5.585162896680631942e-04 4.730152363334933809e-04 5.411689715814429775e-04
1.100000000000000000e+05 4.787339360344611619e-04 5.175620335393572207e-04 5.578456057120203182e-04 4.510388119638399280e-04 4.770254634187792698e-04
1.101000000000000000e+05 4.255587479841049185e-04 4.656681600466978195e-04 5.468417913122844204e-04 4.239795849997360995e-04 4.766384678354132986e-04
1.102000000000000000e+05 4.173150543269372342e-04 4.174098516565664919e-04 5.207608752069473827e-04 4.192643682743212247e-04 5.087579641386929087e-04
1.103000000000000000e+05 4.140532390351272509e-04 3.733795052017138683e-04 5.031955094690258954e-04 4.382896624275138477e-04 5.068210607712609261e-04
1.104000000000000000e+05 4.145656822008566634e-04 3.405278136057299080e-04 4.911499754196846628e-04 4.346091817045192414e-04 4.709586273599570064e-04
1.105000000000000000e+05 4.117620784964654370e-04 3.401034043047933861e-04 4.500747660094350962e-04 4.211575420041773453e-04 4.144370171067420514e-04
1.106000000000000000e+05 3.766827663087136784e-04 3.571202199644397252e-04 3.996537526970745128e-04 3.968319780888752415e-04 3.808733792842073371e-04
1.107000000000000000e+05 3.280537752799480666e-04 3.747132564939067772e-04 3.504341572480755085e-04 3.748541486190731971e-04 3.891568821062021954e-04
1.108000000000000000e+05 3.187366085546131881e-04 3.925840034250692228e-04 3.699721228964357998e-04 3.592684554650570983e-04 4.251115486683490247e-04
1.109000000000000000e+05 3.593072930512696190e-04 4.024196444419404013e-04 3.970327336835128857e-04 3.521522424517533885e-04 3.736861197912533868e-04
1.110000000000000000e+05 3.614268294372938910e-04 3.936818092226876658e-04 4.228485348036223682e-04 3.768433220704428760e-04 3.450144435794095187e-04
1.111000000000000000e+05 3.380709278674682910e-04 4.251860250644412770e-04 4.155258972159314636e-04 3.822329398714101735e-04 3.394089011951324894e-04
1.112000000000000000e+05 3.427436419551480647e-04 4.583930325396723729e-04 4.042687897335191390e-04 3.530345713940306234e-04 2.961097793323499766e-04
1.113000000000000000e+05 3.881721377108441891e-04 4.841059794981814306e-04 3.972659103006280609e-04 3.754396668150648971e-04 3.104702411752733020e-04
1.114000000000000000e+05 3.847538626161775923e-04 4.892671356535349984e-04 4.163034263465642559e-04 3.820297014963412513e-04 3.388938359421877545e-04
1.115000000000000000e+05 3.539852042794870636e-04 4.725072733760052042e-04 4.569513613337533738e-04 3.484873713558520199e-04 3.197569433638548938e-04
1.116000000000000000e+05 3.729439239647120157e-04 4.383027996109023451e-04 4.861296627960239774e-04 3.616153302454957986e-04 3.489617838056665927e-04
1.117000000000000000e+05 3.753105523194633412e-04 4.519157458389546690e-04 4.503571482016347459e-04 3.733049019909539081e-04 3.791188259739347133e-04
1.118000000000000000e+05 3.825717325919021335e-04 4.367358343263017298e-04 4.574896227907029574e-04 3.654497390801389987e-04 3.491038671584934710e-04
1.119000000000000000e+05 4.140682588221563818e-04 4.171691092188926681e-04 4.721082276794943446e-04 3.944427161508558505e-04 3.491610942968623242e-04
1.120000000000000000e+05 3.760203632061377677e-04 4.720684821745242329e-04 4.709346089456569210e-04 4.347386691078145081e-04 3.545422106388682265e-04
1.121000000000000000e+05 3.805516588807811751e-04 4.863321098848601815e-04 4.843207443726010994e-04 4.821979728347809582e-04 3.656341115025032919e-04
1.122000000000000000e+05 4.177530587933900611e-04 4.725491668681241954e-04 4.932218230916243307e-04 4.603493553109464431e-04 3.814193145129454472e-04
1.123000000000000000e+05 4.223776682112537293e-04 4.262946591158317598e-04 4.853964420462293997e-04 4.318612491749827483e-04 3.979077263900963717e-04
1.124000000000000000e+05 4.391509646949423324e-04 4.029000366347639428e-04 4.454454165092297090e-04 4.354273732790499263e-04 4.236803359022263448e-04
1.125000000000000000e+05 4.864359082900423679e-04 3.866821025406045427e-04 4.153580636290575383e-04 4.322791987309185886e-04 4.256024093548120600e-04
1.126000000000000000e+05 4.091333089856637162e-04 3.737552440251617060e-04 4.119864607144199382e-04 4.225709952651497963e-04 4.197822052849572733e-04
1.127000000000000000e+05 3.751047262374478022e-04 3.594768587781427402e-04 3.684133848073849562e-04 3.990770000839700634e-04 4.340677895546323981e-04
1.128000000000000000e+05 3.982505058963337801e-04 3.328446828348638475e-04 3.387837417806445028e-04 3.844653098780419134e-04 4.066978291806163932e-04
1.129000000000000000e+05 3.902045465397879342e-04 2.930437404775754076e-04 3.358296484186541644e-04 3.780720264558675749e-04 3.840162985528900287e-04
1.130000000000000000e+05 3.780087333712401905e-04 3.189631145779677889e-04 3.677730606724894432e-04 3.898324720149613548e-04 3.977911360151020000e-04
1.131000000000000000e+05 3.862569185682308338e-04 3.616733535025855122e-04 3.788262965619882045e-04 3.959924262583523584e-04 3.766696411338495100e-04
1.132000000000000000e+05 4.529816084825139737e-04 4.124968128268650491e-04 3.623465319395835168e-04 4.001858741728596468e-04 3.545158885809568242e-04
1.133000000000000000e+05 3.923588697173682055e-04 4.266986974795724565e-04 3.630907915081973579e-04 4.064875266163700041e-04 3.656970807563705091e-04
1.134000000000000000e+05 3.724273699506417258e-04 4.182373528727129433e-04 3.661187812266451357e-04 4.004955539546295701e-04 3.658643601433853618e-04
1.135000000000000000e+05 3.494071648209125442e-04 3.990105643705286532e-04 3.723152221139283398e-04 3.871727634014314511e-04 3.535754335583797515e-04
1.136000000000000000e+05 3.525037928309034097e-04 3.818219905124131002e-04 4.280088055050304736e-04 3.672195429507669291e-04 3.850831937060679357e-04
1.137000000000000000e+05 3.571346150098263770e-04 3.957583520347591598e-04 4.586314567258121524e-04 3.495049178915436358e-04 3.814684269553655265e-04
1.138000000000000000e+05 3.737589818023043546e-04 4.083249265034086099e-04 4.668798622005074553e-04 3.378859576830426314e-04 3.865937290798715791e-04
1.139000000000000000e+05 3.879015966890847641e-04 3.978914229644458459e-04 4.535993533060868116e-04 3.611863867348688410e-04 3.591927519348927004e-04
1.140000000000000000e+05 4.103578782440900027e-04 3.535852378379305671e-04 4.157302055297750626e-04 3.788546292303179982e-04 3.657548468390990973e-04
1.141000000000000000e+05 4.292071885491154743e-04 3.301394522522471176e-04 3.662931630370521319e-04 3.938003326518688639e-04 3.778086887630548760e-04
1.142000000000000000e+05 4.032594604522438749e-04 3.424747725685787733e-04 3.594241419287377034e-04 4.181298579508800932e-04 3.421266565544219375e-04
1.143000000000000000e+05 3.627549786961745755e-04 3.420974528663001525e-04 3.565065213145922752e-04 4.039217005060678767e-04 3.192712232826793329e-04
1.144000000000000000e+05 3.944209777829169516e-04 3.539017072828479563e-04 3.563808727930612937e-04 3.637327476778444619e-04 3.751006583714239576e-04
1.145000000000000000e+05 3.821666172720437817e-04 3.751076123161199661e-04 3.590621744987073662e-04 3.609823693229946388e-04 4.171695406602577783e-04
1.146000000000000000e+05 3.596805522996565554e-04 3.692715892277138845e-04 3.401769454505099589e-04 3.764358375604654242e-04 3.911529812115958861e-04
1.147000000000000000e+05 3.520138013607227671e-04 3.668484348989465215e-04 3.192896425182658584e-04 4.059704269704770044e-04 3.493494974554738866e-04
1.148000000000000000e+05 3.504131443786311149e-04 3.728897193183061459e-04 3.306287809232828735e-04 4.006649847732795893e-04 3.355366573841243980e-04
1.149000000000000000e+05 3.128249659693995875e-04 4.093350112374277467e-04 3.320496856903880465e-04 3.998711418103063301e-04 3.498350442448822811e-04
1.150000000000000000e+05 3.302214994339526446e-04 4.072923607191137208e-04 3.313397537199264716e-04 4.033235098913086738e-04 3.559408096080244580e-04
1.151000000000000000e+05 3.214164813974725986e-04 3.961590774679930524e-04 3.356712879732782042e-04 4.000183894768230574e-04 3.473342539406731010e-04
1.152000000000000000e+05 3.247068506032814049e-04 3.995910189364022813e-04 3.500496707776837866e-04 4.047841105103180113e-04 3.161277289603118493e-04
1.153000000000000000e+05 3.346584131335930841e-04 4.150072708112784647e-04 3.677857717145135573e-04 4.181251005822924261e-04 3.470213062184877785e-04
1.154000000000000000e+05 3.423612251004869806e-04 4.228687824769117331e-04 3.863292074115816507e-04 4.035144691325038397e-04 3.566437973592134531e-04
1.155000000000000000e+05 3.832456632141295508e-04 4.140632412258160653e-04 4.309121643100154468e-04 4.007459628469503218e-04 3.580517670195080930e-04
1.156000000000000000e+05 4.029214907825216514e-04 4.282878559320075227e-04 4.629391653395111190e-04 4.132361925655462305e-04 3.796476360241120588e-04
1.157000000000000000e+05 3.977263593816151720e-04 4.412462976335581092e-04 4.581331306521010623e-04 3.956188654474592273e-04 3.403281265100806079e-04
1.158000000000000000e+05 4.350423229453394833e-04 4.510815743273432652e-04 4.742853694967497829e-04 3.891692899987183717e-04 3.303633938386069850e-04
1.159000000000000000e+05 4.475499458060316319e-04 4.683174035700883673e-04 4.805465753153300877e-04 4.005120944878575373e-04 3.296340416237078801e-04
1.160000000000000000e+05 4.323035536173938285e-04 4.732623006032266196e-04 4.649065615825067992e-04 4.355482161238892502e-04 3.473008104324210271e-04
1.161000000000000000e+05 4.714673976977628417e-04 4.704779395362728529e-04 4.761588607472467161e-04 4.643461207156120694e-04 3.319132823495514863e-04
1.162000000000000000e+05 4.316959642055694514e-04 4.755713634818128357e-04 4.859715190762417601e-04 4.799016426011890827e-04 3.520478053848515010e-04
1.163000000000000000e+05 4.354037478676904701e-04 4.717420114355726874e-04 4.898271204657014041e-04 4.861451316376636076e-04 3.589806560201056515e-04
1.164000000000000000e+05 4.077658503711677250e-04 4.591975678071335610e-04 4.776729635822591258e-04 4.900220565945213923e-04 3.651683236677271934e-04
1.165000000000000000e+05 3.859754747487760887e-04 4.316194322573604415e-04 4.796721463490722357e-04 4.920052264790761645e-04 3.991289773549979900e-04
1.166000000000000000e+05 3.949145119116213355e-04 4.003105323177617771e-04 4.988041823952653851e-04 4.648254297855068619e-04 3.822357714887431989e-04
1.167000000000000000e+05 3.942215335360317531e-04 3.811943268585170960e-04 5.014063816389376050e-04 4.440484664443694043e-04 3.985761703520156293e-04
1.168000000000000000e+05 3.889392088663113831e-04 3.885361572432226014e-04 4.819934617061779063e-04 4.464925150145621319e-04 3.908444318330198098e-04
1.169000000000000000e+05 3.802829349241844729e-04 4.110354025684919126e-04 4.426801651244782559e-04 4.346153475132185718e-04 3.840963335323683398e-04
1.170000000000000000e+05 3.618439345671045160e-04 4.251999541961623162e-04 4.285600042773027177e-04 4.160126490550310760e-04 3.821398161381952554e-04
1.171000000000000000e+05 3.347703347046560485e-04 4.259451890106934376e-04 4.233800517038690528e-04 3.892609620548936997e-04 3.861605219653959026e-04
1.172000000000000000e+05 3.349549633824748063e-04 3.857672078210480984e-04 4.295827122201473008e-04 3.850741727134445727e-04 4.056275230307850618e-04
1.173000000000000000e+05 3.676595623038290397e-04 3.696518555175667574e-04 4.855985873114716540e-04 3.942476611011900352e-04 3.863894773444816536e-04
1.174000000000000000e+05 3.605999860597826215e-04 3.730781122809086864e-04 5.028117995271885222e-04 4.228481174220744790e-04 3.367890767738662802e-04
1.175000000000000000e+05 3.061664190353966279e-04 3.577114767385200576e-04 4.907388455522968028e-04 4.080221607524876196e-04 3.247359677131558516e-04
1.176000000000000000e+05 2.875770815852479040e-04 3.279257472971915371e-04 4.535768451331763547e-04 3.885407771885512982e-04 3.823200540922230091e-04
1.177000000000000000e+05 2.366750292607340198e-04 2.882936221587296044e-04 4.399639865476904664e-04 3.979375975702153243e-04 3.497945359897035268e-04
1.178000000000000000e+05 2.422666670105466907e-04 2.415377425810660568e-04 4.272009772271897154e-04 4.274777743505021226e-04 3.291791844520676881e-04
1.179000000000000000e+05 2.560943938597295575e-04 2.246738968635106446e-04 3.543276973736190680e-04 4.432174501562129599e-04 3.604163188552570438e-04
1.180000000000000000e+05 2.476392119928412690e-04 2.163774374401243714e-04 2.890960149239392256e-04 3.796413045011701615e-04 3.446718071529981465e-04
1.181000000000000000e+05 2.167899702981833539e-04 2.032232569231159089e-04 2.365036958245670415e-04 3.226472790306324917e-04 3.081895285698408910e-04
1.182000000000000000e+05 1.953795006868304298e-04 2.044734274074278826e-04 2.181463330733058150e-04 2.716597465780677548e-04 2.968143240612086480e-04
1.183000000000000000e+05 1.928797581873289947e-04 2.105790087564411738e-04 2.059593352721039955e-04 2.348233714758256839e-04 2.745541002036625206e-04
1.184000000000000000e+05 1.933601117662225031e-04 2.199878919597354212e-04 2.010411220336441238e-04 2.327114521225283014e-04 2.151993477604745623e-04
1.185000000000000000e+05 1.829934055197604049e-04 2.233885060755302877e-04 2.107366449947628366e-04 2.484313107377082632e-04 1.856615920462203410e-04
1.186000000000000000e+05 1.670764647260432356e-04 2.278567684185485128e-04 2.191739723421636779e-04 2.667806498793366416e-04 1.954579758615157092e-04
1.187000000000000000e+05 1.631496741522393964e-04 2.325830887543957521e-04 2.224012346010257810e-04 2.535795294338417981e-04 2.146130897686646967e-04
1.188000000000000000e+05 1.732282211542828367e-04 2.104340774383736505e-04 2.143343330961584555e-04 2.247693586462726353e-04 2.117393701715823923e-04
1.189000000000000000e+05 1.742927699782110369e-04 2.020524941934608216e-04 2.123020286119338548e-04 2.135026197395753218e-04 2.036484246543641215e-04
1.190000000000000000e+05 1.598956755677136273e-04 2.023205938204018415e-04 2.134595465690110696e-04 2.145806847729361854e-04 1.692858887972775327e-04
1.191000000000000000e+05 1.611727491600395943e-04 1.981491609925649313e-04 2.182060718579023639e-04 2.227116284595185322e-04 1.746320834065681962e-04
1.192000000000000000e+05 1.658276354767801756e-04 1.883553170394275020e-04 2.002630338682382955e-04 2.211301330679512353e-04 1.745604624781513519e-04
1.193000000000000000e+05 1.642117489072461578e-04 1.801005479741827264e-04 1.795090176973185780e-04 2.140079002476668311e-04 1.661934264858730382e-04
1.194000000000000000e+05 1.700403180781039948e-04 1.840776463954682312e-04 1.598063443075336773e-04 2.032484864327599059e-04 1.542978615474694510e-04
1.195000000000000000e+05 1.554728904579671055e-04 1.900521304490647879e-04 1.728201739869395361e-04 1.993938209923340325e-04 1.483122574613261291e-04
1.196000000000000000e+05 1.452564770189089039e-04 1.960076376348451476e-04 1.932600023165220043e-04 2.107780560864880813e-04 1.456589381157919784e-04
1.197000000000000000e+05 1.426905739109367906e-04 2.009742655053213729e-04 2.192443613542956107e-04 2.336720270082471554e-04 1.496308627361614169e-04
1.198000000000000000e+05 1.562915101849667813e-04 2.130351434478731910e-04 2.292228773985290026e-04 2.185068634912689235e-04 1.584716142907384559e-04
1.199000000000000000e+05 1.591878052791714760e-04 2.292925864006048042e-04 2.269299011455288932e-04 2.048118324085117226e-04 1.408456053231757368e-04
