9.000000000000000000e+04 2.422210922887381044e-04 3.351348856283970141e-04 3.395124562932206398e-04
9.010000000000000000e+04 4.274295421387951772e-04 4.167810455835554507e-04 4.041461235811127125e-04
9.020000000000000000e+04 3.178491363547855208e-04 5.338605440668028283e-04 5.162764126946792946e-04
9.030000000000000000e+04 2.868231189729934186e-04 3.110316512698487845e-04 2.990563532877498214e-04
9.040000000000000000e+04 4.104205577724989685e-04 4.132300276624443288e-04 4.376735450084380335e-04
9.050000000000000000e+04 4.046147273921839468e-04 5.188122492189534227e-04 5.065733417606408003e-04
9.060000000000000000e+04 3.919812328006236813e-04 4.621766286640878159e-04 4.337027445735034412e-04
9.070000000000000000e+04 2.961340162659179551e-04 3.386347787454534143e-04 3.188816473554443405e-04
9.080000000000000000e+04 2.908115589498220599e-04 3.397410819624328924e-04 3.192867898316004648e-04
9.090000000000000000e+04 3.008821081997182113e-04 3.410042356875943358e-04 3.286224850174579849e-04
9.100000000000000000e+04 3.163910812414326488e-04 3.629840912310101659e-04 3.430401648649581336e-04
9.110000000000000000e+04 3.263746765341580028e-04 3.904296046544849272e-04 3.848051609050521940e-04
9.120000000000000000e+04 3.241571395813554191e-04 3.878964739296364081e-04 3.662921424487912024e-04
9.130000000000000000e+04 3.577829957994493122e-04 4.092658849539532900e-04 4.137336112352755601e-04
9.140000000000000000e+04 3.449968624072721974e-04 4.185145336601740870e-04 4.066753557539972298e-04
9.150000000000000000e+04 3.715563736747506387e-04 4.103296852673262492e-04 4.431106011346446980e-04
9.160000000000000000e+04 3.821144675861883229e-04 4.212806851952628382e-04 4.416106673885333215e-04
9.170000000000000000e+04 4.006027702377515202e-04 4.354491200893041941e-04 4.754137766903926074e-04
9.180000000000000000e+04 3.811034275171176137e-04 4.448712305611631011e-04 4.483574899198016980e-04
9.190000000000000000e+04 4.230723829369280754e-04 4.557651530675714329e-04 4.854550318338951998e-04
9.200000000000000000e+04 4.955650774424536029e-04 5.624484287653508125e-04 5.960574921372433811e-04
9.210000000000000000e+04 6.040502532445994090e-04 7.003376081344250739e-04 7.197210629779070582e-04
9.220000000000000000e+04 6.497819198385667433e-04 7.922848698229873789e-04 8.162520122852568545e-04
9.230000000000000000e+04 6.748063609452266323e-04 8.289794157473620801e-04 8.076088443121616587e-04
9.240000000000000000e+04 6.593488609924897910e-04 8.124675990286109881e-04 8.471784812902945910e-04
9.250000000000000000e+04 6.765158870783026697e-04 8.034551479780689372e-04 8.035891972962395198e-04
9.260000000000000000e+04 6.525427049907863309e-04 7.934708267849478009e-04 7.979511191421951102e-04
9.270000000000000000e+04 6.378354569253155172e-04 7.706385519105978747e-04 7.829056438532381668e-04
9.280000000000000000e+04 6.191724502563354443e-04 7.491096963781018574e-04 7.598063438260664907e-04
9.290000000000000000e+04 6.662032745375906636e-04 8.110681184155934869e-04 7.924987222676460694e-04
9.300000000000000000e+04 6.849098987841838355e-04 7.729487660391234916e-04 7.911034396720173587e-04
9.310000000000000000e+04 6.521437081255218636e-04 7.727051004924446022e-04 7.630168074792489799e-04
9.320000000000000000e+04 6.098667326095960671e-04 7.348840835959133877e-04 7.496677906489678227e-04
9.330000000000000000e+04 6.099060134356340188e-04 7.306325500128322019e-04 7.386486964557413375e-04
9.340000000000000000e+04 6.241288870897273569e-04 7.391755629375545457e-04 7.454398146058964936e-04
9.350000000000000000e+04 6.205067133444891079e-04 7.529733054626319569e-04 7.329796605548858854e-04
9.360000000000000000e+04 6.121060644964689944e-04 7.584805152286814038e-04 7.917984971434104471e-04
9.370000000000000000e+04 6.091897891339112091e-04 7.677490054687448936e-04 7.866351691020098940e-04
9.380000000000000000e+04 6.490105945982051943e-04 7.789907009983366559e-04 7.851882034363627310e-04
9.390000000000000000e+04 6.266656035311512617e-04 7.738643135048565991e-04 7.669541267063668911e-04
9.400000000000000000e+04 6.313792081093767914e-04 7.501545639987647384e-04 7.470471906472673194e-04
9.410000000000000000e+04 7.054422855172664316e-04 8.122938242844595464e-04 7.575735291721877231e-04
9.420000000000000000e+04 6.858278792895677704e-04 8.281965232415558877e-04 7.799634153764529055e-04
9.430000000000000000e+04 6.514808708704028809e-04 8.028104793733130103e-04 7.712444429880330058e-04
9.440000000000000000e+04 6.306773980426245291e-04 7.997786566589221288e-04 7.263335560026964793e-04
9.450000000000000000e+04 6.315766917019008473e-04 7.387512328705504814e-04 6.969393127882739496e-04
9.460000000000000000e+04 6.331201591195610972e-04 7.308193614080158839e-04 7.128570996153654445e-04
9.470000000000000000e+04 6.284178275378803817e-04 7.274926221196273456e-04 7.288472951891935333e-04
9.480000000000000000e+04 6.221764771404290559e-04 7.165633748557266765e-04 7.235906350121484171e-04
9.490000000000000000e+04 5.798486780363620776e-04 7.288650569569472782e-04 7.443403554268188550e-04
9.500000000000000000e+04 5.812583584586722201e-04 7.276572275409032634e-04 7.247141186203686280e-04
9.510000000000000000e+04 6.302326999059465603e-04 7.299431009051955905e-04 7.663840818016618523e-04
9.520000000000000000e+04 5.876485263257431564e-04 7.640725613995095339e-04 7.327449475907773461e-04
9.530000000000000000e+04 5.945120685497905753e-04 7.750225014909338430e-04 7.331195895202663286e-04
9.540000000000000000e+04 6.556413484825143224e-04 7.976384948013562825e-04 7.667591229469544788e-04
9.550000000000000000e+04 6.828560393444143596e-04 8.040624520004398170e-04 7.952915223231563514e-04
9.560000000000000000e+04 6.617208935439338044e-04 7.562584453744296059e-04 8.145719668234412299e-04
9.570000000000000000e+04 6.604070532487438553e-04 7.987501622594331925e-04 7.531061238277535208e-04
9.580000000000000000e+04 6.648472244082104243e-04 7.777869451467700219e-04 7.632547299877187044e-04
9.590000000000000000e+04 7.565130580555949440e-04 7.770377841022764421e-04 7.851208017068026608e-04
9.600000000000000000e+04 6.306195903414571566e-04 7.516568769549122940e-04 9.526411906083078395e-04
9.610000000000000000e+04 6.741149763096483238e-04 7.693477979796903331e-04 7.734499778440878746e-04
9.620000000000000000e+04 6.124194176094851930e-04 7.237247036228999873e-04 7.494346486222335001e-04
9.630000000000000000e+04 5.662666059099441280e-04 7.016778437694527965e-04 6.849080440315775606e-04
9.640000000000000000e+04 6.621365813304869131e-04 7.498257013724813312e-04 7.497362050955547761e-04
9.650000000000000000e+04 7.009316101602937246e-04 8.061821240906434823e-04 8.265245815315131871e-04
9.660000000000000000e+04 7.567329358928382484e-04 9.067176554158816416e-04 8.941447156199946143e-04
9.670000000000000000e+04 7.339817659477955100e-04 8.704056893941351878e-04 8.615735818051388148e-04
9.680000000000000000e+04 6.577857165081229390e-04 8.018801681286835421e-04 7.878158095356037859e-04
9.690000000000000000e+04 6.721388960979676058e-04 7.785322735922052800e-04 7.717699081707851596e-04
9.700000000000000000e+04 6.488891734262396647e-04 7.578435362242647673e-04 7.298728740309078783e-04
9.710000000000000000e+04 6.295011275693400497e-04 7.542237569235156654e-04 7.654374575489803628e-04
9.720000000000000000e+04 6.442977882516650592e-04 7.432226365427650923e-04 7.653229413607560852e-04
9.730000000000000000e+04 7.170346846523785933e-04 7.577129398802180454e-04 7.554717641873458537e-04
9.740000000000000000e+04 6.121969119765724573e-04 7.207143833816244188e-04 7.533165822059568074e-04
9.750000000000000000e+04 6.806604622394444529e-04 7.751856066802598070e-04 8.059288904535534754e-04
9.760000000000000000e+04 6.893479258275233548e-04 8.027314686986126860e-04 7.735051972032813347e-04
9.770000000000000000e+04 6.724404323679291718e-04 8.052854749554902870e-04 7.736098572362414905e-04
9.780000000000000000e+04 6.773125165697587661e-04 7.909793481695198301e-04 7.880356485563127936e-04
9.790000000000000000e+04 6.570847748244250516e-04 7.698439303700351172e-04 7.807058297429550356e-04
9.800000000000000000e+04 6.457135770541970856e-04 7.653909659988381194e-04 7.615139120359879768e-04
9.810000000000000000e+04 6.706613279302323614e-04 7.940825178372987484e-04 8.889475672142585928e-04
9.820000000000000000e+04 7.549556590782071286e-04 8.493313546726091430e-04 8.682372471071032275e-04
9.830000000000000000e+04 6.587892831208321280e-04 7.823799796294964850e-04 7.735270702643272161e-04
9.840000000000000000e+04 7.032851309809991583e-04 7.979680311031658608e-04 8.060483645365814406e-04
9.850000000000000000e+04 7.001180987107655891e-04 7.922807230178138295e-04 8.113409043196814427e-04
9.860000000000000000e+04 7.040175924485081449e-04 8.006463706235440259e-04 8.207367582153828100e-04
9.870000000000000000e+04 7.910936198727087009e-04 8.417961504144631270e-04 8.589510802704937529e-04
9.880000000000000000e+04 7.578583557247626145e-04 8.509323415348107314e-04 9.091216993247608997e-04
9.890000000000000000e+04 8.183211034019556183e-04 8.796377327063637430e-04 8.664372579505523692e-04
9.900000000000000000e+04 8.735248905666391853e-04 9.827640204440020802e-04 9.364468609355544679e-04
9.910000000000000000e+04 9.246447763101229211e-04 1.016165610704511130e-03 9.993138072690859342e-04
9.920000000000000000e+04 8.555100483836517670e-04 9.928536252410598024e-04 9.561259599176382675e-04
9.930000000000000000e+04 1.054535253517240295e-03 1.142531365704747533e-03 1.126796809244868603e-03
9.940000000000000000e+04 8.945607890483962561e-04 1.076269707792521348e-03 1.082683061540210294e-03
9.950000000000000000e+04 9.414292780094478483e-04 1.190003604301659084e-03 1.080589265359453016e-03
9.960000000000000000e+04 1.041267122086368810e-03 1.185590876068049523e-03 1.118965864756973471e-03
9.970000000000000000e+04 8.710270578973879681e-04 1.031891122838741190e-03 1.056085542758933293e-03
9.980000000000000000e+04 9.954301541795604509e-04 1.130559049978588923e-03 1.164800671718900244e-03
9.990000000000000000e+04 1.033748457542666213e-03 1.145211283302925752e-03 1.073443836945707714e-03
1.000000000000000000e+05 8.385564911820709948e-04 1.023865895660638643e-03 9.798247629268204764e-04
1.001000000000000000e+05 9.152143423881832583e-04 1.047238552319778269e-03 1.052771262876433600e-03
1.002000000000000000e+05 9.273079780654648174e-04 1.052682879087130877e-03 1.024727639552971145e-03
1.003000000000000000e+05 9.501241623335311649e-04 1.064745779964376476e-03 1.024790662833491685e-03
1.004000000000000000e+05 9.075995090451855971e-04 1.017863366528218294e-03 1.057719258671949028e-03
1.005000000000000000e+05 8.873204346893939993e-04 1.025437657285344778e-03 1.040835225208430834e-03
1.006000000000000000e+05 9.464287425350641691e-04 1.013253908596451966e-03 9.783289123216258945e-04
1.007000000000000000e+05 9.401452294186076787e-04 1.013830096533981399e-03 1.054715206169243259e-03
1.008000000000000000e+05 9.768020033858770042e-04 1.075655876750253141e-03 1.098118677617145912e-03
1.009000000000000000e+05 9.997669334485793056e-04 1.108110849527131191e-03 1.169293643069205593e-03
1.010000000000000000e+05 1.054985056440796735e-03 1.140157566868112279e-03 1.130972512338050727e-03
1.011000000000000000e+05 9.666052903105984157e-04 9.809304667983350951e-04 1.021978610025764053e-03
1.012000000000000000e+05 9.806524655294765556e-04 1.096521679319315467e-03 1.080866497911002564e-03
1.013000000000000000e+05 1.080826831520152655e-03 1.230016567235712186e-03 1.267684985968372093e-03
1.014000000000000000e+05 1.006067202127982133e-03 1.138601534351873883e-03 1.198640380834641549e-03
1.015000000000000000e+05 1.008532604511688672e-03 1.081973475333479137e-03 1.084831018470429689e-03
1.016000000000000000e+05 7.881433051739799916e-04 1.048866082137664803e-03 8.567412662013633093e-04
1.017000000000000000e+05 8.644441350600506196e-04 9.397048658847380158e-04 9.863112956411818066e-04
1.018000000000000000e+05 9.623434432271576111e-04 1.064801754660511367e-03 1.097715364069334985e-03
1.019000000000000000e+05 9.666428008277715882e-04 1.018988665994689921e-03 1.066877915571024524e-03
1.020000000000000000e+05 1.032261762435391977e-03 1.085421984506735292e-03 1.169500332310219456e-03
1.021000000000000000e+05 1.041961861240084559e-03 1.164579743381690628e-03 1.171200995833044127e-03
1.022000000000000000e+05 1.046138728154641893e-03 1.048115460966888863e-03 1.114183543952368969e-03
1.023000000000000000e+05 1.037733338677990919e-03 1.069945195745067822e-03 1.052247710208650431e-03
1.024000000000000000e+05 1.086573763512520968e-03 1.124922892307234166e-03 1.189717818398327480e-03
1.025000000000000000e+05 9.951807872304132586e-04 1.128951235584611497e-03 1.197215604563515523e-03
1.026000000000000000e+05 1.151675014643612502e-03 1.146903758825394779e-03 1.195983147896234394e-03
1.027000000000000000e+05 1.056382367867896759e-03 9.996042638869078421e-04 1.073736260968599643e-03
1.028000000000000000e+05 1.028833464122233315e-03 1.056493337366284794e-03 1.170587900791926570e-03
1.029000000000000000e+05 1.146624975208735114e-03 1.164127996529503491e-03 1.223852504397675636e-03
1.030000000000000000e+05 1.035033715331417888e-03 1.010985697678969120e-03 1.070125007985915427e-03
1.031000000000000000e+05 9.020317905026682855e-04 9.449164322813824197e-04 1.064602333258682365e-03
1.032000000000000000e+05 1.049352005847579939e-03 1.029451345313664185e-03 1.092428853696062298e-03
1.033000000000000000e+05 1.167265067149451810e-03 1.058709351052576457e-03 1.275785001924016051e-03
1.034000000000000000e+05 9.977332985769929875e-04 9.482551512429632018e-04 1.129267839082875001e-03
1.035000000000000000e+05 1.062835976496016464e-03 9.900163941527527836e-04 1.083682364356728690e-03
1.036000000000000000e+05 9.747096467285253692e-04 1.008405212473593602e-03 1.037164325131811589e-03
1.037000000000000000e+05 8.383355359002109828e-04 8.785041270793736120e-04 9.546370764340482602e-04
1.038000000000000000e+05 9.021161129120397514e-04 9.799039527082352864e-04 1.036602680700391852e-03
1.039000000000000000e+05 9.985205390502596440e-04 9.544213392967892343e-04 1.051044335270518272e-03
1.040000000000000000e+05 8.390777960733092995e-04 8.550857774306217267e-04 9.260760968317033152e-04
1.041000000000000000e+05 9.045931208344810699e-04 8.748776128857400219e-04 9.968044764492684992e-04
1.042000000000000000e+05 1.008700852887010110e-03 1.013952050807603389e-03 1.049926635556541494e-03
1.043000000000000000e+05 9.730447924000528576e-04 9.273394358260071257e-04 9.969485195897823289e-04
1.044000000000000000e+05 9.052835390700875043e-04 9.208277307676001168e-04 9.865405436134369772e-04
1.045000000000000000e+05 1.011102050823782950e-03 9.964352159742568670e-04 1.085527258290296029e-03
1.046000000000000000e+05 9.984629654888126874e-04 9.790769315158854257e-04 1.086656691773697867e-03
1.047000000000000000e+05 9.442924844293250006e-04 9.568755529962908379e-04 1.056136663001790458e-03
1.048000000000000000e+05 9.838996138015426805e-04 9.746075666310911705e-04 1.079178694575953475e-03
1.049000000000000000e+05 1.010023486917970437e-03 9.972703941595591291e-04 1.029094376294794298e-03
1.050000000000000000e+05 9.937618332360386667e-04 9.852216396440437781e-04 1.122849167607344219e-03
1.051000000000000000e+05 1.067836432004739449e-03 1.037781551651554071e-03 1.120818953347363280e-03
1.052000000000000000e+05 1.018224409426127415e-03 9.707743666209962428e-04 1.104490869940613108e-03
1.053000000000000000e+05 9.751342146432594431e-04 1.025220829791541766e-03 1.153511667116893487e-03
1.054000000000000000e+05 1.058530628680570077e-03 1.057528825758273896e-03 1.158726868686544252e-03
1.055000000000000000e+05 9.428739865395784330e-04 9.452706328381742327e-04 1.029382048255927809e-03
1.056000000000000000e+05 9.416880422504510630e-04 9.945649961995500169e-04 1.065633578874904033e-03
1.057000000000000000e+05 1.043190333277866505e-03 9.771220521621547771e-04 1.098527551304287779e-03
1.058000000000000000e+05 9.930541034240630924e-04 9.786122278346992553e-04 1.179893299670230688e-03
1.059000000000000000e+05 1.032613929689855849e-03 1.004804208620473094e-03 1.129717609843806014e-03
1.060000000000000000e+05 1.026492644670517216e-03 1.059895710722948310e-03 1.150190524710966236e-03
1.061000000000000000e+05 1.012881592251621858e-03 1.006592855101039402e-03 1.129703294826437917e-03
1.062000000000000000e+05 1.001725187162046029e-03 9.692967112778995593e-04 1.083747341017113125e-03
1.063000000000000000e+05 9.478333428775324952e-04 9.575115312737013298e-04 1.063319013046037194e-03
1.064000000000000000e+05 8.916907310618651201e-04 9.522146282173093914e-04 1.063944230204244166e-03
1.065000000000000000e+05 8.834059835933553940e-04 9.192953616090685214e-04 1.072708456208702451e-03
1.066000000000000000e+05 9.648734639433187562e-04 1.016559542741224788e-03 1.136534741294456833e-03
1.067000000000000000e+05 1.055360836614148597e-03 1.001046333836474100e-03 1.230105000424307725e-03
1.068000000000000000e+05 1.067513016770900609e-03 1.011414806863304011e-03 1.320030266070297120e-03
1.069000000000000000e+05 1.053534290205633463e-03 1.049361815687115682e-03 1.298516139610933701e-03
1.070000000000000000e+05 1.024156582342775589e-03 1.011706393714175214e-03 1.201045325351195832e-03
1.071000000000000000e+05 1.074954801026247429e-03 9.923880636752530852e-04 1.169456574871770120e-03
1.072000000000000000e+05 1.074810659800953935e-03 1.020059530848864025e-03 1.263387350781060162e-03
1.073000000000000000e+05 1.196394762179077594e-03 1.090823441058713520e-03 1.334859722899281757e-03
1.074000000000000000e+05 1.247309404075271121e-03 1.173366273741342650e-03 1.410090202988229869e-03
1.075000000000000000e+05 1.202155006866112170e-03 1.072940356089694932e-03 1.327400531094137049e-03
1.076000000000000000e+05 1.043799167604280266e-03 9.597126659899431417e-04 1.195700177630908958e-03
1.077000000000000000e+05 1.036263102558286457e-03 1.020437611269532077e-03 1.240120598228583362e-03
1.078000000000000000e+05 1.064985320341535046e-03 1.034130434802716259e-03 1.305497319908079058e-03
1.079000000000000000e+05 1.115639217126408516e-03 1.027637962662838198e-03 1.283541336160849396e-03
1.080000000000000000e+05 1.058316505467960791e-03 1.034415796857706673e-03 1.239429618968534855e-03
1.081000000000000000e+05 9.053907615567284356e-04 8.780813502088188243e-04 1.168600011209237639e-03
1.082000000000000000e+05 9.583831117323538809e-04 8.858641563511207313e-04 1.140368132199443343e-03
1.083000000000000000e+05 9.620144034823214152e-04 9.189390609149855312e-04 1.144604170432191167e-03
1.084000000000000000e+05 9.680354800173978031e-04 9.074118924501120781e-04 1.196857648780992860e-03
1.085000000000000000e+05 1.009761475373606226e-03 9.681500323659040976e-04 1.226478288797178042e-03
1.086000000000000000e+05 1.070793525073919028e-03 9.732085117170225256e-04 1.224978486121787620e-03
1.087000000000000000e+05 9.526422992755128639e-04 9.943734952431672238e-04 1.303181643670125274e-03
1.088000000000000000e+05 1.087010025145795401e-03 1.027035998884307227e-03 1.323541627505301320e-03
1.089000000000000000e+05 1.060735392611464106e-03 9.969373467078263343e-04 1.251033809604911893e-03
1.090000000000000000e+05 1.141186777143378059e-03 1.048670773111393291e-03 1.305066994006584850e-03
1.091000000000000000e+05 1.354772110723082360e-03 1.158504519442947944e-03 1.465119834148063960e-03
1.092000000000000000e+05 1.238018549791431149e-03 1.074502071929836402e-03 1.448077925888250923e-03
1.093000000000000000e+05 1.100201889976232987e-03 1.062316148042751884e-03 1.310641866112659867e-03
1.094000000000000000e+05 1.162716925927324016e-03 1.036655999989804112e-03 1.347250664935984235e-03
1.095000000000000000e+05 1.155038823783848803e-03 1.019864254337539194e-03 1.353864055242278829e-03
1.096000000000000000e+05 1.087026152527928707e-03 1.033276378533136116e-03 1.272776355682879185e-03
1.097000000000000000e+05 1.042598853020205519e-03 9.676367849003387513e-04 1.281251757599011698e-03
1.098000000000000000e+05 1.088941374221762907e-03 1.173258610416707355e-03 1.223471592567501208e-03
1.099000000000000000e+05 1.015784974459819304e-03 9.417229762561390603e-04 1.250935892528725083e-03
1.100000000000000000e+05 9.976802089773932538e-04 8.869988134990871654e-04 1.241738580960293804e-03
1.101000000000000000e+05 1.022655246105534958e-03 9.358765882723235228e-04 1.220066372330200861e-03
1.102000000000000000e+05 1.051034314003014515e-03 9.778085758303000415e-04 1.185439340881899468e-03
1.103000000000000000e+05 9.515315934465106091e-04 9.266947575330052251e-04 1.164676989160600773e-03
1.104000000000000000e+05 9.204957949198048009e-04 9.166364337616196914e-04 1.102790881727869080e-03
1.105000000000000000e+05 8.736184695023339799e-04 8.272803407255122652e-04 1.065841673828068527e-03
1.106000000000000000e+05 9.133840437343085416e-04 8.270825270177739651e-04 1.091986604683382661e-03
1.107000000000000000e+05 9.101511345101156048e-04 8.309809382303884979e-04 1.181204776829905241e-03
1.108000000000000000e+05 8.797530210207020430e-04 8.933595091998805396e-04 1.109042155214534989e-03
1.109000000000000000e+05 8.702630354782132753e-04 8.902043996863292976e-04 1.089875539383780394e-03
1.110000000000000000e+05 9.101761562922865752e-04 8.392951993532285796e-04 1.131407183881586896e-03
1.111000000000000000e+05 9.127797839649902118e-04 8.726148445307058566e-04 1.173162370187532701e-03
1.112000000000000000e+05 9.817644214395759329e-04 9.034651215467591999e-04 1.161425869727696764e-03
1.113000000000000000e+05 9.377966280268076058e-04 8.808354779343432030e-04 1.169662102070016200e-03
1.114000000000000000e+05 8.469817012623020395e-04 8.696945164044921506e-04 1.145443191872109459e-03
1.115000000000000000e+05 9.146528017149655300e-04 9.047265664831379700e-04 1.135249775007872832e-03
1.116000000000000000e+05 9.295064104876420066e-04 8.981606923990374716e-04 1.234289191048092019e-03
1.117000000000000000e+05 1.058554363643583957e-03 9.098457296989357701e-04 1.231615269869844277e-03
1.118000000000000000e+05 9.078020022984313901e-04 8.809386007846907148e-04 1.118868692102377655e-03
1.119000000000000000e+05 8.240745473692138090e-04 8.233463363616951979e-04 9.996625184152550716e-04
1.120000000000000000e+05 7.811514200616515892e-04 7.949894033755438650e-04 1.017935937619635339e-03
1.121000000000000000e+05 8.524352821079080175e-04 8.639640190192470577e-04 1.116426312294232798e-03
1.122000000000000000e+05 9.640104573771704878e-04 9.339761673385223693e-04 1.186578611374296873e-03
1.123000000000000000e+05 1.037418091173375728e-03 1.038793010140459314e-03 1.308610107463939855e-03
1.124000000000000000e+05 1.047953967033189758e-03 1.041481608382137988e-03 1.364059081455078508e-03
1.125000000000000000e+05 9.194945437754268973e-04 9.240649671317812839e-04 1.141489106900263253e-03
1.126000000000000000e+05 8.318802468503663306e-04 9.479906998122413679e-04 1.113966004697695229e-03
1.127000000000000000e+05 9.927233958526547348e-04 1.001199770893447310e-03 1.321145930287169479e-03
1.128000000000000000e+05 9.611195368052829211e-04 9.194496648017788654e-04 1.121670469675029296e-03
1.129000000000000000e+05 9.660042953125151264e-04 9.093266068139373290e-04 1.150105691680049398e-03
1.130000000000000000e+05 1.021174090662730705e-03 9.692237159965287358e-04 1.374294392570719718e-03
1.131000000000000000e+05 1.026818508627080863e-03 1.008910528466741953e-03 1.258451272360222107e-03
1.132000000000000000e+05 8.575444543026917261e-04 8.726810255192165569e-04 1.089021523896379099e-03
1.133000000000000000e+05 8.020567830142714700e-04 8.789367267985662927e-04 1.086012446743183160e-03
1.134000000000000000e+05 9.344899561458454859e-04 1.057911813184403849e-03 1.235862881884304629e-03
1.135000000000000000e+05 9.535430900285361139e-04 9.112882814371876892e-04 1.175121282904501799e-03
1.136000000000000000e+05 7.875573336567911423e-04 8.222465989282123650e-04 1.040219528873149914e-03
1.137000000000000000e+05 9.452409935920178755e-04 9.486924117485807635e-04 1.144333446123885862e-03
1.138000000000000000e+05 8.731806076324174571e-04 8.624340778800156180e-04 1.135233498984637929e-03
1.139000000000000000e+05 9.333570490680467195e-04 9.050043785850817382e-04 1.186392910547023937e-03
1.140000000000000000e+05 1.005627200505546451e-03 1.079015334543414247e-03 1.305667191950568226e-03
1.141000000000000000e+05 8.998515671156294285e-04 8.846438822022614995e-04 1.063082786589435429e-03
1.142000000000000000e+05 8.107326014076135859e-04 8.746255412755913738e-04 9.584914419931042347e-04
1.143000000000000000e+05 9.722647031859227122e-04 1.114163824709056300e-03 1.184341208627211423e-03
1.144000000000000000e+05 9.267139737476290948e-04 9.803337028817839249e-04 1.143289617265867784e-03
1.145000000000000000e+05 9.283094744575040927e-04 8.818733308455306910e-04 1.127006514381644758e-03
1.146000000000000000e+05 8.872258235971355357e-04 8.654783914052826795e-04 1.067025196165387194e-03
1.147000000000000000e+05 8.030021403167496817e-04 8.329378113296040430e-04 1.098228353555118914e-03
1.148000000000000000e+05 8.443079309528473417e-04 9.231440503283984411e-04 1.121804446415677111e-03
1.149000000000000000e+05 8.787716632792087713e-04 8.311447883187629386e-04 1.140736614615305749e-03
1.150000000000000000e+05 9.038117219658938850e-04 9.007817531970177972e-04 1.170405709937741203e-03
1.151000000000000000e+05 9.150994483729889663e-04 8.865674032899268416e-04 1.099931699389512406e-03
1.152000000000000000e+05 8.676857076479149678e-04 8.470292867330946355e-04 9.925346137032323244e-04
1.153000000000000000e+05 9.429217635994921161e-04 8.525674297012086813e-04 1.207744024493140333e-03
1.154000000000000000e+05 9.480985649898498015e-04 9.148163117776309926e-04 1.218090502868854211e-03
1.155000000000000000e+05 1.065848543757836166e-03 1.041715712464592013e-03 1.485853150923901285e-03
1.156000000000000000e+05 1.011709262256075973e-03 1.046569670448311900e-03 1.359285799038364778e-03
1.157000000000000000e+05 1.027068094535503245e-03 9.974728531219557905e-04 1.271011168545947874e-03
1.158000000000000000e+05 9.641588648254869470e-04 9.463728442991878667e-04 1.117438733762640820e-03
1.159000000000000000e+05 8.900739229206613501e-04 8.778118964555875394e-04 1.375512696504263077e-03
1.160000000000000000e+05 1.191087450836710157e-03 1.039210283513288197e-03 2.091960599740223543e-03
1.161000000000000000e+05 1.292851553564777376e-03 1.276795370956211118e-03 1.753249023682728431e-03
1.162000000000000000e+05 1.283021614055723228e-03 1.223187797683102226e-03 1.306072274911204830e-03
1.163000000000000000e+05 1.062362740917985673e-03 1.034966690927982156e-03 1.279663945731463305e-03
1.164000000000000000e+05 9.385954033082640315e-04 8.929128739568317546e-04 1.275593567519295876e-03
1.165000000000000000e+05 1.036824142582824012e-03 8.436944833721308178e-04 1.133809856985254841e-03
1.166000000000000000e+05 8.732182193040168277e-04 8.629761365467498177e-04 1.080789801528295093e-03
1.167000000000000000e+05 9.862363894879717496e-04 9.944390374504237951e-04 1.183734343265634321e-03
1.168000000000000000e+05 8.433419862874481443e-04 8.557100334727466874e-04 1.059462629290879119e-03
1.169000000000000000e+05 8.150839691969997578e-04 8.094229253631413275e-04 9.818014847900551328e-04
1.170000000000000000e+05 7.704583152848888151e-04 7.734872986356197081e-04 9.123173154426530637e-04
1.171000000000000000e+05 6.475694389386351876e-04 6.607509735185308590e-04 8.370334243318582187e-04
1.172000000000000000e+05 5.712631995973503889e-04 5.502536739598179721e-04 6.892424062682242069e-04
1.173000000000000000e+05 5.372708144062007460e-04 5.287955694129128524e-04 6.616994251083657946e-04
1.174000000000000000e+05 5.318123807280527053e-04 5.389640688831722360e-04 5.794763938420384019e-04
1.175000000000000000e+05 5.858607090310869944e-04 5.736305296633138545e-04 8.492615514101343761e-04
1.176000000000000000e+05 5.132188712600261118e-04 3.024407371436311403e-04 3.161036758271401604e-04
1.177000000000000000e+05 2.951991839597447936e-04 2.710824766354032558e-04 3.420519497296791323e-04
1.178000000000000000e+05 7.919598583353353819e-04 3.041065392467499060e-04 3.774245641660477104e-04
1.179000000000000000e+05 2.595964625228803059e-04 2.718843121972095052e-04 2.870041000856552501e-04
1.180000000000000000e+05 3.185803204116915933e-04 3.202452557993790009e-04 3.355694576309841315e-04
1.181000000000000000e+05 2.909744807200055736e-04 3.009862436995353182e-04 3.267522613359722088e-04
1.182000000000000000e+05 2.924967485674760171e-04 2.607493392822239587e-04 2.812748295502617390e-04
1.183000000000000000e+05 2.644232601213310089e-04 3.206488020661598911e-04 2.696970293264998363e-04
1.184000000000000000e+05 2.757648772504855354e-04 2.705224001164272776e-04 2.832786003089309088e-04
1.185000000000000000e+05 2.659981292805874663e-04 2.510395651504286727e-04 2.704140831881718626e-04
1.186000000000000000e+05 2.639873993002373300e-04 2.236345364399766210e-04 2.626754867159239405e-04
1.187000000000000000e+05 2.658700913548809903e-04 2.713350258038433184e-04 2.851015505510516405e-04
1.188000000000000000e+05 2.683416111550566410e-04 2.339029977339994210e-04 2.647796014090039035e-04
1.189000000000000000e+05 2.663075538467732091e-04 2.599536080491577326e-04 2.542508187692123418e-04
1.190000000000000000e+05 2.559908513635294732e-04 2.778979273988490531e-04 2.844134759986946320e-04
1.191000000000000000e+05 2.553925770053577836e-04 2.980423081967918620e-04 2.618251950635773592e-04
1.192000000000000000e+05 2.744658026017942113e-04 2.697735060676523093e-04 2.915565064508071798e-04
1.193000000000000000e+05 2.744600621541838973e-04 2.387962997153032167e-04 2.686599968812066288e-04
1.194000000000000000e+05 2.305941574173611100e-04 2.160353298837603103e-04 2.378023305959068624e-04
1.195000000000000000e+05 2.296121334622329879e-04 2.230394344874673163e-04 2.151383615162538081e-04
1.196000000000000000e+05 2.267884600729970989e-04 1.942533031606150182e-04 2.162667405793197175e-04
1.197000000000000000e+05 2.109101310500557339e-04 2.351662152511566658e-04 2.251658914400972932e-04
1.198000000000000000e+05 2.026643656837691506e-04 2.177419005338834942e-04 1.979348579572613395e-04
1.199000000000000000e+05 1.974649672408828249e-04 1.739275038830929282e-04 1.941128955937261071e-04
