9.000000000000000000e+04 1.497208406417095596e-03 1.373299640533191075e-03 1.702164728855251044e-03 1.998961586188868333e-03 1.835095843353132901e-03 1.878010853089506424e-03
9.010000000000000000e+04 2.319278454375189955e-03 2.010992151067797669e-03 1.975994888771370316e-03 2.018498964794779305e-03 2.809254023871029897e-03 2.337449056034606766e-03
9.020000000000000000e+04 1.965322230913526397e-03 1.604411289143756712e-03 2.490004298398439727e-03 2.204674453478511903e-03 2.191229720733775879e-03 2.212879795162837112e-03
9.030000000000000000e+04 1.580590173346076632e-03 1.455767753940358884e-03 1.622965669942315250e-03 1.782894108152530046e-03 1.705985966011419651e-03 1.882543719381025212e-03
9.040000000000000000e+04 2.044236092613701487e-03 1.764948753135721013e-03 2.140592913869692783e-03 2.211097763839185455e-03 2.175910867128863155e-03 2.322672194425225503e-03
9.050000000000000000e+04 2.269677812331747334e-03 2.146177831330670083e-03 2.460044658566097261e-03 2.600812938893755366e-03 2.816183430636617392e-03 2.895564848822373711e-03
9.060000000000000000e+04 2.070833793640616122e-03 1.686546724717994088e-03 2.193607163073039643e-03 2.329371793216844858e-03 2.022391423934813155e-03 2.175334245914714928e-03
9.070000000000000000e+04 1.355644534670005352e-03 1.205258509126343582e-03 1.441974218847787712e-03 1.751233841623457601e-03 1.407601502717619997e-03 1.485801311388443378e-03
9.080000000000000000e+04 1.119133815027622452e-03 1.038748433364668948e-03 1.314371353460984816e-03 1.310995827689537914e-03 1.317858418430225024e-03 1.380466126849307865e-03
9.090000000000000000e+04 1.197521383267881193e-03 1.144670812212613331e-03 1.292578944294994585e-03 1.424104649485197866e-03 1.356119473489148528e-03 1.413272094252856961e-03
9.100000000000000000e+04 1.234052982011756873e-03 1.171078214236421448e-03 1.407572030693037034e-03 1.423450911142236678e-03 1.423474208317585497e-03 1.580859921597976749e-03
9.110000000000000000e+04 1.286794621731558773e-03 1.220519146864339037e-03 1.377823659454715686e-03 1.600003213454134808e-03 1.597884631577240746e-03 1.525533208145008314e-03
9.120000000000000000e+04 1.350080875228143245e-03 1.215864844929244286e-03 1.568708582050959768e-03 1.697486555550075781e-03 1.557243276893916254e-03 1.619961594662820779e-03
9.130000000000000000e+04 1.412795390541545827e-03 1.356949965853160561e-03 1.574132064487898316e-03 1.785909262224583431e-03 1.660311473986179984e-03 1.658691057306677964e-03
9.140000000000000000e+04 1.536162382016052026e-03 1.455195541982060633e-03 1.654108481268330580e-03 1.837509652115011270e-03 1.740833262616036780e-03 1.992638849443841790e-03
9.150000000000000000e+04 1.550697971986031562e-03 1.369587984335557309e-03 1.731943408855756653e-03 1.822444420048423015e-03 1.818347958743575738e-03 1.896955764494299111e-03
9.160000000000000000e+04 1.614946663084204214e-03 1.448433602370114565e-03 1.745361479762004824e-03 1.998657530003359380e-03 1.929329386948232597e-03 2.016761693146477009e-03
9.170000000000000000e+04 1.605562550873412472e-03 1.544739595249853582e-03 1.888891489242113366e-03 2.076408100562686290e-03 1.961298225680353519e-03 2.047147552513300765e-03
9.180000000000000000e+04 1.685068820821004551e-03 1.541572999164155661e-03 1.883619605154958484e-03 2.136329843767046429e-03 2.053993901201517543e-03 2.114178270631398779e-03
9.190000000000000000e+04 2.148990619542611585e-03 1.874875824986394759e-03 2.211699495135691258e-03 2.641062705605380558e-03 2.486207263910120147e-03 2.620725388078231841e-03
9.200000000000000000e+04 2.729490523491599676e-03 2.258603921158050965e-03 2.882599345075946996e-03 3.083357490289412479e-03 3.031891867787872476e-03 3.182467427611042950e-03
9.210000000000000000e+04 3.304707039490926198e-03 2.907271602115194409e-03 3.559523068737979485e-03 4.042298920893106287e-03 3.730281031642490933e-03 3.853672880730300149e-03
9.220000000000000000e+04 3.409047650429816462e-03 3.092061151225347464e-03 3.956193906437015066e-03 4.580903900209628080e-03 4.087933973551398543e-03 4.334418805869115834e-03
9.230000000000000000e+04 3.512263794321084879e-03 3.238865558223626238e-03 4.132327404830100741e-03 4.690124919536317258e-03 4.066365615004501055e-03 4.228256935541458220e-03
9.240000000000000000e+04 3.589742708938808632e-03 3.328116821530631170e-03 3.893393950360389544e-03 4.516951508440632430e-03 4.338726940898129589e-03 4.251114251324968063e-03
9.250000000000000000e+04 3.642675588148952884e-03 2.983735246027610991e-03 3.978615008218692670e-03 4.903518090394846929e-03 4.348514557085567285e-03 4.572756033392548145e-03
9.260000000000000000e+04 3.629587196919577523e-03 3.163022040765608913e-03 4.093322668830304441e-03 4.790502125163119754e-03 4.342429577602884873e-03 4.232038621076383497e-03
9.270000000000000000e+04 3.529148300613205516e-03 2.996752272259355348e-03 3.917980435993779001e-03 4.019979886005529274e-03 4.226562705844154506e-03 4.446885780059299520e-03
9.280000000000000000e+04 3.576847331850333423e-03 2.985120192108133615e-03 3.874662038323157653e-03 4.472899544113617676e-03 4.031134031264750790e-03 4.257942728402412842e-03
9.290000000000000000e+04 3.500422883314304508e-03 3.021559251829224624e-03 3.825644242586757112e-03 4.415009592814390579e-03 4.143965299251292471e-03 4.391840548232450042e-03
9.300000000000000000e+04 3.523169085986116705e-03 3.026066213531620336e-03 4.012082172061056523e-03 4.405994598559791024e-03 4.034595477612567746e-03 4.277931601538318730e-03
9.310000000000000000e+04 3.406350415447106667e-03 3.075832636306818565e-03 3.688977187628878981e-03 4.059903639304321410e-03 4.037768030334506347e-03 4.353527350067261902e-03
9.320000000000000000e+04 3.159230571707067389e-03 2.882043360166654244e-03 3.501207148437742236e-03 4.308867657422262541e-03 4.026498659798115332e-03 4.223081783756903185e-03
9.330000000000000000e+04 3.255700547153219260e-03 2.769065606800309894e-03 3.562144917715975856e-03 4.019086224082009731e-03 3.873998732264726311e-03 3.972027004525445493e-03
9.340000000000000000e+04 3.172290212673799497e-03 2.956355514688184787e-03 3.443398162748313816e-03 4.048612723775046884e-03 3.703323619115250938e-03 3.927070297452163981e-03
9.350000000000000000e+04 3.162683364623546534e-03 2.775383134577690761e-03 3.589508286730849068e-03 3.822712407736216129e-03 3.876439043306204296e-03 3.853933312289350120e-03
9.360000000000000000e+04 3.365950254422672965e-03 2.785227725466728720e-03 3.580811383289719124e-03 3.980086012816489924e-03 3.851644419033301535e-03 3.867752857091834914e-03
9.370000000000000000e+04 3.438845329138629815e-03 2.945264955717149039e-03 3.697576022353972133e-03 3.916432839542676771e-03 3.871485128886166527e-03 4.307231083984487674e-03
9.380000000000000000e+04 3.470454449003962469e-03 2.999082115652799540e-03 3.855872540415684630e-03 4.148517547637700816e-03 3.850089003811291242e-03 4.229430399356406620e-03
9.390000000000000000e+04 3.288542279309962513e-03 2.796544425817896334e-03 3.662447364053880022e-03 4.307227582558957948e-03 3.883186723909556708e-03 3.950996828066642187e-03
9.400000000000000000e+04 3.372652364047646484e-03 2.875813893704378798e-03 3.696515004679278276e-03 4.018824029231405325e-03 4.004624464192813559e-03 3.942993985923252433e-03
9.410000000000000000e+04 3.345001721435736028e-03 2.850595210857201096e-03 3.759903052491657491e-03 4.292160026346747426e-03 4.014561275859633571e-03 3.985661559059820724e-03
9.420000000000000000e+04 3.436426670929854012e-03 2.976126152095645919e-03 3.846019061856702920e-03 4.328007361215457753e-03 4.144281324510704426e-03 3.981758557305467572e-03
9.430000000000000000e+04 3.380961040428565479e-03 2.888000910357906188e-03 3.957268896435882019e-03 4.102250070105162988e-03 3.865612365884060070e-03 4.213865330038145049e-03
9.440000000000000000e+04 3.303601928258831106e-03 2.955307701795104568e-03 3.543695990377129616e-03 4.312188881568573134e-03 3.836431377478662866e-03 3.950565305331858387e-03
9.450000000000000000e+04 3.132839804607115419e-03 2.653667039608786481e-03 3.477066804620626214e-03 4.134669864095295855e-03 3.672466744225855520e-03 3.712374348690493635e-03
9.460000000000000000e+04 3.079233377965262183e-03 2.669506519075294342e-03 3.301238293804724649e-03 3.980451999719485448e-03 3.499331754660654336e-03 3.666779183163056989e-03
9.470000000000000000e+04 2.986591004322770686e-03 2.596975254943244531e-03 3.430133809631275791e-03 4.089156906109741099e-03 3.397974972791355935e-03 3.803125051515312063e-03
9.480000000000000000e+04 3.102667518322735785e-03 2.682506220465375422e-03 3.276568809890306397e-03 3.707802405907763624e-03 3.545564976031275514e-03 3.657419624503742417e-03
9.490000000000000000e+04 3.046011655373521889e-03 2.685725682946821843e-03 3.295799662556127448e-03 3.857968577002940467e-03 3.427478172681164802e-03 3.669506384288790356e-03
9.500000000000000000e+04 3.095444357467298097e-03 2.689548725281898280e-03 3.327767405290200844e-03 4.023526678420746155e-03 3.543623069437307985e-03 3.658710667811538621e-03
9.510000000000000000e+04 3.086732553683649294e-03 2.665569791760659651e-03 3.311980893806704389e-03 3.862055709961328964e-03 3.479642854634094635e-03 3.693999054512423549e-03
9.520000000000000000e+04 3.219269743317838134e-03 2.530317280440876060e-03 3.320589010107882506e-03 3.881912588498374114e-03 3.519697210813231038e-03 3.628655223812973958e-03
9.530000000000000000e+04 3.311470413152678254e-03 2.710943465549668641e-03 3.475391131368822922e-03 3.722292045703378890e-03 3.735147838557766487e-03 3.874224813348844769e-03
9.540000000000000000e+04 3.605898057680628245e-03 3.154912548472488081e-03 3.838733692861697258e-03 4.422966362419908717e-03 3.941681367898661019e-03 4.196231244211205864e-03
9.550000000000000000e+04 3.553073762708057644e-03 3.227825409871657586e-03 3.905058407749897962e-03 4.713748258943148417e-03 4.306762902379170956e-03 4.260140254814802872e-03
9.560000000000000000e+04 3.524547071665626828e-03 2.965546518630973131e-03 3.790804654656233785e-03 4.383331747212544302e-03 4.124210285661681491e-03 4.289344591895186999e-03
9.570000000000000000e+04 3.456567748745656421e-03 2.992369830542250791e-03 3.725813739621040756e-03 4.464646533716669884e-03 3.995568588952782066e-03 4.212801479975678519e-03
9.580000000000000000e+04 3.556831797058281237e-03 2.932630333537963613e-03 3.643377145943283660e-03 4.559909711092533825e-03 4.116802536147763474e-03 4.095569011895650556e-03
9.590000000000000000e+04 3.600812471795042380e-03 2.954059120080367723e-03 3.676930456187175837e-03 4.213909930281260069e-03 3.980211828384405334e-03 4.251660906603497991e-03
9.600000000000000000e+04 3.531815058808461354e-03 3.017708474724621615e-03 3.809742562692766156e-03 4.416117916778066442e-03 3.978569851933904875e-03 4.321409099980026008e-03
9.610000000000000000e+04 3.589997472568806289e-03 2.991255541732693382e-03 3.689515272272427676e-03 4.527693209927132270e-03 4.011903568608874218e-03 4.317133873955179835e-03
9.620000000000000000e+04 3.302079989139834575e-03 2.793597848887846829e-03 3.728316432296771479e-03 4.181142227220993428e-03 3.965459222169915449e-03 4.046049644263917736e-03
9.630000000000000000e+04 3.207957465798814446e-03 2.837779771771220191e-03 3.661122234074030285e-03 4.051741823012899348e-03 4.017885106532056300e-03 4.159048996584926820e-03
9.640000000000000000e+04 3.598443156720949800e-03 2.968744905647145108e-03 3.734684603975604172e-03 4.533043859369353945e-03 4.183177572318032972e-03 4.175011548545842603e-03
9.650000000000000000e+04 3.836475389017468193e-03 3.138385699204417501e-03 4.041014548984968487e-03 4.741493459628157853e-03 4.216634643383771960e-03 4.518854751023782326e-03
9.660000000000000000e+04 4.056206743973459795e-03 3.167333409733307219e-03 4.211963157641482325e-03 4.910752629724140887e-03 4.468695897537771494e-03 4.613351566927239439e-03
9.670000000000000000e+04 3.928730721623396524e-03 3.273021065589884742e-03 3.977089809490279119e-03 4.855679424478637901e-03 4.214875420746075872e-03 4.514478730322186995e-03
9.680000000000000000e+04 3.622068140470868433e-03 3.010084875215229827e-03 3.715764474959096231e-03 4.469171890928043227e-03 4.278758215936899999e-03 4.277711217611747212e-03
9.690000000000000000e+04 3.447835192596545705e-03 2.943255836903156241e-03 3.629261534313477956e-03 4.151235597120288626e-03 4.002426412069781843e-03 4.086338119712748518e-03
9.700000000000000000e+04 3.246912520723388255e-03 2.810062559563263236e-03 3.397946837873883335e-03 4.028981462061685843e-03 4.083853498090581936e-03 4.022434650579539105e-03
9.710000000000000000e+04 3.285383608025929311e-03 2.835127461763105403e-03 3.668032628629234494e-03 4.058388257388725363e-03 4.213515823317976437e-03 3.903794442100386175e-03
9.720000000000000000e+04 3.361066520566317276e-03 2.953159221496042767e-03 3.979769353275266867e-03 4.283667654081580248e-03 3.912117424401437282e-03 3.964341152128194289e-03
9.730000000000000000e+04 3.414258307119636890e-03 2.987393214002455593e-03 3.687098703601469386e-03 4.229780150911293703e-03 3.944234705573551429e-03 4.004438166443444885e-03
9.740000000000000000e+04 3.585642309256667146e-03 2.784691447136093071e-03 3.601358581847608105e-03 4.531144892979045713e-03 4.114172289639902481e-03 4.174841345933905969e-03
9.750000000000000000e+04 3.540252454825546825e-03 3.010008250066497672e-03 3.883605312329159540e-03 4.489025987102018833e-03 3.720616538388950116e-03 4.265221028694294800e-03
9.760000000000000000e+04 3.719011851938239504e-03 3.085608881669814514e-03 3.822916220987352537e-03 4.560587619033560150e-03 4.106909967144257642e-03 4.780942318593943592e-03
9.770000000000000000e+04 3.680377349494332647e-03 3.120528557778408547e-03 3.841340930854875765e-03 4.660723625470833409e-03 4.051120627056399061e-03 5.214320434281709271e-03
9.780000000000000000e+04 3.631012387897717721e-03 3.328874966182177996e-03 4.052099771410296730e-03 4.436619786658365337e-03 4.308793492818918484e-03 4.750953709004346152e-03
9.790000000000000000e+04 3.725483349950666889e-03 3.006493206349307272e-03 3.806147520112631959e-03 4.757579858387561179e-03 4.319967849954485344e-03 4.388849719617530717e-03
9.800000000000000000e+04 4.018249231845033402e-03 3.148722193899206219e-03 3.998705335198184281e-03 4.730560233935444774e-03 4.279295800159375190e-03 4.355123012704549025e-03
9.810000000000000000e+04 4.023050363595802141e-03 3.072949140643518699e-03 4.042566645632635937e-03 4.551067060699667301e-03 4.179703188104452044e-03 4.297002093410241634e-03
9.820000000000000000e+04 4.190122188826165758e-03 3.376275697015707934e-03 4.132409858253351283e-03 4.723916868684843555e-03 4.355887281669174223e-03 4.416683631141660876e-03
9.830000000000000000e+04 3.621558390871366506e-03 3.199451009302493962e-03 3.911285483806638437e-03 4.447359430625824617e-03 4.286425450795264790e-03 4.292561639845146777e-03
9.840000000000000000e+04 3.604915731469878794e-03 3.204942189189257263e-03 3.940568652333842521e-03 4.330354433998756004e-03 4.195185889967882956e-03 4.220869115467291467e-03
9.850000000000000000e+04 3.715980965353278889e-03 3.191326937911839311e-03 3.861424826788044298e-03 4.614992161913035983e-03 4.321793304998398054e-03 4.474020730499107812e-03
9.860000000000000000e+04 3.845208177233663208e-03 3.193537689052586021e-03 4.042360811636272130e-03 4.705501175968975457e-03 4.491053999542746374e-03 4.530769945861692384e-03
9.870000000000000000e+04 4.125802187991682579e-03 3.307568827393634822e-03 4.264249819261560839e-03 4.594065228853512137e-03 4.545549370734169349e-03 4.737747578958616777e-03
9.880000000000000000e+04 4.049513301136722573e-03 3.491627529155890298e-03 4.220158687168500816e-03 4.857947335721550866e-03 4.506203341568837742e-03 4.798505169509967479e-03
9.890000000000000000e+04 4.153404378307339745e-03 3.446082194825899822e-03 4.256385152230693011e-03 4.687411477959818260e-03 4.798615068779738847e-03 4.788146944489501435e-03
9.900000000000000000e+04 4.515516625526286819e-03 3.765727061110230988e-03 4.484612405489547989e-03 4.984693175340352590e-03 4.786318500951521060e-03 4.943957458392995996e-03
9.910000000000000000e+04 4.448551604774618647e-03 3.671206222986880038e-03 4.623856826532251468e-03 5.228821883685149177e-03 5.016240336410728202e-03 5.090876069122196070e-03
9.920000000000000000e+04 4.356099425738242832e-03 3.822829844321801521e-03 4.437529711977388457e-03 4.902455810500357808e-03 4.980204305828972618e-03 5.073418873216948080e-03
9.930000000000000000e+04 4.735504113318316291e-03 3.845054333120166527e-03 4.870047903995458095e-03 5.190972198659066922e-03 4.883244172821908820e-03 5.387845154542376773e-03
9.940000000000000000e+04 4.670757462520692092e-03 3.737212876001393125e-03 4.643675533019701179e-03 5.238004657327160682e-03 5.297477500621195629e-03 5.624963688241909829e-03
9.950000000000000000e+04 4.634214760228408218e-03 3.831209335785091489e-03 4.806911220442881480e-03 5.489021518783283003e-03 5.011196495522769398e-03 5.283504186667750332e-03
9.960000000000000000e+04 4.584291459287174152e-03 3.763350681862904189e-03 4.794702417008393606e-03 5.467004019747929988e-03 5.049745055998582088e-03 5.579471009383702058e-03
9.970000000000000000e+04 4.542430647986043374e-03 3.901879838872944223e-03 4.879886098205402090e-03 5.527841035796892712e-03 5.047623120091378028e-03 5.449626139766403261e-03
9.980000000000000000e+04 4.812331549952724406e-03 3.968442118231599834e-03 4.747527136278186302e-03 5.210170346468400056e-03 5.186763752385514618e-03 5.119806447940833047e-03
9.990000000000000000e+04 4.760078119385189287e-03 3.758346825341085922e-03 4.559028668115513126e-03 5.397363303630430334e-03 5.200762484109554794e-03 5.316392915916829005e-03
1.000000000000000000e+05 4.482297110841978495e-03 3.511331540662818683e-03 4.714988301044895427e-03 4.889015422711686862e-03 4.925830349644793986e-03 5.077215628008781637e-03
1.001000000000000000e+05 4.545930638118612747e-03 3.690543061521451684e-03 4.529849322123432817e-03 5.127405960040617994e-03 4.992295765611062287e-03 4.979617457641152822e-03
1.002000000000000000e+05 4.576368546224336524e-03 3.862567624864294766e-03 4.638547638127953933e-03 5.296685335316781047e-03 4.965955505423364814e-03 5.020187768027665511e-03
1.003000000000000000e+05 4.600604117156506176e-03 3.726151694905446149e-03 4.568768873764573676e-03 5.400945040336972355e-03 5.094053473643932531e-03 5.256755347738202057e-03
1.004000000000000000e+05 4.673603201231350292e-03 3.794939459439546948e-03 4.835851165412975369e-03 5.300732509939458555e-03 5.082727203541407245e-03 5.246081384421351183e-03
1.005000000000000000e+05 4.649948310792703307e-03 3.708316511132889182e-03 4.725553319902548420e-03 5.234804457377880381e-03 5.029542021430218404e-03 5.405850727089583224e-03
1.006000000000000000e+05 4.570593256770259100e-03 3.905741631902594387e-03 4.619597854941283159e-03 5.037954504427660969e-03 5.163682008296875507e-03 5.252672541490140817e-03
1.007000000000000000e+05 4.731090428314162211e-03 3.826739453087801227e-03 4.658292833998206942e-03 5.150664426414462878e-03 5.188186980261730308e-03 5.126480205315380248e-03
1.008000000000000000e+05 4.799120054531100590e-03 3.965150936321651907e-03 4.735104431828635746e-03 5.569327822135398606e-03 5.031637346363168443e-03 5.361404434433576088e-03
1.009000000000000000e+05 4.688623183326963255e-03 4.108226832567136305e-03 4.915969881040454202e-03 5.699615265578764599e-03 5.197370281204041591e-03 5.326029163591135783e-03
1.010000000000000000e+05 4.721070743886260704e-03 3.856744679614698343e-03 4.798401244904338010e-03 5.296563315237507764e-03 5.148268556722469455e-03 5.547427447770655363e-03
1.011000000000000000e+05 4.849983532409376553e-03 3.818989045823129643e-03 4.621790606189635567e-03 5.445461129834508994e-03 4.990949869550035008e-03 5.295175556380557133e-03
1.012000000000000000e+05 4.843543797226111149e-03 3.901581164164989648e-03 4.714465136104811598e-03 5.368699043381072386e-03 5.332371075033539957e-03 5.550473502110402947e-03
1.013000000000000000e+05 5.117982446078015758e-03 3.935386504181313805e-03 5.266492486763635697e-03 5.645438349109450568e-03 5.335681953102317659e-03 5.496951398490925941e-03
1.014000000000000000e+05 4.836875934791090917e-03 3.855392288835781268e-03 4.827323510638270934e-03 5.756378917649501888e-03 5.375737484726170884e-03 5.550578948211053534e-03
1.015000000000000000e+05 4.812294342650863359e-03 3.860191736085288004e-03 4.733075959567030651e-03 5.880170246333099419e-03 5.306806174961994395e-03 5.433536207296538537e-03
1.016000000000000000e+05 4.532184403987876004e-03 3.568959178048526030e-03 4.287804847109053137e-03 4.934747234007654144e-03 5.080445065863904014e-03 5.096099931477128704e-03
1.017000000000000000e+05 4.485284075869427900e-03 3.723081452239486791e-03 4.508801059306947155e-03 5.011004850958337975e-03 5.008467848629643941e-03 5.275657947054022447e-03
1.018000000000000000e+05 4.763991363173388470e-03 3.852523292478861067e-03 4.812124412643116814e-03 5.432292585732788684e-03 5.179589123863338924e-03 5.230950770766969182e-03
1.019000000000000000e+05 4.797042907563685288e-03 3.830108342668184229e-03 4.813502420335392246e-03 5.555874036658581261e-03 5.285295106257928421e-03 5.679490767350305405e-03
1.020000000000000000e+05 5.006953304584274220e-03 3.924126223111057410e-03 4.978454929313132736e-03 5.516377635356555821e-03 5.317820951655342215e-03 5.577787337402234473e-03
1.021000000000000000e+05 4.987564001402266210e-03 4.061420807140081815e-03 4.970788204333611952e-03 5.269963254398337370e-03 5.412685910239978422e-03 5.671347525531979239e-03
1.022000000000000000e+05 4.709992291197807705e-03 3.866267393301596206e-03 4.982707457633472198e-03 5.446353302303504409e-03 5.342301607170619158e-03 5.529605306267008219e-03
1.023000000000000000e+05 4.777383489195346188e-03 3.948036705339086003e-03 4.965753085797355165e-03 5.733656211444696990e-03 5.398474386369245953e-03 5.419777207641180046e-03
1.024000000000000000e+05 4.946784509959703015e-03 4.067486847498481481e-03 4.838115317236676635e-03 5.731545707689618060e-03 5.158868795706235758e-03 5.609090012386123980e-03
1.025000000000000000e+05 5.146651182948846527e-03 3.953163204318859564e-03 4.798050700423730185e-03 5.453227133507233641e-03 5.647594817732647793e-03 5.442613136694804572e-03
1.026000000000000000e+05 4.842578975641545144e-03 4.122478913869542273e-03 4.992307807358787111e-03 5.430356032406301499e-03 5.352807059117405640e-03 5.455318373153764631e-03
1.027000000000000000e+05 4.960803441468365944e-03 3.904766434491820180e-03 4.834381366508957306e-03 5.550326461786123620e-03 5.373523260583521616e-03 5.296366172328584830e-03
1.028000000000000000e+05 4.919560560775842334e-03 4.197170703098692182e-03 4.958587608756112770e-03 5.366389602574645618e-03 5.503981858580171173e-03 5.802901509122099580e-03
1.029000000000000000e+05 5.154861814137244765e-03 4.045153243455943889e-03 5.218124996946216752e-03 5.756200078778213498e-03 5.458653348635227401e-03 5.421483136096366326e-03
1.030000000000000000e+05 4.926793420242078607e-03 3.914859450856351952e-03 4.873867661460799805e-03 5.512711166411098443e-03 5.304830337293505588e-03 5.736684014363347892e-03
1.031000000000000000e+05 4.928786428571159568e-03 4.128970160556744151e-03 4.801819085726743118e-03 5.267267065985759347e-03 5.313736002019701574e-03 5.486037291999477580e-03
1.032000000000000000e+05 4.951003230303377758e-03 4.167094756845766274e-03 4.953286527690970234e-03 5.478553581515783165e-03 5.374640363632477401e-03 5.843918761772716117e-03
1.033000000000000000e+05 5.132231905952445127e-03 4.103476361634976304e-03 5.102549423768984807e-03 5.593034492214156786e-03 5.494997862118257588e-03 5.724133327441247900e-03
1.034000000000000000e+05 4.894844052390556061e-03 3.977170335508013223e-03 4.950625425559659724e-03 5.445615940521858316e-03 5.354754388192398129e-03 5.748512858271945594e-03
1.035000000000000000e+05 5.110797061261536899e-03 3.950246429240693476e-03 5.051346258699636327e-03 5.277305581442844756e-03 5.344092649848660066e-03 5.686583805757588518e-03
1.036000000000000000e+05 4.867966628909222923e-03 4.169952658463499211e-03 4.785536278379409758e-03 5.574343465103320273e-03 5.356909342822665197e-03 5.388009669321647613e-03
1.037000000000000000e+05 4.985597027031392348e-03 3.910405319000164436e-03 4.631920698270905815e-03 5.364191024059451404e-03 5.117870943215547391e-03 5.331439755283347466e-03
1.038000000000000000e+05 4.861986934651851139e-03 4.098070072563884253e-03 4.564586332704126219e-03 5.223907751892906300e-03 5.269386754530027035e-03 5.400165481988937650e-03
1.039000000000000000e+05 4.859395245556812591e-03 4.046141293606787814e-03 4.630397822837838302e-03 5.367138557880318794e-03 5.548748057936118624e-03 5.561637808848010622e-03
1.040000000000000000e+05 4.640819514427984606e-03 3.995174184051608797e-03 4.834139608670020086e-03 4.929927183590781213e-03 5.762738521866374655e-03 5.281279009995230173e-03
1.041000000000000000e+05 4.857019746617628579e-03 3.917730209471932332e-03 4.805047150496973181e-03 5.032559785914881602e-03 5.335156113439057379e-03 5.480021204923591835e-03
1.042000000000000000e+05 5.057814838829521355e-03 4.093540219330329619e-03 4.780407060909562522e-03 5.368928463907928807e-03 5.539426483532106787e-03 5.487810704531237253e-03
1.043000000000000000e+05 4.928429941063241886e-03 4.105397705487272113e-03 4.533713284057963762e-03 5.422830030277821060e-03 5.296994767925089151e-03 5.833650033919824535e-03
1.044000000000000000e+05 5.068969178663998085e-03 4.181976188550502911e-03 4.881395355944911744e-03 5.325303824685099705e-03 5.445852779633758751e-03 5.968892779579798233e-03
1.045000000000000000e+05 5.329186771806592240e-03 4.364112550582682597e-03 4.714027386347198131e-03 5.697933838726962526e-03 5.701932230759777440e-03 6.140987662599417703e-03
1.046000000000000000e+05 5.043330666886516010e-03 4.126683459669015439e-03 4.780717346382119468e-03 5.322481755959845504e-03 5.399343891653594733e-03 6.685803260830893921e-03
1.047000000000000000e+05 4.919732079814994469e-03 4.098070706863746020e-03 4.902321574994037041e-03 5.398628417486703995e-03 5.448279923165023908e-03 7.319927549206945924e-03
1.048000000000000000e+05 4.961152174326813324e-03 4.060888854935265288e-03 4.933178903552805361e-03 5.912634212843402570e-03 5.510269273358662893e-03 7.352062373142995155e-03
1.049000000000000000e+05 5.197190773412628181e-03 4.188623813180235647e-03 4.993691051453619766e-03 5.991754497292237948e-03 5.661388715700686053e-03 7.861589518075917660e-03
1.050000000000000000e+05 5.239097735975341286e-03 4.239973515453621805e-03 4.984535288058007142e-03 5.642594481298081159e-03 5.746033510086855783e-03 8.497796528888502607e-03
1.051000000000000000e+05 5.266541189284681262e-03 4.288872989790242819e-03 4.873239261554224155e-03 5.577162450766957706e-03 5.684102140470895237e-03 7.927636203604759846e-03
1.052000000000000000e+05 5.269332244690984324e-03 4.080101169222682782e-03 5.137192142206899528e-03 5.282003771118213946e-03 5.847817339876710922e-03 7.769300947700461327e-03
1.053000000000000000e+05 5.356828987229463220e-03 4.373630484696030586e-03 5.211586815539169873e-03 5.614433973330963841e-03 5.804395276852568168e-03 7.201391636566901316e-03
1.054000000000000000e+05 5.155152738867660282e-03 4.236561964562353400e-03 4.846165908845378664e-03 5.423316721534604708e-03 5.637351293105772806e-03 7.052824694743062631e-03
1.055000000000000000e+05 5.260397367336634190e-03 4.326274918198372982e-03 4.963647985281504672e-03 5.385139249351945934e-03 5.714937313142817894e-03 7.066499786747924144e-03
1.056000000000000000e+05 5.191963733024447525e-03 4.432736321958698038e-03 5.062356791680742291e-03 5.261186585238637227e-03 5.614161998094734790e-03 7.039569432888613705e-03
1.057000000000000000e+05 5.257317362462716158e-03 4.255154213102156288e-03 5.063928179989751061e-03 5.503626625138096848e-03 5.607987600705883514e-03 6.785783882527479140e-03
1.058000000000000000e+05 5.140777346212072919e-03 4.377331296858561101e-03 5.180365206680611137e-03 5.496360899905819615e-03 5.976286241375978157e-03 6.669879951756899072e-03
1.059000000000000000e+05 5.328097018067409069e-03 4.374260574063188953e-03 5.173571854466845442e-03 5.409186659989784034e-03 5.829069131660319890e-03 6.170387653474803183e-03
1.060000000000000000e+05 5.263673594227037331e-03 4.237274721523295179e-03 4.895636824197451692e-03 5.637175737873000893e-03 5.717697308211427618e-03 6.652243773061443377e-03
1.061000000000000000e+05 5.168544199948917409e-03 4.319169575710351226e-03 4.821566078460146586e-03 5.652762979403795456e-03 5.569494572049969380e-03 6.002858402801973005e-03
1.062000000000000000e+05 5.522186072242411814e-03 4.320738924179125771e-03 4.876448720297196261e-03 5.460467733497977733e-03 5.649387947464008797e-03 6.122662296261032269e-03
1.063000000000000000e+05 5.142129155944010800e-03 4.269004038403398371e-03 4.969406805200083689e-03 5.366674271114976920e-03 5.623477271017866125e-03 5.985182735334038800e-03
1.064000000000000000e+05 5.329305954060260808e-03 4.299637992117581915e-03 4.835273773766471210e-03 5.503342488804040256e-03 5.732791267913271531e-03 5.781390212777824840e-03
1.065000000000000000e+05 5.371754810003703286e-03 4.149640219408712132e-03 4.794460015921099896e-03 5.695890648818442877e-03 5.632997085789040632e-03 6.008115021780629887e-03
1.066000000000000000e+05 5.682590522407834389e-03 4.360156489084643025e-03 4.799317033219770677e-03 5.664119048218359438e-03 5.738004892177584089e-03 5.988716586233549383e-03
1.067000000000000000e+05 5.482388106498320944e-03 4.212522696363644494e-03 5.094007922541847824e-03 5.715714786084498053e-03 5.607757119710673338e-03 6.110388016094102197e-03
1.068000000000000000e+05 5.591182359912622371e-03 4.544785482902265021e-03 5.036413633847356547e-03 5.835028719627436550e-03 6.022801129164274264e-03 6.401226227730989760e-03
1.069000000000000000e+05 5.651649356207997035e-03 4.541796424433685968e-03 5.188775918728016912e-03 5.882392735510196327e-03 5.938075368252439083e-03 6.066113560966958362e-03
1.070000000000000000e+05 5.642838271124939187e-03 4.341183512433714579e-03 5.114843069696646018e-03 5.829388782014474461e-03 5.998180580662338182e-03 6.161149710398700248e-03
1.071000000000000000e+05 5.504702188108970447e-03 4.662574183717376440e-03 5.056616891310988446e-03 5.962584334199265423e-03 5.900578639255454200e-03 6.303338095338148310e-03
1.072000000000000000e+05 5.452475252849232033e-03 4.389699222563298031e-03 5.093068999406974787e-03 6.095029887480414750e-03 5.974972758236094840e-03 6.602324469414836555e-03
1.073000000000000000e+05 5.413310815878217587e-03 4.640120189168159617e-03 5.050269274195135806e-03 6.246788653241528225e-03 6.277235090709802449e-03 6.186711823749922561e-03
1.074000000000000000e+05 5.743609015161230125e-03 4.763563241267304918e-03 5.220539805011967412e-03 5.891367914297090946e-03 6.017734303600453215e-03 6.396003888643971708e-03
1.075000000000000000e+05 5.637110516730976448e-03 4.581512021879468113e-03 4.971074663594385844e-03 6.181423003508719483e-03 6.134323260125951714e-03 6.334432600802513726e-03
1.076000000000000000e+05 5.485301587041240858e-03 4.617468905824933731e-03 5.054339319456924162e-03 6.202623402584239373e-03 6.000146419234961455e-03 6.022524296665162508e-03
1.077000000000000000e+05 5.772385502648984604e-03 4.735938779610832788e-03 5.140877138161154686e-03 5.895701502545557839e-03 5.983093492419853249e-03 6.236688275791825789e-03
1.078000000000000000e+05 5.471670020218546114e-03 5.050624241611621421e-03 5.080616029265074343e-03 6.170376165562286089e-03 6.077538174287019229e-03 6.310248953670739673e-03
1.079000000000000000e+05 5.611580204928849624e-03 4.996778929082137943e-03 4.874225170300874356e-03 6.155428462014208256e-03 6.061914309492663980e-03 6.522607605836426743e-03
1.080000000000000000e+05 5.605500717093114295e-03 4.527221119387972274e-03 4.663933873901221668e-03 5.983332201472651990e-03 6.058397119900846284e-03 6.467029479261295587e-03
1.081000000000000000e+05 5.457430188234793297e-03 4.265131777748548854e-03 4.795591332047584830e-03 5.591873503054631614e-03 5.814912404160838683e-03 6.441688404314941871e-03
1.082000000000000000e+05 5.578720200059357655e-03 4.281606812054199358e-03 4.683410300080728325e-03 5.611938970300315264e-03 6.057562809835669720e-03 6.347375007860973743e-03
1.083000000000000000e+05 5.674693874580795556e-03 4.606259096935692680e-03 4.793609592442603547e-03 5.796674122133351967e-03 6.019431682872016312e-03 6.160982844273865840e-03
1.084000000000000000e+05 5.547978691084674147e-03 4.526217640367658987e-03 4.776767393640035837e-03 5.584155940692185106e-03 6.010881962611110650e-03 6.167377354574163362e-03
1.085000000000000000e+05 5.716545770155094172e-03 4.551191905294856878e-03 4.925089637890497050e-03 5.718619730132930984e-03 6.075746992300161235e-03 6.358408444593665124e-03
1.086000000000000000e+05 5.650472997678082643e-03 4.711954339933819777e-03 5.132312614683133371e-03 5.946018977562939414e-03 6.199888461983600434e-03 6.596202124036025169e-03
1.087000000000000000e+05 5.468346039244959510e-03 4.622383884951738499e-03 4.981216370677012638e-03 6.089754147737081423e-03 6.403418305676717576e-03 6.504100209112424931e-03
1.088000000000000000e+05 5.780245245453091707e-03 4.723988903807188958e-03 5.275459391066927677e-03 5.764870518059302118e-03 6.278545892521924382e-03 6.522638590733522736e-03
1.089000000000000000e+05 5.796667575193498005e-03 4.643047186261422057e-03 5.281883733816579787e-03 5.988536412309530300e-03 6.388882660483740858e-03 6.332255897139148736e-03
1.090000000000000000e+05 5.734626412277426220e-03 4.707643121246112179e-03 5.294172438516662853e-03 6.170982559738320133e-03 6.294141401179481621e-03 6.579738714064527032e-03
1.091000000000000000e+05 5.886439824477210717e-03 4.876042982091659435e-03 5.118664089722304439e-03 6.422422099916764646e-03 6.615046214651297031e-03 6.906042509634820713e-03
1.092000000000000000e+05 5.824069659389438311e-03 4.790571314707730774e-03 5.255590649646892792e-03 6.152423856156830073e-03 6.450084072993269441e-03 6.587415276957157839e-03
1.093000000000000000e+05 5.904444472122818283e-03 4.704148757492961595e-03 4.944048537006007736e-03 6.248098577154017827e-03 6.212475347879958636e-03 6.794494171967055927e-03
1.094000000000000000e+05 5.730988601004545838e-03 4.757289199221211191e-03 5.165960287819537991e-03 6.004181109782431337e-03 6.246052237444270176e-03 6.762251753532000191e-03
1.095000000000000000e+05 5.873059347573288645e-03 5.062868274443408853e-03 5.126625290011255567e-03 5.607964684407579226e-03 6.465183211121147688e-03 6.719369761393916875e-03
1.096000000000000000e+05 5.695141024481418547e-03 4.805137902276404756e-03 4.991536666195738742e-03 5.970169720552824001e-03 6.215091089340380424e-03 6.616071412368084402e-03
1.097000000000000000e+05 5.764404867579705008e-03 4.710157580456721289e-03 4.944167076060069013e-03 5.937637493211646821e-03 6.314501794769667754e-03 6.471150932560327737e-03
1.098000000000000000e+05 5.610530282728884433e-03 4.722030120228516703e-03 4.832515876377699478e-03 5.822176732219568052e-03 6.306189366705896790e-03 6.506581768138135560e-03
1.099000000000000000e+05 5.728990294650732409e-03 4.617690113276772326e-03 4.966467481377506016e-03 5.871941899821985465e-03 6.139557432521633440e-03 6.250114788097754781e-03
1.100000000000000000e+05 5.399195451607078852e-03 4.629112588802657136e-03 4.867899788620318538e-03 6.109250845712553037e-03 6.147356565969755091e-03 6.263072127600275568e-03
1.101000000000000000e+05 5.610003024856644212e-03 4.715475097118232081e-03 4.878895740911499967e-03 6.205402780465794910e-03 6.359113618706969777e-03 6.297257534223841061e-03
1.102000000000000000e+05 5.643179803939104427e-03 4.673071594843451401e-03 4.900926886045024571e-03 5.924238774416816337e-03 6.015574847750550409e-03 6.360458417739853383e-03
1.103000000000000000e+05 5.830053937433938606e-03 4.616078416633582690e-03 4.825544725438701485e-03 5.819885947887039161e-03 6.344054194195931917e-03 6.438528968298265140e-03
1.104000000000000000e+05 5.339778980698880496e-03 4.480240259392339990e-03 4.607861389771326747e-03 5.964706769469687794e-03 6.086738775794946904e-03 6.530742888344578424e-03
1.105000000000000000e+05 5.438744647919572725e-03 4.453529091342397529e-03 4.779513503411977025e-03 5.501061240402439073e-03 5.863689656719042916e-03 6.109893107183387087e-03
1.106000000000000000e+05 5.159948612934322359e-03 4.546947993821062739e-03 4.734714522603295818e-03 5.990746083101691245e-03 5.956238143904958246e-03 6.271538502861842557e-03
1.107000000000000000e+05 5.433892388730037805e-03 4.514263243599531301e-03 4.654529426216043493e-03 5.559968555648350449e-03 6.147691667032524968e-03 6.043589421885152066e-03
1.108000000000000000e+05 5.341179267051028579e-03 4.730151076942168062e-03 4.794601595330940692e-03 5.559913583512580797e-03 5.933143732179620849e-03 6.213545590256973512e-03
1.109000000000000000e+05 5.256673048849357620e-03 4.322315840027157394e-03 4.722484662186445317e-03 5.420986473777342045e-03 5.925062771392986850e-03 6.102392565348431150e-03
1.110000000000000000e+05 5.513298649326447455e-03 4.594790892764249318e-03 4.619001524543998698e-03 5.635286395036960376e-03 6.082257620701985237e-03 6.493268277831949244e-03
1.111000000000000000e+05 5.431048225196192375e-03 4.600393083640652060e-03 4.534265002210646593e-03 5.756480559814322086e-03 5.704361777275461683e-03 6.300618366446262240e-03
1.112000000000000000e+05 5.707463024506401542e-03 4.757378085461187213e-03 4.629329425019437783e-03 5.716634593787768039e-03 6.036566359885864319e-03 6.394333752780814555e-03
1.113000000000000000e+05 5.671625399421842406e-03 4.619888666043843288e-03 4.625980548227465183e-03 6.106959483366041982e-03 6.151322668971248055e-03 6.376743161990621259e-03
1.114000000000000000e+05 5.701338598165249343e-03 4.595842720159672504e-03 4.544067562942149217e-03 5.604524712541736169e-03 5.919025063374099872e-03 6.332996016501167211e-03
1.115000000000000000e+05 5.602795938409083770e-03 4.717678942686169899e-03 4.738702253832059556e-03 5.877892107175560106e-03 6.471876287269698151e-03 6.238883337342157435e-03
1.116000000000000000e+05 5.593270349044996044e-03 4.592210420259487148e-03 5.294263478133297285e-03 6.348626187156546780e-03 6.159760403752535980e-03 6.276290810345717085e-03
1.117000000000000000e+05 5.790582166270334154e-03 4.805612716156194147e-03 4.937695669891660998e-03 6.229250338814367599e-03 6.497879934561526065e-03 6.348019652067189190e-03
1.118000000000000000e+05 5.790478468433727516e-03 4.903355345576966215e-03 4.828083525059735648e-03 5.918927397855452618e-03 5.851586736481164883e-03 6.282280402943253746e-03
1.119000000000000000e+05 5.650923751373207113e-03 4.456922356255652029e-03 4.625133277875496073e-03 5.477208971013966185e-03 6.016585972820312662e-03 6.192385698552145719e-03
1.120000000000000000e+05 5.333386872885622146e-03 4.410846848351932491e-03 4.743172723330976205e-03 5.819389160440857980e-03 6.003926966009781423e-03 6.164398694801545044e-03
1.121000000000000000e+05 5.497154833894742944e-03 4.738974052455829575e-03 4.768524575355495565e-03 5.690223017601823974e-03 6.123757919327813166e-03 6.092352113989928271e-03
1.122000000000000000e+05 5.821986053486256571e-03 4.691208346889247024e-03 4.883094569957369645e-03 6.215954637183866531e-03 6.357265112821651291e-03 6.581021148148290777e-03
1.123000000000000000e+05 5.827832978477864509e-03 4.965146852806507846e-03 4.885012850833991144e-03 6.052415803517214796e-03 6.338551933553872655e-03 6.531628831829725153e-03
1.124000000000000000e+05 5.935442433703785534e-03 4.823358559474907187e-03 4.896132877819891517e-03 5.726702548343147112e-03 6.303390076658348801e-03 6.487038418140161043e-03
1.125000000000000000e+05 5.798248011522373971e-03 4.844842037785172806e-03 4.753128493753950613e-03 6.096705112991552752e-03 6.193778500303056406e-03 6.690404902853526806e-03
1.126000000000000000e+05 5.626493900100759324e-03 4.727922253280258599e-03 4.605861527694713603e-03 5.650830210910117411e-03 6.056277240147930722e-03 6.297442763623198846e-03
1.127000000000000000e+05 5.942295870906951806e-03 4.966911694684419433e-03 4.678014984080523971e-03 5.778535398636537417e-03 6.190971179752830650e-03 6.519778059791051829e-03
1.128000000000000000e+05 5.860118971251350277e-03 4.748863413951299323e-03 4.870925262956749165e-03 5.982134155459092710e-03 6.295024369373359782e-03 6.516384736379192931e-03
1.129000000000000000e+05 5.881224741777387778e-03 4.818210972968492954e-03 4.979523693467862583e-03 6.175073320234714287e-03 6.563656113934746364e-03 6.752539706973050525e-03
1.130000000000000000e+05 5.938943413508664289e-03 5.181227033554092719e-03 4.971762636995860803e-03 5.907078766092558816e-03 6.336046232064092461e-03 6.709277864238470321e-03
1.131000000000000000e+05 6.060376913392550094e-03 4.865807324720750060e-03 4.929602193645658478e-03 6.107584417694315870e-03 6.846749068308352094e-03 6.644673139687159655e-03
1.132000000000000000e+05 5.709644882763435098e-03 4.915271311162794886e-03 4.576078350290345258e-03 5.886004564234040802e-03 6.085032559339940451e-03 6.621160329234738497e-03
1.133000000000000000e+05 5.556946903348756149e-03 4.743333374709527914e-03 4.631326254733380936e-03 5.843311442804465308e-03 6.008165082833645532e-03 6.468824311565514462e-03
1.134000000000000000e+05 5.737697586955101646e-03 4.772557936958614182e-03 4.887172837418518601e-03 6.087713346408317634e-03 5.822287824147395069e-03 6.133601480155495903e-03
1.135000000000000000e+05 5.602421308163837987e-03 4.816663622592191017e-03 4.722606915508646176e-03 5.880097233602179195e-03 5.992960432093128939e-03 6.569461786137569502e-03
1.136000000000000000e+05 5.502029476005153123e-03 4.905815541938148873e-03 4.563187773245292247e-03 5.713719509135094243e-03 6.187917833778458845e-03 6.025128629487244702e-03
1.137000000000000000e+05 5.507925049588247891e-03 4.793586788198687595e-03 4.910749120991012191e-03 5.911546338005893401e-03 6.200313833313988825e-03 6.353773803677060725e-03
1.138000000000000000e+05 5.536968239970687169e-03 4.860070126294367514e-03 4.715350486100057872e-03 5.659034451210099952e-03 6.302878621024607213e-03 6.440365158845446324e-03
1.139000000000000000e+05 5.722918168012655453e-03 4.891213214435690716e-03 4.757804222387623967e-03 5.826112998928668560e-03 6.208485990384113827e-03 6.248551063089965302e-03
1.140000000000000000e+05 5.971008192189501164e-03 5.083372028108722011e-03 4.806607646755996048e-03 6.319799096626156805e-03 6.119901646537843735e-03 6.479109876913288768e-03
1.141000000000000000e+05 5.488071899708321481e-03 4.664633558142193548e-03 4.667729089001886392e-03 5.840562373959513193e-03 6.094819207660007697e-03 6.485870184198362642e-03
1.142000000000000000e+05 5.852697982778009601e-03 4.592517540751132193e-03 4.815159537733776189e-03 5.814751100519773876e-03 6.203200034638959963e-03 6.432397080977969410e-03
1.143000000000000000e+05 5.596192957147527736e-03 4.859292276318648816e-03 4.840887650567523778e-03 6.117121649839327852e-03 6.075214109910946451e-03 6.184551676281727604e-03
1.144000000000000000e+05 5.624938976678819751e-03 5.188539723682236357e-03 4.938548594771306928e-03 6.035299782503987000e-03 6.261980868279995970e-03 6.558120612030049652e-03
1.145000000000000000e+05 5.731314957202235383e-03 4.796957920565897947e-03 4.685252709865380880e-03 6.043120656730970736e-03 6.226574436624419256e-03 6.347686838127954145e-03
1.146000000000000000e+05 5.970873301772989215e-03 4.904230066065281592e-03 4.720035777034690093e-03 5.771318775245000247e-03 6.544840787903418410e-03 6.581281922031734406e-03
1.147000000000000000e+05 5.535861367109934893e-03 4.789341057514530375e-03 4.521798593379415532e-03 5.814617874215500561e-03 6.077264092046916720e-03 6.339891538106012282e-03
1.148000000000000000e+05 5.888679671576745565e-03 5.061323217780762558e-03 4.721196592986250801e-03 5.847210388558267413e-03 6.108585568052865740e-03 6.448290937143517920e-03
1.149000000000000000e+05 5.903824198011660244e-03 5.052030177991113924e-03 4.903138371768835796e-03 6.099342588505577388e-03 6.134342531110123856e-03 6.552482492119576958e-03
1.150000000000000000e+05 5.817531863750937879e-03 5.067315572234149142e-03 5.028625615669928342e-03 6.125324387209423078e-03 6.409886883816465382e-03 6.635673086573154814e-03
1.151000000000000000e+05 6.138806452329339039e-03 5.111333968768320794e-03 4.939354590636810260e-03 5.991261517285134328e-03 6.357656630898398352e-03 6.674662949420414292e-03
1.152000000000000000e+05 5.737514075209926810e-03 5.076151788508054957e-03 4.852799857374135752e-03 5.781143122413826343e-03 6.062329331754397373e-03 6.145761059174463525e-03
1.153000000000000000e+05 5.799399045920791695e-03 5.058820563143995308e-03 4.652294642445256243e-03 5.720670215678789680e-03 5.908701869890473600e-03 6.163819819925351641e-03
1.154000000000000000e+05 5.604160241155769356e-03 5.196943619247404098e-03 4.782744635680965563e-03 6.036957283117186726e-03 6.146251212178586477e-03 6.210427528622248540e-03
1.155000000000000000e+05 6.005023420289913073e-03 5.229678997562009317e-03 4.791225431955371296e-03 6.044711187214708500e-03 6.294806873454628082e-03 6.699766455583774059e-03
1.156000000000000000e+05 5.800811875759520793e-03 5.276904894619499804e-03 5.204383844020124550e-03 6.164688419013178954e-03 6.493487064759416623e-03 6.622348705585204102e-03
1.157000000000000000e+05 6.169114242516794688e-03 5.535598341977652007e-03 4.946892590442131428e-03 6.109457337960652948e-03 6.643930898763184684e-03 6.779418060016448137e-03
1.158000000000000000e+05 6.059518387593515291e-03 5.267356809643500629e-03 4.671839280174877769e-03 6.204282587431466517e-03 6.648266700531463465e-03 6.686968842652287956e-03
1.159000000000000000e+05 6.170238648351034950e-03 5.184980652753043082e-03 4.499347760200255071e-03 6.071656691303654006e-03 6.259609811684249507e-03 6.786228353948112191e-03
1.160000000000000000e+05 5.945524738364726773e-03 5.335344756771694466e-03 5.046152805142066662e-03 5.874090722005289970e-03 6.255063695570735501e-03 6.919005930695684356e-03
1.161000000000000000e+05 6.223158769915584747e-03 5.484399992974514290e-03 5.343305180993069940e-03 6.208440985578448680e-03 6.727379554118831893e-03 6.543423213125750156e-03
1.162000000000000000e+05 6.121669319917051773e-03 5.425676414588741746e-03 5.332274238336757143e-03 6.479619507681744564e-03 6.581375972224994507e-03 6.725981790812777909e-03
1.163000000000000000e+05 6.281529204905820715e-03 5.319297959032073982e-03 5.126674381345680195e-03 6.537267753094522758e-03 6.529361762295828042e-03 6.498567396004089128e-03
1.164000000000000000e+05 5.835337708605396051e-03 5.389104266583979314e-03 4.959398326257438878e-03 6.364131586483507026e-03 6.537425133256230189e-03 6.850059374372896755e-03
1.165000000000000000e+05 6.183880721012167611e-03 5.323200445158186508e-03 4.945919885290294207e-03 6.333685311804109798e-03 6.307403007362931066e-03 6.765589710087617850e-03
1.166000000000000000e+05 5.633151320471451763e-03 5.226439869245064207e-03 4.817883438741141743e-03 5.974173106428132957e-03 6.066245326414618048e-03 6.760403041180339419e-03
1.167000000000000000e+05 5.603573511389266584e-03 5.044309985983466173e-03 4.721062617460843568e-03 5.837852532135054916e-03 5.994330478133191864e-03 6.188331083343874377e-03
1.168000000000000000e+05 5.534589176236896085e-03 5.200188267893522155e-03 4.964626755045317696e-03 6.231689710785767375e-03 6.133136018929514176e-03 6.413778325058933083e-03
1.169000000000000000e+05 5.557609746125751274e-03 4.897536758999730330e-03 5.004797895284789945e-03 5.746518999428643082e-03 5.919835986832953055e-03 6.331639849198040029e-03
1.170000000000000000e+05 4.895070158229708479e-03 4.615817193374658657e-03 4.189773722084778190e-03 5.500935948173807898e-03 5.286848085335468968e-03 5.667226190929974990e-03
1.171000000000000000e+05 4.746053891529385116e-03 3.841450446573471504e-03 3.779247396899547418e-03 5.155031190745107232e-03 4.878850740607055397e-03 5.139973811041393705e-03
1.172000000000000000e+05 4.264915433180205447e-03 3.647600774044305622e-03 3.662868646424110534e-03 4.781687523510325978e-03 4.605021698957525479e-03 4.726731815713433073e-03
1.173000000000000000e+05 4.309218968082860479e-03 3.602998467360253847e-03 3.668964067400503400e-03 4.404613431734658371e-03 4.283418804969061668e-03 4.598619350275877718e-03
1.174000000000000000e+05 4.363712395624426942e-03 4.053413320402769922e-03 3.330807623734429856e-03 4.247610595983226066e-03 4.530463649114325857e-03 4.688620164869998844e-03
1.175000000000000000e+05 4.048454130945813162e-03 3.615518373369630209e-03 3.193227076696088587e-03 3.704491014056165380e-03 1.170451527438610625e-02 1.092303490354685006e-02
1.176000000000000000e+05 3.393397754749452426e-03 3.334558923691935493e-03 2.555155478247211724e-03 2.881045235569901740e-03 4.431980044614379326e-03 2.079726073883144885e-03
1.177000000000000000e+05 2.821661795854617065e-03 2.224103504986470452e-03 1.971516123201210932e-03 2.175862054270563499e-03 1.417895259545606324e-03 2.102703581961001128e-03
1.178000000000000000e+05 1.925526926945483148e-03 2.456832804416658224e-03 2.462763353350301467e-03 1.831317925117922863e-03 3.590665270164898094e-03 3.247265043044445226e-03
1.179000000000000000e+05 1.910818644092277018e-03 1.898956141758936875e-03 1.324395969857785791e-03 1.506654641819097718e-03 1.857089799672679339e-03 2.524635438707673388e-03
1.180000000000000000e+05 1.537884829946944282e-03 1.402662377759818484e-03 1.328176596125360152e-03 1.606929760348609808e-03 1.721433159507355318e-03 1.979203052580641789e-03
1.181000000000000000e+05 1.583733246131991887e-03 1.381697905922590073e-03 1.203917113999877775e-03 1.530169605743102439e-03 1.711034100015496702e-03 1.848853847048302504e-03
1.182000000000000000e+05 1.318350259468694394e-03 1.223424153299360051e-03 1.115613466364670514e-03 1.338669970048289972e-03 1.670868597245538881e-03 1.815282601434170355e-03
1.183000000000000000e+05 1.188901542501025676e-03 1.070222188073637623e-03 1.023679109963156414e-03 1.224483338519124576e-03 1.280976892300513936e-03 1.319055422506724886e-03
1.184000000000000000e+05 1.165605324838040260e-03 1.124301738119676351e-03 1.008695793012127744e-03 1.197134093681345539e-03 1.280440276360815186e-03 1.306947811996801104e-03
1.185000000000000000e+05 1.210427266237739568e-03 1.092497713576415837e-03 9.956084753338578178e-04 1.104077752894385691e-03 1.404888072082844221e-03 1.531925145126028986e-03
1.186000000000000000e+05 1.189038584943339760e-03 1.169228817424127322e-03 1.039999480272115915e-03 1.199409930069266850e-03 1.469005758580448680e-03 1.728937378450670160e-03
1.187000000000000000e+05 1.139588595980007722e-03 1.083852243316721321e-03 1.045732781028316846e-03 1.149312985713884855e-03 1.216571438146457325e-03 1.271182506939506039e-03
1.188000000000000000e+05 1.157369318586101616e-03 1.099459244099488349e-03 1.001625050584488766e-03 1.141718710918500834e-03 1.221259032594510787e-03 1.342471462599163865e-03
1.189000000000000000e+05 1.109800557920493421e-03 1.116486981344950481e-03 9.918289637810607552e-04 1.174563265559479350e-03 1.338134477215871575e-03 1.555928258892755366e-03
1.190000000000000000e+05 1.136308442762937361e-03 1.049228179379944632e-03 9.969788775123322559e-04 1.120465790447901320e-03 1.195975597102127020e-03 1.351737421413930218e-03
1.191000000000000000e+05 1.199587677290446172e-03 1.067468478968025200e-03 1.072042738134237373e-03 1.219840999725888475e-03 1.242715649958439422e-03 1.304165552401512695e-03
1.192000000000000000e+05 1.216292002522451543e-03 1.134546924235459381e-03 1.121495999444967456e-03 1.221639726073410655e-03 1.324724448690735171e-03 1.327017918652987878e-03
1.193000000000000000e+05 1.160827077505491951e-03 1.083552508230416298e-03 9.734159179734177018e-04 1.144790604801248493e-03 1.369945893245546990e-03 1.520707194667498966e-03
1.194000000000000000e+05 1.035014553343164808e-03 9.255823707529835329e-04 8.051457796631124493e-04 1.015289583805318490e-03 1.185386530599321286e-03 1.337101290072810651e-03
1.195000000000000000e+05 8.980718173219388216e-04 8.864497364310797286e-04 8.378996533032380270e-04 8.797543617552884380e-04 9.219506479400971320e-04 1.004684138274884861e-03
1.196000000000000000e+05 8.376387097976301013e-04 9.262688312669634149e-04 8.249783701108849478e-04 8.697073605384713106e-04 8.973093911635566210e-04 8.851988297265314231e-04
1.197000000000000000e+05 8.256512786210903378e-04 8.314884349365011130e-04 7.387667696105289184e-04 8.668996206695656244e-04 8.817375632242315268e-04 9.023087147317676885e-04
1.198000000000000000e+05 8.130491519140408503e-04 8.198625651263510752e-04 6.517868653286401333e-04 8.214014806937686760e-04 8.623102149132941133e-04 1.056421865063743174e-03
1.199000000000000000e+05 9.608785138865178366e-04 9.184690515445127898e-04 9.006279971718436682e-04 1.245973014031530324e-03 1.150414936622467946e-03 1.275613933824382715e-03
