9.000000000000000000e+04 9.695844386353485349e-04 1.636880507479097002e-03 1.505840601925732825e-03 0.000000000000000000e+00
9.010000000000000000e+04 1.675137872963714924e-03 2.002613595846623653e-03 1.568798635688005644e-03 1.239858384927518958e-01
9.020000000000000000e+04 1.572281905363880896e-03 2.348964819356360798e-03 1.568957558501183616e-03 3.758367600043611145e-01
9.030000000000000000e+04 1.034707609913214062e-03 1.804049737910978259e-03 1.725326987505575692e-03 3.803299823403359925e-01
9.040000000000000000e+04 1.640926258579041008e-03 2.009517091331894465e-03 1.611765964512167212e-03 3.780447228749590494e-01
9.050000000000000000e+04 1.698592384396617472e-03 2.100611869946339416e-03 2.041784445343711608e-03 3.791276102264721781e-01
9.060000000000000000e+04 1.431005179685514682e-03 2.118986294436726089e-03 1.609971909955477043e-03 3.782405567169200289e-01
9.070000000000000000e+04 9.984931037583745419e-04 1.505456535783365442e-03 1.415003983405864084e-03 3.854232495029767946e-01
9.080000000000000000e+04 9.654949777199933010e-04 1.482978385278617634e-03 1.174327842216294935e-03 3.818879012266791495e-01
9.090000000000000000e+04 1.026239385528924511e-03 1.518820339582291259e-03 1.197859796676496377e-03 3.791554600000385244e-01
9.100000000000000000e+04 1.113536854482191207e-03 1.594605319870313204e-03 1.273756906901171368e-03 3.831417818864188973e-01
9.110000000000000000e+04 1.195583737946860148e-03 1.667675919886964318e-03 1.432305175969470152e-03 3.833138960599896117e-01
9.120000000000000000e+04 1.222624385082855206e-03 1.635353467742702190e-03 1.290733518575654278e-03 3.836247861385353453e-01
9.130000000000000000e+04 1.347352399526594328e-03 1.644561489683872991e-03 1.498984244904046342e-03 3.824561057488130023e-01
9.140000000000000000e+04 1.279974716558501466e-03 1.672462609168657785e-03 1.582388521548238735e-03 3.864570262034733861e-01
9.150000000000000000e+04 1.339960374999595895e-03 1.771593802543103714e-03 1.583084329264027512e-03 3.840246349573133156e-01
9.160000000000000000e+04 1.395773885425999773e-03 1.767371391363903093e-03 1.676787757705947794e-03 3.845267673333491731e-01
9.170000000000000000e+04 1.475103095695406204e-03 1.785938765739500172e-03 1.630769421594271225e-03 3.836131272713344531e-01
9.180000000000000000e+04 1.427575983364969686e-03 1.890473669788318711e-03 1.848372341644371900e-03 3.821243220567703269e-01
9.190000000000000000e+04 1.564858527160597210e-03 2.041146970303585936e-03 1.934295130571162327e-03 3.804911219080290841e-01
9.200000000000000000e+04 2.000858414013817477e-03 2.515531409603760735e-03 2.338771798823528064e-03 3.846815923849742358e-01
9.210000000000000000e+04 2.367299899717666047e-03 3.120858712434628011e-03 2.671983121146340526e-03 3.852443590760231684e-01
9.220000000000000000e+04 2.508774394433870621e-03 3.223352176484946090e-03 2.825012877869462896e-03 3.803874866167704094e-01
9.230000000000000000e+04 2.502073643990125607e-03 3.385163321753101220e-03 3.019791126137703115e-03 3.822490132848419542e-01
9.240000000000000000e+04 2.540709816839933303e-03 3.304867148123761915e-03 2.990650539121356578e-03 3.813061594963073619e-01
9.250000000000000000e+04 2.473278699724127793e-03 3.276421738383122288e-03 2.868522568233835505e-03 3.875329891840617047e-01
9.260000000000000000e+04 2.499384228355510176e-03 3.153257938015002933e-03 2.992013344209180220e-03 3.862934633096054005e-01
9.270000000000000000e+04 2.497278738466374767e-03 3.271500387482595158e-03 2.957521376327080023e-03 3.809331959486004227e-01
9.280000000000000000e+04 2.534017429747651481e-03 3.117249569650348048e-03 2.958246963668272663e-03 3.889775605996451113e-01
9.290000000000000000e+04 2.385942351092288326e-03 3.267676007227613214e-03 2.977216347334104597e-03 3.839234303434689854e-01
9.300000000000000000e+04 2.528107672276961020e-03 3.270888554744864202e-03 3.264015684770185319e-03 3.862770080566407249e-01
9.310000000000000000e+04 2.351758363124547158e-03 3.253360075005378056e-03 2.837104782121891138e-03 3.883064663410187300e-01
9.320000000000000000e+04 2.313213790744541188e-03 3.075869077861714210e-03 2.773910402502845814e-03 3.838423597812652410e-01
9.330000000000000000e+04 2.335590325902935516e-03 3.100389221650308186e-03 2.649271079506252628e-03 3.876216661930086405e-01
9.340000000000000000e+04 2.476170008369538763e-03 3.116979650039275202e-03 2.775242761012327621e-03 3.887301470836009853e-01
9.350000000000000000e+04 2.305862504769136314e-03 3.133033354320053677e-03 2.765683271379896970e-03 3.865744794408482732e-01
9.360000000000000000e+04 2.384946446539420225e-03 3.107551168440410988e-03 2.915102574310414474e-03 3.890500521659850941e-01
9.370000000000000000e+04 2.408425886240574479e-03 3.314245807967842322e-03 3.243467259665696375e-03 3.918016120791437684e-01
9.380000000000000000e+04 2.503450861582761679e-03 3.316066129741703818e-03 2.912569442947695285e-03 3.810840642452237859e-01
9.390000000000000000e+04 2.411614112837477935e-03 3.260012579220401743e-03 3.156188082794414429e-03 3.897962138056755288e-01
9.400000000000000000e+04 2.344622163817938580e-03 3.069694109227535852e-03 2.646278524385477487e-03 3.872936447461444165e-01
9.410000000000000000e+04 2.492898069161525801e-03 3.289433470304874499e-03 2.818789676708313013e-03 3.891824346780778376e-01
9.420000000000000000e+04 2.601183880304137712e-03 3.351387091702954634e-03 2.904403744004667616e-03 3.921057140827174936e-01
9.430000000000000000e+04 2.510842896788636515e-03 3.356492297783192184e-03 2.976428818670527783e-03 3.910118123888969288e-01
9.440000000000000000e+04 2.434070855837790377e-03 3.181002035425629058e-03 2.843303115558058064e-03 3.925073432922358552e-01
9.450000000000000000e+04 2.268799282666632451e-03 3.028131696603916789e-03 2.861367013894186226e-03 3.892764225602148298e-01
9.460000000000000000e+04 2.256776775944207159e-03 3.054898000956857325e-03 2.968578575301529000e-03 3.991352786620450677e-01
9.470000000000000000e+04 2.406561066206934670e-03 2.854962272729537689e-03 2.544256557663194217e-03 3.907156533002851817e-01
9.480000000000000000e+04 2.335614081950495181e-03 3.062026323243626121e-03 2.828643210952801711e-03 3.959857130050659091e-01
9.490000000000000000e+04 2.303579525966041163e-03 2.962328751979596830e-03 2.640310483892076461e-03 3.885355366269748756e-01
9.500000000000000000e+04 2.364824298032038898e-03 3.034148846956935541e-03 2.623163176694754285e-03 3.939720243215560913e-01
9.510000000000000000e+04 2.310469155344463312e-03 2.977662067712314332e-03 2.492940091063875103e-03 3.915303158760068958e-01
9.520000000000000000e+04 2.281035582514448403e-03 2.981827664535635115e-03 2.773523863977525768e-03 3.977918390432994000e-01
9.530000000000000000e+04 2.362784927568067211e-03 3.104516090108861651e-03 2.937773750806925606e-03 1.622026792502924333e-03
9.540000000000000000e+04 2.693720976721143776e-03 3.378241988998759333e-03 3.135136383828198130e-03 1.570914936737834080e-03
9.550000000000000000e+04 2.614698025536719376e-03 3.333031843583598563e-03 2.844699039589759868e-03 3.465970989225680178e-03
9.560000000000000000e+04 2.554527338921315071e-03 3.317073308180915059e-03 2.978649750028029147e-03 1.118362921876962703e-03
9.570000000000000000e+04 2.604962817356105704e-03 3.155795522222598799e-03 2.923894539722342138e-03 2.826432370777549538e-03
9.580000000000000000e+04 2.576507304133231636e-03 3.238346636749859023e-03 2.787525442618986934e-03 1.398360761432442890e-03
9.590000000000000000e+04 2.477570807116515669e-03 3.580420563638519495e-03 2.904259729352421954e-03 2.000665618904334461e-03
9.600000000000000000e+04 2.539429422578644985e-03 3.245336165440843457e-03 2.834689861324575077e-03 2.369234948364622954e-03
9.610000000000000000e+04 2.573427723552492320e-03 3.299218044890045269e-03 3.041366940246673697e-03 2.181913145850250882e-03
9.620000000000000000e+04 2.373592990139646811e-03 3.198148314434094697e-03 3.273839602847197685e-03 2.216242072061372706e-03
9.630000000000000000e+04 2.286428134833621336e-03 2.983926785293669962e-03 3.088163297396076187e-03 2.762958184634602566e-03
9.640000000000000000e+04 2.756240852156182503e-03 3.244124827242559749e-03 2.971334046445798117e-03 2.618769235315570806e-03
9.650000000000000000e+04 2.844990042244318652e-03 3.496738926155607604e-03 2.932631827190754908e-03 2.233807885684056024e-03
9.660000000000000000e+04 3.053695182686841716e-03 3.792804361922873062e-03 3.150343675256489506e-03 2.355493584730218842e-03
9.670000000000000000e+04 2.729046703033303177e-03 3.527264805755755961e-03 3.297115323490014491e-03 3.015491628963316677e-03
9.680000000000000000e+04 2.619081380203108680e-03 3.433697859905558095e-03 2.833433078282365618e-03 2.955461881559137693e-03
9.690000000000000000e+04 2.604959131816742424e-03 3.210715973420108244e-03 3.110043942799146314e-03 2.303509129041596010e-03
9.700000000000000000e+04 2.903311088796232085e-03 3.099265520084981945e-03 3.021441609875127107e-03 2.517081456364365574e-03
9.710000000000000000e+04 2.595253274431766431e-03 3.227067914336595716e-03 3.186766161548815722e-03 3.277109939475457770e-03
9.720000000000000000e+04 2.632008894453927942e-03 3.448725683155190111e-03 2.990184420143401738e-03 2.626573220103964670e-03
9.730000000000000000e+04 2.538823769881487936e-03 3.362493978952549485e-03 3.100698237322709050e-03 2.670644208569346919e-03
9.740000000000000000e+04 2.639818426085446378e-03 3.242357894054187853e-03 3.203218037613706284e-03 2.475189464015092444e-03
9.750000000000000000e+04 2.719930274009700090e-03 3.582317262909161248e-03 3.023895984619643165e-03 2.607163472768068199e-03
9.760000000000000000e+04 2.768830764412197071e-03 3.315083488792623916e-03 3.155179411464116394e-03 2.558537226735341490e-03
9.770000000000000000e+04 2.716177793897492625e-03 3.538571720309446108e-03 2.972575272424630467e-03 2.826682743114383028e-03
9.780000000000000000e+04 2.702312780333402612e-03 3.336773617136991159e-03 3.201818638847002581e-03 2.981780586248857900e-03
9.790000000000000000e+04 2.751003567045141873e-03 3.481662733114283641e-03 3.328688327559249475e-03 3.229671388314168078e-03
9.800000000000000000e+04 2.704303214974855974e-03 3.431431730513904987e-03 3.149229320213814583e-03 2.518189150711196232e-03
9.810000000000000000e+04 2.880859621602090050e-03 3.534180281604939501e-03 3.207989191635102384e-03 2.698790275985330899e-03
9.820000000000000000e+04 2.967594049450175773e-03 3.639842107656290470e-03 3.328160137186577782e-03 3.205810832049463092e-03
9.830000000000000000e+04 2.537113174296752073e-03 3.382715392028176962e-03 3.235582207356720637e-03 3.075206499730392083e-03
9.840000000000000000e+04 2.816078256711068272e-03 3.655974981952637894e-03 3.083106065221634037e-03 2.661793031675818624e-03
9.850000000000000000e+04 2.720791159785734305e-03 3.457670515899691818e-03 3.280225397556530992e-03 2.470090922744328302e-03
9.860000000000000000e+04 2.836593604480083710e-03 3.564965854480228562e-03 3.176354439351382689e-03 2.616656837830407239e-03
9.870000000000000000e+04 2.954322113964191927e-03 3.745941533022773516e-03 3.242886392769943685e-03 3.348430094283161036e-03
9.880000000000000000e+04 2.996670448738835910e-03 3.696127510387754202e-03 3.551154679207306226e-03 3.482206894659159099e-03
9.890000000000000000e+04 3.057111529284742713e-03 3.878493610053184836e-03 3.361166089871527388e-03 2.794143942352613277e-03
9.900000000000000000e+04 3.242476972521813727e-03 3.991022469095047848e-03 3.602859954678417839e-03 3.453070048566841445e-03
9.910000000000000000e+04 3.242894448797925544e-03 4.292932702839600927e-03 3.603425181498682781e-03 2.659730585129842922e-03
9.920000000000000000e+04 3.291308309824055901e-03 4.042408816667146174e-03 3.502342548778407134e-03 3.085486620619923206e-03
9.930000000000000000e+04 3.529092383209767904e-03 4.371511893793024635e-03 3.496066500394955437e-03 3.381260018796760670e-03
9.940000000000000000e+04 3.266623103018305874e-03 4.213641488195051833e-03 3.715888809694228856e-03 3.630360036173095346e-03
9.950000000000000000e+04 3.503842549234155185e-03 4.360616590553059030e-03 3.661965745463562072e-03 3.610127222207817985e-03
9.960000000000000000e+04 3.502011172200533533e-03 4.525283865936340598e-03 3.746269234617614387e-03 3.196981432702692034e-03
9.970000000000000000e+04 3.371828523373228328e-03 4.345200921608475750e-03 3.738639475657467171e-03 3.151221777140649199e-03
9.980000000000000000e+04 3.515821883732596787e-03 4.329171463646678923e-03 3.678788026475617815e-03 3.548564631960970245e-03
9.990000000000000000e+04 3.446151907481110818e-03 4.268262685694700770e-03 3.798956369020559803e-03 2.921945183719825822e-03
1.000000000000000000e+05 3.276883790529151221e-03 4.118346900041810338e-03 3.361198841553785562e-03 3.299215427246956437e-03
1.001000000000000000e+05 3.351051712391184961e-03 4.497432400524921381e-03 3.637642337195132886e-03 3.469274971265169042e-03
1.002000000000000000e+05 3.582022192192973586e-03 4.277457299964535983e-03 3.283627359456127524e-03 3.273941225740915808e-03
1.003000000000000000e+05 3.410691474066893363e-03 4.335193917058451953e-03 3.327847303973723459e-03 2.772220254655645682e-03
1.004000000000000000e+05 3.504295957697858236e-03 4.383803554750742223e-03 3.478712842419274219e-03 3.412073603302799053e-03
1.005000000000000000e+05 3.460441557052775733e-03 4.247944182491966876e-03 3.596665436615790589e-03 3.559744578767945131e-03
1.006000000000000000e+05 3.426657531103198800e-03 4.421688432423145042e-03 3.477873163620745674e-03 3.297873660934750716e-03
1.007000000000000000e+05 3.546058006906843522e-03 4.479511606444319498e-03 3.552641300502519615e-03 3.498950877853428208e-03
1.008000000000000000e+05 3.648966949241776343e-03 4.612606405022232764e-03 3.881960691076272001e-03 3.618344761661679808e-03
1.009000000000000000e+05 3.637636700038317759e-03 4.481457741145607881e-03 3.896109806897756107e-03 2.984177211333623961e-03
1.010000000000000000e+05 3.506342745230196529e-03 4.455193405978804914e-03 3.808164624166505540e-03 3.094657490449413077e-03
1.011000000000000000e+05 3.700673164623889417e-03 4.266233060605143651e-03 3.401156809862069565e-03 3.611825972148028675e-03
1.012000000000000000e+05 3.565941558889281198e-03 4.599338288787597692e-03 3.590232580799935114e-03 3.256990462953318014e-03
1.013000000000000000e+05 4.117186345691788672e-03 4.930353909717644263e-03 3.625989091998632705e-03 3.570553890449548913e-03
1.014000000000000000e+05 3.784922437120325205e-03 4.513220357991416104e-03 3.743486061015932620e-03 3.651736035560399288e-03
1.015000000000000000e+05 3.628500099129161691e-03 4.431952456781578994e-03 3.816099919276453017e-03 3.461832428382672841e-03
1.016000000000000000e+05 3.186717360496769524e-03 3.952644651575986691e-03 3.494203661615383552e-03 3.778209254425438004e-03
1.017000000000000000e+05 3.270910501509908391e-03 4.042402317656477138e-03 3.673828686391167504e-03 3.559692642112677850e-03
1.018000000000000000e+05 3.685012220541395139e-03 4.516245645202580060e-03 3.536027094243675978e-03 3.250815097313091394e-03
1.019000000000000000e+05 3.804794953462557836e-03 4.282481127094423835e-03 3.664831433397122782e-03 3.153143136739579040e-03
1.020000000000000000e+05 4.012123044993482282e-03 4.716039874152765793e-03 3.630867705914427035e-03 3.206158693991782195e-03
1.021000000000000000e+05 4.026207684161402407e-03 4.780408268904194798e-03 4.134078231262492027e-03 3.342298777292571511e-03
1.022000000000000000e+05 3.823746995976418355e-03 4.696329294780966085e-03 3.843588087861928883e-03 3.602211891849200955e-03
1.023000000000000000e+05 3.787280487068600369e-03 4.599346756887152596e-03 3.848202583259484333e-03 3.544642397884041445e-03
1.024000000000000000e+05 4.031100085648681858e-03 4.633829196781400102e-03 4.321069060138212417e-03 3.231818068933398503e-03
1.025000000000000000e+05 4.066345355190558244e-03 4.525088460242019869e-03 3.981128654739898159e-03 3.368245520045973045e-03
1.026000000000000000e+05 4.148730997723711587e-03 4.861787651468809680e-03 4.070867576041062655e-03 3.130209752082151881e-03
1.027000000000000000e+05 3.527889029106827390e-03 4.526095450292598292e-03 3.874750611131508836e-03 3.257412758094583097e-03
1.028000000000000000e+05 3.805038256411411371e-03 4.474291256833366238e-03 3.756632774808790678e-03 3.429990311417189294e-03
1.029000000000000000e+05 4.086119191919182839e-03 4.793811157176671237e-03 3.985451105100864741e-03 3.466786416826161607e-03
1.030000000000000000e+05 3.543178901192527413e-03 4.432935198616596954e-03 3.701312975467518831e-03 3.255798963142394250e-03
1.031000000000000000e+05 3.666356793265427693e-03 4.663516099606915093e-03 3.779406562609324057e-03 3.466805490919077845e-03
1.032000000000000000e+05 3.808147744521377717e-03 4.730478749331655519e-03 3.967470717244439039e-03 3.680350955030447287e-03
1.033000000000000000e+05 3.954457160950404677e-03 4.704005179570288145e-03 3.966071530638320443e-03 3.944455365948663222e-03
1.034000000000000000e+05 3.719909343668028039e-03 4.328443132596344889e-03 3.874204498446146786e-03 3.572808784029388087e-03
1.035000000000000000e+05 3.973387981626986393e-03 4.437527444358161516e-03 3.801731518563880238e-03 3.041244287025919764e-03
1.036000000000000000e+05 3.816764360581772174e-03 4.461806268340112736e-03 3.806628915350342233e-03 3.028619345042559818e-03
1.037000000000000000e+05 3.506672453384841130e-03 4.160297936026901254e-03 3.746008373210873987e-03 3.318008641373096021e-03
1.038000000000000000e+05 3.678293454264386537e-03 4.381603292432087633e-03 3.773196639620506228e-03 3.625164807023035368e-03
1.039000000000000000e+05 3.715288678877655230e-03 4.523229375317290406e-03 3.505833226797897603e-03 3.114783757618746259e-03
1.040000000000000000e+05 3.384894771744763418e-03 3.998224422713030253e-03 3.644215483818571272e-03 3.366180898742034654e-03
1.041000000000000000e+05 3.710653121191172504e-03 4.393559283379233280e-03 3.562527220923757381e-03 3.136802402224623566e-03
1.042000000000000000e+05 3.765127528164788004e-03 4.373696522476715372e-03 3.527654096732989100e-03 3.077823340756584772e-03
1.043000000000000000e+05 3.909534031044292236e-03 4.310246808713817483e-03 3.618108444893066052e-03 3.268180607779638987e-03
1.044000000000000000e+05 3.755167200189096863e-03 4.502840297885374495e-03 3.793246722568551117e-03 2.987477482258127631e-03
1.045000000000000000e+05 3.986633251167686319e-03 4.771111301977951080e-03 3.686378626318932185e-03 3.153773658622391774e-03
1.046000000000000000e+05 3.964509616936050598e-03 4.467521488258238867e-03 3.696812376818024541e-03 3.295474221044740731e-03
1.047000000000000000e+05 3.571392955440661540e-03 4.419664634346048143e-03 3.733065978332130407e-03 3.505998722926006572e-03
1.048000000000000000e+05 3.969519122132066091e-03 4.627318928393706586e-03 3.727550546949055105e-03 3.570212182481764633e-03
1.049000000000000000e+05 3.854697446272265047e-03 4.916116796595754526e-03 3.871330401548757870e-03 3.563925997245272811e-03
1.050000000000000000e+05 3.837043225809117983e-03 4.722601743088725851e-03 3.845606497786386007e-03 3.436593473873422646e-03
1.051000000000000000e+05 4.158869715478844507e-03 4.763187213957940230e-03 4.971276049180829715e-03 3.357562897179593771e-03
1.052000000000000000e+05 3.946528491468902396e-03 4.822790108036903618e-03 4.591095169346232248e-03 3.240881407310273327e-03
1.053000000000000000e+05 4.066740589315145406e-03 4.811237344209846716e-03 4.098892011158034379e-03 3.265997662889633026e-03
1.054000000000000000e+05 4.042789017009888915e-03 4.948103019167700983e-03 3.797971240966215977e-03 3.430465015919797762e-03
1.055000000000000000e+05 3.820591485594404448e-03 4.625609737620715520e-03 4.029084323270549703e-03 3.525452025754877931e-03
1.056000000000000000e+05 3.889738789237353212e-03 4.545657529996953265e-03 3.943182187186284639e-03 3.373140885497126311e-03
1.057000000000000000e+05 4.115344851681984432e-03 4.794935372353897884e-03 3.847813164136789938e-03 3.255892897397678985e-03
1.058000000000000000e+05 4.125743294967475217e-03 5.008093403619820645e-03 4.034485540559859008e-03 3.492814002733329089e-03
1.059000000000000000e+05 4.046666310175739238e-03 4.910196557406304625e-03 4.081859016906231805e-03 3.826221248756210818e-03
1.060000000000000000e+05 4.116202888079113949e-03 4.748072990111474462e-03 4.090922544254338086e-03 3.640274240062916361e-03
1.061000000000000000e+05 4.075606619116189586e-03 4.772609555261654070e-03 4.130125302513562059e-03 3.571749600291982286e-03
1.062000000000000000e+05 3.966370325151059167e-03 4.665106192180216646e-03 3.954812390587574694e-03 3.317796395924396159e-03
1.063000000000000000e+05 3.979540771646343338e-03 4.701199447834506114e-03 3.821708136216235389e-03 3.237891983188166418e-03
1.064000000000000000e+05 3.798790513919219920e-03 4.430275558272128190e-03 3.974005497938298305e-03 3.335006179548782694e-03
1.065000000000000000e+05 3.946728629424285303e-03 4.467489670355916445e-03 4.216562259806745649e-03 3.182014829227139581e-03
1.066000000000000000e+05 4.034123594849005692e-03 4.970900594823253471e-03 4.257814166821200473e-03 3.361189637982488123e-03
1.067000000000000000e+05 4.219149126608522440e-03 4.712840441009404600e-03 3.951097854285056526e-03 3.719094058235521919e-03
1.068000000000000000e+05 4.185388224703700047e-03 5.084082746367540873e-03 4.132868680038555460e-03 3.553445393641756038e-03
1.069000000000000000e+05 4.372935351072895251e-03 6.499201755877909333e-03 4.099449684828579930e-03 3.589411420141892448e-03
1.070000000000000000e+05 4.382158009093865131e-03 5.564255807874623691e-03 4.003234333551898387e-03 3.311780453675858878e-03
1.071000000000000000e+05 4.104791776484188574e-03 5.292741317098182893e-03 4.244442849422750200e-03 4.003701360975597638e-03
1.072000000000000000e+05 4.178562050419147404e-03 5.367832143973483641e-03 4.388550763398258413e-03 3.957351001588011417e-03
1.073000000000000000e+05 4.301825983336272224e-03 5.180865833331190287e-03 4.283981306984224573e-03 3.810315221882894753e-03
1.074000000000000000e+05 4.391119064300114463e-03 5.368589399739856667e-03 4.275594336016627466e-03 3.904940500112038561e-03
1.075000000000000000e+05 4.338528023448708602e-03 5.307187921691134541e-03 4.348414242427092388e-03 3.904239280792782575e-03
1.076000000000000000e+05 4.299137180091964529e-03 6.159709486914989422e-03 4.067529971162392975e-03 3.763466055373432435e-03
1.077000000000000000e+05 4.407152344935233272e-03 5.009878758867871047e-03 4.072737313689891656e-03 3.652301260322639038e-03
1.078000000000000000e+05 4.209801757598831753e-03 5.670950920439714153e-03 4.258608505136102750e-03 3.639144045905390139e-03
1.079000000000000000e+05 4.404351672337289934e-03 5.667442695089155470e-03 4.187889323913582783e-03 3.690941216569800388e-03
1.080000000000000000e+05 4.274818319478795522e-03 4.958958807394510046e-03 4.313406425624247316e-03 3.602473734449378618e-03
1.081000000000000000e+05 4.045047815965403283e-03 5.449422280657818807e-03 4.158075814988919892e-03 3.658464818462370521e-03
1.082000000000000000e+05 4.221180419978979269e-03 4.742236105616303397e-03 4.083197698107227623e-03 3.612099471533610461e-03
1.083000000000000000e+05 4.138276097840583485e-03 5.271193533227184168e-03 3.889211549438322587e-03 3.563925373570349473e-03
1.084000000000000000e+05 4.191270831226934918e-03 4.833779369806086648e-03 4.036146256809046255e-03 3.713631761512335618e-03
1.085000000000000000e+05 4.135409812437806747e-03 4.532391366613723951e-03 4.356882205844155379e-03 3.736655005188135696e-03
1.086000000000000000e+05 4.432832538196419987e-03 4.967934045658750457e-03 4.176379168228597748e-03 3.278756480558807015e-03
1.087000000000000000e+05 4.265346480591313862e-03 4.942200732865860771e-03 4.234971398508163669e-03 3.322299454574696373e-03
1.088000000000000000e+05 4.297550182343304326e-03 5.046912278369408006e-03 4.480476777748780906e-03 3.643608588957057606e-03
1.089000000000000000e+05 4.304871822474299649e-03 5.263197872151228682e-03 4.212046493141574123e-03 3.683329166343801957e-03
1.090000000000000000e+05 4.435678671253962327e-03 5.457094366523178135e-03 4.487194019297203497e-03 4.011458268496080268e-03
1.091000000000000000e+05 4.575503848667096529e-03 5.283800542319209460e-03 4.328835687040785869e-03 4.013063157260537799e-03
1.092000000000000000e+05 4.530356054316471599e-03 5.345714817643761399e-03 4.502530198197434406e-03 4.044161115786404880e-03
1.093000000000000000e+05 4.523963477212391768e-03 5.226050458414088253e-03 4.487276309755165206e-03 3.984324903375577494e-03
1.094000000000000000e+05 4.440705372878673771e-03 4.533125271904202107e-03 4.224447630930747849e-03 4.058529398719209515e-03
1.095000000000000000e+05 4.392426164908889985e-03 5.366825475725905265e-03 4.644825570037352386e-03 3.564143938586492900e-03
1.096000000000000000e+05 4.366211153241310317e-03 5.324185970827425771e-03 4.183192939752005020e-03 3.779515840916914012e-03
1.097000000000000000e+05 4.255138861700103955e-03 4.884932689706755066e-03 4.222127428822977993e-03 3.766293538576400476e-03
1.098000000000000000e+05 4.192190795191768488e-03 4.948229950921890878e-03 4.038725453426338097e-03 3.597590433553774381e-03
1.099000000000000000e+05 4.146293539359472563e-03 4.983389660907618091e-03 3.990444386137496219e-03 3.820349080532036128e-03
1.100000000000000000e+05 4.247095540034073226e-03 4.983052217849241218e-03 4.299017533947186408e-03 3.882302018371690689e-03
1.101000000000000000e+05 4.310768416975757286e-03 4.800105449212311269e-03 4.103764986445317987e-03 3.833519468095439656e-03
1.102000000000000000e+05 4.212126856459976788e-03 4.871895320647868718e-03 4.245587870538387355e-03 3.772159038972543264e-03
1.103000000000000000e+05 4.182932051830965184e-03 4.926601592188940316e-03 4.313368741403148660e-03 3.509874040913243780e-03
1.104000000000000000e+05 4.030978058128904633e-03 5.093138971526521216e-03 4.179696907269818407e-03 3.060165678565821695e-03
1.105000000000000000e+05 3.836692470384000901e-03 4.507293574317197855e-03 4.116554873914277449e-03 3.305786721814685074e-03
1.106000000000000000e+05 3.826050218530716203e-03 4.535637153060441407e-03 4.148366184167097924e-03 3.494230367671559076e-03
1.107000000000000000e+05 4.053275212938614938e-03 4.839858592008036177e-03 4.442903160664199609e-03 3.388293771530957732e-03
1.108000000000000000e+05 3.862529213573201187e-03 4.655611556735025740e-03 4.170470865130310179e-03 3.563842405062201887e-03
1.109000000000000000e+05 3.910378883727658704e-03 4.636863702233015409e-03 4.043984670713650018e-03 3.854696828307948176e-03
1.110000000000000000e+05 4.175488040379185008e-03 4.880857514649891010e-03 4.204159059247302224e-03 3.788414269585749922e-03
1.111000000000000000e+05 4.230789953558435762e-03 4.719865956266910446e-03 4.152693241195876475e-03 3.600948436929522160e-03
1.112000000000000000e+05 4.129787073861659191e-03 5.096337610074334196e-03 4.328430179378910461e-03 3.711430069563751832e-03
1.113000000000000000e+05 4.400825022651256441e-03 5.012185084129317826e-03 4.329142068463277815e-03 3.479336198118362401e-03
1.114000000000000000e+05 4.227322832226209325e-03 4.958736634619885335e-03 4.163259093102202914e-03 3.516795013335573174e-03
1.115000000000000000e+05 4.291495922760465466e-03 4.915794715538487208e-03 4.429686823883489596e-03 3.642051464696088783e-03
1.116000000000000000e+05 4.425930755919294836e-03 4.975730662950678118e-03 4.469740527162468016e-03 3.835676875936426360e-03
1.117000000000000000e+05 4.093710935891298024e-03 4.879305299975053925e-03 4.372909259633649993e-03 3.900027512229026477e-03
1.118000000000000000e+05 4.128583433103827013e-03 4.776501189557776431e-03 4.301537160516553417e-03 3.738936551150731820e-03
1.119000000000000000e+05 4.023993905650861611e-03 4.917512050855663182e-03 3.975114290324749562e-03 3.608320048896286256e-03
1.120000000000000000e+05 4.057366375451690321e-03 4.651947865767712756e-03 4.043127656378201450e-03 3.301043239514850694e-03
1.121000000000000000e+05 4.062380495705854820e-03 4.958689823675640346e-03 4.094550705035669355e-03 3.559485899996907114e-03
1.122000000000000000e+05 4.388350793712804745e-03 5.027439423140833002e-03 4.361814943522723809e-03 3.669861263486028091e-03
1.123000000000000000e+05 4.686664214662212592e-03 5.111991979143755416e-03 4.637021410266322502e-03 3.847362157445202713e-03
1.124000000000000000e+05 4.557034247971891890e-03 5.147909466265709194e-03 4.420914046593582905e-03 3.802767752916816867e-03
1.125000000000000000e+05 4.101583299223014213e-03 5.289359936244108704e-03 4.357603320453882004e-03 3.777985293006666002e-03
1.126000000000000000e+05 3.881361494550206181e-03 4.819065678716315769e-03 4.501677465670152548e-03 3.961910289266735476e-03
1.127000000000000000e+05 4.361940233312471688e-03 5.251248407293568690e-03 4.314577083526119176e-03 3.839889502372283072e-03
1.128000000000000000e+05 4.248405568135551862e-03 4.672221474299961992e-03 4.398210347066580823e-03 3.911037197634968307e-03
1.129000000000000000e+05 4.422335563473584960e-03 5.075445837177000943e-03 4.307055885264107417e-03 3.834059875248543685e-03
1.130000000000000000e+05 4.378810001191763175e-03 4.988573522045031822e-03 4.340279400503048966e-03 4.000934901035979596e-03
1.131000000000000000e+05 4.487161098147228119e-03 5.169572381650074273e-03 4.396107687408017453e-03 3.631255882456727382e-03
1.132000000000000000e+05 4.075849271574444668e-03 4.836232583550198819e-03 4.279297966605592925e-03 4.033556309131972398e-03
1.133000000000000000e+05 3.889163416385153955e-03 4.652203538710835209e-03 4.113076749786533440e-03 3.748650815858821546e-03
1.134000000000000000e+05 4.509578179206811047e-03 4.879495540924655081e-03 4.527396129205977018e-03 3.568816092077792702e-03
1.135000000000000000e+05 4.329362423589657068e-03 5.144798635632357418e-03 4.155883522658711422e-03 3.747679853228336796e-03
1.136000000000000000e+05 3.972997936455772115e-03 4.681978851635373168e-03 4.247995896533739678e-03 3.529737809228425394e-03
1.137000000000000000e+05 4.393510103162932834e-03 4.896450330869503778e-03 4.005165340568394433e-03 3.742298256659990809e-03
1.138000000000000000e+05 4.311030939781777122e-03 5.152051078670452471e-03 4.632524750809621783e-03 3.812315757258760186e-03
1.139000000000000000e+05 4.450528290895422803e-03 5.196621580648231979e-03 4.702919184951002279e-03 3.643412538269358292e-03
1.140000000000000000e+05 4.621588310858553567e-03 5.386599145411504613e-03 4.618414967730030164e-03 3.815620222326595104e-03
1.141000000000000000e+05 4.342002601149576486e-03 5.508198169892181660e-03 4.372689558202692318e-03 3.974363667134094349e-03
1.142000000000000000e+05 4.032291720550545792e-03 4.796692647485191301e-03 4.187046387647174600e-03 3.767452316212114346e-03
1.143000000000000000e+05 4.367792400640903815e-03 5.221403379069318798e-03 4.063166474209995056e-03 3.619177636751320405e-03
1.144000000000000000e+05 4.342697631149174120e-03 5.070544632764665931e-03 4.195395251486530586e-03 3.908375281493048012e-03
1.145000000000000000e+05 4.307027824699789093e-03 5.185954101749769632e-03 4.513739707512669230e-03 3.888329383215252764e-03
1.146000000000000000e+05 4.079140299068599942e-03 4.820065122311967959e-03 4.381419671923874291e-03 3.724364282673661795e-03
1.147000000000000000e+05 4.193536146930266877e-03 5.018728298361315766e-03 4.184598403257063469e-03 3.527629696543071493e-03
1.148000000000000000e+05 4.398657760552158839e-03 4.894186011880609366e-03 4.317888640046650857e-03 3.980868206152269988e-03
1.149000000000000000e+05 4.374284128487426412e-03 4.590816347014607321e-03 4.428674716315630575e-03 3.760912529837800739e-03
1.150000000000000000e+05 4.317142346942323336e-03 5.296651524501785196e-03 4.343743591810332247e-03 3.996580277005451140e-03
1.151000000000000000e+05 4.440681470244997597e-03 5.177931360840601523e-03 4.352178161208195180e-03 3.850387299499959809e-03
1.152000000000000000e+05 4.228050215376309359e-03 4.965572525122361955e-03 4.258010872525174947e-03 3.772743172307172280e-03
1.153000000000000000e+05 3.982036922307888478e-03 4.416773107725162698e-03 4.290298329915676057e-03 3.822794593509092585e-03
1.154000000000000000e+05 4.459477680953807983e-03 5.096628464679995620e-03 4.841086070972595509e-03 3.687285983388235207e-03
1.155000000000000000e+05 4.575915913188535918e-03 4.953030491678269039e-03 4.321044817438342289e-03 3.896977504263478449e-03
1.156000000000000000e+05 4.624563144733201923e-03 6.076414446024969163e-03 4.532713720181158479e-03 3.899922366389964919e-03
1.157000000000000000e+05 4.575846269278063989e-03 5.395523600467912531e-03 4.642116098726022967e-03 3.951787322597154727e-03
1.158000000000000000e+05 4.634534191189506117e-03 5.208285820647926348e-03 4.335657869852459732e-03 3.989588339198574252e-03
1.159000000000000000e+05 4.621012765353351738e-03 5.352612126487815529e-03 4.497602764279800755e-03 3.826393819438115001e-03
1.160000000000000000e+05 4.835974667788241199e-03 4.922465100977511075e-03 4.691267345591667096e-03 3.903043016705843443e-03
1.161000000000000000e+05 5.336668442378517639e-03 5.510263636127526142e-03 4.623294540642135242e-03 4.159221916115786802e-03
1.162000000000000000e+05 4.957581989811984946e-03 6.147842023295214432e-03 4.541116613868559707e-03 3.967634194871462114e-03
1.163000000000000000e+05 4.768804323306431725e-03 5.611577799642452485e-03 4.606668655403973675e-03 4.051472171310573772e-03
1.164000000000000000e+05 4.627751172355705489e-03 5.212375735618417737e-03 4.614637434349041535e-03 3.945913312449073236e-03
1.165000000000000000e+05 4.537447201090500162e-03 5.750070102074055292e-03 4.642038664206293505e-03 3.864793145473368642e-03
1.166000000000000000e+05 4.190573481281885393e-03 5.082558148584504984e-03 4.657235126693529820e-03 4.100020545646605383e-03
1.167000000000000000e+05 4.287724667455227075e-03 5.687520754259326600e-03 4.653486458974411509e-03 3.802661249301223477e-03
1.168000000000000000e+05 4.299393852510193827e-03 5.055946119623714978e-03 4.726624478547505892e-03 3.869431506191816760e-03
1.169000000000000000e+05 4.303776698276804910e-03 5.245475899764063914e-03 4.420773685698466994e-03 3.521040650089326575e-03
1.170000000000000000e+05 3.572362066851385472e-03 4.527788169436970135e-03 4.136113482474507684e-03 3.421072447617027473e-03
1.171000000000000000e+05 3.537954056337182587e-03 4.049292657241226195e-03 3.737153412763846543e-03 3.258918115729040471e-03
1.172000000000000000e+05 2.790310026378211520e-03 3.498883558740849536e-03 3.658094128275852369e-03 3.102271247580880038e-03
1.173000000000000000e+05 2.774649509476889188e-03 3.068542283579508024e-03 3.558174338635655427e-03 3.010171343201402047e-03
1.174000000000000000e+05 2.933077711589650565e-03 3.380845045390126497e-03 3.593040326331194308e-03 2.870111455948577348e-03
1.175000000000000000e+05 3.022699203975420974e-03 2.962557071358879954e-03 3.215420852540883459e-03 2.686676921238776491e-03
1.176000000000000000e+05 1.391161793265906221e-03 1.594137585200804293e-03 2.831950928481806809e-03 2.391179532200553379e-03
1.177000000000000000e+05 7.629101170018531917e-04 6.411679166286432096e-04 2.502299636096629726e-03 2.138622941315305396e-03
1.178000000000000000e+05 3.045592408495128092e-03 1.170020937775689916e-03 1.612104963832624010e-03 1.180356722529052674e-03
1.179000000000000000e+05 1.167991086778957669e-03 1.223460846045937951e-03 1.355730470432654072e-03 1.149617516591279432e-03
1.180000000000000000e+05 1.319740294416399482e-03 1.349944850574414995e-03 1.519129375371562314e-03 1.388760998622489990e-03
1.181000000000000000e+05 1.275288986499998516e-03 1.460717386411957168e-03 1.330177884965744878e-03 1.175560166918961699e-03
1.182000000000000000e+05 1.258369558222742837e-03 1.193767366512284156e-03 1.279798189021015380e-03 1.203778376513725329e-03
1.183000000000000000e+05 1.082408919901888802e-03 1.007827334579198750e-03 1.169002024091157169e-03 1.050430368758290597e-03
1.184000000000000000e+05 1.040996978376154377e-03 1.340834720742076431e-03 1.259463783300022880e-03 1.003313385402560161e-03
1.185000000000000000e+05 1.054515109670637815e-03 1.113453822498354723e-03 1.154269555099362611e-03 9.942852141701331511e-04
1.186000000000000000e+05 1.035192658604094321e-03 1.147801834029510328e-03 1.186499613491788334e-03 1.015417232398510821e-03
1.187000000000000000e+05 1.041632384201851775e-03 1.042199406728257357e-03 1.055562019052496249e-03 1.034579883253138261e-03
1.188000000000000000e+05 1.015826468886213765e-03 1.156248869385285679e-03 1.006929123747688686e-03 9.851665722972297815e-04
1.189000000000000000e+05 9.413684879092817058e-04 9.506256623442361792e-04 1.083402697884952972e-03 1.066028216929884760e-03
1.190000000000000000e+05 9.856187135825280905e-04 1.107922034497002160e-03 1.058413089488384820e-03 1.002916080871622513e-03
1.191000000000000000e+05 1.068969085068703292e-03 1.220209479930367243e-03 1.113920162556587563e-03 1.027246061343870410e-03
1.192000000000000000e+05 1.121374606158420184e-03 1.098969782038839924e-03 1.114303835224688321e-03 1.042580825906974304e-03
1.193000000000000000e+05 9.875010799705763887e-04 1.257281658434077076e-03 9.957036098309480186e-04 9.860222636118554616e-04
1.194000000000000000e+05 8.447478697406437306e-04 8.620237205692899557e-04 8.890955293957758174e-04 8.936155773697546014e-04
1.195000000000000000e+05 7.069463558261841274e-04 6.819159951487901473e-04 8.446848329725604532e-04 8.324374167302525185e-04
1.196000000000000000e+05 7.338620895402056012e-04 6.651648648366626686e-04 8.484610643531983413e-04 7.755068212087725581e-04
1.197000000000000000e+05 7.875568055617596791e-04 8.495190261605043954e-04 7.505769037788662850e-04 6.882146576952912756e-04
1.198000000000000000e+05 6.478021998482734033e-04 6.787104809974872947e-04 9.940303300678607606e-04 8.008822160539597100e-04
1.199000000000000000e+05 5.492725512490684824e-04 5.564397230471724177e-04 1.153834669133320867e-03 1.222257276392892979e-03
