9.000000000000000000e+04 7.976999506354331970e-03 8.087100461125373840e-03 7.826708257198333740e-03 8.065308444201946259e-03 9.194389916956424713e-03 8.140593767166137695e-03 9.096854366362094879e-03
9.010000000000000000e+04 7.977699860930442810e-03 8.649417633811632908e-03 8.660049336031108713e-03 8.699870215107983681e-03 9.334800283734999773e-03 8.762888750061403539e-03 9.357014708220964816e-03
9.020000000000000000e+04 8.026819303631782185e-03 9.155071650942167225e-03 9.397797267884014719e-03 9.279470741748806206e-03 9.464219703028600023e-03 9.335302586356800103e-03 9.594635367393493028e-03
9.030000000000000000e+04 8.414872363209724773e-03 9.264083579182624817e-03 9.386732215061784415e-03 9.371290225535632706e-03 9.481374444440008112e-03 9.398216139525178772e-03 9.561779834330081870e-03
9.040000000000000000e+04 8.792869746685028076e-03 9.344394753376642979e-03 9.439693950116631940e-03 9.474210875729728587e-03 9.525370448827752759e-03 9.450529031455516191e-03 9.629785418510405232e-03
9.050000000000000000e+04 9.140700101852416992e-03 9.338603665431341114e-03 9.711413877084859939e-03 9.620842368652429005e-03 9.693027986213563832e-03 9.454003162682056080e-03 1.025252714753149136e-02
9.060000000000000000e+04 9.382572583854198109e-03 9.368003904819488178e-03 1.005894828587772412e-02 9.782535806298260986e-03 9.919723533093909376e-03 9.495241660624735222e-03 1.074094586074352160e-02
9.070000000000000000e+04 9.447848610579966805e-03 9.456056356430053017e-03 1.055389974266290540e-02 9.978746200601259705e-03 1.030807077263791102e-02 9.639882591242586798e-03 1.078162118792534013e-02
9.080000000000000000e+04 9.493138951559862079e-03 9.845426430304844712e-03 1.098487425595521573e-02 1.023701357344785658e-02 1.072730712592600937e-02 9.913293470938991034e-03 1.088207833468914434e-02
9.090000000000000000e+04 9.518443606793880463e-03 1.053611412644386326e-02 1.133854329586029934e-02 1.058642713353036453e-02 1.120225420221686308e-02 1.041895015165209687e-02 1.111704457551240116e-02
9.100000000000000000e+04 9.844933636486530304e-03 1.102956787993510622e-02 1.180198313668370975e-02 1.108755910148222050e-02 1.173053467646241986e-02 1.098112814749281456e-02 1.152678132057185882e-02
9.110000000000000000e+04 1.035213489085435798e-02 1.140468126783768243e-02 1.234958059154449457e-02 1.173661651710671688e-02 1.232510094530882283e-02 1.161355406356356403e-02 1.221615087240932040e-02
9.120000000000000000e+04 1.059735808521509136e-02 1.207241062074899604e-02 1.263205040246247884e-02 1.222628336399795429e-02 1.275311920791865651e-02 1.212659515440465963e-02 1.273899301886558151e-02
9.130000000000000000e+04 1.075525525957345997e-02 1.283767862866322211e-02 1.278932104818523291e-02 1.261301046858232314e-02 1.303639932225149692e-02 1.253588514712952219e-02 1.306755319237709427e-02
9.140000000000000000e+04 1.139965206384658744e-02 1.298473800222079040e-02 1.295470504090189857e-02 1.275332144151131337e-02 1.307864186664422015e-02 1.278505142778158660e-02 1.330858293920756004e-02
9.150000000000000000e+04 1.211354881525039673e-02 1.304348185658454895e-02 1.312221395783125417e-02 1.279242578893899883e-02 1.297576995566487694e-02 1.293781669810413829e-02 1.347458660602570552e-02
9.160000000000000000e+04 1.256349037090937273e-02 1.299798463781674622e-02 1.316245295107364675e-02 1.290415402501821074e-02 1.284783523529768427e-02 1.293581513067086804e-02 1.346533533185719986e-02
9.170000000000000000e+04 1.295203939080238377e-02 1.293599990506966863e-02 1.318552874028682508e-02 1.303290348500012706e-02 1.270983063615858770e-02 1.287163045878211842e-02 1.334654971957206955e-02
9.180000000000000000e+04 1.291084066033363308e-02 1.275860257446765830e-02 1.300549667328596698e-02 1.294145207852125286e-02 1.264103278517723049e-02 1.276957333087921226e-02 1.315630502998829318e-02
9.190000000000000000e+04 1.285760328173637425e-02 1.261138816674550397e-02 1.282350843772293338e-02 1.282876335084437783e-02 1.258926199128230367e-02 1.265819837649663146e-02 1.293430075049400128e-02
9.200000000000000000e+04 1.276824995875358582e-02 1.255472252766291243e-02 1.262866538017988829e-02 1.272942014038562497e-02 1.256418364743391684e-02 1.256728302687406228e-02 1.282934993505477697e-02
9.210000000000000000e+04 1.269699372351169517e-02 1.241091471165418555e-02 1.251242415979504641e-02 1.264350244775414543e-02 1.254234652966260827e-02 1.247885205782949501e-02 1.275951515883206981e-02
9.220000000000000000e+04 1.265589930117130314e-02 1.212186993410189866e-02 1.263803474605084028e-02 1.266200544933477994e-02 1.252715757737557153e-02 1.251795246576269463e-02 1.274778991937637260e-02
9.230000000000000000e+04 1.254828212161858934e-02 1.188614399482806547e-02 1.254637002944944055e-02 1.259078671534857516e-02 1.251794504001736176e-02 1.256924208253620834e-02 1.274663005024194787e-02
9.240000000000000000e+04 1.237414218485355377e-02 1.170373689383268426e-02 1.206589687615632761e-02 1.219234753400089480e-02 1.258633688092231431e-02 1.274934127926825519e-02 1.271854929625988034e-02
9.250000000000000000e+04 1.238902378827333450e-02 1.164885206768910032e-02 1.195139088667929173e-02 1.208979729562995216e-02 1.256195944733919621e-02 1.289389872302611900e-02 1.268822513520717621e-02
9.260000000000000000e+04 1.251731831580400398e-02 1.167048060645659718e-02 1.224676812067629003e-02 1.262636717408895971e-02 1.204776024445892470e-02 1.285079571108023455e-02 1.266300052404403624e-02
9.270000000000000000e+04 1.208361480385065044e-02 1.172827426344156231e-02 1.220265069045125758e-02 1.280893893912433620e-02 1.177616425789892486e-02 1.282866514287889052e-02 1.264858782291412853e-02
9.280000000000000000e+04 1.146257861206928866e-02 1.179812295983235018e-02 1.191760156303644722e-02 1.249805878847837053e-02 1.223859851559003752e-02 1.286998966087897663e-02 1.276391804218292118e-02
9.290000000000000000e+04 1.156576418628295182e-02 1.221087202429771423e-02 1.209685212932526920e-02 1.242345727980136670e-02 1.256601020383338319e-02 1.285840344615280309e-02 1.284678511321545209e-02
9.300000000000000000e+04 1.177241001278162003e-02 1.267260685563087463e-02 1.247688094154001358e-02 1.256784573197364425e-02 1.262847194448113788e-02 1.274299239739775172e-02 1.275110486894846275e-02
9.310000000000000000e+04 1.178840740273396151e-02 1.260733132561047895e-02 1.259351507760584320e-02 1.264033198356628342e-02 1.266746078307430003e-02 1.266330185035864468e-02 1.266638368368148797e-02
9.320000000000000000e+04 1.182841633756955523e-02 1.256025048593680145e-02 1.264889463782310243e-02 1.266879647970199814e-02 1.267491885771353938e-02 1.263159406681855709e-02 1.261819269508123245e-02
9.330000000000000000e+04 1.203650608658790588e-02 1.264053247869014775e-02 1.270248668268322834e-02 1.267413591966033010e-02 1.263189868070185677e-02 1.257506369613111373e-02 1.257539488375186872e-02
9.340000000000000000e+04 1.218908453981081691e-02 1.269359551370143925e-02 1.275058314204215865e-02 1.267054989933967535e-02 1.254151619349917063e-02 1.249524299676219898e-02 1.254473172128200628e-02
9.350000000000000000e+04 1.217512910564740557e-02 1.266500167548656464e-02 1.266226312145590956e-02 1.273634778335690568e-02 1.254831653398771896e-02 1.250621393943826196e-02 1.268220916390416612e-02
9.360000000000000000e+04 1.210356112569570611e-02 1.263890191912651027e-02 1.260937992483376728e-02 1.281708989292383062e-02 1.261854145675897487e-02 1.257643837481737040e-02 1.308871157467363794e-02
9.370000000000000000e+04 1.193597223609685863e-02 1.261695896585782357e-02 1.275582886300980802e-02 1.282061469430724812e-02 1.264242990252872380e-02 1.274133965373039530e-02 1.330889701843261663e-02
9.380000000000000000e+04 1.199752694616715125e-02 1.261077647407849583e-02 1.285347815603017814e-02 1.281282572696607232e-02 1.264591329420606224e-02 1.294793348759413348e-02 1.331171266734600123e-02
9.390000000000000000e+04 1.228822525590658223e-02 1.262035444378852879e-02 1.281518558040261463e-02 1.261380184441804678e-02 1.268717844970524561e-02 1.288743744604288997e-02 1.335398364812136023e-02
9.400000000000000000e+04 1.254148129373788834e-02 1.272252636651198011e-02 1.278399005532264779e-02 1.245064636071523470e-02 1.273888734479745530e-02 1.275311168283223273e-02 1.343007348477840909e-02
9.410000000000000000e+04 1.277227196842431987e-02 1.288025466104348454e-02 1.276450466364622248e-02 1.253498282904426560e-02 1.289287248936792432e-02 1.290633521353205110e-02 1.338142719119786786e-02
9.420000000000000000e+04 1.274728011339902947e-02 1.300799809396266903e-02 1.287782622501254352e-02 1.268507778644562337e-02 1.306178847327827547e-02 1.310153674334286686e-02 1.325482081621885515e-02
9.430000000000000000e+04 1.263702741513649669e-02 1.312574657301108019e-02 1.312906269915403018e-02 1.305802095681428757e-02 1.309586822365720916e-02 1.321699982198575735e-02 1.332600992172956224e-02
9.440000000000000000e+04 1.264139326910177809e-02 1.286019353816906553e-02 1.319654371589422046e-02 1.329302832484245342e-02 1.312797278165817039e-02 1.331550060460965149e-02 1.348510812968015810e-02
9.450000000000000000e+04 1.266213320195674896e-02 1.253988314419984818e-02 1.314343521371483768e-02 1.324685886502266138e-02 1.322307712398469379e-02 1.315709035843610868e-02 1.352333556860685349e-02
9.460000000000000000e+04 1.260832957923412392e-02 1.259646285325288773e-02 1.308463701978325802e-02 1.323408412436644088e-02 1.330952475468317672e-02 1.304279689366618852e-02 1.352530177682638099e-02
9.470000000000000000e+04 1.257602137823899541e-02 1.264472752809524606e-02 1.302359289489686198e-02 1.326550827672084293e-02 1.334285165493687142e-02 1.319922004205485548e-02 1.381766814738512490e-02
9.480000000000000000e+04 1.269418112933635642e-02 1.263478696346282890e-02 1.282081052660941772e-02 1.313230916857718346e-02 1.328601229935883615e-02 1.331469044089317322e-02 1.416283454746006601e-02
9.490000000000000000e+04 1.273370757699012791e-02 1.265486478805541957e-02 1.258903624489904165e-02 1.285408480713764318e-02 1.292611413945755731e-02 1.329251409818728823e-02 1.365959633141757348e-02
9.500000000000000000e+04 1.253733411431312561e-02 1.276499778032302856e-02 1.256812643259763718e-02 1.262032551070054430e-02 1.269656062747040980e-02 1.320466942464313537e-02 1.308565773069858551e-02
9.510000000000000000e+04 1.244177818298339809e-02 1.283038109540939400e-02 1.255489857867359872e-02 1.241235595196485929e-02 1.274594466201960791e-02 1.297629452310503778e-02 1.272169370204209379e-02
9.520000000000000000e+04 1.251425147056579520e-02 1.282118161519368513e-02 1.245883889496326481e-02 1.239450144271055619e-02 1.280088325341542307e-02 1.286757197231054063e-02 1.239071369171142883e-02
9.530000000000000000e+04 1.257800757884979317e-02 1.260184993346532244e-02 1.239986234344541555e-02 1.244548169275124481e-02 1.286389331022898264e-02 1.293271924369037047e-02 1.245554190129041609e-02
9.540000000000000000e+04 1.263304650783538853e-02 1.217238605022430420e-02 1.252218110486865051e-02 1.247089114040136372e-02 1.281798511743545595e-02 1.287563592195511107e-02 1.251579210162162559e-02
9.550000000000000000e+04 1.236269747217496294e-02 1.164699128518501860e-02 1.248265858739614105e-02 1.249126391485333443e-02 1.266176228721936463e-02 1.269475494821866238e-02 1.255086325109004870e-02
9.560000000000000000e+04 1.189711565772692305e-02 1.106403799106677431e-02 1.203313816338779166e-02 1.249993029981851661e-02 1.227699215213456409e-02 1.261082222064336192e-02 1.260118644684553139e-02
9.570000000000000000e+04 1.181100644171237911e-02 1.084756385535001755e-02 1.164148821495474863e-02 1.249396551400422904e-02 1.173074837774036247e-02 1.259538553655147573e-02 1.270234979689121441e-02
9.580000000000000000e+04 1.185138809184233324e-02 1.075324943910042387e-02 1.133802184835076658e-02 1.213738236576319442e-02 1.154578332478801463e-02 1.258156687642137186e-02 1.271922979503869663e-02
9.590000000000000000e+04 1.153058980902036020e-02 1.074645258486270870e-02 1.101478290744124962e-02 1.178515936558446539e-02 1.153464105290671199e-02 1.256852669951816388e-02 1.254647225141525789e-02
9.600000000000000000e+04 1.115819439291954041e-02 1.075215823948383331e-02 1.067250370979307139e-02 1.145989000797273567e-02 1.192013081163165004e-02 1.235235091298820219e-02 1.237194500863553204e-02
9.610000000000000000e+04 1.087693646550178493e-02 1.070797728995482104e-02 1.101977379061285130e-02 1.127324098721145008e-02 1.242791544646022588e-02 1.207354164682329818e-02 1.219458624720574057e-02
9.620000000000000000e+04 1.066540026416381258e-02 1.070467320581277269e-02 1.178495252504944968e-02 1.152434039860963759e-02 1.258348237723111787e-02 1.211548745632171423e-02 1.213115744292735977e-02
9.630000000000000000e+04 1.094191614538431168e-02 1.098750717937946320e-02 1.219769243150949957e-02 1.183172546327115188e-02 1.267859403043985339e-02 1.221248824149370055e-02 1.220064692199230270e-02
9.640000000000000000e+04 1.115711275488138164e-02 1.130383412043253592e-02 1.248391583561898714e-02 1.224751252681017220e-02 1.256313034643729426e-02 1.245737942556540342e-02 1.226131271570921055e-02
9.650000000000000000e+04 1.118835154920816422e-02 1.172063996394475359e-02 1.261735390871763542e-02 1.246352062250177112e-02 1.243887164940436600e-02 1.269802370419104501e-02 1.231441535055637602e-02
9.660000000000000000e+04 1.152159124612808262e-02 1.210493855178356240e-02 1.272363014519214443e-02 1.242837801575660817e-02 1.243652436882257406e-02 1.253616467118262578e-02 1.231010708957910350e-02
9.670000000000000000e+04 1.235816578070322684e-02 1.243505838016669036e-02 1.266228550113737521e-02 1.239304318403204250e-02 1.243179892189800670e-02 1.239961704549690305e-02 1.226991701871156699e-02
9.680000000000000000e+04 1.273302733898162842e-02 1.257413439452648163e-02 1.260943308472633854e-02 1.235754741976658432e-02 1.240980047732591698e-02 1.244691016773382709e-02 1.228130750358104664e-02
9.690000000000000000e+04 1.264617592096328735e-02 1.252216659486293793e-02 1.274113421328365754e-02 1.233152264729142113e-02 1.243579210713504496e-02 1.248956875875592044e-02 1.231562267988920226e-02
9.700000000000000000e+04 1.258363015949726105e-02 1.225686135391394239e-02 1.283945208415389165e-02 1.231069763501485212e-02 1.264211007704336628e-02 1.251481274763742955e-02 1.233620941638946533e-02
9.710000000000000000e+04 1.253566779196262429e-02 1.186355364819367646e-02 1.279422194696962743e-02 1.227875150740146554e-02 1.271686746117970009e-02 1.255125248804688301e-02 1.235267762094736238e-02
9.720000000000000000e+04 1.249989010393619607e-02 1.178806535899639199e-02 1.272047873586415988e-02 1.224303551018238179e-02 1.248371709138155344e-02 1.261389505118131610e-02 1.233277726918458918e-02
9.730000000000000000e+04 1.246817397574583736e-02 1.181851687530676570e-02 1.258079904131591611e-02 1.210710276539127446e-02 1.228407328017055988e-02 1.264366506288448939e-02 1.230626445263624351e-02
9.740000000000000000e+04 1.207532528787851403e-02 1.126682820419470411e-02 1.215442832559350018e-02 1.195322075237831294e-02 1.213716110214590679e-02 1.262170122315486170e-02 1.226399276405572975e-02
9.750000000000000000e+04 1.163088623434305191e-02 1.063197664916515350e-02 1.132408389821648598e-02 1.208136510103940964e-02 1.203718432225286787e-02 1.258334238082170313e-02 1.222040783613920212e-02
9.760000000000000000e+04 1.110984478145837784e-02 1.073342623809973341e-02 1.114197589457034850e-02 1.220142199347414892e-02 1.198852357765038505e-02 1.252705833564201655e-02 1.227921877056360397e-02
9.770000000000000000e+04 1.067334432154893806e-02 1.085622354100147964e-02 1.153865041211245626e-02 1.188781271999079896e-02 1.188347515339652390e-02 1.246500558219849897e-02 1.233500313013792191e-02
9.780000000000000000e+04 1.082863081246614526e-02 1.112845484167337452e-02 1.181564940139650383e-02 1.164992086589336680e-02 1.173534400761127965e-02 1.239854527637362751e-02 1.235446859151125010e-02
9.790000000000000000e+04 1.097288808474938121e-02 1.127206552773713996e-02 1.202577088959514914e-02 1.183478460336724776e-02 1.190894686306514724e-02 1.236906548961997157e-02 1.234466675668955717e-02
9.800000000000000000e+04 1.108405770113070864e-02 1.102981436997652054e-02 1.221504565328359118e-02 1.194362050543229178e-02 1.225122579683859091e-02 1.235897354781627724e-02 1.217389479279518648e-02
9.810000000000000000e+04 1.118020471185445820e-02 1.083330903202295303e-02 1.239754523150621464e-02 1.182817429304123570e-02 1.223773884586989991e-02 1.240855723619460962e-02 1.205350477248430183e-02
9.820000000000000000e+04 1.125131404648224524e-02 1.071304672708114046e-02 1.252789594233035507e-02 1.173772847900788133e-02 1.210262253259618975e-02 1.247854284942150060e-02 1.210105456411838566e-02
9.830000000000000000e+04 1.115583435942729337e-02 1.084148157387971809e-02 1.265031095594167619e-02 1.169281910484035701e-02 1.197252950010200059e-02 1.258557149829964139e-02 1.217344637960195847e-02
9.840000000000000000e+04 1.089376565068960259e-02 1.121861357241868938e-02 1.257602427154779282e-02 1.175427116453648356e-02 1.184343345463275375e-02 1.269995220005512571e-02 1.230173274874686758e-02
9.850000000000000000e+04 1.070792321115732193e-02 1.174903878321250338e-02 1.250731162726879259e-02 1.194276604801416605e-02 1.217437611582380431e-02 1.262462846934794998e-02 1.231447290629149489e-02
9.860000000000000000e+04 1.056781653314828838e-02 1.237143992135922126e-02 1.252842392772436121e-02 1.211109583576520238e-02 1.254144253209234748e-02 1.253498300909996165e-02 1.214233912527561826e-02
9.870000000000000000e+04 1.090963277965784073e-02 1.243508812040090492e-02 1.259096395224332428e-02 1.226338520646094894e-02 1.275750688277185046e-02 1.255212849006056772e-02 1.217234063893556269e-02
9.880000000000000000e+04 1.141209000100692171e-02 1.231248533974091224e-02 1.281168255954981232e-02 1.245530416568120351e-02 1.298645433038471582e-02 1.257907878607511000e-02 1.243816666305065481e-02
9.890000000000000000e+04 1.182574058572451355e-02 1.255596627791722569e-02 1.308434469625354910e-02 1.266780002663534140e-02 1.332893406972288086e-02 1.269243401475250374e-02 1.281349901109935484e-02
9.900000000000000000e+04 1.222670450806617737e-02 1.285174489021301270e-02 1.346700489521026126e-02 1.289926357567311790e-02 1.362842833623289888e-02 1.284786872565745787e-02 1.328269392251971159e-02
9.910000000000000000e+04 1.224236364165941920e-02 1.325988521178563494e-02 1.386098707094787601e-02 1.313673355927070900e-02 1.374595076777040958e-02 1.318143991132577318e-02 1.359713848680258602e-02
9.920000000000000000e+04 1.229038517922162975e-02 1.356875784695148537e-02 1.426973704248667152e-02 1.331106993059317546e-02 1.383716410646835919e-02 1.356698196381331441e-02 1.381486408412456110e-02
9.930000000000000000e+04 1.256494354456663166e-02 1.318275667726993491e-02 1.418690633028745450e-02 1.347519351169466917e-02 1.386081091128289755e-02 1.408599465154113106e-02 1.382778190076351318e-02
9.940000000000000000e+04 1.282621404776970557e-02 1.288483751316865308e-02 1.369725022464992475e-02 1.370411712676286239e-02 1.384037612006067813e-02 1.426552474498746746e-02 1.374967403709888465e-02
9.950000000000000000e+04 1.304762096454699892e-02 1.285116436580816847e-02 1.345952432602644244e-02 1.390676824375988024e-02 1.374469860456883213e-02 1.386559316888448870e-02 1.356282383203505880e-02
9.960000000000000000e+04 1.311708707362413406e-02 1.273057777434587548e-02 1.335136253386735861e-02 1.368272952735425513e-02 1.352447852492330745e-02 1.356349941343068174e-02 1.334335092455147566e-02
9.970000000000000000e+04 1.293331850320100784e-02 1.246513544271389724e-02 1.329722225666046288e-02 1.347451329852144761e-02 1.315722902926306365e-02 1.337690864068766770e-02 1.330323997884988799e-02
9.980000000000000000e+04 1.268640228857596634e-02 1.237736189117034230e-02 1.325889315456152233e-02 1.334662662198146318e-02 1.307567471017439739e-02 1.319031706700722964e-02 1.329574029892682981e-02
9.990000000000000000e+04 1.237633842974901130e-02 1.246725711971521412e-02 1.335065097548067230e-02 1.320209888741373690e-02 1.322998501360416086e-02 1.300372483208775756e-02 1.330960351973771959e-02
1.000000000000000000e+05 1.225050631910562515e-02 1.244351360946893692e-02 1.345901563763618469e-02 1.301161013543605804e-02 1.330541819334030151e-02 1.301706706484158892e-02 1.332524698227643967e-02
1.001000000000000000e+05 1.223521325737237861e-02 1.235158685594797169e-02 1.320036971941589490e-02 1.290107817699511807e-02 1.333589141257107355e-02 1.314437194416920480e-02 1.344342384487390817e-02
1.002000000000000000e+05 1.231428850442171062e-02 1.246279533952474559e-02 1.300782220438124678e-02 1.292840275913476750e-02 1.333947971463203368e-02 1.318173460662364939e-02 1.355916943401098626e-02
1.003000000000000000e+05 1.242481985439856766e-02 1.264171556880076645e-02 1.333304551430047197e-02 1.304090155909458197e-02 1.333292721460262870e-02 1.318517169604698815e-02 1.364573974162340032e-02
1.004000000000000000e+05 1.241515781730413368e-02 1.291803916295369489e-02 1.361389648169279015e-02 1.325008460630973904e-02 1.352251889804999101e-02 1.331215371688206951e-02 1.373658303171395624e-02
1.005000000000000000e+05 1.238832529634237289e-02 1.320827752351760864e-02 1.374314194545150219e-02 1.341736512258649532e-02 1.375654949806629293e-02 1.346712638624011568e-02 1.385092772543430016e-02
1.006000000000000000e+05 1.279884831358989172e-02 1.292281051476796422e-02 1.380612460896372615e-02 1.355298594882091250e-02 1.370242844025294435e-02 1.348476720352967569e-02 1.394711095839738790e-02
1.007000000000000000e+05 1.317262059698502165e-02 1.269633285701274837e-02 1.374026293866336366e-02 1.369321996966997752e-02 1.361786882703503246e-02 1.348790113503734248e-02 1.398275598883628838e-02
1.008000000000000000e+05 1.328913774341344833e-02 1.288278065621852909e-02 1.360923297703266373e-02 1.383571706712245775e-02 1.373505525290965798e-02 1.356712877750396520e-02 1.396229546517133505e-02
1.009000000000000000e+05 1.333856526762247120e-02 1.302577468256155627e-02 1.339945799671113033e-02 1.374528584380945231e-02 1.383806689331928963e-02 1.364561019465327339e-02 1.381559744477272623e-02
1.010000000000000000e+05 1.318672392517328262e-02 1.303840739031632799e-02 1.323004970327019449e-02 1.358612167338531067e-02 1.376974036296208653e-02 1.371042262762785062e-02 1.373056787997484207e-02
1.011000000000000000e+05 1.313819345086813042e-02 1.291719321161508525e-02 1.309158920310438123e-02 1.364594958722591296e-02 1.362549399025737330e-02 1.374279826879501107e-02 1.374420784413814441e-02
1.012000000000000000e+05 1.326184775680303539e-02 1.257290088882048913e-02 1.282725933939219028e-02 1.373751548429330560e-02 1.311570763587953901e-02 1.361899676422278702e-02 1.364538166671991695e-02
1.013000000000000000e+05 1.317819089939196824e-02 1.237426120787859032e-02 1.250349116511642426e-02 1.328820631528892897e-02 1.271171946078539748e-02 1.337946039934957698e-02 1.341534499078988682e-02
1.014000000000000000e+05 1.288722287863492896e-02 1.232127416878938710e-02 1.252569101750850532e-02 1.283720396459102527e-02 1.260706271976233181e-02 1.281247906386856136e-02 1.312086988240479188e-02
1.015000000000000000e+05 1.266635830203692061e-02 1.224932167679071426e-02 1.263850154355167753e-02 1.253652712330222650e-02 1.269960465530552141e-02 1.247118973794082361e-02 1.277116183191535741e-02
1.016000000000000000e+05 1.248755579193433149e-02 1.216598991304635932e-02 1.317793216556309259e-02 1.236586271474757193e-02 1.315786050011712692e-02 1.254845650245745708e-02 1.284275937825442478e-02
1.017000000000000000e+05 1.237535811960697139e-02 1.212996672838926281e-02 1.374676086008548570e-02 1.279882745817301215e-02 1.339740486815571910e-02 1.266982662491500031e-02 1.317767292261123012e-02
1.018000000000000000e+05 1.228536205987135546e-02 1.210971307009458577e-02 1.353343047201632440e-02 1.313586949060360082e-02 1.335801286002000210e-02 1.284744450822472572e-02 1.328998290002346080e-02
1.019000000000000000e+05 1.238189240296681641e-02 1.232774133483568839e-02 1.333203541114925429e-02 1.322438449909289770e-02 1.346224718106290089e-02 1.304210132298370441e-02 1.330335795879364000e-02
1.020000000000000000e+05 1.250506937503814697e-02 1.257980987429618835e-02 1.320907250046729660e-02 1.334653198719025144e-02 1.369453389197588730e-02 1.325194947421551306e-02 1.360066607594489010e-02
1.021000000000000000e+05 1.253263304630915405e-02 1.275643135110537257e-02 1.312899363227188441e-02 1.352361252531409340e-02 1.367014904506504494e-02 1.336126556309560898e-02 1.398315411061045420e-02
1.022000000000000000e+05 1.255437713116407464e-02 1.289276263366142920e-02 1.318086566403507860e-02 1.360206607729196569e-02 1.348699828609825277e-02 1.340839687113960267e-02 1.385412324219943703e-02
1.023000000000000000e+05 1.253538411110639503e-02 1.274706255644559791e-02 1.311902932822706092e-02 1.357410630211234107e-02 1.324475562199952001e-02 1.348988649435340671e-02 1.363208893686533932e-02
1.024000000000000000e+05 1.253835465759038995e-02 1.260152800629536253e-02 1.285371486097575122e-02 1.344022483875354293e-02 1.297802442063889297e-02 1.358561469862857966e-02 1.364463303238153298e-02
1.025000000000000000e+05 1.260721590369939804e-02 1.245649003734191317e-02 1.264657080173492432e-02 1.323035607735314860e-02 1.283947618988653429e-02 1.329542843935391759e-02 1.367672532796859741e-02
1.026000000000000000e+05 1.257200650870799949e-02 1.230961121618747746e-02 1.250457759946584264e-02 1.307743664830922359e-02 1.273374279960990188e-02 1.290644807741046785e-02 1.345633372664451106e-02
1.027000000000000000e+05 1.236334604521592377e-02 1.215966430803139958e-02 1.244983631186187371e-02 1.295088265091180399e-02 1.264043007356425129e-02 1.274425228436787925e-02 1.322375275194643401e-02
1.028000000000000000e+05 1.231445483863353660e-02 1.210423546532789912e-02 1.245701573789119790e-02 1.263977521409590660e-02 1.254872577885786551e-02 1.261142427722612876e-02 1.284489929676056394e-02
1.029000000000000000e+05 1.242533288896083797e-02 1.214332468807697261e-02 1.238585759885609157e-02 1.227806441485882090e-02 1.241268261335789699e-02 1.246968527324497297e-02 1.251744203269481923e-02
1.030000000000000000e+05 1.245105080306529999e-02 1.208413206040859222e-02 1.228082375600933647e-02 1.225475221872329712e-02 1.228332379832863808e-02 1.233575580020745618e-02 1.247266381978988717e-02
1.031000000000000000e+05 1.242567263543605839e-02 1.196597032248973916e-02 1.219700594432652010e-02 1.227494841441511934e-02 1.226926497183740243e-02 1.232005105043451100e-02 1.243068102747202017e-02
1.032000000000000000e+05 1.230469346046447754e-02 1.160715073347091605e-02 1.211812209337950058e-02 1.206962343305349218e-02 1.223609793931246768e-02 1.228919830173254811e-02 1.239801630377769352e-02
1.033000000000000000e+05 1.215184728304545027e-02 1.116811186075210641e-02 1.158973859623075101e-02 1.186710920184849867e-02 1.209703959835073048e-02 1.217440039229890358e-02 1.236541133373975782e-02
1.034000000000000000e+05 1.173188450435797350e-02 1.083875689655542339e-02 1.103709653019904584e-02 1.172324459999799298e-02 1.193963034699361409e-02 1.200382130220533673e-02 1.233294080942869304e-02
1.035000000000000000e+05 1.127376221120357513e-02 1.052507106214761734e-02 1.080155409872532446e-02 1.156659200787543869e-02 1.172475377097726389e-02 1.165855904109776818e-02 1.215971894562246740e-02
1.036000000000000000e+05 1.108962856233119965e-02 1.048508031914631607e-02 1.058926515281200832e-02 1.135537732392549563e-02 1.150297528753678120e-02 1.140119064599275610e-02 1.176129493862391844e-02
1.037000000000000000e+05 1.092259716242551838e-02 1.044448123623927492e-02 1.050777706317603671e-02 1.118563442801435992e-02 1.126726026025910883e-02 1.132130024954676462e-02 1.154156908392906140e-02
1.038000000000000000e+05 1.087528150528669323e-02 1.039962377399206161e-02 1.049918705597519854e-02 1.111686632037163155e-02 1.122586648911238355e-02 1.114010868594049637e-02 1.153032440692186404e-02
1.039000000000000000e+05 1.080824726571639333e-02 1.038902482638756446e-02 1.069367027841507459e-02 1.098176131645839382e-02 1.145240051050981818e-02 1.081924430094657885e-02 1.159179110080004252e-02
1.040000000000000000e+05 1.068205727885166746e-02 1.048120142271121401e-02 1.083971410989761040e-02 1.074394111831982433e-02 1.167190962781509099e-02 1.084432477752368326e-02 1.171558182686568104e-02
1.041000000000000000e+05 1.065065152943134308e-02 1.058765277266502346e-02 1.090583294630050569e-02 1.069998687133193530e-02 1.188465727493166063e-02 1.120237718336282787e-02 1.179911825805902634e-02
1.042000000000000000e+05 1.077721950908502001e-02 1.071789537866910287e-02 1.107054550200700996e-02 1.085486949731906577e-02 1.189805249373118712e-02 1.143441654120881494e-02 1.185749575495719833e-02
1.043000000000000000e+05 1.089516468346118927e-02 1.074005514383316075e-02 1.133764384314419130e-02 1.120107790455221984e-02 1.177783917014798079e-02 1.158200034561255969e-02 1.202255543321370697e-02
1.044000000000000000e+05 1.100448705255985260e-02 1.065413206815719535e-02 1.136743940412997776e-02 1.167755067348479059e-02 1.192214731127023107e-02 1.168825164437293888e-02 1.223502941429615090e-02
1.045000000000000000e+05 1.124588741610447508e-02 1.088961400091648102e-02 1.124150501564145227e-02 1.152816042304038655e-02 1.218646982063849651e-02 1.177575023223956414e-02 1.235224958509206598e-02
1.046000000000000000e+05 1.156653457631667478e-02 1.131793893873691594e-02 1.165479676797986398e-02 1.110566630959508062e-02 1.235695624103148871e-02 1.191068005437652400e-02 1.244089361280202068e-02
1.047000000000000000e+05 1.166127864271402324e-02 1.158990859985351528e-02 1.228094094432892990e-02 1.145945779979232367e-02 1.250052247196436345e-02 1.205921719782054868e-02 1.254727751016616009e-02
1.048000000000000000e+05 1.168072167783975636e-02 1.180975983540217059e-02 1.241858899593353306e-02 1.201040118932726261e-02 1.250750123212734759e-02 1.216627281159162952e-02 1.265688683837651665e-02
1.049000000000000000e+05 1.182382373760143893e-02 1.187546973427136728e-02 1.245631738565862109e-02 1.218019670496384502e-02 1.249338927989204588e-02 1.226692318916321363e-02 1.259766586124897239e-02
1.050000000000000000e+05 1.198459137231111526e-02 1.191915944218635559e-02 1.238482305780053139e-02 1.230704598128795624e-02 1.238600350916385651e-02 1.241873344406485558e-02 1.252437569200992584e-02
1.051000000000000000e+05 1.208590784420569657e-02 1.178579951326052394e-02 1.229976058006286045e-02 1.224047039325038694e-02 1.227664081690212419e-02 1.255957761158546689e-02 1.245588965713977612e-02
1.052000000000000000e+05 1.217680492748816727e-02 1.162495389580726554e-02 1.209778498858213661e-02 1.216477668533723182e-02 1.221818933884303085e-02 1.241427431503932220e-02 1.238848932087421167e-02
1.053000000000000000e+05 1.219476629048585857e-02 1.127170845866203377e-02 1.194245544262230105e-02 1.200815966352821416e-02 1.218570667318999434e-02 1.227522494271397757e-02 1.233411736786365655e-02
1.054000000000000000e+05 1.218256062517563548e-02 1.110429192582766157e-02 1.201517323032021481e-02 1.189335559805233984e-02 1.232140298311909000e-02 1.217667717486619998e-02 1.228537522256374463e-02
1.055000000000000000e+05 1.207985387494166750e-02 1.149436210592587847e-02 1.202945085242390459e-02 1.194319004813830000e-02 1.242154717134932689e-02 1.211806833744049142e-02 1.226759701967239380e-02
1.056000000000000000e+05 1.201263386756181752e-02 1.172668337821960484e-02 1.189568005502224420e-02 1.193527281284331894e-02 1.239776682108640650e-02 1.219867520034313355e-02 1.226804375648498507e-02
1.057000000000000000e+05 1.200455843160549811e-02 1.169608980417251656e-02 1.177213777787983889e-02 1.179500796521703448e-02 1.233738355338572824e-02 1.220922244402268889e-02 1.232924029231071555e-02
1.058000000000000000e+05 1.200588463495175055e-02 1.144070873657862357e-02 1.166418181732297062e-02 1.163892583300670316e-02 1.219632446765898937e-02 1.206535256778199644e-02 1.240064516663551449e-02
1.059000000000000000e+05 1.201661247760057484e-02 1.096054017543792759e-02 1.140704767778514921e-02 1.145961206406355577e-02 1.203089424408971403e-02 1.180210360325871163e-02 1.249501880258321353e-02
1.060000000000000000e+05 1.194571393231550795e-02 1.073979306966066360e-02 1.100626047700641215e-02 1.117810439318419301e-02 1.182910073548555825e-02 1.136073345939319149e-02 1.242934428155424015e-02
1.061000000000000000e+05 1.182583955427010843e-02 1.067469883710145916e-02 1.076331451535224304e-02 1.079695766791699887e-02 1.170666354708373678e-02 1.101584394462407600e-02 1.210759270936251873e-02
1.062000000000000000e+05 1.140070520341396332e-02 1.065544467419385875e-02 1.061602991074323682e-02 1.072952598333359354e-02 1.166667448356747787e-02 1.077119404450059548e-02 1.183865338563919352e-02
1.063000000000000000e+05 1.087381752828756910e-02 1.065147053450346028e-02 1.096057800576088689e-02 1.086470192919175223e-02 1.178893036829928298e-02 1.071248585668702763e-02 1.163132835179567053e-02
1.064000000000000000e+05 1.075961540142695086e-02 1.110128282258907896e-02 1.148168142884965423e-02 1.108376594881216835e-02 1.202885841329892624e-02 1.078863649318615586e-02 1.165635932236910692e-02
1.065000000000000000e+05 1.070436835289001465e-02 1.161592174321413040e-02 1.176618551835416360e-02 1.133728399872779499e-02 1.225294889882207368e-02 1.123805409297348387e-02 1.188055258244277365e-02
1.066000000000000000e+05 1.135919143756230695e-02 1.186489332467317512e-02 1.200862750411033075e-02 1.162855205436548467e-02 1.246919602155686230e-02 1.187232771267495920e-02 1.210594657808542959e-02
1.067000000000000000e+05 1.194372350970904044e-02 1.210321231434742691e-02 1.211017020046711162e-02 1.192866776759428371e-02 1.262123825338980210e-02 1.213377246322731862e-02 1.233209103345870618e-02
1.068000000000000000e+05 1.203621849417686393e-02 1.226696316152811085e-02 1.220742270350456612e-02 1.211654018610717164e-02 1.275277808308602351e-02 1.227616261690856088e-02 1.236731484532356366e-02
1.069000000000000000e+05 1.213847386340300219e-02 1.238154551635185958e-02 1.231980725191533614e-02 1.229182755574584167e-02 1.291702098834018354e-02 1.230349290805558306e-02 1.231768503785133327e-02
1.070000000000000000e+05 1.227001038690408129e-02 1.234862239410479921e-02 1.243840828537940563e-02 1.233665943145752057e-02 1.308716520046193654e-02 1.231006051724155802e-02 1.244737021625041441e-02
1.071000000000000000e+05 1.237377952784299816e-02 1.235964242368936539e-02 1.258374020457267775e-02 1.239099845290184132e-02 1.296799478121102300e-02 1.242345555685460227e-02 1.263084989041088520e-02
1.072000000000000000e+05 1.243126969784498145e-02 1.244390103965997696e-02 1.262297302484511989e-02 1.251928194115559112e-02 1.282862238585949152e-02 1.254120079179604774e-02 1.266454074531793601e-02
1.073000000000000000e+05 1.247480393697818039e-02 1.237728887548049210e-02 1.241685167886317359e-02 1.257636337230603508e-02 1.266933288425207103e-02 1.254737166377405296e-02 1.267099726945161708e-02
1.074000000000000000e+05 1.250438224524259498e-02 1.215980593115091254e-02 1.227275000885129190e-02 1.237376671284438207e-02 1.250454720109700837e-02 1.254413647577166425e-02 1.255742091685533787e-02
1.075000000000000000e+05 1.250850657622019392e-02 1.189927787830432314e-02 1.221603970043361187e-02 1.215693106253943126e-02 1.229731878265739528e-02 1.246826560236513962e-02 1.243384182453155518e-02
1.076000000000000000e+05 1.249735852082570382e-02 1.161292276034752574e-02 1.187536250799892286e-02 1.190933919201294343e-02 1.209567144513131604e-02 1.234735457847518057e-02 1.227442834526300090e-02
1.077000000000000000e+05 1.231233924627304042e-02 1.115371044725179707e-02 1.128114345483477790e-02 1.161528317257760727e-02 1.191582520492374606e-02 1.205050546675920028e-02 1.207725428044793305e-02
1.078000000000000000e+05 1.206936289866765433e-02 1.063687906910975797e-02 1.085921095684168856e-02 1.125645894557237257e-02 1.164862092584368659e-02 1.165690017864104248e-02 1.142695318907500056e-02
1.079000000000000000e+05 1.159170717000961373e-02 1.050803568214178120e-02 1.053355623967945111e-02 1.094562363500396589e-02 1.117061790078878285e-02 1.102981803007423676e-02 1.086004458367825082e-02
1.080000000000000000e+05 1.108052581548690796e-02 1.043461915105581284e-02 1.036583669483662033e-02 1.067926585674286617e-02 1.084752865135669986e-02 1.062759254127740999e-02 1.075179465115070655e-02
1.081000000000000000e+05 1.088411659002304008e-02 1.042653725792964253e-02 1.024944608099759465e-02 1.054134997849663115e-02 1.077488333918154295e-02 1.058888531910876472e-02 1.069568987935781354e-02
1.082000000000000000e+05 1.071112851301828962e-02 1.043389476835727622e-02 1.032595748081802794e-02 1.048207199821869252e-02 1.075442723309000259e-02 1.055783671016494348e-02 1.081340231001377307e-02
1.083000000000000000e+05 1.070208847522735596e-02 1.054932810366153786e-02 1.043182353489100801e-02 1.054004618898034609e-02 1.079250766895711519e-02 1.053537816740572446e-02 1.092622477561235560e-02
1.084000000000000000e+05 1.069945630927880524e-02 1.072484850883483921e-02 1.047008253633976115e-02 1.064327560365200404e-02 1.113869931548833354e-02 1.063239455223083385e-02 1.102804481983184377e-02
1.085000000000000000e+05 1.071604775885740858e-02 1.108063012361526489e-02 1.057973173446957391e-02 1.082111761594812399e-02 1.172647816129024877e-02 1.082309014163910024e-02 1.133046839386221173e-02
1.086000000000000000e+05 1.087853033095598221e-02 1.138423550873994897e-02 1.138720812276006536e-02 1.101503003388643216e-02 1.215779850259420501e-02 1.123248299583788461e-02 1.195385761559007373e-02
1.087000000000000000e+05 1.128416477392117125e-02 1.160088051110506023e-02 1.204539326950907624e-02 1.148174482087292898e-02 1.250475396402177947e-02 1.175980084575709364e-02 1.235018756240606128e-02
1.088000000000000000e+05 1.165394081423679930e-02 1.179365484664837531e-02 1.213355731219053352e-02 1.196229086567957532e-02 1.262602113187312816e-02 1.198268232246239504e-02 1.248161502182483854e-02
1.089000000000000000e+05 1.198785845190286636e-02 1.196255851536989247e-02 1.217161407694220335e-02 1.211208900436758044e-02 1.266751916147768400e-02 1.209796128794550507e-02 1.252922933548688764e-02
1.090000000000000000e+05 1.215191185474395752e-02 1.180762394020954710e-02 1.210356131196022207e-02 1.223641360799471861e-02 1.245914207150539132e-02 1.221580052127440620e-02 1.250500380992889196e-02
1.091000000000000000e+05 1.221404671669006417e-02 1.145838641872008561e-02 1.184450845234097209e-02 1.218497081970175248e-02 1.219886784131328158e-02 1.233417150254050888e-02 1.244828570634126316e-02
1.092000000000000000e+05 1.218694597482681240e-02 1.106936726719140972e-02 1.133632503449916173e-02 1.204269949346780007e-02 1.183814220130442914e-02 1.219275355339050071e-02 1.237125974148512060e-02
1.093000000000000000e+05 1.213010003169377564e-02 1.066708757231632845e-02 1.096611244603991342e-02 1.159262034421165884e-02 1.146796486340461753e-02 1.202580588869748938e-02 1.215236604213715092e-02
1.094000000000000000e+05 1.193566775570313078e-02 1.053537751237551383e-02 1.071008261293173759e-02 1.118064818282922881e-02 1.103801334276796609e-02 1.153491670265795188e-02 1.187042001634835975e-02
1.095000000000000000e+05 1.172158028930425644e-02 1.044232025742530823e-02 1.049802321940660962e-02 1.084635565057398381e-02 1.064463271759450748e-02 1.106834951788189005e-02 1.153753288090230041e-02
1.096000000000000000e+05 1.119630243629217078e-02 1.035135363539060015e-02 1.030857719480991232e-02 1.058899083485206373e-02 1.059745656947295132e-02 1.083203061173361112e-02 1.118936341255906061e-02
1.097000000000000000e+05 1.072056473543246506e-02 1.025904969622691391e-02 1.021772245876491174e-02 1.043344211454192393e-02 1.054630569182336657e-02 1.062441519461572621e-02 1.087540335953237833e-02
1.098000000000000000e+05 1.059160809963941539e-02 1.015738453716039623e-02 1.015572370961308896e-02 1.029749054461717196e-02 1.047761118039488952e-02 1.054349103942513709e-02 1.056766320019961874e-02
1.099000000000000000e+05 1.046586266408363990e-02 9.952472336590290763e-03 9.889192096889029560e-03 1.017880313098430342e-02 1.027155470103026380e-02 1.047808718246718250e-02 1.054023489356041045e-02
1.100000000000000000e+05 1.034975082923968691e-02 9.437819011509418488e-03 9.596549905836582184e-03 9.978104072312513409e-03 9.701329283416271210e-03 1.045383016268412214e-02 1.053616590797901154e-02
1.101000000000000000e+05 1.019092164933681557e-02 9.050016850233077656e-03 9.231716599315391639e-03 9.729838259518151095e-03 9.299797015264628375e-03 1.028291768394410007e-02 1.012129500508307522e-02
1.102000000000000000e+05 9.960896894335746418e-03 8.873633295297621987e-03 8.904281891882416880e-03 9.438266890744362661e-03 9.194217640906568456e-03 9.854714926332221528e-03 9.721173271536818691e-03
1.103000000000000000e+05 9.668086344997087536e-03 8.804295212030410767e-03 8.869802877306936714e-03 9.131015924115953170e-03 9.143101880326867659e-03 9.498608162005739083e-03 9.498041570186617141e-03
1.104000000000000000e+05 9.312490001320838928e-03 8.842002600431442261e-03 8.827336132526399440e-03 9.035348482429978248e-03 9.157956130802630962e-03 9.229828938841833086e-03 9.289579391479499057e-03
1.105000000000000000e+05 8.957482563952604351e-03 8.783778796593347607e-03 8.757577976211910684e-03 8.981356583535668806e-03 9.123604604974393933e-03 9.090571835016212840e-03 9.161799587309364321e-03
1.106000000000000000e+05 8.602828470369179234e-03 8.667996277411778305e-03 8.744051996618502215e-03 8.958600560824075271e-03 9.047572892159226957e-03 9.061027585218352220e-03 9.081543833017348757e-03
1.107000000000000000e+05 8.497712574899196972e-03 8.674957975745200417e-03 8.839866360649461727e-03 8.940987251698971627e-03 9.029025081545113962e-03 9.046502560377121110e-03 9.159701578319074181e-03
1.108000000000000000e+05 8.475776078800361171e-03 8.722834413250286911e-03 8.910374753177165152e-03 9.000189205010731067e-03 9.044154708584150118e-03 9.040776677429676958e-03 9.270933642983439360e-03
1.109000000000000000e+05 8.579902475078900193e-03 8.856601205964882706e-03 8.950305096805097338e-03 9.074543118476861153e-03 9.109377612670261845e-03 9.053673616920908385e-03 9.456582926213734017e-03
1.110000000000000000e+05 8.702037855982780457e-03 9.002638049423694611e-03 8.976252470165492145e-03 9.242563694715490510e-03 9.194105863571168727e-03 9.073821920901536595e-03 9.554150886833669837e-03
1.111000000000000000e+05 8.969838048020999446e-03 8.951576240360737541e-03 8.991479566320776870e-03 9.348321600506708309e-03 9.221985780944427433e-03 9.123644984016817880e-03 9.510788731276991273e-03
1.112000000000000000e+05 9.188035689294337532e-03 8.908267008761565353e-03 9.017591401934622886e-03 9.257460546990236433e-03 9.236436958114307288e-03 9.180477832754455059e-03 9.467988722026348530e-03
1.113000000000000000e+05 9.059015475213528373e-03 8.919225819408894279e-03 9.048843253403902887e-03 9.219826925545931973e-03 9.234084878116846640e-03 9.228969896212219082e-03 9.425844550132751049e-03
1.114000000000000000e+05 8.961159301300843441e-03 8.847957290709019401e-03 8.990693781524897871e-03 9.284705395499866232e-03 9.229826045533021800e-03 9.276515487581488140e-03 9.396089576184749048e-03
1.115000000000000000e+05 8.956795247892538128e-03 8.530006743967533112e-03 8.909129677340392114e-03 9.237771419187390184e-03 9.158445025483770777e-03 9.210074522222085405e-03 9.376953914761542927e-03
1.116000000000000000e+05 8.928194455802441337e-03 8.283234946429730156e-03 8.677334599196916132e-03 9.050273224711424119e-03 9.087244793772699877e-03 9.139790982007983677e-03 9.333409555256364301e-03
1.117000000000000000e+05 8.859199099242686878e-03 8.155094397564729286e-03 8.439790280535821101e-03 8.982101889948050297e-03 9.028694375107686534e-03 9.040848426520826236e-03 9.274609759449959148e-03
1.118000000000000000e+05 8.615463289121787563e-03 8.315194211900234916e-03 8.717036563903105689e-03 9.013832112153372794e-03 9.011983592063187859e-03 8.958114981651306777e-03 9.279156699776648295e-03
1.119000000000000000e+05 8.196987025439739921e-03 8.763534389436245312e-03 8.995489170774837590e-03 9.101395271718507041e-03 9.206080203875902437e-03 8.957050517201423437e-03 9.311857745051384944e-03
1.120000000000000000e+05 8.264441974461078644e-03 9.035691308478513775e-03 9.281869046390065284e-03 9.219611808657650343e-03 9.370523008207481963e-03 9.016783783833193233e-03 9.525650739669792519e-03
1.121000000000000000e+05 8.623455651104450226e-03 9.202138272424538121e-03 9.456193819642069384e-03 9.341210580120485468e-03 9.448228425656759327e-03 9.254350413878769527e-03 9.793771319091298250e-03
1.122000000000000000e+05 8.970543555915356376e-03 9.161422587931155812e-03 9.285733662545691061e-03 9.463955871760843658e-03 9.487142730504273883e-03 9.449935443699363294e-03 1.006045971065757869e-02
1.123000000000000000e+05 9.313656203448771737e-03 9.051652687291304039e-03 9.137904690578587882e-03 9.436778513093791246e-03 9.452066579833627580e-03 9.565444458276031042e-03 1.032688770443199872e-02
1.124000000000000000e+05 9.284398394326369430e-03 8.973517268896103599e-03 9.030573628842833780e-03 9.382749336461229661e-03 9.387038958569373509e-03 9.607609386245411984e-03 1.016397271305323133e-02
1.125000000000000000e+05 9.201944805681705475e-03 8.899901062250137329e-03 9.026746731251478195e-03 9.256415534764536948e-03 9.282810147851709021e-03 9.553779847919942683e-03 9.965279139578342438e-03
1.126000000000000000e+05 9.179763930539290226e-03 8.990172793467839443e-03 9.138844497501854083e-03 9.139118666450170986e-03 9.295698211838799782e-03 9.498122303436200980e-03 9.951058030128478310e-03
1.127000000000000000e+05 9.150389519830545021e-03 9.058195600907007969e-03 9.155834550037978553e-03 9.263568924119070999e-03 9.415705368543664244e-03 9.440792802100380840e-03 9.923118837177745399e-03
1.128000000000000000e+05 9.070660360157490124e-03 8.970475941896437905e-03 9.105328805744649159e-03 9.359862096607683701e-03 9.389483854174611802e-03 9.461633600294590621e-03 9.730562642216684238e-03
1.129000000000000000e+05 9.009346676369508686e-03 8.870880926648776199e-03 8.971936572343111940e-03 9.298944876839717114e-03 9.270346205060677261e-03 9.532145109648507836e-03 9.550717063248163885e-03
1.130000000000000000e+05 9.003279420236745892e-03 8.735659842689832630e-03 8.802701532840724249e-03 9.208584825197860257e-03 9.189050551503893591e-03 9.474640060216183921e-03 9.440779872238638792e-03
1.131000000000000000e+05 8.954988606274128654e-03 8.668744005262851715e-03 8.860358046367764265e-03 9.031368419528016181e-03 9.123923750594254214e-03 9.362437026575201604e-03 9.347615428268910009e-03
1.132000000000000000e+05 8.836325195928414894e-03 8.715670245389143048e-03 8.970780037343497465e-03 8.933499033252396623e-03 9.096756155292193280e-03 9.174009164174394895e-03 9.310360141098499367e-03
1.133000000000000000e+05 8.693353769679864132e-03 8.579168903330961979e-03 8.919822750613093376e-03 8.980154575159153552e-03 9.079690606643757433e-03 8.965295661861707663e-03 9.305263049900532740e-03
1.134000000000000000e+05 8.526074327528476368e-03 8.259239979088306774e-03 8.858711402863263598e-03 8.963708691298958101e-03 9.053818695247174003e-03 8.942786008119582575e-03 9.372521899640558207e-03
1.135000000000000000e+05 8.470484986901283264e-03 8.242697144548097668e-03 8.874603873118757855e-03 8.871891659994919632e-03 9.026734313617151145e-03 8.945913116137186455e-03 9.422185085713862679e-03
1.136000000000000000e+05 8.481909707188605568e-03 8.408185963829358650e-03 8.891370818018912159e-03 8.881998322904110024e-03 9.025484348336856172e-03 9.025491674741108541e-03 9.443695209920405925e-03
1.137000000000000000e+05 8.485277369618415139e-03 8.622588217258453022e-03 8.913056682795286387e-03 8.973180651664731597e-03 9.027408640831709533e-03 9.112654738128186591e-03 9.441071711480618009e-03
1.138000000000000000e+05 8.485959346095721043e-03 8.853294948736826347e-03 8.921777307987212649e-03 9.005795804162820134e-03 9.067557081580163159e-03 9.283185452222827982e-03 9.410292319953441134e-03
1.139000000000000000e+05 8.444630789260070339e-03 8.589261708160241329e-03 8.894380480051042662e-03 9.008001076678434291e-03 9.097118551532426892e-03 9.409979811559115656e-03 9.391754791140556266e-03
1.140000000000000000e+05 8.397300727665424347e-03 8.254551328718662262e-03 8.876560255885124207e-03 8.966357447206970560e-03 9.064999409019945317e-03 9.281962364912025448e-03 9.383710287511348030e-03
1.141000000000000000e+05 8.508507596949736393e-03 8.389005499581495690e-03 8.874541427940130928e-03 8.910828332106270414e-03 9.039104239394267493e-03 9.190103942528367667e-03 9.332992434501644757e-03
1.142000000000000000e+05 8.605267293751240124e-03 8.488595113158225666e-03 8.766652699559923656e-03 8.871724468966325078e-03 9.033394927779834008e-03 9.215518031269312460e-03 9.255603738129140542e-03
1.143000000000000000e+05 8.600896783173083912e-03 8.344132825732231487e-03 8.548822151496996563e-03 8.835277631878853816e-03 8.941926909610639629e-03 9.219101024791599708e-03 9.227961972355843215e-03
1.144000000000000000e+05 8.541972003877162586e-03 8.225205789009730137e-03 8.381287194788450412e-03 8.755953374008340270e-03 8.672215305268770810e-03 9.177309585114321391e-03 9.222429953515529424e-03
1.145000000000000000e+05 8.319384418427944183e-03 8.182884504397710743e-03 8.246758719906212634e-03 8.668904068569349697e-03 8.446393286188444427e-03 9.097669444357355667e-03 9.211148321628571597e-03
1.146000000000000000e+05 8.170689083635806690e-03 8.141792379319667816e-03 8.158038333058356337e-03 8.492573499679577018e-03 8.282691910862921558e-03 8.964458834379910451e-03 9.198141805827618131e-03
1.147000000000000000e+05 8.145147499938805782e-03 8.102748853464921894e-03 8.087400086224076287e-03 8.348433375358579878e-03 8.267431470255055814e-03 8.856875933706761378e-03 9.150388650596145285e-03
1.148000000000000000e+05 8.093970206876596393e-03 8.102643303573131561e-03 8.143835216760635792e-03 8.367721661925314747e-03 8.398732965191195096e-03 8.774596340954309015e-03 9.096317924559118098e-03
1.149000000000000000e+05 8.017157204449176788e-03 8.141475729644298553e-03 8.226262629032131748e-03 8.354955278336999996e-03 8.610203741118288567e-03 8.724553240463140194e-03 9.163026176393029854e-03
1.150000000000000000e+05 7.977185149987539234e-03 8.197702777882417621e-03 8.417635224759578705e-03 8.253656948606172619e-03 8.876844774931650153e-03 8.696694392710925883e-03 9.239799343049526215e-03
1.151000000000000000e+05 7.959317664305369869e-03 8.264366599420706200e-03 8.619667002931244784e-03 8.302521469692382416e-03 9.137755514432972792e-03 8.789360399047525460e-03 9.331954456865789935e-03
1.152000000000000000e+05 8.040089160203933716e-03 8.610585518181324699e-03 8.890406638383861401e-03 8.610287457704531716e-03 9.395988546311843936e-03 8.938346430659287536e-03 9.419036433100701558e-03
1.153000000000000000e+05 8.153740316629409790e-03 9.049989469349383614e-03 9.123230902478096996e-03 8.950485046952953022e-03 9.417422634238999807e-03 9.100264019022381162e-03 9.445240758359431388e-03
1.154000000000000000e+05 8.492326301832994057e-03 9.168431659539540493e-03 9.170691128820180130e-03 9.327496886253368660e-03 9.368404143800338271e-03 9.266029012699921255e-03 9.504064321517931638e-03
1.155000000000000000e+05 8.863045834004878998e-03 9.241022169589996338e-03 9.214880736544727932e-03 9.499325323849916805e-03 9.398416941985487591e-03 9.365525422617794471e-03 9.742293693125240323e-03
1.156000000000000000e+05 8.953511777023474144e-03 9.264785548051197514e-03 9.250784777104854167e-03 9.516126302381357552e-03 9.441308913131555430e-03 9.454222507774832571e-03 9.988902956247328740e-03
1.157000000000000000e+05 9.027840817968051448e-03 9.303396940231323589e-03 9.332348397001616336e-03 9.607995431870222994e-03 9.657730485002192708e-03 9.587237630039449621e-03 1.026344519108534324e-02
1.158000000000000000e+05 8.989211544394493450e-03 9.445944428443908344e-03 9.483488518744705165e-03 9.736690446734426463e-03 9.873603936284783972e-03 9.721450489014377139e-03 1.047057189047336662e-02
1.159000000000000000e+05 9.036057069897652019e-03 9.494919081528980717e-03 9.561250945553182931e-03 9.749803381661573468e-03 9.841204543287558268e-03 9.825922508413584625e-03 1.052601363509893251e-02
1.160000000000000000e+05 9.339326992630958557e-03 9.263175229231515942e-03 9.568353369832039920e-03 9.728810129066307183e-03 9.777844883501545306e-03 9.915029381712278655e-03 1.048743855208159569e-02
1.161000000000000000e+05 9.517774172127246163e-03 8.988055959343909870e-03 9.416251517832267132e-03 9.695917405188081081e-03 9.502407396212232335e-03 9.898885004222392897e-03 1.029843654483557358e-02
1.162000000000000000e+05 9.488183446228504528e-03 8.640644326806067727e-03 9.167662225663661402e-03 9.661300120254356222e-03 9.219086387505142158e-03 9.821363259106883140e-03 1.004945229738951097e-02
1.163000000000000000e+05 9.313782987495263996e-03 8.318781231840452137e-03 8.841713415458812494e-03 9.384414429465921803e-03 8.907245580727859297e-03 9.521799860522154463e-03 9.730488769710060257e-03
1.164000000000000000e+05 8.994572795927524567e-03 8.022466674447059631e-03 8.487994521856336363e-03 9.082379639148709452e-03 8.525511026382442611e-03 9.192685671150682691e-03 9.397336989641177224e-03
1.165000000000000000e+05 8.600572434564432087e-03 7.674012798815965652e-03 7.929886481724714511e-03 8.550925149271892609e-03 7.985059420267729552e-03 8.796466561034313805e-03 9.052023850381354930e-03
1.166000000000000000e+05 8.161697971324126041e-03 7.294275332242250443e-03 7.335442593321217855e-03 8.043954080591612238e-03 7.459509388233220330e-03 8.336614131306603614e-03 8.569145873188951934e-03
1.167000000000000000e+05 7.826774567365645668e-03 6.887476053088903080e-03 7.003015545196827375e-03 7.650656038895271155e-03 6.956792413257088976e-03 7.779259034432500428e-03 8.000289872288714188e-03
1.168000000000000000e+05 7.526501516501108921e-03 6.471656169742346157e-03 6.673708204179984969e-03 7.239094153046633263e-03 6.507222993920276817e-03 7.342522547890766374e-03 7.525008767843253954e-03
1.169000000000000000e+05 7.014755904674529856e-03 5.984446716805299181e-03 6.256746440194548009e-03 6.780212307348846765e-03 6.114297679935916038e-03 7.034340106571732379e-03 7.091316506266591435e-03
1.170000000000000000e+05 6.472799926996231079e-03 5.487038753926753998e-03 5.850646691396842701e-03 6.397634372115127907e-03 5.724923918023721962e-03 6.582845980301523479e-03 6.641922518610967295e-03
1.171000000000000000e+05 6.103942791620890589e-03 4.768976631263892145e-03 5.491253607906398590e-03 6.139686157306032885e-03 5.338194089320809528e-03 6.024664266345416963e-03 6.187818013131655796e-03
1.172000000000000000e+05 5.709349550306797375e-03 4.044094169512390917e-03 5.005698874592767397e-03 5.808499337484443990e-03 4.754700573782134378e-03 5.272673505047967280e-03 5.606682747602505061e-03
1.173000000000000000e+05 5.134603567421435963e-03 3.271469334140420133e-03 4.228395326063056139e-03 5.398291917517794754e-03 4.070933256298300829e-03 4.421914671547707079e-03 5.002450980246094664e-03
1.174000000000000000e+05 4.496191038439670794e-03 2.643549954518675717e-03 3.574945190921442664e-03 4.766495615864799196e-03 3.477186108939338185e-03 3.668863878895824247e-03 4.354318827390685730e-03
1.175000000000000000e+05 3.666778871168692618e-03 2.449746942147612572e-03 3.096015774644911289e-03 3.975733377349834931e-03 2.913191390689441607e-03 2.948106421778573256e-03 3.702528309077024460e-03
1.176000000000000000e+05 2.977271052077412779e-03 2.443816326558589762e-03 3.009916571900257687e-03 3.540283534675822252e-03 3.021351424977180428e-03 2.704560309648515546e-03 3.527465313673015541e-03
1.177000000000000000e+05 2.520937146618962201e-03 2.751006372272968379e-03 3.274558631237614592e-03 3.269330171557755394e-03 3.256813495730343389e-03 2.551395134069036393e-03 3.377707032486802503e-03
1.178000000000000000e+05 2.415365586057305163e-03 3.036566327015558821e-03 3.429201422259216519e-03 3.314086003229023761e-03 3.416313743218770196e-03 2.868635115834552475e-03 3.531605321913955722e-03
1.179000000000000000e+05 2.660556370392441663e-03 3.300496190786361521e-03 3.522374033927918625e-03 3.445407259277998100e-03 3.566841124556959213e-03 3.218587655574073943e-03 3.672281326726075344e-03
1.180000000000000000e+05 2.939324593171477318e-03 3.368995230024059758e-03 3.526784060522914627e-03 3.491204759726920619e-03 3.550549798334638914e-03 3.428455302491778111e-03 3.740234766155479170e-03
1.181000000000000000e+05 3.238239279016852552e-03 3.320235774541894537e-03 3.502346246968956502e-03 3.526006348741549459e-03 3.528940050552289726e-03 3.615865376001844902e-03 3.773833829909563689e-03
1.182000000000000000e+05 3.311447193846106616e-03 3.168808063492178917e-03 3.419099743478004518e-03 3.458143901079898091e-03 3.463531536981463363e-03 3.618330727331340452e-03 3.692918308079241266e-03
1.183000000000000000e+05 3.309419518336653623e-03 2.983157600586613164e-03 3.326904091518373494e-03 3.387924437411136015e-03 3.398406055445471214e-03 3.601795087258019470e-03 3.623728547245263099e-03
1.184000000000000000e+05 3.213222681855162129e-03 2.912288236742218133e-03 3.221462685614821884e-03 3.306999495252968980e-03 3.334430962180095787e-03 3.508029611160354711e-03 3.580921748653055712e-03
1.185000000000000000e+05 3.103573108091950417e-03 2.857816172763705254e-03 3.129048773553224239e-03 3.237475710920989253e-03 3.285584051627665498e-03 3.413925680797544153e-03 3.549022087827325908e-03
1.186000000000000000e+05 2.969332768892248356e-03 2.853555682425697789e-03 3.164144172333181390e-03 3.216596866647402665e-03 3.274389506938557050e-03 3.318979375374816847e-03 3.534573847427964662e-03
1.187000000000000000e+05 2.851915002490083232e-03 2.848844121520718083e-03 3.173599592410029490e-03 3.175800424069168560e-03 3.242350884247575515e-03 3.266603370817997704e-03 3.532423144206404443e-03
1.188000000000000000e+05 2.852255245670676231e-03 2.840975066646933556e-03 3.085156911984084527e-03 3.086508959531788186e-03 3.175689894706013906e-03 3.284937357529996854e-03 3.544619567692280059e-03
1.189000000000000000e+05 2.853299848114450744e-03 2.818666569267709848e-03 2.988237361423668262e-03 3.007419928908350304e-03 3.054313161410397107e-03 3.296056895051151583e-03 3.519768156111238461e-03
1.190000000000000000e+05 2.856457528347770228e-03 2.753039744372169032e-03 2.873366791754962835e-03 2.944128215312956549e-03 2.869975846260788745e-03 3.298874874599277800e-03 3.463161457329985270e-03
1.191000000000000000e+05 2.845436986535787756e-03 2.663602121174335480e-03 2.725239307619635887e-03 2.860975316725667371e-03 2.705055444967001659e-03 3.182807951234280751e-03 3.274861052632322550e-03
1.192000000000000000e+05 2.810786074648301009e-03 2.534479834139347076e-03 2.533733239397404496e-03 2.757451971992848361e-03 2.555757847925024546e-03 2.971086508284008585e-03 3.004252081736926913e-03
1.193000000000000000e+05 2.713386372973521348e-03 2.417792628208796386e-03 2.423988415393978080e-03 2.611723217802743545e-03 2.446599924005565026e-03 2.788209035061294406e-03 2.790061114355924833e-03
1.194000000000000000e+05 2.553237881511449640e-03 2.313540503382682974e-03 2.381908069364728226e-03 2.437258865684275005e-03 2.359697660431261338e-03 2.621324257925144313e-03 2.600944815203546159e-03
1.195000000000000000e+05 2.436392397309342876e-03 2.254342815528313174e-03 2.336038323119284284e-03 2.345379830027619419e-03 2.322077533851067167e-03 2.497212130886811762e-03 2.496610721573235860e-03
1.196000000000000000e+05 2.345528717463215077e-03 2.222177789856990236e-03 2.288219742476939930e-03 2.289538023372487355e-03 2.302456100781759708e-03 2.388721319536373389e-03 2.417711289599544337e-03
1.197000000000000000e+05 2.272424986585974693e-03 2.352628950029611674e-03 2.498614254873240698e-03 2.321842322126034357e-03 2.480313496198494668e-03 2.374290695879608098e-03 2.550364239141332881e-03
1.198000000000000000e+05 2.205241238698363304e-03 2.537285505483547615e-03 2.784583331085724138e-03 2.376532933364313999e-03 2.701034513302140103e-03 2.380276236993570781e-03 2.721481258049599471e-03
1.199000000000000000e+05 2.258230233564972878e-03 2.786858333274722186e-03 2.987886492628597564e-03 2.620748756453400354e-03 3.014539875245337685e-03 2.561939142954842898e-03 3.060835143551222156e-03
