9.000000000000000000e+04 1.098869070410728455e-01 0.000000000000000000e+00 1.053435727953910828e-01 1.060248538851737976e-01 1.080462858080863953e-01 1.093321442604064941e-01 1.112041324377059937e-01
9.010000000000000000e+04 1.150404288868110136e-01 7.457570983038949134e-05 1.125184351950883066e-01 1.097976405173535092e-01 1.105596820016701010e-01 1.118764037142195994e-01 1.102398683130738494e-01
9.020000000000000000e+04 1.021379396319388594e-01 2.825822714425349253e-04 9.580191060900665467e-02 9.717222601175329322e-02 1.015513779719668108e-01 1.063450930019225749e-01 1.018207423885661989e-01
9.030000000000000000e+04 1.098345701396447882e-01 1.051494811464347796e-03 1.074005337059504711e-01 1.082589946687221583e-01 1.090923143923271388e-01 1.088324311375617609e-01 1.081863147020333815e-01
9.040000000000000000e+04 1.423001128435128215e-01 5.282028239226115832e-05 1.422692066431051616e-01 1.372794399658850417e-01 1.339393381277729222e-01 1.319910088181492358e-01 1.269965813557316636e-01
9.050000000000000000e+04 1.502770105997719985e-01 -2.217828287531995856e-03 1.482342578470705052e-01 1.435416117310524819e-01 1.428413574894268900e-01 1.441216987868146615e-01 1.373978902896244580e-01
9.060000000000000000e+04 1.280076751112930733e-01 -2.073072336777097117e-03 1.218412736058229334e-01 1.215765118598937933e-01 1.255922394990920121e-01 1.294693288207054704e-01 1.262580937147139981e-01
9.070000000000000000e+04 1.170114425073068287e-01 1.732245049015502473e-03 1.131550143659115631e-01 1.134138651192188318e-01 1.162202537059784102e-01 1.172906262427567681e-01 1.191507195929686486e-01
9.080000000000000000e+04 1.199713828166323604e-01 1.336005567510940573e-01 1.182434406876567007e-01 1.172109633684155633e-01 1.184579839309059524e-01 1.200233956178027861e-01 1.187069520354272628e-01
9.090000000000000000e+04 1.256075699627398901e-01 1.223038544505833797e-01 1.244791860878470546e-01 1.226787086576223429e-01 1.236918783187866966e-01 1.255699513852596150e-01 1.223273538053036430e-01
9.100000000000000000e+04 1.308882445096970493e-01 1.278846472501755649e-01 1.294814527034761908e-01 1.277605605622134932e-01 1.288694371779757764e-01 1.309121742844583658e-01 1.273026595513024051e-01
9.110000000000000000e+04 1.361138342320921679e-01 1.327375284830731861e-01 1.340239089727405242e-01 1.326853235562640010e-01 1.336500316858293402e-01 1.357544450461864449e-01 1.321686247984569795e-01
9.120000000000000000e+04 1.415163165330883821e-01 1.383340740203853891e-01 1.393267482519153500e-01 1.374586820602416992e-01 1.384940648078918923e-01 1.403382456302642578e-01 1.369291055202484786e-01
9.130000000000000000e+04 1.460374385118483054e-01 1.428575385113556029e-01 1.442671799659726861e-01 1.418017844359082125e-01 1.428916141390801919e-01 1.448460092147193234e-01 1.413759083549183115e-01
9.140000000000000000e+04 1.499937903881072843e-01 1.459507261713345883e-01 1.484534171223638177e-01 1.455075785517691012e-01 1.468879934151967048e-01 1.487331728140514064e-01 1.453558401266733524e-01
9.150000000000000000e+04 1.538971073925496369e-01 1.498775877058506900e-01 1.517694659531114709e-01 1.488335803151130676e-01 1.504509329795835348e-01 1.520742073655128312e-01 1.491781443357465542e-01
9.160000000000000000e+04 1.573849831024807522e-01 1.531585872173311380e-01 1.547436404228209050e-01 1.521903723478318093e-01 1.535425007343292625e-01 1.553793895244599543e-01 1.525652422507604300e-01
9.170000000000000000e+04 1.605463591217992925e-01 1.564624104400474114e-01 1.579194474220274313e-01 1.548929904898006527e-01 1.567917436361312700e-01 1.585276001195114470e-01 1.553522220253944208e-01
9.180000000000000000e+04 1.640945509076117415e-01 1.597429999709128745e-01 1.610356983542441112e-01 1.577216416597366222e-01 1.601887679100037210e-01 1.619759786128997514e-01 1.580232197046280429e-01
9.190000000000000000e+04 1.690660155316194291e-01 1.639411833385626960e-01 1.646690197288987190e-01 1.623519855240981302e-01 1.642257787783938938e-01 1.666372325023013912e-01 1.622016721963880637e-01
9.200000000000000000e+04 1.789781560500467439e-01 1.757576376199727619e-01 1.739024966955181606e-01 1.708412170410151254e-01 1.716206580400471138e-01 1.732870697975154584e-01 1.689795504013700822e-01
9.210000000000000000e+04 1.906636430323127573e-01 1.880975408852103847e-01 1.848400753736493540e-01 1.808647409081459156e-01 1.806471192836760220e-01 1.823353737592696422e-01 1.774623036384581354e-01
9.220000000000000000e+04 1.976345902681348465e-01 1.937660626570382461e-01 1.909749102592467884e-01 1.868065203229588023e-01 1.871762863794961262e-01 1.891269653042157439e-01 1.841851015885669629e-01
9.230000000000000000e+04 1.998437720040480148e-01 1.949563261866569530e-01 1.925767906010150687e-01 1.888578141729036763e-01 1.899958048264185628e-01 1.917162994047005575e-01 1.878923165798187245e-01
9.240000000000000000e+04 2.001907908916473189e-01 1.944711023569106745e-01 1.925191426277160778e-01 1.888325721025466974e-01 1.902634525299072288e-01 1.921270507574081576e-01 1.890401715040206931e-01
9.250000000000000000e+04 1.997446057697137012e-01 1.934526003897189539e-01 1.918079294264316559e-01 1.880697198212146481e-01 1.897572775681813373e-01 1.916505470871925076e-01 1.889203066627184457e-01
9.260000000000000000e+04 1.995832827687263611e-01 1.933165748914082716e-01 1.912878918647765991e-01 1.876735761761665344e-01 1.892763741811116507e-01 1.910446087519327707e-01 1.883699709177017456e-01
9.270000000000000000e+04 2.000454972684383159e-01 1.938538806140422677e-01 1.914548037946224301e-01 1.879095718264579828e-01 1.895066317915916621e-01 1.912946791946887881e-01 1.883064258098602617e-01
9.280000000000000000e+04 2.007830983400344937e-01 1.946849898497263476e-01 1.918016856908798251e-01 1.885363946358363241e-01 1.902322947978973278e-01 1.920704331000646359e-01 1.892111607392628903e-01
9.290000000000000000e+04 2.011990239222844479e-01 1.957750134170055667e-01 1.923201724886894337e-01 1.890711382031440846e-01 1.908428022265434287e-01 1.928855370978514450e-01 1.902277070283889815e-01
9.300000000000000000e+04 2.012160956859588568e-01 1.959508180618285411e-01 1.924584358930587769e-01 1.890658810734748840e-01 1.910885065793991033e-01 1.933191865682601929e-01 1.906662464141845592e-01
9.310000000000000000e+04 2.008947152892748833e-01 1.945531859993935575e-01 1.919889745116233615e-01 1.887315961221853744e-01 1.909641279776890799e-01 1.928751994172731854e-01 1.904666046301523863e-01
9.320000000000000000e+04 2.003733883301417329e-01 1.934619985024134403e-01 1.915413463115691883e-01 1.881527413924535264e-01 1.904123495022455870e-01 1.924034897486368578e-01 1.902517390251159679e-01
9.330000000000000000e+04 1.999125458300113622e-01 1.928631778061389856e-01 1.911904476583003998e-01 1.882881879806518610e-01 1.903881728649139404e-01 1.922374293208122253e-01 1.900283181667327959e-01
9.340000000000000000e+04 1.998616653680801436e-01 1.928623367349306950e-01 1.912472903728485163e-01 1.886515393853187839e-01 1.906057540575663289e-01 1.926853836576143952e-01 1.904093080759048373e-01
9.350000000000000000e+04 2.005066660543282642e-01 1.937309036652246630e-01 1.922669164836407485e-01 1.892595539490381507e-01 1.910558452208836744e-01 1.932905100286006483e-01 1.910092184940973825e-01
9.360000000000000000e+04 2.022310632467269054e-01 1.961874312162397993e-01 1.939738422632218684e-01 1.906770199537277111e-01 1.921929407119751521e-01 1.944688743352889770e-01 1.921230697631836348e-01
9.370000000000000000e+04 2.044435187677542121e-01 1.987047899762789394e-01 1.958113002777099043e-01 1.923068039119243677e-01 1.938693764805793640e-01 1.957667803267637563e-01 1.933307785789171729e-01
9.380000000000000000e+04 2.049424282709757517e-01 1.987306777636209942e-01 1.965104067325592896e-01 1.927332257231076651e-01 1.944989871978759499e-01 1.967915736635525992e-01 1.936438582340876124e-01
9.390000000000000000e+04 2.039513692259788125e-01 1.973896792531012745e-01 1.956148712337017204e-01 1.922197677195072174e-01 1.943125542998313804e-01 1.968761423230171170e-01 1.939140263199806147e-01
9.400000000000000000e+04 2.037681708733239949e-01 1.974049617846805327e-01 1.963845312595366710e-01 1.924859235684076852e-01 1.944990138212839836e-01 1.967486212650934874e-01 1.945763508478800252e-01
9.410000000000000000e+04 2.050534174839654944e-01 1.994898969431717628e-01 1.978081239759921783e-01 1.937582828104495447e-01 1.954554402828216630e-01 1.975253389775752655e-01 1.954417693614959872e-01
9.420000000000000000e+04 2.059845191240310680e-01 2.001527455449104431e-01 1.979741793870926081e-01 1.940612792968750000e-01 1.959480243921279952e-01 1.982041427493095309e-01 1.960181003808975364e-01
9.430000000000000000e+04 2.049769842127958375e-01 1.985123632848262154e-01 1.972084468603134688e-01 1.930260829627513108e-01 1.950978697339693091e-01 1.974712197482585418e-01 1.951901334524153986e-01
9.440000000000000000e+04 2.026042763392129076e-01 1.960853886604307372e-01 1.947072380781174339e-01 1.914572258790334658e-01 1.934924425681432136e-01 1.960152262449264549e-01 1.939119583368301425e-01
9.450000000000000000e+04 2.003035530447960788e-01 1.937463499605656392e-01 1.932265110313892698e-01 1.899375319480895996e-01 1.921885803341865928e-01 1.944399371743202598e-01 1.926466763019561990e-01
9.460000000000000000e+04 1.990970028440157691e-01 1.929464216033617563e-01 1.925781878829002369e-01 1.891832833488782117e-01 1.912524237235387059e-01 1.937858346104621710e-01 1.920820168654124027e-01
9.470000000000000000e+04 1.988437703748544005e-01 1.930270123481750422e-01 1.924364875257015273e-01 1.891012340784072876e-01 1.910622178514798375e-01 1.936302316188812100e-01 1.918083579341570422e-01
9.480000000000000000e+04 1.989631444215774758e-01 1.934404891729354925e-01 1.926721537113189608e-01 1.893199831247329712e-01 1.910686421394348078e-01 1.936233764886856057e-01 1.917832607030868497e-01
9.490000000000000000e+04 1.991360104580720269e-01 1.937423451244831285e-01 1.929021102190017767e-01 1.897685187558333375e-01 1.913393965363502369e-01 1.939077159265677197e-01 1.918869586785634240e-01
9.500000000000000000e+04 1.995695829391479215e-01 1.943078289429346350e-01 1.936329975724220276e-01 1.902386893828709735e-01 1.919430792331695834e-01 1.945210223396619531e-01 1.922855327526728497e-01
9.510000000000000000e+04 2.007314483821391882e-01 1.953468094766139806e-01 1.944073791801929629e-01 1.908861957490444183e-01 1.927605280280113020e-01 1.956145177781581646e-01 1.928480306267738309e-01
9.520000000000000000e+04 2.024798703193664839e-01 1.968424548705419441e-01 1.959861880540847978e-01 1.927029649416606705e-01 1.943579334020614779e-01 1.971006973584492616e-01 1.940766052405039632e-01
9.530000000000000000e+04 2.055067279438179406e-01 2.010103288292887092e-01 1.989000156521797680e-01 1.954369068145750676e-01 1.965385768810908040e-01 1.992432819803557909e-01 1.965073079864184113e-01
9.540000000000000000e+04 2.094551125168797878e-01 2.048127460479734763e-01 2.020130074024201194e-01 1.977560713887214772e-01 1.991213238239287198e-01 2.021288996934889892e-01 1.989022392034529851e-01
9.550000000000000000e+04 2.110562374194463187e-01 2.050678749879201734e-01 2.026591822504996976e-01 1.987068975965181894e-01 2.003952239950498038e-01 2.037874584396680289e-01 1.999825442830721611e-01
9.560000000000000000e+04 2.104628566900889064e-01 2.043005605538686098e-01 2.021190536022186013e-01 1.986137390136718806e-01 2.004481518268585172e-01 2.035747174421946304e-01 2.005185641845067257e-01
9.570000000000000000e+04 2.104343236982822440e-01 2.044756278395652993e-01 2.021185956895351632e-01 1.985767245292663630e-01 2.005990436673164568e-01 2.035785867273807448e-01 2.008626630902290433e-01
9.580000000000000000e+04 2.111357163389524227e-01 2.050886761148770776e-01 2.027596858143806413e-01 1.989639018972714779e-01 2.009444310267766431e-01 2.039021507898966523e-01 2.009604010979334499e-01
9.590000000000000000e+04 2.115854093432426308e-01 2.056778304775555566e-01 2.031815141439438088e-01 1.996552017827828429e-01 2.010962616403897674e-01 2.040839385986328025e-01 2.012647316853205803e-01
9.600000000000000000e+04 2.120783299207687211e-01 2.064596325159072654e-01 2.037829071283340232e-01 1.999128013849258423e-01 2.011198848485946655e-01 2.040603429079055897e-01 2.023022383451461848e-01
9.610000000000000000e+04 2.109868058065573204e-01 2.049663929641246662e-01 2.024986700713632959e-01 1.986480663220086540e-01 2.006551307439804477e-01 2.033083966871102322e-01 2.015687273939451574e-01
9.620000000000000000e+04 2.074405444661774900e-01 2.007738529642421610e-01 1.990885010361668761e-01 1.958213175336520340e-01 1.981844959656396954e-01 2.015775212645530556e-01 1.987844951947529692e-01
9.630000000000000000e+04 2.071681453287600727e-01 2.018557049334047948e-01 1.995040798187257269e-01 1.962864555418491475e-01 1.977905929088592529e-01 2.012254913151264035e-01 1.983366742730140464e-01
9.640000000000000000e+04 2.130156230926509853e-01 2.095395143826798423e-01 2.058416283130640456e-01 2.020284265279773395e-01 2.024598761399587776e-01 2.057970464229584850e-01 2.025544504324595929e-01
9.650000000000000000e+04 2.199456195036569028e-01 2.162603035569189980e-01 2.124086834490297726e-01 2.078819920619326966e-01 2.080820937951404770e-01 2.114468033115070866e-01 2.080580448110897207e-01
9.660000000000000000e+04 2.219472417235374417e-01 2.166703271865844382e-01 2.136334940791131121e-01 2.088371321558952221e-01 2.103836584091187123e-01 2.135650715231895425e-01 2.102210062742233820e-01
9.670000000000000000e+04 2.184010471403596276e-01 2.114894619087375471e-01 2.098777782917025103e-01 2.057511312266188941e-01 2.074211191137631805e-01 2.109566153089204865e-01 2.082554161548614557e-01
9.680000000000000000e+04 2.132660673062004020e-01 2.066000636418658665e-01 2.056281882524491345e-01 2.021997223297756219e-01 2.036033912499746745e-01 2.068291803201037227e-01 2.059794384241104837e-01
9.690000000000000000e+04 2.103487892448903107e-01 2.043434293568135163e-01 2.032728417217732064e-01 2.000798143446445576e-01 2.011681997776031405e-01 2.046236811578273640e-01 2.039018079638481029e-01
9.700000000000000000e+04 2.096226314703623361e-01 2.042363201578457910e-01 2.026365354657173046e-01 1.994058166941006793e-01 2.007957428693771529e-01 2.039306332667668586e-01 2.027559439341227177e-01
9.710000000000000000e+04 2.106918659806251981e-01 2.056634426613649091e-01 2.039369428157806197e-01 2.002394487460453509e-01 2.014434594909350340e-01 2.048762698471545407e-01 2.025957680741946043e-01
9.720000000000000000e+04 2.125412082672120118e-01 2.076247054338456188e-01 2.052734553813934104e-01 2.017365902662277277e-01 2.028549861907958662e-01 2.061792576313018210e-01 2.034937560558318925e-01
9.730000000000000000e+04 2.135133497416972781e-01 2.085100968182086734e-01 2.059605625271797025e-01 2.022145497302214323e-01 2.036069040497144322e-01 2.074764926234881068e-01 2.045657075444857753e-01
9.740000000000000000e+04 2.142547237873076993e-01 2.093367942174275409e-01 2.069391980767250061e-01 2.030318886041640458e-01 2.044131459792454808e-01 2.083915811777114491e-01 2.055673770109812393e-01
9.750000000000000000e+04 2.154703438282012939e-01 2.102413214743137360e-01 2.079112380743026733e-01 2.042777426540851593e-01 2.055615037679672241e-01 2.092843689024448117e-01 2.065581753849983215e-01
9.760000000000000000e+04 2.167041035493215140e-01 2.116156284014384381e-01 2.089810609817504827e-01 2.052301784356435344e-01 2.064036258061726914e-01 2.099917725721995032e-01 2.074529298146565726e-01
9.770000000000000000e+04 2.174541843434175115e-01 2.123071136573950746e-01 2.095400491356849693e-01 2.057143819828828046e-01 2.065863452355067020e-01 2.105126979947090082e-01 2.077550189693768978e-01
9.780000000000000000e+04 2.178015547990798939e-01 2.126886704564094344e-01 2.094875216484069769e-01 2.061006411910057123e-01 2.068196380138397350e-01 2.109549975395202392e-01 2.081049168109893877e-01
9.790000000000000000e+04 2.180679873625437359e-01 2.130899366736411782e-01 2.101304970681667494e-01 2.065490193665027729e-01 2.072800306479135879e-01 2.113547771672407705e-01 2.086321084698041228e-01
9.800000000000000000e+04 2.187019288539886475e-01 2.137595146894455123e-01 2.105840593576431552e-01 2.069552391767501553e-01 2.078679571549097438e-01 2.117005278666814205e-01 2.091600447893142423e-01
9.810000000000000000e+04 2.197310625016689889e-01 2.146242029964924303e-01 2.114114801585674497e-01 2.077836796641349681e-01 2.084490534663200334e-01 2.126961892843246271e-01 2.100409552454948203e-01
9.820000000000000000e+04 2.194678948322932033e-01 2.143641749024391141e-01 2.114508780837058566e-01 2.077869107325872045e-01 2.086086827516555608e-01 2.132603165507316600e-01 2.098825532197952093e-01
9.830000000000000000e+04 2.187086711327234367e-01 2.132049982746441474e-01 2.110013157129287942e-01 2.071262024343013819e-01 2.084524185458818957e-01 2.128896929323672860e-01 2.098090362548828136e-01
9.840000000000000000e+04 2.200807648897170898e-01 2.151708334684371560e-01 2.118469786643982500e-01 2.083374530076980702e-01 2.095730698108673740e-01 2.135718196630478072e-01 2.105150657892227439e-01
9.850000000000000000e+04 2.211300897101561302e-01 2.157413403193156054e-01 2.128096677362919520e-01 2.090674539407094412e-01 2.102045834064483754e-01 2.147252038121223450e-01 2.111088514328003096e-01
9.860000000000000000e+04 2.222328936060270765e-01 2.171741219361624509e-01 2.139196023344993036e-01 2.102397158741950434e-01 2.113787706693013302e-01 2.159117593367895216e-01 2.124466127157211004e-01
9.870000000000000000e+04 2.238943459093570287e-01 2.188521794974803425e-01 2.155452851951121240e-01 2.117438048124313243e-01 2.124868029356002941e-01 2.171644853055476609e-01 2.137817817926407071e-01
9.880000000000000000e+04 2.250394970178603571e-01 2.198399893442789244e-01 2.164926439523696677e-01 2.124336649974187530e-01 2.133111713329950698e-01 2.180087157090504768e-01 2.149683527151743379e-01
9.890000000000000000e+04 2.257093901435534011e-01 2.207602633039156548e-01 2.165440045297145899e-01 2.130091145634650518e-01 2.138997260729472716e-01 2.188236645360788213e-01 2.157670178016027618e-01
9.900000000000000000e+04 2.268952161073685136e-01 2.217465326189995145e-01 2.178625553846358365e-01 2.141625136137008667e-01 2.152767628431320190e-01 2.199219241738318842e-01 2.167101740837097112e-01
9.910000000000000000e+04 2.277123107016086612e-01 2.224477698405583626e-01 2.189784292876720273e-01 2.147583146890004457e-01 2.159593067566553670e-01 2.211360469957192876e-01 2.168699738383293163e-01
9.920000000000000000e+04 2.296988070011136696e-01 2.247527404626208092e-01 2.212982910871504061e-01 2.172575354576108952e-01 2.182507306337357345e-01 2.230038172006606201e-01 2.194046721855799909e-01
9.930000000000000000e+04 2.335686743259429154e-01 2.287568357586859669e-01 2.248967349529265025e-01 2.207975685596466064e-01 2.218645894527435936e-01 2.272666031122205499e-01 2.225957944989205017e-01
9.940000000000000000e+04 2.366817018389702210e-01 2.319093355536461232e-01 2.285037171840666459e-01 2.240799451867740155e-01 2.247146461407344697e-01 2.300405557950337687e-01 2.262952347596488001e-01
9.950000000000000000e+04 2.387120373547076957e-01 2.332733993728954847e-01 2.302637048065662995e-01 2.253212382396062308e-01 2.267425482471784048e-01 2.321708485484123285e-01 2.281670133272806766e-01
9.960000000000000000e+04 2.369596844911573408e-01 2.307331269979474575e-01 2.278537863492966498e-01 2.234323471784591675e-01 2.249479639530179986e-01 2.304827529191972035e-01 2.270177680253981367e-01
9.970000000000000000e+04 2.357683495680490682e-01 2.301763663689294914e-01 2.264273579418659421e-01 2.221078703800837550e-01 2.235368326306343134e-01 2.283287288745244337e-01 2.268135900298754171e-01
9.980000000000000000e+04 2.369794778029123972e-01 2.315207375089327613e-01 2.279073092341422913e-01 2.231596151987711163e-01 2.242783874273300282e-01 2.290411969025930028e-01 2.278111890951792506e-01
9.990000000000000000e+04 2.347250519692897219e-01 2.283366592228411873e-01 2.250557748973369965e-01 2.206050127744674794e-01 2.215035837888716941e-01 2.272716119885445085e-01 2.245266628265380204e-01
1.000000000000000000e+05 2.307331115007399402e-01 2.248752514521279999e-01 2.208675891160964966e-01 2.168902605772018433e-01 2.176896035671234408e-01 2.228024254242579050e-01 2.217805633942286636e-01
1.001000000000000000e+05 2.298002749184767657e-01 2.243432431916395908e-01 2.204646711051464203e-01 2.162190059820811028e-01 2.171359379092852038e-01 2.218272773424784239e-01 2.205776960651079366e-01
1.002000000000000000e+05 2.295026782155036860e-01 2.246502393484115512e-01 2.202182808518409751e-01 2.159601032733917125e-01 2.169061541557311956e-01 2.218034556508064192e-01 2.195066708326339766e-01
1.003000000000000000e+05 2.298994217316309707e-01 2.253384578724702270e-01 2.206842845678329557e-01 2.160538929204146308e-01 2.170478414495786157e-01 2.221236774325370811e-01 2.194186048706372738e-01
1.004000000000000000e+05 2.300608966747919593e-01 2.254314887523651001e-01 2.205341392755508223e-01 2.161007881164550837e-01 2.171539161602656087e-01 2.222383848826090524e-01 2.194616039594014523e-01
1.005000000000000000e+05 2.295043453574180659e-01 2.251395255327225120e-01 2.198276303708553148e-01 2.154409214854240417e-01 2.169138804078102056e-01 2.220442362129688152e-01 2.188841506838798412e-01
1.006000000000000000e+05 2.299748099843660909e-01 2.258867620428403056e-01 2.206735762953758728e-01 2.161787947018940503e-01 2.173460825284322107e-01 2.224487534165382197e-01 2.191679588953654167e-01
1.007000000000000000e+05 2.320689674218495147e-01 2.277958535651365413e-01 2.227974905073643874e-01 2.180943233271438741e-01 2.190855096777278854e-01 2.246787513295808447e-01 2.208310637871423177e-01
1.008000000000000000e+05 2.341783171892166115e-01 2.299563843011856179e-01 2.249932199716568881e-01 2.201343268156051580e-01 2.213905662298203125e-01 2.269577032327650956e-01 2.229019743204117554e-01
1.009000000000000000e+05 2.352858920892079986e-01 2.307778978844483853e-01 2.264657223224640081e-01 2.215381741523743120e-01 2.228371984759966451e-01 2.285676075021425835e-01 2.241528726617495193e-01
1.010000000000000000e+05 2.355449895064035959e-01 2.307546749711036349e-01 2.262359544634818531e-01 2.218260640899339942e-01 2.231114198764165280e-01 2.287178511420885907e-01 2.240053385496139915e-01
1.011000000000000000e+05 2.364893591403959827e-01 2.320707890391348061e-01 2.268372918665410853e-01 2.228111401200294495e-01 2.240093690156937101e-01 2.294365018606184525e-01 2.262210163474084323e-01
1.012000000000000000e+05 2.402320633331933852e-01 2.362081263462701697e-01 2.302066636085513540e-01 2.257831891377768685e-01 2.266443993647895838e-01 2.326473573843637899e-01 2.294876142342887615e-01
1.013000000000000000e+05 2.445631363491217736e-01 2.398854285975297596e-01 2.342901203036311109e-01 2.293525934219359519e-01 2.305956218640009825e-01 2.367140588164330095e-01 2.329608225822448753e-01
1.014000000000000000e+05 2.447941681742666076e-01 2.387664246559140779e-01 2.343560841679575568e-01 2.295620948076248224e-01 2.311998051404953458e-01 2.371552613377571894e-01 2.347069168090820113e-01
1.015000000000000000e+05 2.398214588562649630e-01 2.337716567019623715e-01 2.300851948559287097e-01 2.253691119452316260e-01 2.272166167696315908e-01 2.326671918233235992e-01 2.334668010473250899e-01
1.016000000000000000e+05 2.364244657754898671e-01 2.310162307818730831e-01 2.267752248048783559e-01 2.225726952155431537e-01 2.238918807109196718e-01 2.284518057107925437e-01 2.311612218618392667e-01
1.017000000000000000e+05 2.365335315465927069e-01 2.319266287982463814e-01 2.269945730268954354e-01 2.229481957852840479e-01 2.239332187175751554e-01 2.290830691158771693e-01 2.295649534463882202e-01
1.018000000000000000e+05 2.390436031421026286e-01 2.346583974361420299e-01 2.291416570544241860e-01 2.249891862273216414e-01 2.260074400901793956e-01 2.315136283636092807e-01 2.295762336254119629e-01
1.019000000000000000e+05 2.418090835213660694e-01 2.371756380796432029e-01 2.308295115828513377e-01 2.266705662012099554e-01 2.279020564754802858e-01 2.340923248231411846e-01 2.307451185584067366e-01
1.020000000000000000e+05 2.443184614181517222e-01 2.396552145481108120e-01 2.329038947820662731e-01 2.288685292005538940e-01 2.304759383201599177e-01 2.367155462503431618e-01 2.327376574277877919e-01
1.021000000000000000e+05 2.470875598986942701e-01 2.423091238240400180e-01 2.358239917457103096e-01 2.316924410561722047e-01 2.331191146373748635e-01 2.398169211546579693e-01 2.354272091388702193e-01
1.022000000000000000e+05 2.494140243530273415e-01 2.449513852596283126e-01 2.393586331605910555e-01 2.347776641448338364e-01 2.360952627658844671e-01 2.428685799241067089e-01 2.384629887342453736e-01
1.023000000000000000e+05 2.519514930248261120e-01 2.472745317220688688e-01 2.424782910943031056e-01 2.373169243335723766e-01 2.389477738738061408e-01 2.456979857385157007e-01 2.417743450403214978e-01
1.024000000000000000e+05 2.544729348023734294e-01 2.494766622781754983e-01 2.450884801149368075e-01 2.392793864011764082e-01 2.415486158927282745e-01 2.476513195037841619e-01 2.449135297536851053e-01
1.025000000000000000e+05 2.543928871552150195e-01 2.486863595743975253e-01 2.443382814526557922e-01 2.392566551764806482e-01 2.413292204340299618e-01 2.472850084304810125e-01 2.470029368996620178e-01
1.026000000000000000e+05 2.509255900979042719e-01 2.450110587477684898e-01 2.405920425057410938e-01 2.361839756369590870e-01 2.383090418577195335e-01 2.440829414129259411e-01 2.466926455497742143e-01
1.027000000000000000e+05 2.467190699776013185e-01 2.413532879451910362e-01 2.369775000214576488e-01 2.334213010966777191e-01 2.350870139400164371e-01 2.402079455554485543e-01 2.446981221437454224e-01
1.028000000000000000e+05 2.476501135031383138e-01 2.431114220619202682e-01 2.381212478876114091e-01 2.341680576403935565e-01 2.359348660707474010e-01 2.404806019862492927e-01 2.430476204554239683e-01
1.029000000000000000e+05 2.481675668060779882e-01 2.432961486279964780e-01 2.383856032788753410e-01 2.340067245066165813e-01 2.356429162621497819e-01 2.420950461924076536e-01 2.421253442764282060e-01
1.030000000000000000e+05 2.482475464542706622e-01 2.438330546021461043e-01 2.391221255064011342e-01 2.339219351609548303e-01 2.354919095834098752e-01 2.416768272717793598e-01 2.420058578252792802e-01
1.031000000000000000e+05 2.505730294684568871e-01 2.463695398966471162e-01 2.413510926067830020e-01 2.361085464557011182e-01 2.383396559953690486e-01 2.439809531470140680e-01 2.428424261013667207e-01
1.032000000000000000e+05 2.519319796562194957e-01 2.469232678413391113e-01 2.423847717046737904e-01 2.371213734149932861e-01 2.394550603628158580e-01 2.452053362131118852e-01 2.440407902002334484e-01
1.033000000000000000e+05 2.510122414429981630e-01 2.451873238881427663e-01 2.407033546268938784e-01 2.359314563373723916e-01 2.378149282932281172e-01 2.437983582913876013e-01 2.444660868247350016e-01
1.034000000000000000e+05 2.489581220348676405e-01 2.428138723969459900e-01 2.383193308115004183e-01 2.337791393200557288e-01 2.356518636147181267e-01 2.408139885465303276e-01 2.437743200858434045e-01
1.035000000000000000e+05 2.464888781309128862e-01 2.402107901871205486e-01 2.357430949807165499e-01 2.310555540025234222e-01 2.330673575401303876e-01 2.378760345280170052e-01 2.420833885669706753e-01
1.036000000000000000e+05 2.420726273457209088e-01 2.359099831183751328e-01 2.312125796079639584e-01 2.268998612960178574e-01 2.291028499603270929e-01 2.340870587031047279e-01 2.392143668731053219e-01
1.037000000000000000e+05 2.381680594881374624e-01 2.323112255831558670e-01 2.276727145910264760e-01 2.235815445582073069e-01 2.254892290631931306e-01 2.300919429957865858e-01 2.357259180148443822e-01
1.038000000000000000e+05 2.369735050201416671e-01 2.314796167612076516e-01 2.265442025661469627e-01 2.220626339316368048e-01 2.243194293975829534e-01 2.285511213541030762e-01 2.323080712556838123e-01
1.039000000000000000e+05 2.349355981250605685e-01 2.291595984001955633e-01 2.243834674358369807e-01 2.200938532749810717e-01 2.221567866206168862e-01 2.271051177879175043e-01 2.296060623725255101e-01
1.040000000000000000e+05 2.329527666171391787e-01 2.279137204090753988e-01 2.227970212697983066e-01 2.188414484262466431e-01 2.201306660970052675e-01 2.249219119548797885e-01 2.277388493220011134e-01
1.041000000000000000e+05 2.354984004795551700e-01 2.306546877324581468e-01 2.246918049454687816e-01 2.206881858408450969e-01 2.219771179556846163e-01 2.265895907580854629e-01 2.269897875189781367e-01
1.042000000000000000e+05 2.367371416091918757e-01 2.319036764899889136e-01 2.259767428040504456e-01 2.212035059928894043e-01 2.231857210397720781e-01 2.283984430631001705e-01 2.270033214489619033e-01
1.043000000000000000e+05 2.360754758119583407e-01 2.309378454585870322e-01 2.257676550745964239e-01 2.210480672617753384e-01 2.229932012160619204e-01 2.283783586819966571e-01 2.274790919820467716e-01
1.044000000000000000e+05 2.374720823764800148e-01 2.326002156734465476e-01 2.274919205904006314e-01 2.226268082857131847e-01 2.242076641321182062e-01 2.297348505258558771e-01 2.283949977159500100e-01
1.045000000000000000e+05 2.394075209895769607e-01 2.346042409539222662e-01 2.291148371994495003e-01 2.239943022529284622e-01 2.260557050506274146e-01 2.318001853923002675e-01 2.295140246550242402e-01
1.046000000000000000e+05 2.396770705779393551e-01 2.348848178982734791e-01 2.297333243489265431e-01 2.244615097840626794e-01 2.265664774179458607e-01 2.323502639929453661e-01 2.304738664627074829e-01
1.047000000000000000e+05 2.403603528439998416e-01 2.355156214535236159e-01 2.304148036241531194e-01 2.251292176544666401e-01 2.272152453660965521e-01 2.329175050556659410e-01 2.313593164086342191e-01
1.048000000000000000e+05 2.420274621248244551e-01 2.374913384517033099e-01 2.321195983886718550e-01 2.268128285805383337e-01 2.290277415513992110e-01 2.345334945122400372e-01 2.323570966720580888e-01
1.049000000000000000e+05 2.428992055356502255e-01 2.384405781328677865e-01 2.330853992700576693e-01 2.274377038081486779e-01 2.297995186845461779e-01 2.357708071172237574e-01 2.336750094095866870e-01
1.050000000000000000e+05 2.439419403672218323e-01 2.392551675438880920e-01 2.338236719369888306e-01 2.283356040716171265e-01 2.306767553091049194e-01 2.362958341836929321e-01 2.350722700357437134e-01
1.051000000000000000e+05 2.449031164248784420e-01 2.402395023405552166e-01 2.344305284321308025e-01 2.292081529895464986e-01 2.314762070775032154e-01 2.372030500074227555e-01 2.361476964751879626e-01
1.052000000000000000e+05 2.450786664088567268e-01 2.405992960929870805e-01 2.348593002557754494e-01 2.295589844385782508e-01 2.316959162553151597e-01 2.373704407612482747e-01 2.372036061684290875e-01
1.053000000000000000e+05 2.452743470668792558e-01 2.410759502649306996e-01 2.353581105172634080e-01 2.300733514130115509e-01 2.323935413360595503e-01 2.379087251424789606e-01 2.380428674817084977e-01
1.054000000000000000e+05 2.452347762386004326e-01 2.408027256528536553e-01 2.350072407722473000e-01 2.296931525071461699e-01 2.322288338343302116e-01 2.378616123398145377e-01 2.385148926575978712e-01
1.055000000000000000e+05 2.449949483076731271e-01 2.402016061047712869e-01 2.343979030847549438e-01 2.294522995750109262e-01 2.315643628438313895e-01 2.367131727437178368e-01 2.387052287658055494e-01
1.056000000000000000e+05 2.453665137290954867e-01 2.405530864000320623e-01 2.349742317199707275e-01 2.299458175897598211e-01 2.321369564533234120e-01 2.372714602947234297e-01 2.386297225952148382e-01
1.057000000000000000e+05 2.459173689782619132e-01 2.409829092025756458e-01 2.358937448263168368e-01 2.304426237940788436e-01 2.327403995394707048e-01 2.379578744868437457e-01 2.386018672585487332e-01
1.058000000000000000e+05 2.464477554957071603e-01 2.416569040218988773e-01 2.362432414293289262e-01 2.307921851674715474e-01 2.331346801916758527e-01 2.385629094640414061e-01 2.387681104739507176e-01
1.059000000000000000e+05 2.466591842472553309e-01 2.421326325833797477e-01 2.363863025605678625e-01 2.309933409094810375e-01 2.333612501621246393e-01 2.388757464289665289e-01 2.389574286341667186e-01
1.060000000000000000e+05 2.462790101766586248e-01 2.415696293115615623e-01 2.359943747520446278e-01 2.307301114002863474e-01 2.331696291764577267e-01 2.386976609627405876e-01 2.390022416909535763e-01
1.061000000000000000e+05 2.453348324696222327e-01 2.403170839448769136e-01 2.351030430197715015e-01 2.301871950427691604e-01 2.322088134288787520e-01 2.378827953338623069e-01 2.387664106488227855e-01
1.062000000000000000e+05 2.442452013492584229e-01 2.392559075355529807e-01 2.342651474475860029e-01 2.294102370738983210e-01 2.315110254287719715e-01 2.370039325952530140e-01 2.383875232934951627e-01
1.063000000000000000e+05 2.438843643168608355e-01 2.388545579711596201e-01 2.338926814496516959e-01 2.287528060376643746e-01 2.311258879303932090e-01 2.365248818695545319e-01 2.378661401073137727e-01
1.064000000000000000e+05 2.440161307652791434e-01 2.392815868059794127e-01 2.339537960290909158e-01 2.289489259322484149e-01 2.312488214174906465e-01 2.367832545439402525e-01 2.376013662417729710e-01
1.065000000000000000e+05 2.456873022019863684e-01 2.409191615879536230e-01 2.354879066348077865e-01 2.303864657878875732e-01 2.325867041945456348e-01 2.384304061532020180e-01 2.379989206790923684e-01
1.066000000000000000e+05 2.478856134414670898e-01 2.433640546600021881e-01 2.380284997820852622e-01 2.327304055293399898e-01 2.351433306932449729e-01 2.412740973631539998e-01 2.388852516810099358e-01
1.067000000000000000e+05 2.504064061244327677e-01 2.457735202709832867e-01 2.407826367020605707e-01 2.350819004078704977e-01 2.378779381513595470e-01 2.439874401191870767e-01 2.403109790881474694e-01
1.068000000000000000e+05 2.525388848781585094e-01 2.475575023889541315e-01 2.426028579473495095e-01 2.368766635656356923e-01 2.399484407901764094e-01 2.460143840312958019e-01 2.424349403381348411e-01
1.069000000000000000e+05 2.535278936227162716e-01 2.483752364416917102e-01 2.436126016080379098e-01 2.380097116033236815e-01 2.408676467339198046e-01 2.470078936219215204e-01 2.447115437189738840e-01
1.070000000000000000e+05 2.539302577575048292e-01 2.484950353701909642e-01 2.442051902413368003e-01 2.387846335768699368e-01 2.413929363091786851e-01 2.475741475820541493e-01 2.466167300939560714e-01
1.071000000000000000e+05 2.547084036469460244e-01 2.493094228208065921e-01 2.449947701394557531e-01 2.395055986940860804e-01 2.420882031321525407e-01 2.481593646109104545e-01 2.482252338528632973e-01
1.072000000000000000e+05 2.565015804767607488e-01 2.513150497277576445e-01 2.467885428667068171e-01 2.413775146007536010e-01 2.441108149290084073e-01 2.501617427666981142e-01 2.498854347070057769e-01
1.073000000000000000e+05 2.592498594522475996e-01 2.538736180464426506e-01 2.493696218729019032e-01 2.439639034370580384e-01 2.467714422941207908e-01 2.525961203376451136e-01 2.515314441919326849e-01
1.074000000000000000e+05 2.601899915933608698e-01 2.545845592021941939e-01 2.500859528779983409e-01 2.448302298784255926e-01 2.474759459495544101e-01 2.533754539489744828e-01 2.529628288745880416e-01
1.075000000000000000e+05 2.583845059076945172e-01 2.528240407506625043e-01 2.481001317501068115e-01 2.429863338669139838e-01 2.456101949016252506e-01 2.512977073589961474e-01 2.537602186203002930e-01
1.076000000000000000e+05 2.562938586870829871e-01 2.510459780693054532e-01 2.463649988174438366e-01 2.409719516833623010e-01 2.437734667460123017e-01 2.491277760267258112e-01 2.536629378795623446e-01
1.077000000000000000e+05 2.558398625254630909e-01 2.507347634434700101e-01 2.459550428390502863e-01 2.405725218355655726e-01 2.434034585952759011e-01 2.486985144019127070e-01 2.530313962697982588e-01
1.078000000000000000e+05 2.560003435611724609e-01 2.509072117010752168e-01 2.458747756481170499e-01 2.403301432728767451e-01 2.435280688603719268e-01 2.502782133221624905e-01 2.522533313433329427e-01
1.079000000000000000e+05 2.552171422044435811e-01 2.500294887026150437e-01 2.449978509545325811e-01 2.396342878540357602e-01 2.424685786167780355e-01 2.491905671854813542e-01 2.514003044366836526e-01
1.080000000000000000e+05 2.538033604621886541e-01 2.481374263763426735e-01 2.432071954011916504e-01 2.381749749183654785e-01 2.406943202018737848e-01 2.472206771373749168e-01 2.504478037357330544e-01
1.081000000000000000e+05 2.527141645550727844e-01 2.469368629654248581e-01 2.418514776229858110e-01 2.367959755162397650e-01 2.392914015054702359e-01 2.464359233280023209e-01 2.494529172778129078e-01
1.082000000000000000e+05 2.525251857439677061e-01 2.470490353306134534e-01 2.419175612926483254e-01 2.365544632077216936e-01 2.391919130086898881e-01 2.467005139589309726e-01 2.485332409540811915e-01
1.083000000000000000e+05 2.528333026170730413e-01 2.476127809286117476e-01 2.426316618919373003e-01 2.371925547719001826e-01 2.399834021925927041e-01 2.476815226674079773e-01 2.478930744528770047e-01
1.084000000000000000e+05 2.539495897293090332e-01 2.487065974871316976e-01 2.440380150079725918e-01 2.384157975514729355e-01 2.409668493270873957e-01 2.493103140592574374e-01 2.477776561180750625e-01
1.085000000000000000e+05 2.556962097684540858e-01 2.505977680285770282e-01 2.454237341880796952e-01 2.400570300718147809e-01 2.424797162413596663e-01 2.514187996586164098e-01 2.484605908393859586e-01
1.086000000000000000e+05 2.577742415666579023e-01 2.525005370378493597e-01 2.473059424757955704e-01 2.420283794403076116e-01 2.444985365867615723e-01 2.538200712203980136e-01 2.499939954280853971e-01
1.087000000000000000e+05 2.600004219015438767e-01 2.549238271514574494e-01 2.497731113433835914e-01 2.441878636678060932e-01 2.469449872771898868e-01 2.563755497336387412e-01 2.520233960946400842e-01
1.088000000000000000e+05 2.621042621135711848e-01 2.568593192100525058e-01 2.521039116382597367e-01 2.465381006399789687e-01 2.492291516065599233e-01 2.588858175277710116e-01 2.543201076984407116e-01
1.089000000000000000e+05 2.639579087495804721e-01 2.585883933305741511e-01 2.538907974958418690e-01 2.483432292938232422e-01 2.513523769378662176e-01 2.610944715142248240e-01 2.569916808605194336e-01
1.090000000000000000e+05 2.657225529352824078e-01 2.604506691296895049e-01 2.559581875801085205e-01 2.505726466576256861e-01 2.533779541651407508e-01 2.625663399696350209e-01 2.596185207366943359e-01
1.091000000000000000e+05 2.669385027885436967e-01 2.616889369487762074e-01 2.570823404192924544e-01 2.516748641928037156e-01 2.544648194313049450e-01 2.631145078937212611e-01 2.618674470980962288e-01
1.092000000000000000e+05 2.667139363288879572e-01 2.614285898208618120e-01 2.564826762676239436e-01 2.509003221988678201e-01 2.540415525436401922e-01 2.626453888416290794e-01 2.634005606174468772e-01
1.093000000000000000e+05 2.659547029932339823e-01 2.603383534153302370e-01 2.555363473296166088e-01 2.499434515833854342e-01 2.530917888879775646e-01 2.616303852200507762e-01 2.640347929795583415e-01
1.094000000000000000e+05 2.652015115817388802e-01 2.594712237517039499e-01 2.547657996416092252e-01 2.493105158209800998e-01 2.521993418534597131e-01 2.605760347843170122e-01 2.636879014968872004e-01
1.095000000000000000e+05 2.642213940620423140e-01 2.584936916828156073e-01 2.535179615020752286e-01 2.480034902691841125e-01 2.509627819061278076e-01 2.592947617173195773e-01 2.626991987228392555e-01
1.096000000000000000e+05 2.627369753519694373e-01 2.571057768662771137e-01 2.519488143920898815e-01 2.461887190739313336e-01 2.492390491565068533e-01 2.577925141652424035e-01 2.612980544567107821e-01
1.097000000000000000e+05 2.613379866878191571e-01 2.557562914490699724e-01 2.506754902005196017e-01 2.449240821103255417e-01 2.480219023426373515e-01 2.564434747894605016e-01 2.597265571355819591e-01
1.098000000000000000e+05 2.598559439182280828e-01 2.545304942131041970e-01 2.494812151789665422e-01 2.436653316020965521e-01 2.469413948059081820e-01 2.553697818517685070e-01 2.581817317008971990e-01
1.099000000000000000e+05 2.585594258705774529e-01 2.536232036352157326e-01 2.483619730174541629e-01 2.426349113384882183e-01 2.457984703779220736e-01 2.544261709849039987e-01 2.567665125926336112e-01
1.100000000000000000e+05 2.577520906925201416e-01 2.529525260130564557e-01 2.475434690713882446e-01 2.419440448284149170e-01 2.451138645410537442e-01 2.535996933778126849e-01 2.556236584981281812e-01
1.101000000000000000e+05 2.573266357183456310e-01 2.521220934391021906e-01 2.467213781177997611e-01 2.412492863833904377e-01 2.443127492070198137e-01 2.527679431438445978e-01 2.546499043703079335e-01
1.102000000000000000e+05 2.564488857984542625e-01 2.513646314541498894e-01 2.456984153389930592e-01 2.405199289321899581e-01 2.436120913426080836e-01 2.520050317049026822e-01 2.536215980847675855e-01
1.103000000000000000e+05 2.554389554262161410e-01 2.503614540398120814e-01 2.445667722821235346e-01 2.394558039804300098e-01 2.426210042834281710e-01 2.512581025560696735e-01 2.525488589207330881e-01
1.104000000000000000e+05 2.544348585605621937e-01 2.490903460979462525e-01 2.433991724252700661e-01 2.385080635547637828e-01 2.414559227228165184e-01 2.506196165084838556e-01 2.516057181358337669e-01
1.105000000000000000e+05 2.533950393398602952e-01 2.480915938814481358e-01 2.426044978201389035e-01 2.378809824585914334e-01 2.406971876819928302e-01 2.501094748576482285e-01 2.507521957159042358e-01
1.106000000000000000e+05 2.527141076326370195e-01 2.473057644565900270e-01 2.419938147068023682e-01 2.374159440398216359e-01 2.400990351041158155e-01 2.497807786862055457e-01 2.500903749465942516e-01
1.107000000000000000e+05 2.520043236017227017e-01 2.468773697316646587e-01 2.417503017187118408e-01 2.369399189949035756e-01 2.397027853131294128e-01 2.497652862966060761e-01 2.495457780361175215e-01
1.108000000000000000e+05 2.520655930042267068e-01 2.468722228209177805e-01 2.418389928340911876e-01 2.367780526479085212e-01 2.395355568329493312e-01 2.502001104752222260e-01 2.491787236928939830e-01
1.109000000000000000e+05 2.526184849937757049e-01 2.475867832203706431e-01 2.426690447330475398e-01 2.375142683585484416e-01 2.399657913049062785e-01 2.509340245525041868e-01 2.490814739465713468e-01
1.110000000000000000e+05 2.535406798124312799e-01 2.486629262566566190e-01 2.436046212911606446e-01 2.384866625070571899e-01 2.408842742443085272e-01 2.519171178340912087e-01 2.492261409759521651e-01
1.111000000000000000e+05 2.548532186945279276e-01 2.498381561040878274e-01 2.446708489954472487e-01 2.396089007457097853e-01 2.421418105562527234e-01 2.530106749137241984e-01 2.497409098347027623e-01
1.112000000000000000e+05 2.564368096987406642e-01 2.511301350593567183e-01 2.458215630054474687e-01 2.409727364778518066e-01 2.435319926341374952e-01 2.542619478702545233e-01 2.507477207978566769e-01
1.113000000000000000e+05 2.578005734086035727e-01 2.521630167961119717e-01 2.468566684424877977e-01 2.422592140734195765e-01 2.448679676651954462e-01 2.557875719666481973e-01 2.519698250293731512e-01
1.114000000000000000e+05 2.590494807561237733e-01 2.532983090480168120e-01 2.481662109494210400e-01 2.435135076443353253e-01 2.461230713129043957e-01 2.573710999886194006e-01 2.531557683149974203e-01
1.115000000000000000e+05 2.599936281641324065e-01 2.545295293132464054e-01 2.494126290082931685e-01 2.446490960816541660e-01 2.472440640131632894e-01 2.585450599590937149e-01 2.543516178925832594e-01
1.116000000000000000e+05 2.608112418651580833e-01 2.556422436237335005e-01 2.505826675891875688e-01 2.455016791820526234e-01 2.483261936903000400e-01 2.589921772480011097e-01 2.556203758716584229e-01
1.117000000000000000e+05 2.610141170024871671e-01 2.553896610935528777e-01 2.506975442171097135e-01 2.455938381453354746e-01 2.483994668722152854e-01 2.584791824221611134e-01 2.569414830207824574e-01
1.118000000000000000e+05 2.602694644530614276e-01 2.543316447734833008e-01 2.496645328402519737e-01 2.447209397951761733e-01 2.475133707125982130e-01 2.579061339298884259e-01 2.579890878995259595e-01
1.119000000000000000e+05 2.590306264162063887e-01 2.532474493980407804e-01 2.486157244443893410e-01 2.437890715897083338e-01 2.465430021286010853e-01 2.582671335339546403e-01 2.582027900218963334e-01
1.120000000000000000e+05 2.593899011611938143e-01 2.539952536424001095e-01 2.492125779390334528e-01 2.443182468414306641e-01 2.470820625623067479e-01 2.602571308612822709e-01 2.578400850296020397e-01
1.121000000000000000e+05 2.621181960900625385e-01 2.570748816927274638e-01 2.515975598990916606e-01 2.466174446046351110e-01 2.495234981179238198e-01 2.629973674813906315e-01 2.577995451291402174e-01
1.122000000000000000e+05 2.648153322935102305e-01 2.602976530790326870e-01 2.544761502742766690e-01 2.495328843593597468e-01 2.528266966342928024e-01 2.652388530969619906e-01 2.590053880214692739e-01
1.123000000000000000e+05 2.667465761303900451e-01 2.619492216904957260e-01 2.561590865254402272e-01 2.513072932759921052e-01 2.548233761390050756e-01 2.658045620719591828e-01 2.612003741661708678e-01
1.124000000000000000e+05 2.664972956975301677e-01 2.606930232048035312e-01 2.558043885231018333e-01 2.510665734608968358e-01 2.546191608905792325e-01 2.649431280295054258e-01 2.633207452297210427e-01
1.125000000000000000e+05 2.645274922251701355e-01 2.579439505934715271e-01 2.539169564843177795e-01 2.488502599298954010e-01 2.522663921117782593e-01 2.642310187220573425e-01 2.643158137798309326e-01
1.126000000000000000e+05 2.648015298446019794e-01 2.583645015954971758e-01 2.540757250785827814e-01 2.490444675087928050e-01 2.520799434185028165e-01 2.647929851214091412e-01 2.643980189164479300e-01
1.127000000000000000e+05 2.667814895510674522e-01 2.605632329980532846e-01 2.556732225418090754e-01 2.507464577754338619e-01 2.552372894684473703e-01 2.659518940250078511e-01 2.642640892664591679e-01
1.128000000000000000e+05 2.676008796691893843e-01 2.606112277507782182e-01 2.558412337303161421e-01 2.511782288551330788e-01 2.556360077857971480e-01 2.671575868129729692e-01 2.645611071586608798e-01
1.129000000000000000e+05 2.687326811750729849e-01 2.611580151319503607e-01 2.565702959895134194e-01 2.520663877328237490e-01 2.568932112058004980e-01 2.678771697481473479e-01 2.651572785774867214e-01
1.130000000000000000e+05 2.694403519233067867e-01 2.618827263514200698e-01 2.572173893451690230e-01 2.526455819606781561e-01 2.574610789616902928e-01 2.672487696011861535e-01 2.657277504603067775e-01
1.131000000000000000e+05 2.684146490693092302e-01 2.601538369059562816e-01 2.556983703374861583e-01 2.509626105427741893e-01 2.562650573253631991e-01 2.658327737450599804e-01 2.659726279973983476e-01
1.132000000000000000e+05 2.664948558807374579e-01 2.573252236843110996e-01 2.534387290477752019e-01 2.485504547754925353e-01 2.545780789852142290e-01 2.650206967194875252e-01 2.658629842599232740e-01
1.133000000000000000e+05 2.667289845148722027e-01 2.584098438421884025e-01 2.537881556153298024e-01 2.495919182896612909e-01 2.547582385937373073e-01 2.652170267701148831e-01 2.653971387942631877e-01
1.134000000000000000e+05 2.678021883964538663e-01 2.601100409030914218e-01 2.552565795183180941e-01 2.509965866804123036e-01 2.559544575214386386e-01 2.655353415012359775e-01 2.648624956607818492e-01
1.135000000000000000e+05 2.675814802447954999e-01 2.586522092421849606e-01 2.548122510313988731e-01 2.500260658562183380e-01 2.560193677743275997e-01 2.658613100647926331e-01 2.647643049558003892e-01
1.136000000000000000e+05 2.676601211229960309e-01 2.589120201269786148e-01 2.546080875396727894e-01 2.499859988689422108e-01 2.561611020565032759e-01 2.663050798575083422e-01 2.650874110062916844e-01
1.137000000000000000e+05 2.687231659889221524e-01 2.598020374774933083e-01 2.554105916619300309e-01 2.507595747709274181e-01 2.565559822320938044e-01 2.667931270599365190e-01 2.653192192316055076e-01
1.138000000000000000e+05 2.692502987384796098e-01 2.605346985658009706e-01 2.558314323425291970e-01 2.511105845371882084e-01 2.570932169755299479e-01 2.672267125050226677e-01 2.651858878135681108e-01
1.139000000000000000e+05 2.696497144301732152e-01 2.611709371209144370e-01 2.568173229694366011e-01 2.521204049388566792e-01 2.580884552001953547e-01 2.675575979550679495e-01 2.653027180830638265e-01
1.140000000000000000e+05 2.700030326843261830e-01 2.611174941062927024e-01 2.570303261280059703e-01 2.525144815444946289e-01 2.584417521953582542e-01 2.676536917686462291e-01 2.661249220371246227e-01
1.141000000000000000e+05 2.696646606922150080e-01 2.603960461417834105e-01 2.562299653887749051e-01 2.515884245435396349e-01 2.581264545520146614e-01 2.677331393957138039e-01 2.669726975758870968e-01
1.142000000000000000e+05 2.693997844060261881e-01 2.603571865955988107e-01 2.559244537353515536e-01 2.511503279209136852e-01 2.580539679527282804e-01 2.678703707456588923e-01 2.672384480635325299e-01
1.143000000000000000e+05 2.697967460751533597e-01 2.608907142281532421e-01 2.563852506875991533e-01 2.516173526644706615e-01 2.584966999292373502e-01 2.678424334526062212e-01 2.670883530378341808e-01
1.144000000000000000e+05 2.701936022440592500e-01 2.609773206710815363e-01 2.565315461158752530e-01 2.519556283950805664e-01 2.586833111445109301e-01 2.675859006245931426e-01 2.670155370235443026e-01
1.145000000000000000e+05 2.699658726652462981e-01 2.605212926864624023e-01 2.563083052635192760e-01 2.516313344240189154e-01 2.584185401598612652e-01 2.670550718903541565e-01 2.669873873392740737e-01
1.146000000000000000e+05 2.697551172971725530e-01 2.603275847434997625e-01 2.557404595613479437e-01 2.511411249637603982e-01 2.578464221954345215e-01 2.666171681880951105e-01 2.666748583316802534e-01
1.147000000000000000e+05 2.699385889371235803e-01 2.609557624657948272e-01 2.558046859502792203e-01 2.514037892222404924e-01 2.577118279536564915e-01 2.663911275068919227e-01 2.660761610666910748e-01
1.148000000000000000e+05 2.709659377733866226e-01 2.619884689648945830e-01 2.566880607604980491e-01 2.521553178628285208e-01 2.582064664363861728e-01 2.664111483097076349e-01 2.654765117168426114e-01
1.149000000000000000e+05 2.719166770577430836e-01 2.628558799624443054e-01 2.574663627147674716e-01 2.529846265912055747e-01 2.589416319131851441e-01 2.665181314945220814e-01 2.650447720289230147e-01
1.150000000000000000e+05 2.718028624852499298e-01 2.625555296738942834e-01 2.576176077127456665e-01 2.531284441550573083e-01 2.590608795483907434e-01 2.664560824632644653e-01 2.648014624913533344e-01
1.151000000000000000e+05 2.707833130160968160e-01 2.615551610787710257e-01 2.570064651966094682e-01 2.525011176864306317e-01 2.585321650902430157e-01 2.664326159159342566e-01 2.648257788022359005e-01
1.152000000000000000e+05 2.697782576084137296e-01 2.591995716094971369e-01 2.555050241947173784e-01 2.510133147239684837e-01 2.581017041206359885e-01 2.669876432418823442e-01 2.650047218799591042e-01
1.153000000000000000e+05 2.703364750742912048e-01 2.594545818368593770e-01 2.555427944660186856e-01 2.505282660325368616e-01 2.589980775117874945e-01 2.688569088776905924e-01 2.651740809281667444e-01
1.154000000000000000e+05 2.732518659035365616e-01 2.643621764580409983e-01 2.596769803762437046e-01 2.551663180192309532e-01 2.615332019329071334e-01 2.715143281221388816e-01 2.655206429958343328e-01
1.155000000000000000e+05 2.768983021378519371e-01 2.693259477615358999e-01 2.636180311441422286e-01 2.592023313045501709e-01 2.647366821765901879e-01 2.738955318927765448e-01 2.664308816194535523e-01
1.156000000000000000e+05 2.794203193982441324e-01 2.712342488765716597e-01 2.655512487888336826e-01 2.613249460856119644e-01 2.671527187029521522e-01 2.753521307309468868e-01 2.679885677496592900e-01
1.157000000000000000e+05 2.801767039299011275e-01 2.705722629030545834e-01 2.655865326523780823e-01 2.611107076207797029e-01 2.680852317810058505e-01 2.762651517987251282e-01 2.697845133145649332e-01
1.158000000000000000e+05 2.798189836740493930e-01 2.692247283458709672e-01 2.649842059612274037e-01 2.602402389049530140e-01 2.680625462532043590e-01 2.774801522493361428e-01 2.715764451026916881e-01
1.159000000000000000e+05 2.798574293653170453e-01 2.692146678765615087e-01 2.653864148259163502e-01 2.610262796282769582e-01 2.687409742673237956e-01 2.791216735045115582e-01 2.732247632741927612e-01
1.160000000000000000e+05 2.809977412223814697e-01 2.711436053117114442e-01 2.676181316375733643e-01 2.636323670546213971e-01 2.706875304381053948e-01 2.808643440405527159e-01 2.748874187469483310e-01
1.161000000000000000e+05 2.825943812727927384e-01 2.725326910614966902e-01 2.697962802648545266e-01 2.657645046710968018e-01 2.727056354284286832e-01 2.816188359260559104e-01 2.762093424797058550e-01
1.162000000000000000e+05 2.837707662582397150e-01 2.736460729440052808e-01 2.713225150108338202e-01 2.669475764036178256e-01 2.737738863627115493e-01 2.811468766132990127e-01 2.773065471649170388e-01
1.163000000000000000e+05 2.839463050166765590e-01 2.742614027857780412e-01 2.712115859985350652e-01 2.668853978315989806e-01 2.731459460655847882e-01 2.796502643823624012e-01 2.781460205713908174e-01
1.164000000000000000e+05 2.822111439704893532e-01 2.720560514926908535e-01 2.696122670173643487e-01 2.654729485511779785e-01 2.713693690299988637e-01 2.778355014324188632e-01 2.785130798816680686e-01
1.165000000000000000e+05 2.783059532443681316e-01 2.662686040004092480e-01 2.646228119730952844e-01 2.614462971687313564e-01 2.691222419341404715e-01 2.763962586720783987e-01 2.783221135536829705e-01
1.166000000000000000e+05 2.755235026280086208e-01 2.627725193897883504e-01 2.605516165494918823e-01 2.581700434287390045e-01 2.677735225359598736e-01 2.753412806987762806e-01 2.775419612725575358e-01
1.167000000000000000e+05 2.770606541633605646e-01 2.671133321523666004e-01 2.625919383764265258e-01 2.599752664566040150e-01 2.676925069093704090e-01 2.741001275181770280e-01 2.765174424648284557e-01
1.168000000000000000e+05 2.788045247395833370e-01 2.686495606104532530e-01 2.634668803215027832e-01 2.603255410989125940e-01 2.668585892518360314e-01 2.716445207595826750e-01 2.754686657587686605e-01
1.169000000000000000e+05 2.777055933078133032e-01 2.656501127282782648e-01 2.607796263694764360e-01 2.580023656288784606e-01 2.642067493995028937e-01 2.668870441118877945e-01 2.743333643674849553e-01
1.170000000000000000e+05 2.735742270946505683e-01 2.610290944576266203e-01 2.564002990722657471e-01 2.535101324319839478e-01 2.594567537307739258e-01 2.587606698274610983e-01 2.723348557949066273e-01
1.171000000000000000e+05 2.660714125633242277e-01 2.529291124145193193e-01 2.482350626587870590e-01 2.460234525303041653e-01 2.518706284960111064e-01 2.460036122798921199e-01 2.688551304737726855e-01
1.172000000000000000e+05 2.542825615406035800e-01 2.409677843252817364e-01 2.358281373977663409e-01 2.350215891997025908e-01 2.405407716830569032e-01 2.263116751114535030e-01 2.633581988016763242e-01
1.173000000000000000e+05 2.343460911512366407e-01 2.249314670264714322e-01 2.202061612904074317e-01 2.191704571247100886e-01 2.217537730932224171e-01 1.932786753773683697e-01 2.544826194643969308e-01
1.174000000000000000e+05 1.945719433824184830e-01 1.959264173110298046e-01 1.951691555976869663e-01 1.927965725461685265e-01 1.904798324902838014e-01 1.485857894023252246e-01 2.406811624765390067e-01
1.175000000000000000e+05 1.303485793372028134e-01 1.343727403630856909e-01 1.485910713672637939e-01 1.429753961662481310e-01 1.429637546340573606e-01 1.048320736736066683e-01 2.185289114713639125e-01
1.176000000000000000e+05 7.106000810861673456e-02 5.537070289254301947e-02 7.635411188006381578e-02 8.430681824684144177e-02 9.453435659408668257e-02 8.028989374637589271e-02 1.851984566450127767e-01
1.177000000000000000e+05 5.109542099138101451e-02 4.164266244818785878e-02 5.449257079511880125e-02 5.845596386740624373e-02 6.739029700557400138e-02 7.744464928905142598e-02 1.455627810955049672e-01
1.178000000000000000e+05 6.239685329297906674e-02 5.834418045977409623e-02 6.511703431606323533e-02 6.801775855322704512e-02 7.309761961301208810e-02 8.991392771402997863e-02 1.099586135148994254e-01
1.179000000000000000e+05 9.163372673094050125e-02 1.001286403834784344e-01 9.309323154389934074e-02 9.154969491064549048e-02 9.065175339579610581e-02 1.027345885336400089e-01 8.819136857986427380e-02
1.180000000000000000e+05 1.143218005696928080e-01 1.233758370081583788e-01 1.145519524812700501e-01 1.083985815445582118e-01 1.050757542252544058e-01 1.078336805105210294e-01 8.348251481850982314e-02
1.181000000000000000e+05 1.146610334267219727e-01 1.113040894518297630e-01 1.100322023779150560e-01 1.070420083900295999e-01 1.067621556917825315e-01 1.061967287212609579e-01 9.018580476443004146e-02
1.182000000000000000e+05 1.049845059216020504e-01 9.694710537791238758e-02 9.946439400315285062e-02 1.003990598022937719e-01 1.031307137012482389e-01 1.042111927270889110e-01 9.872026771306977033e-02
1.183000000000000000e+05 1.048925866931678663e-01 1.040133825937911705e-01 1.027840340882542614e-01 1.010513726621867364e-01 1.018534372746944389e-01 1.031728073209524782e-01 1.030129503707091082e-01
1.184000000000000000e+05 1.067373818159104981e-01 1.073360681533818139e-01 1.053100371360784770e-01 1.016841600338618118e-01 1.015084139506022276e-01 1.017712200681369222e-01 1.034015897909800336e-01
1.185000000000000000e+05 1.029083997011186191e-01 9.528039582073735692e-02 9.758768007159324132e-02 9.770231880247592926e-02 9.935475438833227257e-02 1.004754900932312012e-01 1.020640864968299089e-01
1.186000000000000000e+05 1.011419212818145813e-01 9.614262476563456561e-02 9.647799566388089165e-02 9.656166285276406025e-02 9.833709945281346454e-02 1.000319705903530143e-01 1.007498070597648426e-01
1.187000000000000000e+05 1.027008249113957050e-01 1.031941879540681783e-01 1.011961952596904524e-01 9.823453128337869544e-02 9.839015086491902096e-02 9.969204140206179565e-02 9.962148919701567518e-02
1.188000000000000000e+05 1.004096600413325602e-01 9.508203446865183539e-02 9.608020901680057457e-02 9.588506817817687988e-02 9.721866548061368352e-02 1.002188429236412215e-01 9.909088104963301169e-02
1.189000000000000000e+05 9.861486447354150808e-02 9.088082859913458600e-02 9.165061816573157050e-02 9.497205999990308845e-02 9.742865845561030080e-02 1.023549739271402415e-01 9.858632167180378381e-02
1.190000000000000000e+05 1.034714080393312891e-01 1.034242895742255863e-01 1.011449284851547309e-01 9.962539871533686309e-02 1.006118749578795157e-01 1.041156490643819765e-01 9.826570848623913945e-02
1.191000000000000000e+05 1.095534820109606428e-01 1.093455471843481491e-01 1.057962287217377173e-01 1.033494248986244202e-01 1.030904731154441839e-01 1.016177478432655074e-01 9.904232859611508677e-02
1.192000000000000000e+05 1.078093220790224682e-01 1.062194428841269356e-01 1.048121687769894839e-01 1.014809171358747458e-01 1.007107246915496523e-01 9.503341803948063549e-02 1.005085933208466620e-01
1.193000000000000000e+05 9.763719320297195581e-02 9.097537130117357151e-02 9.296076655387938703e-02 9.231903826197042362e-02 9.301246528824165527e-02 8.658516936004198583e-02 1.010989714165528575e-01
1.194000000000000000e+05 8.567757040262267976e-02 7.809604600071946845e-02 8.147826686501534466e-02 8.235412761569023410e-02 8.421241581439899149e-02 7.894686043262519326e-02 9.853749185800517174e-02
1.195000000000000000e+05 7.864854161938036881e-02 7.432578292985758672e-02 7.606805823743353900e-02 7.582604140043240626e-02 7.712530096371957022e-02 7.214779270191953864e-02 9.305108015735930049e-02
1.196000000000000000e+05 7.295954277118031628e-02 7.057434777418758465e-02 7.159272134304059398e-02 7.027223209540081617e-02 7.076184521118826509e-02 6.602952182292962102e-02 8.581363379955320170e-02
1.197000000000000000e+05 6.394104339182467289e-02 6.096783269196853761e-02 6.369352668523804717e-02 6.226726956665516038e-02 6.345170520245996260e-02 6.315427556633952666e-02 7.863821342587440366e-02
1.198000000000000000e+05 5.462324671447317537e-02 4.188805093368018484e-02 5.162908703088760903e-02 5.528892253835989562e-02 5.887728710969285933e-02 6.862010190884330896e-02 7.217990110317876185e-02
1.199000000000000000e+05 5.924826296667203007e-02 4.947017022718876861e-02 5.861524764448395458e-02 6.128203123807846042e-02 6.474370797475249850e-02 8.202001844843155587e-02 6.755762880047140595e-02
