9.000000000000000000e+04 4.663693431219180919e-04 4.008633811336595725e-04 5.700279839549781194e-04
9.010000000000000000e+04 5.933270149500481910e-04 6.564708958779886909e-04 7.386934461955095869e-04
9.020000000000000000e+04 6.319496315263049141e-04 5.580374515638134112e-04 8.993094124039470840e-04
9.030000000000000000e+04 4.470278571530663129e-04 4.139562351852387888e-04 5.252030516524420004e-04
9.040000000000000000e+04 6.310123125389726978e-04 6.324087842072940394e-04 7.642041585726721273e-04
9.050000000000000000e+04 7.606562287788749301e-04 6.804147869524218009e-04 9.756669233245907546e-04
9.060000000000000000e+04 6.572820088240984883e-04 5.978863151218570494e-04 8.333754304153498686e-04
9.070000000000000000e+04 5.623146498212324785e-04 4.078991643654868030e-04 5.644796115954703406e-04
9.080000000000000000e+04 4.839702514061717761e-04 4.121536513925467909e-04 5.863244940724705910e-04
9.090000000000000000e+04 5.230531747214771897e-04 4.469049191406157528e-04 5.826746655194128387e-04
9.100000000000000000e+04 5.413288837358746185e-04 4.637562995592581596e-04 6.090952942545468712e-04
9.110000000000000000e+04 5.322642022808468697e-04 4.504878875399256260e-04 6.646871365066491519e-04
9.120000000000000000e+04 5.524168671040436416e-04 4.678185112605971708e-04 6.430242807707375668e-04
9.130000000000000000e+04 5.749978017758932336e-04 5.017182660179176105e-04 6.695703396177879680e-04
9.140000000000000000e+04 5.516038429125134533e-04 5.200956689954635594e-04 7.519292416839206284e-04
9.150000000000000000e+04 6.486058642466162360e-04 5.380352909435310617e-04 7.727537049601033601e-04
9.160000000000000000e+04 6.301486113968272343e-04 5.684141710421428476e-04 7.637168372074554928e-04
9.170000000000000000e+04 6.276307919477919651e-04 5.633163820447909973e-04 7.904327253402139821e-04
9.180000000000000000e+04 6.711966910801154314e-04 6.111218554098882738e-04 8.159885841877136331e-04
9.190000000000000000e+04 7.213914078949188423e-04 6.491251723719063159e-04 8.718234218404691087e-04
9.200000000000000000e+04 8.631366811842124684e-04 8.289950488152473228e-04 1.083916922359469707e-03
9.210000000000000000e+04 1.111739789838969662e-03 1.048517852542837654e-03 1.338749286366885905e-03
9.220000000000000000e+04 1.221574906264063804e-03 1.119802372791472425e-03 1.469139090921498794e-03
9.230000000000000000e+04 1.239277747812251142e-03 1.124205760990787829e-03 1.555928548571862023e-03
9.240000000000000000e+04 1.229550272489196181e-03 1.107356921709670705e-03 1.511101802303964304e-03
9.250000000000000000e+04 1.290610864379301836e-03 1.082701182801636824e-03 1.559247031080234890e-03
9.260000000000000000e+04 1.099200552851584004e-03 1.086836074300714114e-03 1.512262541528886731e-03
9.270000000000000000e+04 1.214171957477269345e-03 1.073727674165545886e-03 1.545914904071552876e-03
9.280000000000000000e+04 1.178614204807599403e-03 1.076593985902785230e-03 1.419250325213981551e-03
9.290000000000000000e+04 1.201670994104165908e-03 1.077750992693929377e-03 1.682625155513171444e-03
9.300000000000000000e+04 1.152835939138152068e-03 1.095629857751899113e-03 1.507851963270109667e-03
9.310000000000000000e+04 1.206819621141468155e-03 1.034174435969514297e-03 1.457331296879980963e-03
9.320000000000000000e+04 1.133371320117913285e-03 1.029377780425502808e-03 1.385097731574380783e-03
9.330000000000000000e+04 1.089222726342149337e-03 1.039792340408613727e-03 1.450111093879556277e-03
9.340000000000000000e+04 1.114846611334593257e-03 1.077962742702501730e-03 1.381177869156451597e-03
9.350000000000000000e+04 1.092047059139622739e-03 1.063581720457993252e-03 1.383042307226209876e-03
9.360000000000000000e+04 1.096255546022257112e-03 1.025300562654600251e-03 1.431011899609578716e-03
9.370000000000000000e+04 1.183931084949692075e-03 1.101096875801523510e-03 1.467504455933672661e-03
9.380000000000000000e+04 1.208443006264068491e-03 1.087292921384471010e-03 1.531891647311881899e-03
9.390000000000000000e+04 1.176351948628984569e-03 9.896661960295646994e-04 1.493713275392413112e-03
9.400000000000000000e+04 1.142633283157430332e-03 1.073950089047706223e-03 1.372396179966627440e-03
9.410000000000000000e+04 1.154031523345250190e-03 1.102039647535863441e-03 1.450022943424012769e-03
9.420000000000000000e+04 1.216156750010834826e-03 1.125982741180019250e-03 1.507255933158464008e-03
9.430000000000000000e+04 1.173311239410453934e-03 1.083100805795746135e-03 1.546780382447119750e-03
9.440000000000000000e+04 1.144609701006689970e-03 1.050596983118134205e-03 1.453467130176094900e-03
9.450000000000000000e+04 1.124928544568552010e-03 9.811429147445912234e-04 1.401213037498151180e-03
9.460000000000000000e+04 1.139491969339097126e-03 9.990503810463965007e-04 1.363236606967219199e-03
9.470000000000000000e+04 1.151036703944425133e-03 1.012769906964216138e-03 1.406867533498499731e-03
9.480000000000000000e+04 1.145962701343028510e-03 9.288665765570974005e-04 1.348189338495269212e-03
9.490000000000000000e+04 1.114699942074258909e-03 9.720156683241218572e-04 1.392545606578693982e-03
9.500000000000000000e+04 1.112862025321262500e-03 9.962460720220056576e-04 1.385717221566233311e-03
9.510000000000000000e+04 1.143137113933455134e-03 9.884076947371176185e-04 1.405143518851866610e-03
9.520000000000000000e+04 1.089635778503475916e-03 9.625073611019422173e-04 1.374767787072821894e-03
9.530000000000000000e+04 1.151765107833826194e-03 1.009692115208845904e-03 1.406009307724625243e-03
9.540000000000000000e+04 1.182661504631230681e-03 1.116599360026441839e-03 1.515856596657797059e-03
9.550000000000000000e+04 1.281864736506864140e-03 1.074437788308177768e-03 1.620797107976888274e-03
9.560000000000000000e+04 1.212786052765309902e-03 1.069658545217953057e-03 1.516994028008369737e-03
9.570000000000000000e+04 1.201470413474924493e-03 1.031868304781519054e-03 1.516853404437350662e-03
9.580000000000000000e+04 1.156646239160553230e-03 1.086092611138625257e-03 1.509663318602330780e-03
9.590000000000000000e+04 1.258627822398766067e-03 1.063723552583745180e-03 1.523782407834348759e-03
9.600000000000000000e+04 1.179626300742213493e-03 1.055680179983072746e-03 1.522497943815667807e-03
9.610000000000000000e+04 1.234566870802688296e-03 1.034995356277792567e-03 1.550141719773455787e-03
9.620000000000000000e+04 1.138537496001397085e-03 1.004679726292672780e-03 1.362488738034854608e-03
9.630000000000000000e+04 1.133031526267435068e-03 9.502500991670311719e-04 1.385460449231499473e-03
9.640000000000000000e+04 1.240626206795507032e-03 1.139979067457283415e-03 1.473426069998779245e-03
9.650000000000000000e+04 1.333419308174830890e-03 1.299784453230396798e-03 1.650396329925450179e-03
9.660000000000000000e+04 1.507995155903151972e-03 1.265477877179646939e-03 1.692457424555103172e-03
9.670000000000000000e+04 1.347369984826582434e-03 1.161854146899593977e-03 1.710346771062066801e-03
9.680000000000000000e+04 1.270743379600572072e-03 1.119949357334634396e-03 1.548283203504224664e-03
9.690000000000000000e+04 1.189557974703007266e-03 1.135730440243236557e-03 1.447111102230246027e-03
9.700000000000000000e+04 1.168952679737628609e-03 1.057330740619188145e-03 1.434053331300688943e-03
9.710000000000000000e+04 1.185396599654531345e-03 9.911532569711416739e-04 1.376281451098050439e-03
9.720000000000000000e+04 1.194192947234916976e-03 1.084621575280816930e-03 1.579112511131581208e-03
9.730000000000000000e+04 1.307182352813307481e-03 1.065151028751505158e-03 1.537241092656454079e-03
9.740000000000000000e+04 1.283361599547297883e-03 1.016538406621549139e-03 1.473585363364667260e-03
9.750000000000000000e+04 1.297983405824594582e-03 1.139178698521726811e-03 1.545055269275036553e-03
9.760000000000000000e+04 1.339022840710778163e-03 1.105731534553594736e-03 1.566303943425570314e-03
9.770000000000000000e+04 1.339339879599277250e-03 1.106784492431035164e-03 1.572847146892107683e-03
9.780000000000000000e+04 1.329456520858273523e-03 1.080765451909192817e-03 1.551810127588084884e-03
9.790000000000000000e+04 1.326254645720008514e-03 1.076018391618655022e-03 1.606895426755609261e-03
9.800000000000000000e+04 1.252181292152155113e-03 1.103953575567572084e-03 1.506621007477208828e-03
9.810000000000000000e+04 1.372866435981534225e-03 1.130927228548122372e-03 1.619988477315304843e-03
9.820000000000000000e+04 1.459761137959255523e-03 1.230443650462886796e-03 1.724751310913130806e-03
9.830000000000000000e+04 1.274468228759859751e-03 1.100062538424285584e-03 1.599987817919014616e-03
9.840000000000000000e+04 1.328314328311597670e-03 1.177025127212007801e-03 1.571363329117011305e-03
9.850000000000000000e+04 1.327388885264007591e-03 1.189473880285477677e-03 1.598157351555888140e-03
9.860000000000000000e+04 1.390845903273500630e-03 1.215591228987492620e-03 1.539917304906189294e-03
9.870000000000000000e+04 1.500458679344798167e-03 1.250911578555574492e-03 1.728567879169794989e-03
9.880000000000000000e+04 1.508289088520291688e-03 1.223987097058209074e-03 1.751015034898887029e-03
9.890000000000000000e+04 1.606098666130558947e-03 1.321893999257641892e-03 1.823437580445251777e-03
9.900000000000000000e+04 1.581079194827572469e-03 1.452042719499202581e-03 1.925970029336018362e-03
9.910000000000000000e+04 1.747128055878771581e-03 1.489085465623773063e-03 2.015371805146443616e-03
9.920000000000000000e+04 1.659375455630970496e-03 1.457747497462510760e-03 1.914179487201048829e-03
9.930000000000000000e+04 1.829134798538228869e-03 1.551076304670205054e-03 2.243648674978968981e-03
9.940000000000000000e+04 1.636461716507320568e-03 1.519950464265513133e-03 1.963716631112169802e-03
9.950000000000000000e+04 1.764901215691934942e-03 1.583942388991991038e-03 1.951727105947381399e-03
9.960000000000000000e+04 1.954856720025579132e-03 1.632262141552975714e-03 2.176343726185398994e-03
9.970000000000000000e+04 1.700967467081179133e-03 1.468186208949890390e-03 2.028863652419017356e-03
9.980000000000000000e+04 1.835139258288284812e-03 1.599809126797569619e-03 2.073989393632272651e-03
9.990000000000000000e+04 1.799869821909642507e-03 1.512020328837629640e-03 2.107085537908687939e-03
1.000000000000000000e+05 1.584942200354200669e-03 1.355792146041247866e-03 1.837782303966464239e-03
1.001000000000000000e+05 1.766335527912913641e-03 1.510140081039694580e-03 1.987314762911899461e-03
1.002000000000000000e+05 1.729102124871068069e-03 1.483921855894998780e-03 1.981096803695029697e-03
1.003000000000000000e+05 1.783312435336493421e-03 1.502066444628679396e-03 1.956742998061808143e-03
1.004000000000000000e+05 1.737418378939105477e-03 1.513183087049912176e-03 1.967284425962228297e-03
1.005000000000000000e+05 1.703934107231951664e-03 1.483333761513443540e-03 1.996535044294962466e-03
1.006000000000000000e+05 1.726648723672827941e-03 1.471435114424816731e-03 1.928253717648978219e-03
1.007000000000000000e+05 1.758108498771799449e-03 1.559516696781890806e-03 2.053792696878606067e-03
1.008000000000000000e+05 1.868512623689591199e-03 1.588592368334241361e-03 2.134231302716634634e-03
1.009000000000000000e+05 1.818447751139089024e-03 1.594842008115992431e-03 2.117323971903540235e-03
1.010000000000000000e+05 1.804375238542106630e-03 1.582413905539557146e-03 2.090625546773072600e-03
1.011000000000000000e+05 1.828861366314468977e-03 1.494096332460235219e-03 2.016643055403368780e-03
1.012000000000000000e+05 1.817241855007116144e-03 1.543650121710343770e-03 2.037474692278265585e-03
1.013000000000000000e+05 2.041090882233189893e-03 1.768850807476649543e-03 2.338332306189238284e-03
1.014000000000000000e+05 1.901219202132920210e-03 1.647852901559686278e-03 2.124714148115576431e-03
1.015000000000000000e+05 1.900599879817259624e-03 1.510859229836932069e-03 2.036122963623218998e-03
1.016000000000000000e+05 1.606492173044495346e-03 1.340734766327309445e-03 1.758727052755038262e-03
1.017000000000000000e+05 1.606038505457361033e-03 1.398386983026677580e-03 1.788748914048409388e-03
1.018000000000000000e+05 1.832312144448222050e-03 1.518714468180210097e-03 2.050973308838896069e-03
1.019000000000000000e+05 1.869718623195830475e-03 1.488975054649019055e-03 2.033924146042496994e-03
1.020000000000000000e+05 1.922214310940497523e-03 1.689152074092932065e-03 2.063313229269723211e-03
1.021000000000000000e+05 1.914982969550950778e-03 1.601576281255698590e-03 2.089789803555495463e-03
1.022000000000000000e+05 1.861645205368911427e-03 1.579834633952514195e-03 2.098764352198098735e-03
1.023000000000000000e+05 1.949009060072452466e-03 1.515657301559535054e-03 2.140104263930310211e-03
1.024000000000000000e+05 1.969758750567686834e-03 1.657252871118759709e-03 2.121557993117593414e-03
1.025000000000000000e+05 2.006686708694972645e-03 1.599631080120279348e-03 2.096862872891457584e-03
1.026000000000000000e+05 1.960341973800221443e-03 1.570456542930990769e-03 2.011722780238143701e-03
1.027000000000000000e+05 1.913239364602496153e-03 1.485438399313834118e-03 2.011641340754440066e-03
1.028000000000000000e+05 1.835415937719237075e-03 1.563662863020352182e-03 1.978273038861548538e-03
1.029000000000000000e+05 2.056050245813618397e-03 1.696673431694651268e-03 2.176293133919955138e-03
1.030000000000000000e+05 1.794702576629850872e-03 1.474448123148951054e-03 1.892285992270709887e-03
1.031000000000000000e+05 1.777623469720338240e-03 1.570712792362891378e-03 1.948624995759249074e-03
1.032000000000000000e+05 1.896219295842786669e-03 1.576716740219047223e-03 2.056660814147673409e-03
1.033000000000000000e+05 1.934793151954123302e-03 1.596861563171243781e-03 2.091800142936459540e-03
1.034000000000000000e+05 1.841033261489883948e-03 1.471848300249894602e-03 1.841377022597785349e-03
1.035000000000000000e+05 1.931571071496040190e-03 1.517154616118570817e-03 1.896098073202930837e-03
1.036000000000000000e+05 1.797767196167691277e-03 1.510351240446874271e-03 1.955137284633165148e-03
1.037000000000000000e+05 1.733917990931712087e-03 1.361175885192962825e-03 1.827577766802994516e-03
1.038000000000000000e+05 1.792274211250844242e-03 1.424409575913651582e-03 1.888458752205022856e-03
1.039000000000000000e+05 1.914836553296675676e-03 1.504824304118982043e-03 1.917261772500049354e-03
1.040000000000000000e+05 1.655672695576443192e-03 1.257583605226547316e-03 1.736324147385061431e-03
1.041000000000000000e+05 1.775255599048620059e-03 1.381273145957106780e-03 1.798462693092943735e-03
1.042000000000000000e+05 1.875490726804760096e-03 1.509046508224441046e-03 1.969161619868590573e-03
1.043000000000000000e+05 1.816173547233976152e-03 1.372423834429025444e-03 1.845983905045681236e-03
1.044000000000000000e+05 1.724627577602469604e-03 1.469971977756410163e-03 1.936733873234352610e-03
1.045000000000000000e+05 1.960120146015000096e-03 1.465822280135315858e-03 2.027241841855767761e-03
1.046000000000000000e+05 1.905399492951900114e-03 1.449879330097294822e-03 1.994604315776441969e-03
1.047000000000000000e+05 1.831105821773908659e-03 1.413862183980078456e-03 1.890095100552161055e-03
1.048000000000000000e+05 1.919079610619841983e-03 1.485169300959415534e-03 1.889031155036853581e-03
1.049000000000000000e+05 1.957273964863078582e-03 1.511354215547172685e-03 1.950987721712779113e-03
1.050000000000000000e+05 1.931270740421225755e-03 1.417290875859284057e-03 2.021762744337736277e-03
1.051000000000000000e+05 1.933882848012184177e-03 1.449822267708551857e-03 2.032377473042893193e-03
1.052000000000000000e+05 1.968438785014558871e-03 1.519653528518646098e-03 2.029483206322936061e-03
1.053000000000000000e+05 1.858352990758121558e-03 1.570657208226047341e-03 2.002667633056878695e-03
1.054000000000000000e+05 2.017075829912320407e-03 1.542508349764898628e-03 2.093785690482933767e-03
1.055000000000000000e+05 1.878314973429374068e-03 1.386303228150316319e-03 1.837190507214068102e-03
1.056000000000000000e+05 1.844361135755415246e-03 1.374406107140535268e-03 1.944580135103714897e-03
1.057000000000000000e+05 1.908290215624692133e-03 1.435276328925348850e-03 2.012997333266529267e-03
1.058000000000000000e+05 1.928910443994747044e-03 1.479790362350244786e-03 2.079601322006999122e-03
1.059000000000000000e+05 2.024234295949072296e-03 1.559802784839539819e-03 2.001075805248977470e-03
1.060000000000000000e+05 1.988108001776727786e-03 1.509188395138978461e-03 2.022732212858426373e-03
1.061000000000000000e+05 1.922141421819443131e-03 1.480125696763390578e-03 1.930436463690329190e-03
1.062000000000000000e+05 1.825036454055592536e-03 1.430065338256695769e-03 1.839906237293428707e-03
1.063000000000000000e+05 1.895848931869773294e-03 1.434926333795858138e-03 1.879033945478013378e-03
1.064000000000000000e+05 1.778394987634493701e-03 1.389572888705345151e-03 1.881766948141369231e-03
1.065000000000000000e+05 1.816040309536077427e-03 1.392549434223212595e-03 1.854100359079710429e-03
1.066000000000000000e+05 1.960842164977548516e-03 1.494202221482105256e-03 1.896714580359183970e-03
1.067000000000000000e+05 2.052345599529603170e-03 1.513980393226945420e-03 2.047864107568783242e-03
1.068000000000000000e+05 2.134390715759299818e-03 1.589756521146994594e-03 2.038090674487522038e-03
1.069000000000000000e+05 2.031399446294396977e-03 1.496644562690665646e-03 2.135960142794454762e-03
1.070000000000000000e+05 2.010604707560127713e-03 1.433873127267644779e-03 2.000988305433314476e-03
1.071000000000000000e+05 2.010912463528930633e-03 1.502574179513559193e-03 2.029852091306894295e-03
1.072000000000000000e+05 2.073510635133795580e-03 1.475653620151601677e-03 2.054155503511069861e-03
1.073000000000000000e+05 2.246473083575386762e-03 1.544540784321820660e-03 2.067936132353536804e-03
1.074000000000000000e+05 2.251358467349402412e-03 1.739753911890997524e-03 2.300490930837055092e-03
1.075000000000000000e+05 2.245304986992502101e-03 1.613942398136332650e-03 2.254808197697993465e-03
1.076000000000000000e+05 1.984531139963613931e-03 1.489314187209456967e-03 2.043000436838531171e-03
1.077000000000000000e+05 2.045346521996436497e-03 1.571960574691731120e-03 2.069526518781746212e-03
1.078000000000000000e+05 2.130334385267738939e-03 1.531427374232900230e-03 2.055967721424428133e-03
1.079000000000000000e+05 2.087813057587228384e-03 1.593026671991571103e-03 2.068387642360401072e-03
1.080000000000000000e+05 2.049646334344537319e-03 1.523964062009184077e-03 2.033207993101402745e-03
1.081000000000000000e+05 1.892270251415596391e-03 1.369451803957324586e-03 1.955500221113064697e-03
1.082000000000000000e+05 1.931772976688144860e-03 1.416528957158147894e-03 1.931740111504101024e-03
1.083000000000000000e+05 1.934542488900842369e-03 1.437055974538319417e-03 1.973979591498516671e-03
1.084000000000000000e+05 2.045483110068102919e-03 1.391737093553677054e-03 1.951062725846086079e-03
1.085000000000000000e+05 2.010386802240902472e-03 1.469112742670300974e-03 1.979399455049444916e-03
1.086000000000000000e+05 2.006280584446433566e-03 1.448326432365707687e-03 2.078302666525213682e-03
1.087000000000000000e+05 1.993140978293645327e-03 1.447695604585775035e-03 2.033027957313645207e-03
1.088000000000000000e+05 2.137018870791766462e-03 1.550435325759691755e-03 2.137699622532535787e-03
1.089000000000000000e+05 2.195332332942593126e-03 1.563906374907778974e-03 2.068314786806539542e-03
1.090000000000000000e+05 2.268620002150736458e-03 1.584508853682441458e-03 2.148167345613185945e-03
1.091000000000000000e+05 2.380500525753094943e-03 1.684932299523556878e-03 2.301370112951040946e-03
1.092000000000000000e+05 2.248973795568844775e-03 1.598027936525136432e-03 2.191854283481906376e-03
1.093000000000000000e+05 2.143927143272778522e-03 1.556041331594439385e-03 2.072007764274997298e-03
1.094000000000000000e+05 2.176435741227731539e-03 1.565733442151079780e-03 2.127493555379991828e-03
1.095000000000000000e+05 2.178391929044867954e-03 1.579584922385302449e-03 2.102684723651584899e-03
1.096000000000000000e+05 2.062962617541999957e-03 1.423377764838154157e-03 2.087300880857727737e-03
1.097000000000000000e+05 2.021182607447722605e-03 1.537622251948116223e-03 2.007985773653914261e-03
1.098000000000000000e+05 2.073148204333166190e-03 1.436219913750496355e-03 1.931141093094367652e-03
1.099000000000000000e+05 2.004810057978607691e-03 1.592305423307404126e-03 1.923102323009199784e-03
1.100000000000000000e+05 2.003450083906872271e-03 1.440831324202206803e-03 1.873292496726128471e-03
1.101000000000000000e+05 2.008013042724878655e-03 1.495801368829384730e-03 1.948886362128990574e-03
1.102000000000000000e+05 2.034029612911378900e-03 1.400440919150796899e-03 1.842375068913577581e-03
1.103000000000000000e+05 1.938206559082533784e-03 1.404679866879231633e-03 1.964996948923487200e-03
1.104000000000000000e+05 1.870487524431003286e-03 1.398735321123126046e-03 1.776235580717760477e-03
1.105000000000000000e+05 1.844341824126318179e-03 1.357995256863237790e-03 1.704069061358479175e-03
1.106000000000000000e+05 1.831059636923604902e-03 1.319357115395815251e-03 1.769070244050971463e-03
1.107000000000000000e+05 1.823628635660609967e-03 1.312112606356629014e-03 1.809362973308898661e-03
1.108000000000000000e+05 1.877373260151180218e-03 1.279645642832608803e-03 1.741689312769551835e-03
1.109000000000000000e+05 1.849403252960441987e-03 1.325152907714999533e-03 1.724792447687925525e-03
1.110000000000000000e+05 1.850189312449123779e-03 1.340611254218141346e-03 1.708100497726185076e-03
1.111000000000000000e+05 1.930625123532019299e-03 1.361185293417549154e-03 1.724862502497336676e-03
1.112000000000000000e+05 1.950066826355428612e-03 1.379921455982902143e-03 1.846771036178969632e-03
1.113000000000000000e+05 1.918068824454686799e-03 1.331801071141396672e-03 1.799093879048034540e-03
1.114000000000000000e+05 1.938007549240287203e-03 1.357507090633341094e-03 1.755326283746558129e-03
1.115000000000000000e+05 1.906699121751126739e-03 1.414801844486703042e-03 1.799624452769407138e-03
1.116000000000000000e+05 1.937971333140439201e-03 1.448880236201226810e-03 1.735299335890230386e-03
1.117000000000000000e+05 2.043183613626027659e-03 1.526178794230392604e-03 1.853944374770517085e-03
1.118000000000000000e+05 1.937843814996867160e-03 1.334433888445742426e-03 1.739851242046344280e-03
1.119000000000000000e+05 1.804361867119386263e-03 1.313645223174782911e-03 1.642973774283701437e-03
1.120000000000000000e+05 1.715484532380680965e-03 1.292232551383690805e-03 1.648444446180059473e-03
1.121000000000000000e+05 1.861585285870258691e-03 1.410668951762176788e-03 1.730310617239245920e-03
1.122000000000000000e+05 2.058605504375341649e-03 1.514808742208389450e-03 1.846180727956916534e-03
1.123000000000000000e+05 2.177031915405639156e-03 1.578184965138710108e-03 1.986072701203639608e-03
1.124000000000000000e+05 2.248183735810941643e-03 1.610887564237541971e-03 1.897573639738506582e-03
1.125000000000000000e+05 1.900950485444876563e-03 1.394697403790047920e-03 1.752587363713767549e-03
1.126000000000000000e+05 1.911636782082549524e-03 1.376230667801448026e-03 1.679964561753096233e-03
1.127000000000000000e+05 2.057936221224202812e-03 1.643934833883303227e-03 1.935007502964934114e-03
1.128000000000000000e+05 1.913701166250272303e-03 1.468158332045442797e-03 1.862385235916767063e-03
1.129000000000000000e+05 1.994594453128846652e-03 1.439839485565174489e-03 1.830446423351051160e-03
1.130000000000000000e+05 2.123865925906488154e-03 1.576802123744227299e-03 1.861104724175226439e-03
1.131000000000000000e+05 2.124008943812636697e-03 1.500467778942967106e-03 1.973239340489422143e-03
1.132000000000000000e+05 1.788985217840394475e-03 1.343148676969343168e-03 1.756212852315240354e-03
1.133000000000000000e+05 1.833778940177726137e-03 1.339231166749499380e-03 1.606932054815734786e-03
1.134000000000000000e+05 2.079155896280828267e-03 1.578481255221524538e-03 1.912757237414887401e-03
1.135000000000000000e+05 2.018676973177365580e-03 1.398266358237542934e-03 1.924763401003707795e-03
1.136000000000000000e+05 1.720036062125721759e-03 1.287331136501478806e-03 1.530504555490886818e-03
1.137000000000000000e+05 1.918206881968347521e-03 1.422201257545913306e-03 1.742240611796242507e-03
1.138000000000000000e+05 1.868170705370424123e-03 1.430029365752589869e-03 1.686979735269856845e-03
1.139000000000000000e+05 2.002042837457114824e-03 1.502216890585452401e-03 1.896775121455679565e-03
1.140000000000000000e+05 2.133323776748621056e-03 1.466918067697690550e-03 1.948705208396542439e-03
1.141000000000000000e+05 2.021058846783342286e-03 1.372911330175162915e-03 1.821179764977414774e-03
1.142000000000000000e+05 1.857887392212807928e-03 1.290921702986947946e-03 1.612980784405916275e-03
1.143000000000000000e+05 2.092222044368533505e-03 1.453855343842763714e-03 1.881231753876763668e-03
1.144000000000000000e+05 2.031791701497326613e-03 1.499542164426730887e-03 1.861987411352158343e-03
1.145000000000000000e+05 1.992161350194740933e-03 1.460199154995134264e-03 1.746959217224979726e-03
1.146000000000000000e+05 1.857717841218228154e-03 1.376590486631942660e-03 1.660607610162886287e-03
1.147000000000000000e+05 1.941687705380533814e-03 1.385033548089303684e-03 1.666716811029264741e-03
1.148000000000000000e+05 1.963872192850893861e-03 1.370508606227758414e-03 1.828007230741705022e-03
1.149000000000000000e+05 2.020009670419403280e-03 1.457942281455750898e-03 1.748119939353481736e-03
1.150000000000000000e+05 1.958699716935479677e-03 1.436962308727905615e-03 1.735431848326917780e-03
1.151000000000000000e+05 1.950342067925431647e-03 1.476658092358588492e-03 1.811500967517680081e-03
1.152000000000000000e+05 1.877826609481961402e-03 1.548859918439253339e-03 1.595546645265006561e-03
1.153000000000000000e+05 1.737586052527742954e-03 1.439929118807120340e-03 1.593704135967676395e-03
1.154000000000000000e+05 1.936935753881162663e-03 1.442480405472061633e-03 1.705806105642257561e-03
1.155000000000000000e+05 2.144804666709283856e-03 1.523778683843710329e-03 1.871732455855508806e-03
1.156000000000000000e+05 2.136692154591303665e-03 1.678537621669991438e-03 1.921770120206092638e-03
1.157000000000000000e+05 2.086949310789010248e-03 1.623336351317701673e-03 1.973990125738503930e-03
1.158000000000000000e+05 2.024248528968159832e-03 1.474459514444782142e-03 1.765226629193220693e-03
1.159000000000000000e+05 2.013831485463865936e-03 1.539177054374651346e-03 1.710507957424484094e-03
1.160000000000000000e+05 2.211648683212280239e-03 1.655602821374929819e-03 1.942739895409266232e-03
1.161000000000000000e+05 2.399615623465523040e-03 2.066743323993972935e-03 2.187907009186253974e-03
1.162000000000000000e+05 2.390298086101876399e-03 1.733089791922071479e-03 2.034063118821945355e-03
1.163000000000000000e+05 2.194280370308603501e-03 2.198681029750207579e-03 1.943369595010901573e-03
1.164000000000000000e+05 2.148604980699940232e-03 1.556445417014313973e-03 1.853376937026877860e-03
1.165000000000000000e+05 2.066536428705642928e-03 1.412594983014182513e-03 1.767204104753576340e-03
1.166000000000000000e+05 2.008297293787166503e-03 1.365114208007380588e-03 1.658737934461893687e-03
1.167000000000000000e+05 2.007807512842255983e-03 1.377538378752873882e-03 1.736476835213359229e-03
1.168000000000000000e+05 1.874592901369183731e-03 1.410074571567134644e-03 1.761211855884584499e-03
1.169000000000000000e+05 1.886720533003423232e-03 1.396479039941423816e-03 1.716570421089423908e-03
1.170000000000000000e+05 1.671435942442020669e-03 1.132712676245557727e-03 1.411586920371293982e-03
1.171000000000000000e+05 1.564316224990922651e-03 1.041910610336001198e-03 1.143994554831152550e-03
1.172000000000000000e+05 1.270816140414872571e-03 9.565592776036060648e-04 1.079508076318161282e-03
1.173000000000000000e+05 1.257788453697419396e-03 8.709407234160079303e-04 1.117174194834706820e-03
1.174000000000000000e+05 1.269386781318003303e-03 9.382322402251454382e-04 1.126704224131891939e-03
1.175000000000000000e+05 1.735952251435121879e-03 8.221627832316641838e-04 8.686722572992038819e-04
1.176000000000000000e+05 6.518231186954236579e-04 3.285507080173291085e-04 4.684002292820481556e-04
1.177000000000000000e+05 5.087945842140987772e-04 2.627847597135537410e-04 3.321796919535572159e-04
1.178000000000000000e+05 7.496234497736694148e-04 7.609704006720586014e-04 9.071614847847255707e-04
1.179000000000000000e+05 4.504154568367642894e-04 4.862909106877567130e-04 5.629234589553591813e-04
1.180000000000000000e+05 5.585784591312783565e-04 4.288478602232870750e-04 5.734755287023650307e-04
1.181000000000000000e+05 5.587661021415617386e-04 4.266019602594086409e-04 5.407411334100264803e-04
1.182000000000000000e+05 5.459581888678691859e-04 3.995443085841709607e-04 5.019776628433561799e-04
1.183000000000000000e+05 4.610340735453382537e-04 2.996864007931410970e-04 4.652929308008425064e-04
1.184000000000000000e+05 4.688929319701344708e-04 3.624663699097388351e-04 5.250586182749449266e-04
1.185000000000000000e+05 4.362713405588082159e-04 3.463457838091232020e-04 4.747233617375769873e-04
1.186000000000000000e+05 4.273109670738742412e-04 3.412991911557366792e-04 4.151543881679116486e-04
1.187000000000000000e+05 4.638083312674295185e-04 3.189768800854721675e-04 4.435908344731208115e-04
1.188000000000000000e+05 4.622324489423287625e-04 3.685570578844071083e-04 4.620066703327597264e-04
1.189000000000000000e+05 3.925935506205637925e-04 3.108246106916969366e-04 3.989320297266695393e-04
1.190000000000000000e+05 4.813441488002079185e-04 3.629883105489019844e-04 4.828689838897528316e-04
1.191000000000000000e+05 4.435204295036779395e-04 3.221691567201790144e-04 4.360272409296025672e-04
1.192000000000000000e+05 4.758223876850101110e-04 3.776126980279489076e-04 4.956259487555210582e-04
1.193000000000000000e+05 4.527917437102627215e-04 3.498961268631957692e-04 4.070756574536004736e-04
1.194000000000000000e+05 3.659919350458226976e-04 2.900176186050817083e-04 3.699442588051869512e-04
1.195000000000000000e+05 3.673978267923611843e-04 2.998826061703876067e-04 4.116788509429321775e-04
1.196000000000000000e+05 3.807037035159926714e-04 3.053024833413077585e-04 3.939340670408202961e-04
1.197000000000000000e+05 3.706239362883379765e-04 2.814099517000600561e-04 3.732451166381611741e-04
1.198000000000000000e+05 2.887989304802649902e-04 2.488213029906479064e-04 3.138185063232787645e-04
1.199000000000000000e+05 2.926485087506433460e-04 2.410458174715173244e-04 3.294199175241747045e-04
