9.000000000000000000e+04 1.815510168671607971e-02 1.881225034594535828e-02 1.959930919110774994e-02 2.034506946802139282e-02 2.121788263320922852e-02 2.211019769310951233e-02 2.290865406394004822e-02 2.381160296499729156e-02 2.476451359689235687e-02
9.010000000000000000e+04 1.822662783165771017e-02 1.871220543980595119e-02 1.961849760264152906e-02 2.050745971500871762e-02 2.157844383269548125e-02 2.255782544612883883e-02 2.329827975481747748e-02 2.392710238074261322e-02 2.446946687996387482e-02
9.020000000000000000e+04 1.647887212534758852e-02 1.682254746556274827e-02 1.778848275542262852e-02 1.872651129961012267e-02 1.994607318192717291e-02 2.109040230512608527e-02 2.166982777416698314e-02 2.211402446031573293e-02 2.237209491431713104e-02
9.030000000000000000e+04 1.730685487389548721e-02 1.810939013957964597e-02 1.900019714608789864e-02 1.986338783055513826e-02 2.053942997008570068e-02 2.129338644444937062e-02 2.223268942907473747e-02 2.272231435403254327e-02 2.333279699087142944e-02
9.040000000000000000e+04 2.157256014645097045e-02 2.258799448609338789e-02 2.352944448590302273e-02 2.447914585471158352e-02 2.511965036392222947e-02 2.595505155622967672e-02 2.705689556896713824e-02 2.777323625981797245e-02 2.868012152612209320e-02
9.050000000000000000e+04 2.404436940948163556e-02 2.489548362791538239e-02 2.567663490772243567e-02 2.655128911137577194e-02 2.749864570796492491e-02 2.850608192384245995e-02 2.940590493381021672e-02 3.047150848433378620e-02 3.153677098453044891e-02
9.060000000000000000e+04 2.184309154748918444e-02 2.235663384199133505e-02 2.314593512564895941e-02 2.395607523620123594e-02 2.506445776671161266e-02 2.613749064505107092e-02 2.699079327285305169e-02 2.814338635653266391e-02 2.936321310698986053e-02
9.070000000000000000e+04 1.990627062817420037e-02 2.066860869526861155e-02 2.152868965640662019e-02 2.235182490199804500e-02 2.329791296273468759e-02 2.426960416138172066e-02 2.518974607810378283e-02 2.617055487508575251e-02 2.727895540495713436e-02
9.080000000000000000e+04 2.042973277469474838e-02 2.126851938664910124e-02 2.213745675981040537e-02 2.302875287830831452e-02 2.390011422336106237e-02 2.481547079980375020e-02 2.582139112055298336e-02 2.681252328058083070e-02 2.788023464381694794e-02
9.090000000000000000e+04 2.142930917441847327e-02 2.228269614279267466e-02 2.316330006346107445e-02 2.414293300360436170e-02 2.502134829759603343e-02 2.598542824387546288e-02 2.702359054237602268e-02 2.798577925190332688e-02 2.913024649024009705e-02
9.100000000000000000e+04 2.239470084508262890e-02 2.324874140322208405e-02 2.419973481446510699e-02 2.515581622719767485e-02 2.608329337090260075e-02 2.708957269787785546e-02 2.816475275903940201e-02 2.914839889854195856e-02 3.034843380252520359e-02
9.110000000000000000e+04 2.319100312888617774e-02 2.409076206386091823e-02 2.503997514024373580e-02 2.605842992663380195e-02 2.698481546714907864e-02 2.799256220459938466e-02 2.911746408790351348e-02 3.018350026259820906e-02 3.137815743684768677e-02
9.120000000000000000e+04 2.404631696641443619e-02 2.495263740420344128e-02 2.591561146080494787e-02 2.692319311201575582e-02 2.792195424437529314e-02 2.897067345678801947e-02 3.011686317622664505e-02 3.117573067545884730e-02 3.238629177212715149e-02
9.130000000000000000e+04 2.479074907799562813e-02 2.569588646292684381e-02 2.671953056007627184e-02 2.775133382529018297e-02 2.879746284335847964e-02 2.987795330584053222e-02 3.102880278602246009e-02 3.207676503807306567e-02 3.338019922375679016e-02
9.140000000000000000e+04 2.540207011004292151e-02 2.636932730674742056e-02 2.734869908541439146e-02 2.841417163610458069e-02 2.949516478925939822e-02 3.061936818063258625e-02 3.170040696859362933e-02 3.286593630909916131e-02 3.414954865972200798e-02
9.150000000000000000e+04 2.593988478183743146e-02 2.691086940467357635e-02 2.790982695296407440e-02 2.899086698889730834e-02 3.007875820621844568e-02 3.120711483061315225e-02 3.232741635292770560e-02 3.355797734111547193e-02 3.488477692008018494e-02
9.160000000000000000e+04 2.644170021017391500e-02 2.739806286990643935e-02 2.847114525735379778e-02 2.955170921981336088e-02 3.064410537481305000e-02 3.175354391336442789e-02 3.295018449425694135e-02 3.412755583723385555e-02 3.550038362542787956e-02
9.170000000000000000e+04 2.690016970038414459e-02 2.789000049233437972e-02 2.895737543702124259e-02 3.001238189637659912e-02 3.113004138693211548e-02 3.226082831621169406e-02 3.347352407872674490e-02 3.466296867777902968e-02 3.605920200546582771e-02
9.180000000000000000e+04 2.733161859214307612e-02 2.828415483236311825e-02 2.934831429272890743e-02 3.043113954365255294e-02 3.155311480164526422e-02 3.271598160266876720e-02 3.390894122421739959e-02 3.518379926681519665e-02 3.658111393451690674e-02
9.190000000000000000e+04 2.767178577681381202e-02 2.864301875233649097e-02 2.971758058294654212e-02 3.079838953912257538e-02 3.187771193683146265e-02 3.303527310490608770e-02 3.423829190433025360e-02 3.548462325086195607e-02 3.689545517166455818e-02
9.200000000000000000e+04 2.830212029318010525e-02 2.925789542496204376e-02 3.036300614476201282e-02 3.147848844528194912e-02 3.247688338160510668e-02 3.360977843403811782e-02 3.474999964237213135e-02 3.592535431186360401e-02 3.736761833230654167e-02
9.210000000000000000e+04 3.002378314733506262e-02 3.106196001172071425e-02 3.213045660406355086e-02 3.331276163458821854e-02 3.430951014161104373e-02 3.538832530379291963e-02 3.665712364017966601e-02 3.786466926336280042e-02 3.914228081703186035e-02
9.220000000000000000e+04 3.168494800726576188e-02 3.268757238984111579e-02 3.370658300817010872e-02 3.485823377966881798e-02 3.600065812468527388e-02 3.717717945575715888e-02 3.843464031815532755e-02 3.969232926766081554e-02 4.098866879940032959e-02
9.230000000000000000e+04 3.228944281737009675e-02 3.328729718923568309e-02 3.441289771348236826e-02 3.549855850636959159e-02 3.663670420646666925e-02 3.793422058224677623e-02 3.921712040901183943e-02 4.047896720468996401e-02 4.182275384664535522e-02
9.240000000000000000e+04 3.225498050451279519e-02 3.320290222764016308e-02 3.426618725061415793e-02 3.536910369992254943e-02 3.659679830074310386e-02 3.788402810692788336e-02 3.906815126538274591e-02 4.046527475118636558e-02 4.181976616382598877e-02
9.250000000000000000e+04 3.195921207467714714e-02 3.286278992891311646e-02 3.390064183622600036e-02 3.501695394515991211e-02 3.625625092536211014e-02 3.750256076455116272e-02 3.869062475860120254e-02 4.010865154365698265e-02 4.145911087592443062e-02
9.260000000000000000e+04 3.160892928640046673e-02 3.250983506441115778e-02 3.358491897583008173e-02 3.465848043560983138e-02 3.586234450340270580e-02 3.706072896718978771e-02 3.830005489289760312e-02 3.973985277116298676e-02 4.103336979945500923e-02
9.270000000000000000e+04 3.160571664571762418e-02 3.251028060913085938e-02 3.361988447606564095e-02 3.471004404127597809e-02 3.591639794409275110e-02 3.711496531963349305e-02 3.838089331984519820e-02 3.980489075183869102e-02 4.102960601449012756e-02
9.280000000000000000e+04 3.178843567768731976e-02 3.270854502916335088e-02 3.383108243346212574e-02 3.492517575621604392e-02 3.607386678457260437e-02 3.728975936770438648e-02 3.858776316046713672e-02 4.000540445248285809e-02 4.119763523340225220e-02
9.290000000000000000e+04 3.212446918090184483e-02 3.305356651544569951e-02 3.411740738898515202e-02 3.529829241335392248e-02 3.642717674374581355e-02 3.768772572278977079e-02 3.892706390470266481e-02 4.036303821951153087e-02 4.154292494058609009e-02
9.300000000000000000e+04 3.222458362579345287e-02 3.318086266517639160e-02 3.426081575453281819e-02 3.535965979099273820e-02 3.655174262821674069e-02 3.776980340480804582e-02 3.900401666760444641e-02 4.043949991464614729e-02 4.171711951494216919e-02
9.310000000000000000e+04 3.212621117631593581e-02 3.305999636650085172e-02 3.406854353845118616e-02 3.526881292462348549e-02 3.643265638500451514e-02 3.761796519160270913e-02 3.890975378453731537e-02 4.033438692490259186e-02 4.158592472473780083e-02
9.320000000000000000e+04 3.191453437010447619e-02 3.283982947468756797e-02 3.393545553088188338e-02 3.506218686699867637e-02 3.620385438203810313e-02 3.745626181364059698e-02 3.869836032390594482e-02 4.006994431217512226e-02 4.140107830365499092e-02
9.330000000000000000e+04 3.196160882711410189e-02 3.295875117182731073e-02 3.408765427768231659e-02 3.516827426850796523e-02 3.633249606937171555e-02 3.758987843990326677e-02 3.883883114904166517e-02 4.015616592019797398e-02 4.152459651231765747e-02
9.340000000000000000e+04 3.221292470892270221e-02 3.317086100578307828e-02 3.422744877636432759e-02 3.538399159908293956e-02 3.657951660454274168e-02 3.783958926796913286e-02 3.906204961240292844e-02 4.041065355141958138e-02 4.178260515133539604e-02
9.350000000000000000e+04 3.220637341340382848e-02 3.317587822675704956e-02 3.421621751040219983e-02 3.539241813123226305e-02 3.656092379242181084e-02 3.784898519515991072e-02 3.907583374530076287e-02 4.038639037559429990e-02 4.179450869560241699e-02
9.360000000000000000e+04 3.235191643238066739e-02 3.330832719802857139e-02 3.438985660672189137e-02 3.554319143295288363e-02 3.671032831072809643e-02 3.793306499719619612e-02 3.923000097274778608e-02 4.049879685044287247e-02 4.186777025461196899e-02
9.370000000000000000e+04 3.277014002203940818e-02 3.376490101218225515e-02 3.483635816723109485e-02 3.595748014748097882e-02 3.715890277177093942e-02 3.838389515876767383e-02 3.967152275145051366e-02 4.100049439817668451e-02 4.232854892810185982e-02
9.380000000000000000e+04 3.309706971049309471e-02 3.401107490062713762e-02 3.513428345322609087e-02 3.623118326067924916e-02 3.746358118951320648e-02 3.869645625352859802e-02 3.996965326368808608e-02 4.132977207501729866e-02 4.269038637479146553e-02
9.390000000000000000e+04 3.292593359947203896e-02 3.387934789061546742e-02 3.498726524412631295e-02 3.610257878899573308e-02 3.735941845923664018e-02 3.861955657601356257e-02 3.984764944761991917e-02 4.116045039147138429e-02 4.258313030004501343e-02
9.400000000000000000e+04 3.289521088202793098e-02 3.386763110756874084e-02 3.498234152793884555e-02 3.613898083567618214e-02 3.734144046902655723e-02 3.861960098147393383e-02 3.980294242501258850e-02 4.114412243167558936e-02 4.259997482101122307e-02
9.410000000000000000e+04 3.346478432416914034e-02 3.441537022590639150e-02 3.557984687387942546e-02 3.669936053454873198e-02 3.792179938405750017e-02 3.912186548113825296e-02 4.045358169823885797e-02 4.174639336764812692e-02 4.313427085677782463e-02
9.420000000000000000e+04 3.364900797605514110e-02 3.455075025558471125e-02 3.565931789577005823e-02 3.682137131690979559e-02 3.804392322897912765e-02 3.931519508361817211e-02 4.059405401349067133e-02 4.193300530314444940e-02 4.336874186992645264e-02
9.430000000000000000e+04 3.335713615020114570e-02 3.425158411264419417e-02 3.539617810398340558e-02 3.650779359042644751e-02 3.775169685482979848e-02 3.902932971715927096e-02 4.027283359318971356e-02 4.160259167353312637e-02 4.304126525918642449e-02
9.440000000000000000e+04 3.320858915646871662e-02 3.419720083475113331e-02 3.531254485249519376e-02 3.642509058117866794e-02 3.769147932529449269e-02 3.895530655980110335e-02 4.022327288985252242e-02 4.154017090797423872e-02 4.301278417309125496e-02
9.450000000000000000e+04 3.312319442629814426e-02 3.411743417382240295e-02 3.528445307165384293e-02 3.640527017414570132e-02 3.767415676265954694e-02 3.895351886749267439e-02 4.022155515849590302e-02 4.153215214610099515e-02 4.297384619712829590e-02
9.460000000000000000e+04 3.310397759079933278e-02 3.415104448795319020e-02 3.528506055474281422e-02 3.646165087819099038e-02 3.772523880004882701e-02 3.901868283748626681e-02 4.032108560204505920e-02 4.160165744523207365e-02 4.310971498489379883e-02
9.470000000000000000e+04 3.320998643835385705e-02 3.423308581113815308e-02 3.537176981568336542e-02 3.655511610209942475e-02 3.783966746181249841e-02 3.907903864979744152e-02 4.040058963000774106e-02 4.165128801017999038e-02 4.316754390796025825e-02
9.480000000000000000e+04 3.328193157911300132e-02 3.428138047456741333e-02 3.544794961810112527e-02 3.661613821983337319e-02 3.791048094630241477e-02 3.916065737605094882e-02 4.049708172678947310e-02 4.179793328046799150e-02 4.324986040592193604e-02
9.490000000000000000e+04 3.334593782822290603e-02 3.437095209956168851e-02 3.554316975176333854e-02 3.671417854726314461e-02 3.803395681083202029e-02 3.927873179316519747e-02 4.056745581328868866e-02 4.188836174706617871e-02 4.338077331582704949e-02
9.500000000000000000e+04 3.344683597485224175e-02 3.445605561137199402e-02 3.562346100807189941e-02 3.679461404681205750e-02 3.808995336294174194e-02 3.938053920865058899e-02 4.067481495440006256e-02 4.196070382992427017e-02 4.351500545938809944e-02
9.510000000000000000e+04 3.352030739188194275e-02 3.455451577901840626e-02 3.570094402879477047e-02 3.688875667750835669e-02 3.815962046384811790e-02 3.944687247276306569e-02 4.071901198476553241e-02 4.207864079624414749e-02 4.356367513537406921e-02
9.520000000000000000e+04 3.357280403375625250e-02 3.463955074548721175e-02 3.577447786927222956e-02 3.696522608399391285e-02 3.823447495698929083e-02 3.953107297420502264e-02 4.082494303584098538e-02 4.212194785475730646e-02 4.364150141676267219e-02
9.530000000000000000e+04 3.371291160583495677e-02 3.474408462643623074e-02 3.589523598551750544e-02 3.708768226206301394e-02 3.838181350380182738e-02 3.959760442376136780e-02 4.087253194302321174e-02 4.225528284907340004e-02 4.371923332413037849e-02
9.540000000000000000e+04 3.398256957530974842e-02 3.501496613025664034e-02 3.612884946167469608e-02 3.730699270963669378e-02 3.857529796659946858e-02 3.978892698884010926e-02 4.104550592601300535e-02 4.243801213800907357e-02 4.388061538338661194e-02
9.550000000000000000e+04 3.411197190483410829e-02 3.513365238904953003e-02 3.622756097465754110e-02 3.735993057489395142e-02 3.863116502761840265e-02 3.982963189482688349e-02 4.117041174322368796e-02 4.255758225917816162e-02 4.395237937569618225e-02
9.560000000000000000e+04 3.400181819995244659e-02 3.499134331941605031e-02 3.609989538788795083e-02 3.729229345917701999e-02 3.853474751114845109e-02 3.979140117764472934e-02 4.105627983808517178e-02 4.245709781845410924e-02 4.390437776843706535e-02
9.570000000000000000e+04 3.403079301118850514e-02 3.507481589913368641e-02 3.620964653789997267e-02 3.737117834389210025e-02 3.859053637832402656e-02 3.985025987029075512e-02 4.116742536425589682e-02 4.249265167862176923e-02 4.396539926528930664e-02
9.580000000000000000e+04 3.396470203995705095e-02 3.495837226510048468e-02 3.608860149979592480e-02 3.724937811493873180e-02 3.848587289452552046e-02 3.974248602986335532e-02 4.101632609963417470e-02 4.239254859586556734e-02 4.381326834360758232e-02
9.590000000000000000e+04 3.384168659647305427e-02 3.487059250473976274e-02 3.596640747040510261e-02 3.711548067629337477e-02 3.833071168512104665e-02 3.961811229586600924e-02 4.089645687490701953e-02 4.224114886174599320e-02 4.365709175666173530e-02
9.600000000000000000e+04 3.380243852734565735e-02 3.481966257095336914e-02 3.593529462814330777e-02 3.709711134433746338e-02 3.834503144025802612e-02 3.957489281892776628e-02 4.085619747638702393e-02 4.220347255468368669e-02 4.367862641811370850e-02
9.610000000000000000e+04 3.363129432002705255e-02 3.461060896515844726e-02 3.575178816914558605e-02 3.691146783530714626e-02 3.817880410701034177e-02 3.940709263086318581e-02 4.066455233842133921e-02 4.213491850843031905e-02 4.351385434468587471e-02
9.620000000000000000e+04 3.299876431624096385e-02 3.393816500902173405e-02 3.507457219064234744e-02 3.624224126338956159e-02 3.756718143820757250e-02 3.882518485188488078e-02 4.003388285636899635e-02 4.139940684040390589e-02 4.288031160831451416e-02
9.630000000000000000e+04 3.248533099889756859e-02 3.361464440822598682e-02 3.479917284101247121e-02 3.588762946426869022e-02 3.716798979789020380e-02 3.841242313385009877e-02 3.957507628947500716e-02 4.096650078892707936e-02 4.234608635306358337e-02
9.640000000000000000e+04 3.370380133390436100e-02 3.484221622347826591e-02 3.606203228235239228e-02 3.719721525907515591e-02 3.834933608770359215e-02 3.947853103280066223e-02 4.085300713777553078e-02 4.208706532915425930e-02 4.348425070444742607e-02
9.650000000000000000e+04 3.525889515876764330e-02 3.637861087918281555e-02 3.757411502301694767e-02 3.877357356250282078e-02 3.991074915975324766e-02 4.114826843142513346e-02 4.251715913414966241e-02 4.382570416977010080e-02 4.520608484745025635e-02
9.660000000000000000e+04 3.628679767251014043e-02 3.733655661344529447e-02 3.852407656610016412e-02 3.981203556060789600e-02 4.091838903725145832e-02 4.224743515253070320e-02 4.359737634658814726e-02 4.491204403340815637e-02 4.656605049967765808e-02
9.670000000000000000e+04 3.589450205365815605e-02 3.681441098451610633e-02 3.797768801450732146e-02 3.915436357259752947e-02 4.041997194290165851e-02 4.180367618799211288e-02 4.306955616921191721e-02 4.449250781287748813e-02 4.605068266391754150e-02
9.680000000000000000e+04 3.508526444435119268e-02 3.613762781023979048e-02 3.733999028801917447e-02 3.853987619280813820e-02 3.977355465292930353e-02 4.109773397445678350e-02 4.245208278298379101e-02 4.380629484852154726e-02 4.534785697857538628e-02
9.690000000000000000e+04 3.505494102835654546e-02 3.612207472324371199e-02 3.726150143891572564e-02 3.852740094065666004e-02 3.980789098888635330e-02 4.110645785927772439e-02 4.242813102900981626e-02 4.378110088407993067e-02 4.535340517759323120e-02
9.700000000000000000e+04 3.504679476221402717e-02 3.613392263650894165e-02 3.726238124072552005e-02 3.853775784373283247e-02 3.981438912451266965e-02 4.114322438836098134e-02 4.247336834669113159e-02 4.387282108267148012e-02 4.540932675202687813e-02
9.710000000000000000e+04 3.502562418580055376e-02 3.608532026410102983e-02 3.728363245725632019e-02 3.845780760049820335e-02 3.979029174894094939e-02 4.106343999505043113e-02 4.242532383650541444e-02 4.376900759836038074e-02 4.533694932858148979e-02
9.720000000000000000e+04 3.503622412681579867e-02 3.610919117927550992e-02 3.723474502563476479e-02 3.845271274447441268e-02 3.972600072622299583e-02 4.104468822479247908e-02 4.233918562531471114e-02 4.368678167462348300e-02 4.525419697165489197e-02
9.730000000000000000e+04 3.499746426939964045e-02 3.605252504348754883e-02 3.720779068768024361e-02 3.841413095593452370e-02 3.967379096895456286e-02 4.101161658763886192e-02 4.231087788939475597e-02 4.365282163023948697e-02 4.518303150931993889e-02
9.740000000000000000e+04 3.497635121146838028e-02 3.603108599781990051e-02 3.720746032893657712e-02 3.838684797286988359e-02 3.968051187694073001e-02 4.098265260457992221e-02 4.227914400398731509e-02 4.361358605325222487e-02 4.512688641746839119e-02
9.750000000000000000e+04 3.517322987318038940e-02 3.625611588358879089e-02 3.741089254617691734e-02 3.859226964414119720e-02 3.989013843238353729e-02 4.116402566432952881e-02 4.244862683117387597e-02 4.381099343299865723e-02 4.535824060440063477e-02
9.760000000000000000e+04 3.538271859288216054e-02 3.640175685286521634e-02 3.759392365813254977e-02 3.878875806927679915e-02 4.006667509675025662e-02 4.127842649817466819e-02 4.261725842952727994e-02 4.398716881871223006e-02 4.550351326664289070e-02
9.770000000000000000e+04 3.525092686216037968e-02 3.626140430569647910e-02 3.747048914432524885e-02 3.863605812191962807e-02 3.991807080805301333e-02 4.116902545094489052e-02 4.249289184808732051e-02 4.384960838903982638e-02 4.534109309315681458e-02
9.780000000000000000e+04 3.513447016477585366e-02 3.615787476301193099e-02 3.732654891908168682e-02 3.852981522679328752e-02 3.976925894618034418e-02 4.104424223303795166e-02 4.235017709434032301e-02 4.371269427239894700e-02 4.517208039760589600e-02
9.790000000000000000e+04 3.507226561506589235e-02 3.607811406254769065e-02 3.724128123372793392e-02 3.838056579232215770e-02 3.969731546938419509e-02 4.093384608626365190e-02 4.223900474607944489e-02 4.361054442822933502e-02 4.511586949229240417e-02
9.800000000000000000e+04 3.512959430615108375e-02 3.619913011789321899e-02 3.734984546899796504e-02 3.853581026196480769e-02 3.980175107717515148e-02 4.104389175772667903e-02 4.231298342347145081e-02 4.368471428751945912e-02 4.518544798096021248e-02
9.810000000000000000e+04 3.552412897348403847e-02 3.656171932816506404e-02 3.775772467255592013e-02 3.891356408596039623e-02 4.013718597590924808e-02 4.141491428017615023e-02 4.276806917041540979e-02 4.402293235063551441e-02 4.555244371294975281e-02
9.820000000000000000e+04 3.590081731478371452e-02 3.689508587121964611e-02 3.810759879648684817e-02 3.920574098825456433e-02 4.043094985187052626e-02 4.171358466148376160e-02 4.306458197534084736e-02 4.438301252822081377e-02 4.587823276718457771e-02
9.830000000000000000e+04 3.556707506378491840e-02 3.650300949811935425e-02 3.773996062576770449e-02 3.889169923961161707e-02 4.016030423343180250e-02 4.150656014680861872e-02 4.275287985801697055e-02 4.413825870802005197e-02 4.570248350501060486e-02
9.840000000000000000e+04 3.561662569642067705e-02 3.663082122802733404e-02 3.784096211194991344e-02 3.896097287535666559e-02 4.029718041419982910e-02 4.155646786093711992e-02 4.285207539796830056e-02 4.418742969632148687e-02 4.570863023400306702e-02
9.850000000000000000e+04 3.575445264577866572e-02 3.676437586545944214e-02 3.800785169005393288e-02 3.909790627658367435e-02 4.035943280905485847e-02 4.162677153944968622e-02 4.296422749757767418e-02 4.431497237334649369e-02 4.580766335129737854e-02
9.860000000000000000e+04 3.610614379247026329e-02 3.712606281042094697e-02 3.842415042221548893e-02 3.950965061783791310e-02 4.070352658629414200e-02 4.198554977774620472e-02 4.328096881508823601e-02 4.460983445247013179e-02 4.610248530904451775e-02
9.870000000000000000e+04 3.667470216751097384e-02 3.762451335787773965e-02 3.891298189759252735e-02 3.997709549963474746e-02 4.122763518244027675e-02 4.249484136700629883e-02 4.372510910034178855e-02 4.511091958731414803e-02 4.659501463174819946e-02
9.880000000000000000e+04 3.690809016426405131e-02 3.788822144269941156e-02 3.920193284749984297e-02 4.026342421770093272e-02 4.146088212728497174e-02 4.280057296156886126e-02 4.399921372532843850e-02 4.536376143495239599e-02 4.683646063009897637e-02
9.890000000000000000e+04 3.764346942305569349e-02 3.866008818149564014e-02 3.996579054743054638e-02 4.097433842718604252e-02 4.216372072696680795e-02 4.343193918466567438e-02 4.470791034400461300e-02 4.604587567349277544e-02 4.745865116516748833e-02
9.900000000000000000e+04 3.879287019371981116e-02 3.991019353270530701e-02 4.111704491078857493e-02 4.208616390824316406e-02 4.333218298852438422e-02 4.454853981733325474e-02 4.581687785685062408e-02 4.720476195216175008e-02 4.859374091029167175e-02
9.910000000000000000e+04 3.892107223471007876e-02 3.984593898057944145e-02 4.107128307223321256e-02 4.199796505272392760e-02 4.329056739807134180e-02 4.458602979779240777e-02 4.574974197894333960e-02 4.733461047212280531e-02 4.879016180833180977e-02
9.920000000000000000e+04 3.896419435739520432e-02 4.019532203674320431e-02 4.151253774762159177e-02 4.249253511428829899e-02 4.347819402813897505e-02 4.478516101837153041e-02 4.621314033865937809e-02 4.763058309753737118e-02 4.905159523089726997e-02
9.930000000000000000e+04 4.118369072675707315e-02 4.227689877152444181e-02 4.352839410305023998e-02 4.460773549973964802e-02 4.568469882011412520e-02 4.702484101057052834e-02 4.839793071150783749e-02 4.983227822929623546e-02 5.152979120612144470e-02
9.940000000000000000e+04 4.115808914105099220e-02 4.221947193145750982e-02 4.357223242521286038e-02 4.465369582176208219e-02 4.581879056990146443e-02 4.719657689332961564e-02 4.855519197881220939e-02 5.001717939972881444e-02 5.158629516760507988e-02
9.950000000000000000e+04 4.239611451824502886e-02 4.362818598747253418e-02 4.493896234780550558e-02 4.600550644099712927e-02 4.713809546083209956e-02 4.844785556197164084e-02 4.983023833483452708e-02 5.120067497094472897e-02 5.281294385592142510e-02
9.960000000000000000e+04 4.213575914502142722e-02 4.308479726314556890e-02 4.430927515029901148e-02 4.535791501402857556e-02 4.676604390144352419e-02 4.818053260445598340e-02 4.940908178687106189e-02 5.100898027420049802e-02 5.271914228796958923e-02
9.970000000000000000e+04 4.096227819720905938e-02 4.204659089446067394e-02 4.331473223865032335e-02 4.443319797515867670e-02 4.567842207849026614e-02 4.713205143809318098e-02 4.836048427969220215e-02 4.993931564191976535e-02 5.154385417699813843e-02
9.980000000000000000e+04 4.184796964128804225e-02 4.291829094290731950e-02 4.415037311613560084e-02 4.532026082277297585e-02 4.655986741185187683e-02 4.811277762055393703e-02 4.938912615180013344e-02 5.091679898401096221e-02 5.254822969436645508e-02
9.990000000000000000e+04 4.107390657067305079e-02 4.189303666353234867e-02 4.300230093300358436e-02 4.412724949419504633e-02 4.556737411767246282e-02 4.717766746878635647e-02 4.835128858685498049e-02 5.023635871708395650e-02 5.193518847227096558e-02
1.000000000000000000e+05 3.931914145747820305e-02 4.032323881983757019e-02 4.143457114696502686e-02 4.270848631858825684e-02 4.393981769680976868e-02 4.534168168902397156e-02 4.658732190728187561e-02 4.819917927185694145e-02 4.982280234495798515e-02
1.001000000000000000e+05 4.015171443422638209e-02 4.137184321880337662e-02 4.240285750478507698e-02 4.375556126236916643e-02 4.503398999571800454e-02 4.635247707366945552e-02 4.770533386617899912e-02 4.897526594499744534e-02 5.054190009832382202e-02
1.002000000000000000e+05 4.037673786282538341e-02 4.149158149957656722e-02 4.253514647483825489e-02 4.390914157032966419e-02 4.514912344515323306e-02 4.660809725522994940e-02 4.789729677140712460e-02 4.923013411462306976e-02 5.086357891559600830e-02
1.003000000000000000e+05 4.026993244886398204e-02 4.139653891324997226e-02 4.236411955207586288e-02 4.381266146898269570e-02 4.509950064122676683e-02 4.656131625175476130e-02 4.783678166568279544e-02 4.916905370851357843e-02 5.077012007435163093e-02
1.004000000000000000e+05 4.014621128638585362e-02 4.131947681307793219e-02 4.228250011801718694e-02 4.374754473567008667e-02 4.501976892352103909e-02 4.650096029043197104e-02 4.777333661913870516e-02 4.910190393527348596e-02 5.074922616283098625e-02
1.005000000000000000e+05 3.992289677262305519e-02 4.110589995980262756e-02 4.201503060758114694e-02 4.352952539920808273e-02 4.478353355079888604e-02 4.627253115177153847e-02 4.752648342400787179e-02 4.882699046283960065e-02 5.045958980917930603e-02
1.006000000000000000e+05 4.002695992588995583e-02 4.137144908308979657e-02 4.220736071467399986e-02 4.378954350948335156e-02 4.497061692178252329e-02 4.642862170934675126e-02 4.767764955759042772e-02 4.899471464256446862e-02 5.066107958555221558e-02
1.007000000000000000e+05 4.088006968299541521e-02 4.236669540405277323e-02 4.324310716241605568e-02 4.490719832479952989e-02 4.603261388838297136e-02 4.745858654379844083e-02 4.881499838083976084e-02 5.000119160860774098e-02 5.166988571484883858e-02
1.008000000000000000e+05 4.200955525040625527e-02 4.356140792369840586e-02 4.443769201636312005e-02 4.609833002090455573e-02 4.731823757290845589e-02 4.872255966067316063e-02 5.004192516207692232e-02 5.131377413868904586e-02 5.296580493450164795e-02
1.009000000000000000e+05 4.258364230394362515e-02 4.398571476340293329e-02 4.484791748225688823e-02 4.640505738556384430e-02 4.777600172907112835e-02 4.917815625667572993e-02 5.052428152412177104e-02 5.176122656712929537e-02 5.342608193556467461e-02
1.010000000000000000e+05 4.173766324917464743e-02 4.288985580205917358e-02 4.380350783467282932e-02 4.525494650006288422e-02 4.668387658894050662e-02 4.817548096179967432e-02 4.952077008783817291e-02 5.078688810269038623e-02 5.251973619063695503e-02
1.011000000000000000e+05 4.109212964773177601e-02 4.247766286134716657e-02 4.350720081478354900e-02 4.500167883932587598e-02 4.630053456872706280e-02 4.768614649772644210e-02 4.902157392352819720e-02 5.034198749810461088e-02 5.202319473028182983e-02
1.012000000000000000e+05 4.202247366309161403e-02 4.369224756956105460e-02 4.486213833093645464e-02 4.647732868790635519e-02 4.765747025609034376e-02 4.893613457679735212e-02 5.035145804286012688e-02 5.172781174381570202e-02 5.325731510917345451e-02
1.013000000000000000e+05 4.449473266800248877e-02 4.626356363296508373e-02 4.736952450126408198e-02 4.904611647129052121e-02 5.015148688107746999e-02 5.145459130406389997e-02 5.293508563190706118e-02 5.428560504068944553e-02 5.578782781958580017e-02
1.014000000000000000e+05 4.424410492181770488e-02 4.559441208839421639e-02 4.658815503120429524e-02 4.808731555938722257e-02 4.967197686433807297e-02 5.128094166517259411e-02 5.268530659377567565e-02 5.399954028427606662e-02 5.572509765625000000e-02
1.015000000000000000e+05 4.157464454571427326e-02 4.277594387531280518e-02 4.367286358028645010e-02 4.495129734277737016e-02 4.663342349231267003e-02 4.821425080299365090e-02 4.956581816077264280e-02 5.107497641195836435e-02 5.285516132911046577e-02
1.016000000000000000e+05 3.875087300936386897e-02 4.006697535514835290e-02 4.109720349311828808e-02 4.220244377851488371e-02 4.364201918244374478e-02 4.519308209419243411e-02 4.655433446168907169e-02 4.791321968038880080e-02 4.970618089040120674e-02
1.017000000000000000e+05 3.945117995142938955e-02 4.086344614624982247e-02 4.209032416343681804e-02 4.347920700907700886e-02 4.461649850010859786e-02 4.587217912077899001e-02 4.735873341560356553e-02 4.861304890364416542e-02 5.005948245525360107e-02
1.018000000000000000e+05 4.137697135408727189e-02 4.301703870296476329e-02 4.420525930821896099e-02 4.563166007399546004e-02 4.676401503384106789e-02 4.812124684453011197e-02 4.962927885353562302e-02 5.084116081396742454e-02 5.245512972275415825e-02
1.019000000000000000e+05 4.200550188620889858e-02 4.367273971438405400e-02 4.473668131977326379e-02 4.624595731496808360e-02 4.742652561515565274e-02 4.893207788467408142e-02 5.042593069374560338e-02 5.173581987619400857e-02 5.340605229139328003e-02
1.020000000000000000e+05 4.302542135119434563e-02 4.492780566215515137e-02 4.590838178992271562e-02 4.751432612538334516e-02 4.869319498538968172e-02 5.015760511159893936e-02 5.173973366618156433e-02 5.302223414182668376e-02 5.469437688589096069e-02
1.021000000000000000e+05 4.376302545269330352e-02 4.534104317426682074e-02 4.644220124930143606e-02 4.793197996914386888e-02 4.917733170092105505e-02 5.070033431053162093e-02 5.213747173547744751e-02 5.352565390368302367e-02 5.523036544521649910e-02
1.022000000000000000e+05 4.383930350343386712e-02 4.521721526980399669e-02 4.638947032392025382e-02 4.775738880038261219e-02 4.915980726480483759e-02 5.063224360346794267e-02 5.202274359762668748e-02 5.357381383577983214e-02 5.514482284585634636e-02
1.023000000000000000e+05 4.393017038702964200e-02 4.529958367347715342e-02 4.645260620862245310e-02 4.785564787685871180e-02 4.933310911059379106e-02 5.079887315630909894e-02 5.221315007656818219e-02 5.373347479850053982e-02 5.530351400375366211e-02
1.024000000000000000e+05 4.498540942867593206e-02 4.638556614518161286e-02 4.754785314202310958e-02 4.914917036890985302e-02 5.057632923126220009e-02 5.201384052634232258e-02 5.343597903847701475e-02 5.499305188655850135e-02 5.650444701313972473e-02
1.025000000000000000e+05 4.518059516946474480e-02 4.640654847025871277e-02 4.760095290839667231e-02 4.907085746526718140e-02 5.041324067860841751e-02 5.200004205107688904e-02 5.340070743113748547e-02 5.507320786515872840e-02 5.675701424479484558e-02
1.026000000000000000e+05 4.422316581010810738e-02 4.530148282647145780e-02 4.645648524165159332e-02 4.778438612818726450e-02 4.912747211754320970e-02 5.075575038790693105e-02 5.207409337162987456e-02 5.362778201699251734e-02 5.545144900679588318e-02
1.027000000000000000e+05 4.223869676391284189e-02 4.313665777444833371e-02 4.444662354886529110e-02 4.567180603742599515e-02 4.683635450899598096e-02 4.848477438092223257e-02 4.993089605122808666e-02 5.131324626505379127e-02 5.302397285898526741e-02
1.028000000000000000e+05 4.322386299570391693e-02 4.445767998695365764e-02 4.596830531954748666e-02 4.727307990193363452e-02 4.834595516324048659e-02 4.972812190651890868e-02 5.132559686899176854e-02 5.251994619766882366e-02 5.414153014620145393e-02
1.029000000000000000e+05 4.445102810859681564e-02 4.547319859266284875e-02 4.675011929124598536e-02 4.824675314128396703e-02 4.934194386005399946e-02 5.091240122914311717e-02 5.233197901397947105e-02 5.376283057034022400e-02 5.568779632449150085e-02
1.030000000000000000e+05 4.230067854126287608e-02 4.316591843962669373e-02 4.456190355122083280e-02 4.591034278273588287e-02 4.722386449575423362e-02 4.883521869778625901e-02 5.015680380165576935e-02 5.168011710047714508e-02 5.336331576108932495e-02
1.031000000000000000e+05 4.240156963467604789e-02 4.356019347906103789e-02 4.493100535124550793e-02 4.635008402168753344e-02 4.773372124880558703e-02 4.909061595797534205e-02 5.061755664646627739e-02 5.195780802518124714e-02 5.343422045310338570e-02
1.032000000000000000e+05 4.383011862635606548e-02 4.505734369158748837e-02 4.641497060656545742e-02 4.777696758508678809e-02 4.922225505113606708e-02 5.070683524012564725e-02 5.215254575014116600e-02 5.352117836475375062e-02 5.517628416419029236e-02
1.033000000000000000e+05 4.392753601074219499e-02 4.497938975691800900e-02 4.612201385200019599e-02 4.736106850206846935e-02 4.901450503617515303e-02 5.054470047354696349e-02 5.188933964818708000e-02 5.335515874127547825e-02 5.512454360723495483e-02
1.034000000000000000e+05 4.244132449229556792e-02 4.344001039862635527e-02 4.460510723292825802e-02 4.581048548221592492e-02 4.745262548327441182e-02 4.895641252398492960e-02 5.027514770627013185e-02 5.153370166818300319e-02 5.336841940879821777e-02
1.035000000000000000e+05 4.214598983526229858e-02 4.319735988974571228e-02 4.434428568929434100e-02 4.554846920073030853e-02 4.718159325420856476e-02 4.856679067015648443e-02 4.992005042731767483e-02 5.122147016227244359e-02 5.290444567799568176e-02
1.036000000000000000e+05 4.104540462295225983e-02 4.188946783542646379e-02 4.308267563581458931e-02 4.414275348186491588e-02 4.577958166599292722e-02 4.728319212794302590e-02 4.843736886978163708e-02 4.992681761582692251e-02 5.163738628228505684e-02
1.037000000000000000e+05 3.953551232814789956e-02 4.046923890709874794e-02 4.165774758905173292e-02 4.263987146317962246e-02 4.430158011615280972e-02 4.572232097387312483e-02 4.678193610161548999e-02 4.817643869668251227e-02 5.001542965571085381e-02
1.038000000000000000e+05 4.041019737720490806e-02 4.149385318160055125e-02 4.280790440738199004e-02 4.386500194668765951e-02 4.532781518995759873e-02 4.666307449340827834e-02 4.792388230562207724e-02 4.918428085744380035e-02 5.093224346637725830e-02
1.039000000000000000e+05 4.001126011212654404e-02 4.087017849087722088e-02 4.214702431112516551e-02 4.309136047959319371e-02 4.466033685952441878e-02 4.633849963545801087e-02 4.728507399559023910e-02 4.875773762663213745e-02 5.048045391837755608e-02
1.040000000000000000e+05 3.772942225138355143e-02 3.858892619609832764e-02 4.014081135392189026e-02 4.118802770972249117e-02 4.252776727080355423e-02 4.412363097071646256e-02 4.507550969719886780e-02 4.650969381133713415e-02 4.830068474014600349e-02
1.041000000000000000e+05 3.917923524975770733e-02 4.042653366923316949e-02 4.174330804497001363e-02 4.295604906976212278e-02 4.417184043675649596e-02 4.552304074168215392e-02 4.680856894701723031e-02 4.802284870296713581e-02 4.959993064403533936e-02
1.042000000000000000e+05 4.069125051299731649e-02 4.174366220831871727e-02 4.288885630667207266e-02 4.421186089515684314e-02 4.547485232353211393e-02 4.698784470558167725e-02 4.813307039439678608e-02 4.949914882580437603e-02 5.112868795792261528e-02
1.043000000000000000e+05 3.976158807675041901e-02 4.075711965560914474e-02 4.185682289302351811e-02 4.311805605888366366e-02 4.447576273232704130e-02 4.606750637292861272e-02 4.716537036001682004e-02 4.856135382006564888e-02 5.030389378468195366e-02
1.044000000000000000e+05 4.006018280982959201e-02 4.124294221401209048e-02 4.245646566152571494e-02 4.384735271334644358e-02 4.500446334481231214e-02 4.646253854036334202e-02 4.771993607282649930e-02 4.899372994899740819e-02 5.046451464295387268e-02
1.045000000000000000e+05 4.164367765188212861e-02 4.277566447854042053e-02 4.391403608024121996e-02 4.525812044739721540e-02 4.650572966784236734e-02 4.798189401626586775e-02 4.909722134470946575e-02 5.051933359354737058e-02 5.220434814691543579e-02
1.046000000000000000e+05 4.113094449043273176e-02 4.208335056900985166e-02 4.337340205907826152e-02 4.452781125903131076e-02 4.606717288494113077e-02 4.750174969434740185e-02 4.864634945988661335e-02 5.012748919427401084e-02 5.184057354927062988e-02
1.047000000000000000e+05 4.037205532193182539e-02 4.148502722382545194e-02 4.281353801488876204e-02 4.400462031364440335e-02 4.550556909292934743e-02 4.677351072430609852e-02 4.817843809723850595e-02 4.958499725908042249e-02 5.099321156740188599e-02
1.048000000000000000e+05 4.168375199039782431e-02 4.290976151823994167e-02 4.437765464186677056e-02 4.553482204675673994e-02 4.697810232639310773e-02 4.832712233066552981e-02 4.955777078866953345e-02 5.098023176193230976e-02 5.263458316524823738e-02
1.049000000000000000e+05 4.209104234973591596e-02 4.325013384222985841e-02 4.471928421407932175e-02 4.581862889230252367e-02 4.740031972527504467e-02 4.880984306335451467e-02 4.998556543141604441e-02 5.146066855639219034e-02 5.329099670052528381e-02
1.050000000000000000e+05 4.172519594430923462e-02 4.302179068326950073e-02 4.460363462567329407e-02 4.567453637719154358e-02 4.725734889507293701e-02 4.848730936646461487e-02 4.978824965655803680e-02 5.125592276453971863e-02 5.295728519558906555e-02
1.051000000000000000e+05 4.250992074608803128e-02 4.378640800714492937e-02 4.536501325666907752e-02 4.642486870288849155e-02 4.795172996819020012e-02 4.929107740521430914e-02 5.037967339158058722e-02 5.193643748760223139e-02 5.378507946928342415e-02
1.052000000000000000e+05 4.242686634262404083e-02 4.370942413806915006e-02 4.527525827288626792e-02 4.636709034442901278e-02 4.791039720177650563e-02 4.928826883435249301e-02 5.022734552621842263e-02 5.187120864788691971e-02 5.376355722546577454e-02
1.053000000000000000e+05 4.283771067857739673e-02 4.413838237524030789e-02 4.579031407833099310e-02 4.689785897731778980e-02 4.834841165691615428e-02 4.971647888422012218e-02 5.064672138541940344e-02 5.227262068539857004e-02 5.423080176115036011e-02
1.054000000000000000e+05 4.263299902280172360e-02 4.376136586070065310e-02 4.533940635621536153e-02 4.634295165538785538e-02 4.804576486349104031e-02 4.936824694275852854e-02 5.034074001014238881e-02 5.198924054702118436e-02 5.385762825608253479e-02
1.055000000000000000e+05 4.092684636513391899e-02 4.197267070412635803e-02 4.359625726938245321e-02 4.456025138497359678e-02 4.628420285880564117e-02 4.771154001355166346e-02 4.886766150593759017e-02 5.030257596323888664e-02 5.211872234940528870e-02
1.056000000000000000e+05 4.127176135778434785e-02 4.267729073762885350e-02 4.421349138021470060e-02 4.536673173308374690e-02 4.682240605354314605e-02 4.817960008978840192e-02 4.935400858521453438e-02 5.072087764739995758e-02 5.256228893995285034e-02
1.057000000000000000e+05 4.226654380559918822e-02 4.377141222357752021e-02 4.544494297355414908e-02 4.648282706737517922e-02 4.802434500306847209e-02 4.933553606271743469e-02 5.037989988923068790e-02 5.187179872145253334e-02 5.392946054538091255e-02
1.058000000000000000e+05 4.282960141698519130e-02 4.440657794475554032e-02 4.612539902329442637e-02 4.709405481815338856e-02 4.862540535628797483e-02 5.007320463657380372e-02 5.084997639060019614e-02 5.256131569544475468e-02 5.463117609421411919e-02
1.059000000000000000e+05 4.318131819367409391e-02 4.478571340441703241e-02 4.661978989839554027e-02 4.750218667089940033e-02 4.908122748136523050e-02 5.051779806613921481e-02 5.119974799454211911e-02 5.298304185271263816e-02 5.515823513269424438e-02
1.060000000000000000e+05 4.326337923606235480e-02 4.493225738406181335e-02 4.668098837137220347e-02 4.758461192250251770e-02 4.917467534542081797e-02 5.061021149158478200e-02 5.131989344954490662e-02 5.318209578593571796e-02 5.533691744009653496e-02
1.061000000000000000e+05 4.265718022982285113e-02 4.424329474568374637e-02 4.595263838768005871e-02 4.684939965605742357e-02 4.848407778888932929e-02 5.005390733480453297e-02 5.064908843487499202e-02 5.254549477249377543e-02 5.472550789515177178e-02
1.062000000000000000e+05 4.142180263996126516e-02 4.294674545526500770e-02 4.457473590970038868e-02 4.554354682564731860e-02 4.710741691291322336e-02 4.870397344231609804e-02 4.947812594473358777e-02 5.117329195141791243e-02 5.322040244936943054e-02
1.063000000000000000e+05 4.089385628700255987e-02 4.247879907488824602e-02 4.405562993139026245e-02 4.509786404669285237e-02 4.664371557533736334e-02 4.810997158288954356e-02 4.902811292558906242e-02 5.070025660097598336e-02 5.260569478074709343e-02
1.064000000000000000e+05 4.028477186958000222e-02 4.174305945634837478e-02 4.308756411075595483e-02 4.430484652519225963e-02 4.589749231934540236e-02 4.734784424304962214e-02 4.851472154259679065e-02 4.998077288269996837e-02 5.181565011541048454e-02
1.065000000000000000e+05 4.053792729973800663e-02 4.220375046133995056e-02 4.376960992813112850e-02 4.487021528184410163e-02 4.634036291390671025e-02 4.782101809978475671e-02 4.884557146579034115e-02 5.034377463161953531e-02 5.203086882829666138e-02
1.066000000000000000e+05 4.192174896597859052e-02 4.379805624485005877e-02 4.552065961062919108e-02 4.643467113375670391e-02 4.808044224977483377e-02 4.948340460658079420e-02 5.009241439402115775e-02 5.186774576703705175e-02 5.392812316616376472e-02
1.067000000000000000e+05 4.357489416996639109e-02 4.551700279116635550e-02 4.735393125563856775e-02 4.819967769086357795e-02 4.990041285753241823e-02 5.133193448185918717e-02 5.174035523086779192e-02 5.368584275245675413e-02 5.584117149313291145e-02
1.068000000000000000e+05 4.453373610973360153e-02 4.649283364415168068e-02 4.809336736798287132e-02 4.904413208365436538e-02 5.077720716595649636e-02 5.222967669367790250e-02 5.284953489899633233e-02 5.477792441844941268e-02 5.703177303075790405e-02
1.069000000000000000e+05 4.474069545666376629e-02 4.643543511629102949e-02 4.806545879691838385e-02 4.896828904747963646e-02 5.073900774121285068e-02 5.224962368607520558e-02 5.298253223299980580e-02 5.483347490429876792e-02 5.704011023044586182e-02
1.070000000000000000e+05 4.436077103018762346e-02 4.593879729509353638e-02 4.762328341603280779e-02 4.850255250930782247e-02 5.029460787773134406e-02 5.187280327081681547e-02 5.251891165971755981e-02 5.444330610334869452e-02 5.652759472529093193e-02
1.071000000000000000e+05 4.391562625765800532e-02 4.570497348904607737e-02 4.735518414527178227e-02 4.819608949124812997e-02 5.003831788897513538e-02 5.165472507476806530e-02 5.220179855823516707e-02 5.399571575224398901e-02 5.600686371326446533e-02
1.072000000000000000e+05 4.440101673205697208e-02 4.659478664398197106e-02 4.830145001411451783e-02 4.922527626156808500e-02 5.089091211557385946e-02 5.238414973020554671e-02 5.278181284666064871e-02 5.471365615725509723e-02 5.683280775944391655e-02
1.073000000000000000e+05 4.609668533007288405e-02 4.849240481853478446e-02 5.039212770760070903e-02 5.113083764910696799e-02 5.276186462491748441e-02 5.434883564710632498e-02 5.437997821718463382e-02 5.670738341907666236e-02 5.879876017570495605e-02
1.074000000000000000e+05 4.774271652102465846e-02 4.978950470685959001e-02 5.174436494708063022e-02 5.241376638412465622e-02 5.414283744990826264e-02 5.577357381582258994e-02 5.584383569657794255e-02 5.831689156591891160e-02 6.076174229383468628e-02
1.075000000000000000e+05 4.577141379316648079e-02 4.775341227650642395e-02 4.946954641491163596e-02 5.012868531048297882e-02 5.215098150074481964e-02 5.389683693647384644e-02 5.385080259293337918e-02 5.633800725142157351e-02 5.860509226719538139e-02
1.076000000000000000e+05 4.356471662720038523e-02 4.553312286734586406e-02 4.714530855417254501e-02 4.786284759640703490e-02 4.974371850490569985e-02 5.153361603617664238e-02 5.179185345768935744e-02 5.396567220489181804e-02 5.599476397037506104e-02
1.077000000000000000e+05 4.333673894405367516e-02 4.548805877566339251e-02 4.704926051199437992e-02 4.788647852838039815e-02 4.969627302139998509e-02 5.132544741034504587e-02 5.152946375310420157e-02 5.366880916059017098e-02 5.558946356177330017e-02
1.078000000000000000e+05 4.388396352529523592e-02 4.611075669527053139e-02 4.769981838762762938e-02 4.851929098367690346e-02 5.035853661596776526e-02 5.193916261196136058e-02 5.198396034538745047e-02 5.426952401796975023e-02 5.620975419878959656e-02
1.079000000000000000e+05 4.405685842037201233e-02 4.598820880055423665e-02 4.756053339689969572e-02 4.841648817062376570e-02 5.019505411386487176e-02 5.178785309195516745e-02 5.191691815853119452e-02 5.415348978092273530e-02 5.608445778489112854e-02
1.080000000000000000e+05 4.292898625135417590e-02 4.455401003360748291e-02 4.596374034881585413e-02 4.687338471412669932e-02 4.867640510201447918e-02 5.035620853304857703e-02 5.091127008199691772e-02 5.286895632743845302e-02 5.476617440581321716e-02
1.081000000000000000e+05 4.154957145452506384e-02 4.291922971606257353e-02 4.425422422587872023e-02 4.538474306464193586e-02 4.675504058599465329e-02 4.850169718265533170e-02 4.975691623985767365e-02 5.122105855494737264e-02 5.296233544747034477e-02
1.082000000000000000e+05 4.181531583269434277e-02 4.336436986923220688e-02 4.479914508759973157e-02 4.595660135149958608e-02 4.735772013664248797e-02 4.890594378113746060e-02 5.010640993714335356e-02 5.161845244467256483e-02 5.331765860319137573e-02
1.083000000000000000e+05 4.214170143008232061e-02 4.366235882043838223e-02 4.503470856696367708e-02 4.620022304356097981e-02 4.771450102329253401e-02 4.928185328841209328e-02 5.044139605015517114e-02 5.203238628804683630e-02 5.373154953122138977e-02
1.084000000000000000e+05 4.243235473831496324e-02 4.409263357520108034e-02 4.541626214981084320e-02 4.659054934978482804e-02 4.809306249022474167e-02 4.966594174504276871e-02 5.082218348979954808e-02 5.236474702755611332e-02 5.419384812315305305e-02
1.085000000000000000e+05 4.331239908933646326e-02 4.515215381979942322e-02 4.648840781301259023e-02 4.762532189488413725e-02 4.917425457388152621e-02 5.072658732533461695e-02 5.177381169050939563e-02 5.342896326134597557e-02 5.536019926269849373e-02
1.086000000000000000e+05 4.395315349102019153e-02 4.563035517930986301e-02 4.695115126669406613e-02 4.808289766311645702e-02 4.967789128422736566e-02 5.124406293034553667e-02 5.247796513140200875e-02 5.411012865602971011e-02 5.600685253739356995e-02
1.087000000000000000e+05 4.433049097657201787e-02 4.593608230352404231e-02 4.740028336644169088e-02 4.859899908304217420e-02 5.015826128423204328e-02 5.166332155466073217e-02 5.296259336173529675e-02 5.452393872042490125e-02 5.640719210108121467e-02
1.088000000000000000e+05 4.529965211947760417e-02 4.695689007639883977e-02 4.840126112103462080e-02 4.955633208155630492e-02 5.119334727525706730e-02 5.274965032935145792e-02 5.384145751595494772e-02 5.553705890973410081e-02 5.745099360744158196e-02
1.089000000000000000e+05 4.568914994597438051e-02 4.740086942911150847e-02 4.876252599060537651e-02 4.998324401676657036e-02 5.151967149227856119e-02 5.307318955659864890e-02 5.421440079808233919e-02 5.594005532562731225e-02 5.771119147539138794e-02
1.090000000000000000e+05 4.700353269775696397e-02 4.893540218472480774e-02 5.037587620317950099e-02 5.162937343120568845e-02 5.310801044106470276e-02 5.451291203498827287e-02 5.559182539582252502e-02 5.732540885607402548e-02 5.917135129372278618e-02
1.091000000000000000e+05 4.852142840623852732e-02 5.041668862104416171e-02 5.164642136543989154e-02 5.287167668342590554e-02 5.450419593602415930e-02 5.602855265140536944e-02 5.687096826732159632e-02 5.876353929440179813e-02 6.066163380940755440e-02
1.092000000000000000e+05 4.753882348537442903e-02 4.928761050105089081e-02 5.047745987772934290e-02 5.167001128196720139e-02 5.339916840195665232e-02 5.510714948177341393e-02 5.584413036704058420e-02 5.764815241098404652e-02 5.987231433391571045e-02
1.093000000000000000e+05 4.610179771979656255e-02 4.775144457817076526e-02 4.908364206552504050e-02 5.038851894438266948e-02 5.199220206588506948e-02 5.363326847553252785e-02 5.469797533005475026e-02 5.626072898507118725e-02 5.829382811983426643e-02
1.094000000000000000e+05 4.653391222159070084e-02 4.826433733105664481e-02 4.966249704360961581e-02 5.096588253974913135e-02 5.254869632422920489e-02 5.419230282306673752e-02 5.526875108480446691e-02 5.676472788055736407e-02 5.885585521658261848e-02
1.095000000000000000e+05 4.651371091604234592e-02 4.827888309955596924e-02 4.961369913071388832e-02 5.085933208465586580e-02 5.256794095039370868e-02 5.412277281284335467e-02 5.517428740859039310e-02 5.686384718865154786e-02 5.904705822467803955e-02
1.096000000000000000e+05 4.550067653258640932e-02 4.704116061329849385e-02 4.836252719163890851e-02 4.965737521648408426e-02 5.132616907358172886e-02 5.294657856225969822e-02 5.401391237974174225e-02 5.567621290683749669e-02 5.774865796168645454e-02
1.097000000000000000e+05 4.477428942918777049e-02 4.632225856184958579e-02 4.760106198489666429e-02 4.900001049041746021e-02 5.057727806270122944e-02 5.208019271492957125e-02 5.331081207841636971e-02 5.491339497268198783e-02 5.688441793123880791e-02
1.098000000000000000e+05 4.440922260284426576e-02 4.583658128976823842e-02 4.706815153360365683e-02 4.848798528313637279e-02 4.999192111194134674e-02 5.158547863364214281e-02 5.280685238540174659e-02 5.441443569958211851e-02 5.631835013628005981e-02
1.099000000000000000e+05 4.378298367063205437e-02 4.517958611249920514e-02 4.643301647156478779e-02 4.778471343219281575e-02 4.930805310606956732e-02 5.084820494055750095e-02 5.217934511601925868e-02 5.369742141415673881e-02 5.555051813522974419e-02
1.100000000000000000e+05 4.364221915602684021e-02 4.493884742259979248e-02 4.626540839672088623e-02 4.761863872408866882e-02 4.914538562297821045e-02 5.056586861610412598e-02 5.194961652159690857e-02 5.352993309497833252e-02 5.535166213909784722e-02
1.101000000000000000e+05 4.378415346145629605e-02 4.515213370323182401e-02 4.648809138685464082e-02 4.778389841318129994e-02 4.925940237939357286e-02 5.075284779071807112e-02 5.214463882148265284e-02 5.364182952791451964e-02 5.549119785428047180e-02
1.102000000000000000e+05 4.346360936760902682e-02 4.476816356182097140e-02 4.603413127362721707e-02 4.735524147748947088e-02 4.886334687471389354e-02 5.036019921302799240e-02 5.174195021390912835e-02 5.326778655250864747e-02 5.508880565563837456e-02
1.103000000000000000e+05 4.262942050894104329e-02 4.374896138906483184e-02 4.496886052191256811e-02 4.628949776291856749e-02 4.773821275681254528e-02 4.929620221257211693e-02 5.073332935571663732e-02 5.225080228100219271e-02 5.394486089547475410e-02
1.104000000000000000e+05 4.147193014621735480e-02 4.243067577481263175e-02 4.366207450628275394e-02 4.498210355639456481e-02 4.635834708809850185e-02 4.786975741386411548e-02 4.939715415239328417e-02 5.083210632205004131e-02 5.244968459010124207e-02
1.105000000000000000e+05 4.085202043255169169e-02 4.176097735762596130e-02 4.309441074728967425e-02 4.440338499844075776e-02 4.578869603574275277e-02 4.721334278583525640e-02 4.877055995166298952e-02 5.025114553670088219e-02 5.174760520458221436e-02
1.106000000000000000e+05 4.077919120589892227e-02 4.178095608949660561e-02 4.304689258337020957e-02 4.437476277351379284e-02 4.566819489002228033e-02 4.712518334388732938e-02 4.875334426760673939e-02 5.017226253946622389e-02 5.167333285013834404e-02
1.107000000000000000e+05 4.089852735400199141e-02 4.184945151209831099e-02 4.317684303969145793e-02 4.443922318518161302e-02 4.574929375201464143e-02 4.719183862209320318e-02 4.872287604957818707e-02 5.012202177196740938e-02 5.163925513625144958e-02
1.108000000000000000e+05 4.078968346118927446e-02 4.176023975014687278e-02 4.299683228135107310e-02 4.432402223348617248e-02 4.570103079080581332e-02 4.712189704179763766e-02 4.859078675508499839e-02 5.011201277375219865e-02 5.156375219424565864e-02
1.109000000000000000e+05 4.072302033503850949e-02 4.170678779482842741e-02 4.298857595771551215e-02 4.431174889206887513e-02 4.562807153910400371e-02 4.704807564616201448e-02 4.857199061661957723e-02 5.004110271732012394e-02 5.153289188941320015e-02
1.110000000000000000e+05 4.123754948377605228e-02 4.236705601215362549e-02 4.370511695742612668e-02 4.499513804912570053e-02 4.632595218718058017e-02 4.773505181074148146e-02 4.929053410887718201e-02 5.068748891353611064e-02 5.219693109393119812e-02
1.111000000000000000e+05 4.200908139348027287e-02 4.310264661908146111e-02 4.444354556500909603e-02 4.581569321453569238e-02 4.712791636586191601e-02 4.858422696590424666e-02 5.008372776210309046e-02 5.148879484583936822e-02 5.300503348310788704e-02
1.112000000000000000e+05 4.241285949945449579e-02 4.352347403764725287e-02 4.476132288575172119e-02 4.612415224313735906e-02 4.743014961481094999e-02 4.887412458658218356e-02 5.045593306422233720e-02 5.188473075628281111e-02 5.341430132587750984e-02
1.113000000000000000e+05 4.226195842027663518e-02 4.327843040227891125e-02 4.451364211738109006e-02 4.579111211001874598e-02 4.722326025366780505e-02 4.873072534799574584e-02 5.027223322540522871e-02 5.166397552937269239e-02 5.320970341563224792e-02
1.114000000000000000e+05 4.229988098144535358e-02 4.339221194386486125e-02 4.470128372311595738e-02 4.605527549982070534e-02 4.738724820315844133e-02 4.889048486948012473e-02 5.049326904118056625e-02 5.192491129040719550e-02 5.339124674598375725e-02
1.115000000000000000e+05 4.282985726992287467e-02 4.389491304755210876e-02 4.516625013202429234e-02 4.643732048571110049e-02 4.782487601041793962e-02 4.939358979463578242e-02 5.093911848962309058e-02 5.238820593804120046e-02 5.395402883489926887e-02
1.116000000000000000e+05 4.285922974348067155e-02 4.393436163663861499e-02 4.523982793092728993e-02 4.655509054660798146e-02 4.777353927493095676e-02 4.938585996627808256e-02 5.087231919169424299e-02 5.235918596386909818e-02 5.372690409421920776e-02
1.117000000000000000e+05 4.306725899378458650e-02 4.404952824115752896e-02 4.532943204045297020e-02 4.654531255364419834e-02 4.789128169417384423e-02 4.947945415973664662e-02 5.089132077991962572e-02 5.234927926212548654e-02 5.386103938023249077e-02
1.118000000000000000e+05 4.192701091368988137e-02 4.290003105998044242e-02 4.412882864475247552e-02 4.539081290364276045e-02 4.680423900485045086e-02 4.840024620294570284e-02 4.990523979067806870e-02 5.143515281379222592e-02 5.297941714525222778e-02
1.119000000000000000e+05 4.048213928937920147e-02 4.152871221303933852e-02 4.278896469622844867e-02 4.408545605838299491e-02 4.551679901778699772e-02 4.705350235104557854e-02 4.861034005880357500e-02 5.016473595052954593e-02 5.171668902039527893e-02
1.120000000000000000e+05 4.025100717941919315e-02 4.147257655858993530e-02 4.287635385990142683e-02 4.432224929332739816e-02 4.561833366751667090e-02 4.702779576182360838e-02 4.857568070292472839e-02 5.019736488660175161e-02 5.179237325986226631e-02
1.121000000000000000e+05 4.216398596763612505e-02 4.344652593135820556e-02 4.478398609906440037e-02 4.621583722531793365e-02 4.748409673571581113e-02 4.898688033223148192e-02 5.056556928902868064e-02 5.198334845403815296e-02 5.356276780366897583e-02
1.122000000000000000e+05 4.461319506168375665e-02 4.582891240715987469e-02 4.716421633958813031e-02 4.863573551177981236e-02 4.988992735743518619e-02 5.137388452887537565e-02 5.290696360170847601e-02 5.436904020607467164e-02 5.602843314409255981e-02
1.123000000000000000e+05 4.632811054587367139e-02 4.745801910758017106e-02 4.882731109857555568e-02 5.029994823038577700e-02 5.151105809956788018e-02 5.301812216639522485e-02 5.457357876002788544e-02 5.604059985528386106e-02 5.777070422967275215e-02
1.124000000000000000e+05 4.626589601238571825e-02 4.727565422654145255e-02 4.845358222723002845e-02 5.003573551774011252e-02 5.133405581116676913e-02 5.280626043677334042e-02 5.406555086374273400e-02 5.590927650531134913e-02 5.758109192053476738e-02
1.125000000000000000e+05 4.368019849061965942e-02 4.442462325096130371e-02 4.565965384244893149e-02 4.711076430976390839e-02 4.875611234456300735e-02 5.017856508493423462e-02 5.150039400905346426e-02 5.333138164132833481e-02 5.498247593641281128e-02
1.126000000000000000e+05 4.235580682754522958e-02 4.354981780052172291e-02 4.476066209375852145e-02 4.617836922407148048e-02 4.767927989363671126e-02 4.907124862074859623e-02 5.037286169826969695e-02 5.213057103256380637e-02 5.368459845582643913e-02
1.127000000000000000e+05 4.456973274548835934e-02 4.575380384922034249e-02 4.688794866204264861e-02 4.831002756953239885e-02 4.989756356924775205e-02 5.099306151270853460e-02 5.246476512402290654e-02 5.407211593041823250e-02 5.542244638005892204e-02
1.128000000000000000e+05 4.434605419635778006e-02 4.534208923578264550e-02 4.644774213433273263e-02 4.788870677351952931e-02 4.943823352456090670e-02 5.084451541304588901e-02 5.221433863043788842e-02 5.397247120738034309e-02 5.551770702004432678e-02
1.129000000000000000e+05 4.421173344055810694e-02 4.547135010361679636e-02 4.671374145895239305e-02 4.824735797941685778e-02 4.956894766539338137e-02 5.092586010694506726e-02 5.243591144680974370e-02 5.411713401476544311e-02 5.555915459990501404e-02
1.130000000000000000e+05 4.563895886143048974e-02 4.687889665365219116e-02 4.796300008893015360e-02 4.938020333647726717e-02 5.088434517383575578e-02 5.221125930547717425e-02 5.375558510422706604e-02 5.534880422055714344e-02 5.679035807649294304e-02
1.131000000000000000e+05 4.510568752884867166e-02 4.605380743742002597e-02 4.731875136494614192e-02 4.858896888792511859e-02 5.012769889086477609e-02 5.174874201416975600e-02 5.315505396574733699e-02 5.464709315448998406e-02 5.661351978778839111e-02
1.132000000000000000e+05 4.228680257995933583e-02 4.324282258748998742e-02 4.464733764529214138e-02 4.585469424724571141e-02 4.736168310046182800e-02 4.912870928645135526e-02 5.043552443385119349e-02 5.203276738524443418e-02 5.392224589983622002e-02
1.133000000000000000e+05 4.191541006167727457e-02 4.307972714304916795e-02 4.456498794257644780e-02 4.603172697126853286e-02 4.721190091222528251e-02 4.872622266411782976e-02 5.023769363760941659e-02 5.147341924409071234e-02 5.321636299292246269e-02
1.134000000000000000e+05 4.388217449188236419e-02 4.488178715109830685e-02 4.636992678046225613e-02 4.794343426823607923e-02 4.899872720241537499e-02 5.047551587224007041e-02 5.192830674350247533e-02 5.319213122129441002e-02 5.480348691344261169e-02
1.135000000000000000e+05 4.289807453751555422e-02 4.372985661029815674e-02 4.504546076059345178e-02 4.639011956751340482e-02 4.785567186772841930e-02 4.938314110040650101e-02 5.072394851595177223e-02 5.219728977729880953e-02 5.389411002397537231e-02
1.136000000000000000e+05 4.167958999673523207e-02 4.287542253732674197e-02 4.403442114591604728e-02 4.563324138522148465e-02 4.694757610559453093e-02 4.822915554046629943e-02 4.997438341379161625e-02 5.123587419589367697e-02 5.311663697163263725e-02
1.137000000000000000e+05 4.318576619029041580e-02 4.444851726293569394e-02 4.562802489846953108e-02 4.721320100128650193e-02 4.837305143475521124e-02 4.979870229959483530e-02 5.152416154742232857e-02 5.269096463918682832e-02 5.460968986153602600e-02
1.138000000000000000e+05 4.328113526105879794e-02 4.443393722176551541e-02 4.563698865473269500e-02 4.709982067346573514e-02 4.843030504882332027e-02 4.990917757153507522e-02 5.146457590162754198e-02 5.292014685769873272e-02 5.468742425243059563e-02
1.139000000000000000e+05 4.395813340942054948e-02 4.536509513854992265e-02 4.665963601320988891e-02 4.812957584857947835e-02 4.937473736703383576e-02 5.055871307849881674e-02 5.227967444807288255e-02 5.378176224728418303e-02 5.540477608640988899e-02
1.140000000000000000e+05 4.529699310660359468e-02 4.664872959256172180e-02 4.774165824055671969e-02 4.916376173496250085e-02 5.065488815307612330e-02 5.198426097631454745e-02 5.365732312202453613e-02 5.501724481582640630e-02 5.667383223772048950e-02
1.141000000000000000e+05 4.379208490252501501e-02 4.478139281272905392e-02 4.597152516245844173e-02 4.725184246897708162e-02 4.895599398762002369e-02 5.044865831732740780e-02 5.184050407260652055e-02 5.334969184050960406e-02 5.514720454812049866e-02
1.142000000000000000e+05 4.183545470237733099e-02 4.321537390351293945e-02 4.469498418271545398e-02 4.582216471433641497e-02 4.731595143675803444e-02 4.863963469862936373e-02 5.031470656394957525e-02 5.154377922415735724e-02 5.337066824237505364e-02
1.143000000000000000e+05 4.328858613967904306e-02 4.459624141454692631e-02 4.610723722726123297e-02 4.734534449875354989e-02 4.859628990292541584e-02 4.992942765355111445e-02 5.163250770419840902e-02 5.291002891957763410e-02 5.437543615698814392e-02
1.144000000000000000e+05 4.447137743234631097e-02 4.558534994721415157e-02 4.696203187108039662e-02 4.816255792975425443e-02 4.954692184925078846e-02 5.095369026064874157e-02 5.250746384263039329e-02 5.394523809353510974e-02 5.542993793884912895e-02
1.145000000000000000e+05 4.419165849685672415e-02 4.542807117104530334e-02 4.651084505021567395e-02 4.778427854180349044e-02 4.924051724374296779e-02 5.074662119150165351e-02 5.215368047356599979e-02 5.375537723302833276e-02 5.535472681125005318e-02
1.146000000000000000e+05 4.269887745380400446e-02 4.386148974299438480e-02 4.504480533301837702e-02 4.638824597001076772e-02 4.778576083481313186e-02 4.947076857089998531e-02 5.084604732692244583e-02 5.245040468871593753e-02 5.402493104338645935e-02
1.147000000000000000e+05 4.211088190476101195e-02 4.334093928337097446e-02 4.471687022596597394e-02 4.602572098374367593e-02 4.751441210508346169e-02 4.907856985926627863e-02 5.069258138537404562e-02 5.203389470775923037e-02 5.361208319664001465e-02
1.148000000000000000e+05 4.284537295500429749e-02 4.409465193748471346e-02 4.551871031522755628e-02 4.686434015631674860e-02 4.823525890707968528e-02 4.983870312571521410e-02 5.137622505426404224e-02 5.282222251097359877e-02 5.436534682909647392e-02
1.149000000000000000e+05 4.380501866340633793e-02 4.495112895965579919e-02 4.650838553905489725e-02 4.776446014642714288e-02 4.913268189877271347e-02 5.068344667553899285e-02 5.226950086653232158e-02 5.383264139294628020e-02 5.541080981492996216e-02
1.150000000000000000e+05 4.401165495316187309e-02 4.520418867468833923e-02 4.674423858523368835e-02 4.810793697834014893e-02 4.948536679148674011e-02 5.096621438860893250e-02 5.248053930699825287e-02 5.422478417555490898e-02 5.585227409998575615e-02
1.151000000000000000e+05 4.361939102411267755e-02 4.465277269482617606e-02 4.629225958138701025e-02 4.753166846930978462e-02 4.909123394638299775e-02 5.058244913816448141e-02 5.208049770444631021e-02 5.384901698678726950e-02 5.551898231108983589e-02
1.152000000000000000e+05 4.245046794414512881e-02 4.342958629131312559e-02 4.499789267778403490e-02 4.629598110914229236e-02 4.778664439916609219e-02 4.922227829694758583e-02 5.071135014295573284e-02 5.245252534747117668e-02 5.407139286398887634e-02
1.153000000000000000e+05 4.165449211994805973e-02 4.286860898137086900e-02 4.448432289063930511e-02 4.577712692320333454e-02 4.715187717229128717e-02 4.826764255762097666e-02 5.008742492645976152e-02 5.160702149073281841e-02 5.332267781098683906e-02
1.154000000000000000e+05 4.385289142529168183e-02 4.555175229907056783e-02 4.703514210879818774e-02 4.848746612668041606e-02 4.975532479584224982e-02 5.094793915748602880e-02 5.273977592587439367e-02 5.440685239930972972e-02 5.593133717775344849e-02
1.155000000000000000e+05 4.678103700280195065e-02 4.840863868594169617e-02 4.972726404666907851e-02 5.135251842439163966e-02 5.275716148316865473e-02 5.411982089281090064e-02 5.590027384459959198e-02 5.748404525220399131e-02 5.914126709103584290e-02
1.156000000000000000e+05 4.800522645314531101e-02 4.924923032522202093e-02 5.078198388218879700e-02 5.210080713033676814e-02 5.386039942502976463e-02 5.524540945887566196e-02 5.698579847812651478e-02 5.861366013685866821e-02 6.026537592212358879e-02
1.157000000000000000e+05 4.754952395955727718e-02 4.875225424766538307e-02 5.019327502697703419e-02 5.148666776716713522e-02 5.343034476041788605e-02 5.469924867153168335e-02 5.641658045351508749e-02 5.818197809159754430e-02 6.005577867229779793e-02
1.158000000000000000e+05 4.597188010811807668e-02 4.718025699257855782e-02 4.860037393867977507e-02 4.997485548257824678e-02 5.195378698408594648e-02 5.343187779188153519e-02 5.472907945513730277e-02 5.675308711826786839e-02 5.855028331279754639e-02
1.159000000000000000e+05 4.495691264669106346e-02 4.648309797048572056e-02 4.771527092903855155e-02 4.954579032957560913e-02 5.097102504223583602e-02 5.265762671828264074e-02 5.408399906009434682e-02 5.576864268630742083e-02 5.786001061399777962e-02
1.160000000000000000e+05 4.789616862932864066e-02 4.911639168858528137e-02 5.118065476417563847e-02 5.256732925772678033e-02 5.363151952624338470e-02 5.541994720697391436e-02 5.701239407062530518e-02 5.846699550747882362e-02 6.061629330118497444e-02
1.161000000000000000e+05 5.053117662668221710e-02 5.126838758587830280e-02 5.362012639641776379e-02 5.455922193825241823e-02 5.595299039036043948e-02 5.823585361242295672e-02 5.954380314797164814e-02 6.109453015029429196e-02 6.327784806489944458e-02
1.162000000000000000e+05 5.116325522462528141e-02 5.196904018521309593e-02 5.393535599112508905e-02 5.488012239336965969e-02 5.703311622142798187e-02 5.885180503129962964e-02 6.014284193515778004e-02 6.187855777641140809e-02 6.352705756823222305e-02
1.163000000000000000e+05 4.944091955820714701e-02 5.040319487452513819e-02 5.195053447037917965e-02 5.328233942389493799e-02 5.538877848535755932e-02 5.710966438055025546e-02 5.867230501025905154e-02 6.030123261113966987e-02 6.232622017463048530e-02
1.164000000000000000e+05 4.725505828857416019e-02 4.824015125632274970e-02 4.960572570562368777e-02 5.120509937405587353e-02 5.309162512421591873e-02 5.477062866091730875e-02 5.636877343058573075e-02 5.784772723913203518e-02 6.013291329145431519e-02
1.165000000000000000e+05 4.504710584878938995e-02 4.559243097901344299e-02 4.693994149565691720e-02 4.828893430531035202e-02 5.064107682555935713e-02 5.221053734421750303e-02 5.370440054684855885e-02 5.483958839128424967e-02 5.698093026876449585e-02
1.166000000000000000e+05 4.215395783384647682e-02 4.309026151895520990e-02 4.439507752656925849e-02 4.516094505786900221e-02 4.758739419281490801e-02 4.909818679094304916e-02 5.089076682925224027e-02 5.175792085627715922e-02 5.309703697760900093e-02
1.167000000000000000e+05 4.316375479102136509e-02 4.470970183610923493e-02 4.605076055973784249e-02 4.697141945362084264e-02 4.824044298380602419e-02 4.959164246916767521e-02 5.152528528124086099e-02 5.273636534810054177e-02 5.402643978595733643e-02
1.168000000000000000e+05 4.420947973926858676e-02 4.558847397565844034e-02 4.694458454847334761e-02 4.832190230488774690e-02 4.977446928620340993e-02 5.103354766964912637e-02 5.266278907656667813e-02 5.433269212643303953e-02 5.611803010106086731e-02
1.169000000000000000e+05 4.332139094670603430e-02 4.436162933707226558e-02 4.558144062757479853e-02 4.689214296638969520e-02 4.864094119519001697e-02 5.023456603288647265e-02 5.177930910140279147e-02 5.342925882587840070e-02 5.527956659595171379e-02
1.170000000000000000e+05 4.098746180534371120e-02 4.201560467481613159e-02 4.312261007726202189e-02 4.429543986916523873e-02 4.607088118791588527e-02 4.773867204785358503e-02 4.908011481165885925e-02 5.084634721279139569e-02 5.290878191590309143e-02
1.171000000000000000e+05 3.761618922154106454e-02 3.852673992514631801e-02 3.957315623760215839e-02 4.060914471745494247e-02 4.215507280081520064e-02 4.364069476723678870e-02 4.494968932121985727e-02 4.664522123833522022e-02 4.863882809877395630e-02
1.172000000000000000e+05 3.485665371020631176e-02 3.605353906750674575e-02 3.688124611973752492e-02 3.796099707484243413e-02 3.937458246946337614e-02 4.066890731453892682e-02 4.213071167469022160e-02 4.368491162856419363e-02 4.546693712472915649e-02
1.173000000000000000e+05 3.330154746770867813e-02 3.446321263909347260e-02 3.479277189820988159e-02 3.540503881871702452e-02 3.717034958302979641e-02 3.859637364745155397e-02 4.030107595026504591e-02 4.210139725357302243e-02 4.389037564396858215e-02
1.174000000000000000e+05 3.177264153957367471e-02 3.164421729743462086e-02 3.053178600966919079e-02 3.009842187166153482e-02 3.180755633860830878e-02 3.451563343405741890e-02 3.680196665227444819e-02 3.893740666409337137e-02 4.047004009286562370e-02
1.175000000000000000e+05 2.896528194348017490e-02 2.263006567955017090e-02 1.753660198301013051e-02 1.632497925311326981e-02 1.902414625510573387e-02 2.545226924121379852e-02 2.868044003844369069e-02 3.198346495628356934e-02 3.470599030454953743e-02
1.176000000000000000e+05 1.469371337443558558e-02 7.053086534142942628e-03 5.055776536464842708e-03 4.469372835010738607e-03 5.447314744815211218e-03 9.623398408293312375e-03 1.317700427025651766e-02 1.690418839454682631e-02 2.000838518142700195e-02
1.177000000000000000e+05 5.488482825458053729e-03 3.920685872435578784e-03 3.540266100317325439e-03 3.798118713311867539e-03 3.985676390584579065e-03 4.883667938411232791e-03 4.955358826555521928e-03 6.307496830510640404e-03 7.853071826199689923e-03
1.178000000000000000e+05 7.275698420902001334e-03 7.142469286918514369e-03 7.142527000978920147e-03 7.355177700519510524e-03 7.343036103993729261e-03 8.395723775029119776e-03 8.025434846058325522e-03 8.800291769827266186e-03 9.149510723849138202e-03
1.179000000000000000e+05 1.214044813066716098e-02 1.326661296188806627e-02 1.392679880373186123e-02 1.442667733877904708e-02 1.434691025875531670e-02 1.521623820066469318e-02 1.605110182426854395e-02 1.648479393683411481e-02 1.624824292957782745e-02
1.180000000000000000e+05 1.851281983157012159e-02 1.982928812503814697e-02 2.021242864429951408e-02 2.078646458685390677e-02 2.138834819197664786e-02 2.244221866130844539e-02 2.382865920662879944e-02 2.430442385375498893e-02 2.474993901948134220e-02
1.181000000000000000e+05 1.805123582482320854e-02 1.828533522784733106e-02 1.877691349014642616e-02 1.937114894390100026e-02 2.063746098428955941e-02 2.147872909903537561e-02 2.186261927708976413e-02 2.286470428730037752e-02 2.405712567269802094e-02
1.182000000000000000e+05 1.460037328302872355e-02 1.478498168289652318e-02 1.498756188899285323e-02 1.569159880280492081e-02 1.680481262505050324e-02 1.755930259823800660e-02 1.786693148314943622e-02 1.861501153558502153e-02 1.934858411550521851e-02
1.183000000000000000e+05 1.491297582785286631e-02 1.560060903429979183e-02 1.623334253206856412e-02 1.693659204989658371e-02 1.752753190696250407e-02 1.808995425701145215e-02 1.879661530256282118e-02 1.955212518572812044e-02 2.038663129011790073e-02
1.184000000000000000e+05 1.634640944500764803e-02 1.698290854692457649e-02 1.769814476370818249e-02 1.845109879970545375e-02 1.917738579213627143e-02 1.981551341712475822e-02 2.051415257155895372e-02 2.134265445172787296e-02 2.228903522094090664e-02
1.185000000000000000e+05 1.516725458204759222e-02 1.565912365913391113e-02 1.615948998369281034e-02 1.666198503226032010e-02 1.748595973476797447e-02 1.825020760297784567e-02 1.879750750958896974e-02 1.978262132033703838e-02 2.094812318682670593e-02
1.186000000000000000e+05 1.337598953396070336e-02 1.417082324624050101e-02 1.480709845200186420e-02 1.544307477772236502e-02 1.583643898367885494e-02 1.614481493830680070e-02 1.684596594423036151e-02 1.770383052527918152e-02 1.867255133887131893e-02
1.187000000000000000e+05 1.547773448129491532e-02 1.624070610851055529e-02 1.701289888471351971e-02 1.772637147456406978e-02 1.822566492483016637e-02 1.877978518605227451e-02 1.954698059707874261e-02 2.024734328811366585e-02 2.109770911435286320e-02
1.188000000000000000e+05 1.534350562840695355e-02 1.567811612039812438e-02 1.614632248878482279e-02 1.667748350650081687e-02 1.752203933894650248e-02 1.829176977276792890e-02 1.897926144301896947e-02 1.991354748606671832e-02 2.100735716521739960e-02
1.189000000000000000e+05 1.316320105145369831e-02 1.358493901789191959e-02 1.401251611299807014e-02 1.441447703167788100e-02 1.490105792880076080e-02 1.558138385415075260e-02 1.640679938718674763e-02 1.725359508146841539e-02 1.818599055210749424e-02
1.190000000000000000e+05 1.468053621550389001e-02 1.547767408192157745e-02 1.606326457113042491e-02 1.669391021132462377e-02 1.711446959525330172e-02 1.768630146980266701e-02 1.854795310646295547e-02 1.914665692796330143e-02 1.989505564173062527e-02
1.191000000000000000e+05 1.629777252674101395e-02 1.696584075689312049e-02 1.762146616354584236e-02 1.832321878522631675e-02 1.899502247571940514e-02 1.974507153034214119e-02 2.060575038194658107e-02 2.137048281729219540e-02 2.227780595421791077e-02
1.192000000000000000e+05 1.661815211176872337e-02 1.722711175680160384e-02 1.788601607084274250e-02 1.857183732092380565e-02 1.936488881707197976e-02 2.008938014507295755e-02 2.082923576235767849e-02 2.164404653012748370e-02 2.258870440224806583e-02
1.193000000000000000e+05 1.517210026582072394e-02 1.551490053534517258e-02 1.595781527459604401e-02 1.651103829964994246e-02 1.736408432945623151e-02 1.813569769263265533e-02 1.870778426527989688e-02 1.959932725255680158e-02 2.059335572024186337e-02
1.194000000000000000e+05 1.249826598912489282e-02 1.284380611032252990e-02 1.328454604372383309e-02 1.374649647623304299e-02 1.442780854180463965e-02 1.506924454122775085e-02 1.556615894660379543e-02 1.628747589886177932e-02 1.707248948514461517e-02
1.195000000000000000e+05 1.140551896144948417e-02 1.180587615817785263e-02 1.228581410832702177e-02 1.280811065807941143e-02 1.333119645714760451e-02 1.390801407396794268e-02 1.446568849496545489e-02 1.510044289752838879e-02 1.579769328236579895e-02
1.196000000000000000e+05 1.111401780198017532e-02 1.148759834468368428e-02 1.194273028522724323e-02 1.240020606666804130e-02 1.297305103391410176e-02 1.351266942918301524e-02 1.403077486902478896e-02 1.463377996037402463e-02 1.534490784009297747e-02
1.197000000000000000e+05 1.011197231709951190e-02 1.033904068171973521e-02 1.066618463024493306e-02 1.102512182667839818e-02 1.166861319914463263e-02 1.226640071719883006e-02 1.266481922939427171e-02 1.327754899859413806e-02 1.400432456284761429e-02
1.198000000000000000e+05 6.850798800587433110e-03 6.784583348780996552e-03 6.933843968435916827e-03 7.107534818351295136e-03 7.741720089688954726e-03 8.229516185820316687e-03 8.376578520983614731e-03 8.932426140333153339e-03 9.542439132928848267e-03
1.199000000000000000e+05 4.341160133481020665e-03 4.691557493060801234e-03 4.988684114068755483e-03 5.274164695292681525e-03 5.361272073350843020e-03 5.553066544234743808e-03 5.840733810327939160e-03 5.856078192591646428e-03 5.980457800130049677e-03
