9.000000000000000000e+04 3.770511740870748394e-05 3.544007303790145741e-05 3.245499073395391947e-05 3.123298650074188943e-05 3.678149491363326786e-05
9.010000000000000000e+04 3.704902659997891696e-05 3.744832652621769012e-05 3.460847313177205356e-05 3.454703711609193116e-05 3.490469015491492371e-05
9.020000000000000000e+04 3.705312692960408775e-05 3.373917912408997408e-05 3.513196183965659985e-05 3.706006109436417418e-05 3.309169079209901132e-05
9.030000000000000000e+04 3.867671487694975809e-05 3.959424691080006117e-05 3.712731149586484704e-05 3.475552789562750872e-05 3.682281303838926597e-05
9.040000000000000000e+04 4.131525083593770727e-05 4.406527058173008953e-05 4.172742336695571904e-05 4.205296809230550133e-05 4.158009556767944655e-05
9.050000000000000000e+04 4.092512451697599300e-05 4.156539287867794057e-05 4.406590840956726697e-05 4.339677328728824986e-05 4.446083944821146132e-05
9.060000000000000000e+04 3.877824814206603165e-05 3.801233116162709333e-05 3.894868340813522484e-05 3.970943486339665750e-05 3.945374374479075353e-05
9.070000000000000000e+04 4.066690231162142300e-05 3.726650580005675756e-05 3.404577859698855528e-05 3.355204151707045503e-05 4.835527673681948199e-05
9.080000000000000000e+04 3.586762980062733374e-05 3.342908463843494740e-05 3.472035024541968905e-05 3.559708852012869135e-05 3.521367740552889050e-05
9.090000000000000000e+04 4.059392750017968920e-05 3.830383118797385885e-05 3.614349826107489887e-05 3.655613230393155719e-05 3.661985673874400434e-05
9.100000000000000000e+04 4.208880452198565994e-05 3.872556966477773118e-05 3.930097724394531844e-05 3.808744111770237978e-05 4.002904789503321443e-05
9.110000000000000000e+04 3.744752265112475385e-05 3.072742551665592680e-05 3.878818712032380860e-05 3.367787410281982557e-05 3.287749560327714424e-05
9.120000000000000000e+04 4.995911893525219107e-05 4.597971690523657907e-05 4.866782811632701746e-05 4.605763432062930324e-05 4.641770843607828699e-05
9.130000000000000000e+04 3.548587350496290431e-05 4.183276342173746301e-05 3.877427683932065816e-05 3.915465778685471435e-05 3.809906022535844829e-05
9.140000000000000000e+04 4.095810497240166462e-05 3.737910129111600692e-05 3.842712930312331294e-05 3.938880062407803064e-05 3.901040230621764403e-05
9.150000000000000000e+04 3.673241184304437511e-05 3.745804722151815165e-05 3.850501354397301587e-05 3.926114189956587784e-05 3.439349912038345230e-05
9.160000000000000000e+04 4.110817059569720963e-05 4.178325674013709442e-05 4.271484674412717763e-05 4.760947423021634614e-05 4.206371196244732414e-05
9.170000000000000000e+04 4.830538265358644208e-05 5.331435316895229224e-05 4.514814867065590031e-05 5.183568014509793077e-05 4.881845304372959887e-05
9.180000000000000000e+04 4.655092903611538537e-05 4.107997308956890187e-05 4.241677289258686731e-05 4.751182496079397864e-05 4.246635642983682696e-05
9.190000000000000000e+04 4.046730839596259335e-05 4.168637024838553977e-05 4.668112103346985651e-05 4.409726149443992678e-05 4.748694014978006736e-05
9.200000000000000000e+04 4.282691152912758908e-05 4.639849904918744411e-05 5.106454057333229029e-05 4.644048675526066657e-05 4.586463575592349189e-05
9.210000000000000000e+04 4.547044175873499687e-05 5.065952288223876573e-05 4.962595558877524348e-05 4.463884367266643226e-05 4.675926144557438863e-05
9.220000000000000000e+04 4.981543873331878230e-05 4.851898063901143976e-05 4.775551521603039465e-05 5.141057004061462332e-05 5.548492211053937322e-05
9.230000000000000000e+04 5.133162952491245767e-05 5.125957128281276141e-05 4.825539538741003930e-05 5.488328134647826282e-05 5.292157415149529903e-05
9.240000000000000000e+04 5.196143751677302045e-05 4.955042788987633416e-05 5.208451451092463333e-05 5.223000624785105212e-05 5.274502327449907878e-05
9.250000000000000000e+04 4.982709828764136787e-05 4.978161328466911863e-05 4.958470000720221929e-05 5.031163544254079666e-05 4.614539442785394363e-05
9.260000000000000000e+04 5.500808927836092126e-05 4.867085538288504047e-05 4.972496451957743389e-05 5.058782324551367880e-05 4.901891842687931822e-05
9.270000000000000000e+04 5.570333041274291370e-05 5.787317809476623582e-05 4.793292160480131837e-05 5.141969036248205532e-05 4.544526007190858490e-05
9.280000000000000000e+04 5.161404065744928108e-05 5.337957773226427574e-05 4.821423063852080362e-05 4.414708904976681039e-05 4.448234601798489317e-05
9.290000000000000000e+04 4.662587383566762491e-05 4.795836423696332810e-05 5.242456475019836637e-05 4.623428342443364664e-05 4.958823639038622237e-05
9.300000000000000000e+04 4.697788736194768229e-05 4.591710970968083483e-05 4.963566435814097117e-05 5.347294886530534416e-05 5.235478508336545146e-05
9.310000000000000000e+04 5.165670763447808146e-05 4.625640023241218637e-05 5.027515989609269970e-05 4.902752388978023424e-05 5.393059584913085266e-05
9.320000000000000000e+04 4.947925414446256682e-05 5.563422745531946124e-05 5.033479015735569306e-05 4.774103469496696078e-05 4.810756922410874478e-05
9.330000000000000000e+04 5.336197229260212935e-05 5.140295083214773119e-05 4.764894437407713661e-05 4.748049607616664891e-05 4.872788602112845065e-05
9.340000000000000000e+04 5.615358537549113141e-05 4.763625611376585869e-05 4.782625585314942304e-05 4.322478356467328108e-05 4.591659989673120687e-05
9.350000000000000000e+04 5.487705652310160507e-05 5.288470753637208524e-05 4.526731129978633526e-05 4.480988755727241242e-05 4.633446669354924428e-05
9.360000000000000000e+04 4.518566398063357244e-05 5.185598302927986193e-05 4.353500020419344901e-05 4.576180012390134306e-05 4.917132491017455782e-05
9.370000000000000000e+04 5.355258498156110087e-05 4.952165400694864296e-05 4.884156306241229680e-05 4.736764320504401120e-05 5.287183976179539587e-05
9.380000000000000000e+04 5.408199766461094444e-05 4.734849529736146888e-05 5.196124299233361062e-05 5.006270035722623618e-05 5.450324755611347650e-05
9.390000000000000000e+04 5.702262313749173792e-05 5.217507863781787036e-05 4.815893318988554990e-05 4.700069877659458859e-05 5.023565229010549068e-05
9.400000000000000000e+04 5.468139434193175589e-05 5.007849508571236645e-05 4.805013668652290181e-05 4.912447348945110371e-05 4.874214032527115310e-05
9.410000000000000000e+04 5.414482580985908230e-05 5.166684533112081987e-05 5.400743490414831822e-05 5.452893645709291128e-05 4.880094533487538239e-05
9.420000000000000000e+04 5.413588897528292919e-05 5.084191038752035086e-05 5.528182437275812810e-05 4.933455664424306130e-05 4.847761318996969700e-05
9.430000000000000000e+04 4.921107889586805618e-05 4.414521295846223034e-05 5.443399214900070419e-05 4.854850379399038815e-05 5.130718609428719200e-05
9.440000000000000000e+04 5.141003423713238650e-05 5.287373312509160636e-05 4.682570920314657403e-05 4.553448365163317586e-05 5.167743055834541260e-05
9.450000000000000000e+04 5.211422271631504512e-05 5.281963401251024763e-05 4.579128509631033843e-05 5.065760811948312095e-05 4.826324859335424380e-05
9.460000000000000000e+04 5.411048216713517961e-05 5.594346261614690401e-05 5.509041223304680034e-05 4.991082050491162830e-05 5.060211307057483612e-05
9.470000000000000000e+04 5.487761761763610758e-05 5.311759550932679377e-05 5.912246535612611842e-05 5.214371143873463714e-05 5.451684839322491950e-05
9.480000000000000000e+04 5.126343191818012946e-05 5.130420216372154281e-05 4.879306066647447383e-05 4.831835066842978020e-05 4.897559524965730180e-05
9.490000000000000000e+04 4.783945869932309326e-05 4.988735725851050680e-05 5.171293188050107804e-05 4.826922720656606286e-05 4.498152288793601553e-05
9.500000000000000000e+04 5.595391936192353608e-05 4.887643072593081774e-05 4.647941721448417253e-05 5.090550284192785381e-05 4.917943847837734350e-05
9.510000000000000000e+04 4.850620429089055262e-05 4.845044559974481834e-05 4.765063055574315107e-05 4.736546058658368182e-05 4.994930900444182479e-05
9.520000000000000000e+04 5.061151125825270701e-05 4.672774596916132850e-05 5.188869584452997479e-05 4.870915973282748037e-05 5.021620755950890883e-05
9.530000000000000000e+04 4.992281223437327990e-05 5.822399094545645069e-05 4.972000182381957674e-05 5.316229280149313802e-05 5.363232572668514392e-05
9.540000000000000000e+04 5.166527378996412374e-05 4.704676184721086980e-05 4.818847890515718258e-05 5.254853437906982895e-05 5.146080495854821402e-05
9.550000000000000000e+04 4.945076663671980075e-05 4.720637882664328096e-05 4.894678186087497506e-05 5.250623143018782741e-05 5.263340563883447509e-05
9.560000000000000000e+04 5.180980693182049427e-05 4.735749816806391656e-05 4.737949204278549839e-05 4.985891325337671299e-05 4.494277780630754536e-05
9.570000000000000000e+04 5.467078053394656831e-05 4.436996030165007689e-05 5.287752211904509024e-05 5.638596761445014956e-05 5.275614620272550502e-05
9.580000000000000000e+04 5.496798785232307187e-05 4.976500220699563572e-05 5.276324289161426128e-05 4.735963441469703719e-05 4.945149823525237643e-05
9.590000000000000000e+04 5.658779108263693676e-05 5.493075378418167014e-05 5.270975833543370702e-05 4.552400294009153624e-05 4.909760253036379250e-05
9.600000000000000000e+04 5.339156921018214642e-05 5.669644916616288917e-05 5.358604208095364907e-05 5.527688406971064436e-05 5.463227074776937976e-05
9.610000000000000000e+04 5.257282381718895645e-05 4.984817208814713244e-05 4.847447012993891588e-05 5.344610045392423454e-05 5.479445366509814086e-05
9.620000000000000000e+04 5.453080990002239436e-05 5.050952233950245534e-05 5.034009080358688116e-05 5.191675270419467722e-05 5.240172415144627469e-05
9.630000000000000000e+04 5.065343783212118949e-05 5.100523247405382539e-05 5.265972632767634679e-05 5.448950440197891090e-05 5.007582482058030976e-05
9.640000000000000000e+04 5.071912612628250709e-05 5.590405771416355902e-05 5.053668869830203292e-05 5.227225231535536677e-05 5.040925282017366194e-05
9.650000000000000000e+04 5.069985302757338592e-05 5.635471383782520436e-05 5.020938910562295937e-05 4.790938638679157884e-05 4.681648753335555834e-05
9.660000000000000000e+04 5.034844874480208640e-05 4.973458153110003020e-05 5.625368608383308849e-05 5.066248526127031836e-05 5.455941334654236844e-05
9.670000000000000000e+04 5.479485026945442409e-05 5.414397874298404527e-05 5.180229441783854814e-05 5.231645677908350269e-05 5.551115064678837637e-05
9.680000000000000000e+04 5.393844618917883647e-05 5.378924451374153239e-05 4.864214503669597733e-05 4.929350619471331964e-05 5.344945892438403892e-05
9.690000000000000000e+04 5.591258373852691960e-05 5.131425979521514984e-05 5.176770932349843054e-05 5.214786355202808338e-05 5.202721227950440799e-05
9.700000000000000000e+04 5.667541654290838313e-05 5.756430232366498996e-05 5.017931366042456678e-05 5.018400496992317427e-05 5.292191390082910869e-05
9.710000000000000000e+04 5.900389433015031164e-05 5.097669267424931278e-05 5.164995452329079111e-05 5.231631022677318317e-05 5.475545418092738473e-05
9.720000000000000000e+04 5.729307192308735394e-05 5.173773738304504176e-05 4.956402126275861157e-05 5.363144259232235857e-05 4.870838002832518970e-05
9.730000000000000000e+04 5.748366357577855922e-05 5.601454476385432283e-05 5.058946412933580081e-05 4.665816716470394689e-05 4.903201092086715060e-05
9.740000000000000000e+04 5.636914184640667234e-05 5.088425624487958622e-05 4.947676590918843967e-05 4.723847936626554485e-05 4.861182121813829746e-05
9.750000000000000000e+04 5.390056420827457167e-05 4.805676664523511051e-05 5.432973759740559918e-05 5.124629927815622953e-05 5.370520007119714641e-05
9.760000000000000000e+04 5.223514748769318450e-05 5.633482366872492007e-05 5.785281184793720528e-05 5.697920095771288396e-05 5.877530982868898931e-05
9.770000000000000000e+04 4.868127346015956318e-05 5.330402798594225479e-05 5.621133145666176712e-05 5.488949001713228781e-05 6.188148183339867300e-05
9.780000000000000000e+04 4.688783329949362371e-05 5.020382257073784940e-05 6.033355769745863496e-05 5.673534320343021195e-05 5.931748279824493363e-05
9.790000000000000000e+04 4.767991989893557140e-05 5.208977968605140130e-05 5.697900119543175182e-05 5.659024917518409251e-05 6.045516462968166888e-05
9.800000000000000000e+04 4.944474195716772513e-05 5.669026836224085741e-05 6.093334761845238887e-05 5.646908864572940600e-05 5.536469294599556066e-05
9.810000000000000000e+04 5.382907543706803952e-05 5.349311187439426081e-05 5.021220292195519908e-05 5.346557325971123647e-05 5.177281778353633521e-05
9.820000000000000000e+04 5.424614216540745262e-05 5.641576144588771437e-05 5.184960348287128481e-05 5.408225649147573814e-05 5.309351037156415147e-05
9.830000000000000000e+04 5.711505479341068514e-05 5.455184633515104301e-05 5.634101107672653970e-05 5.403713531098065928e-05 5.174414922270692931e-05
9.840000000000000000e+04 4.830783063987002064e-05 4.934761955121123080e-05 5.180476697105262750e-05 5.276793846894902785e-05 4.684113299594313716e-05
9.850000000000000000e+04 5.203494663910302625e-05 4.983603247268298498e-05 5.409661416493734347e-05 5.526967613426245869e-05 5.487487928738806170e-05
9.860000000000000000e+04 5.761605072887667791e-05 5.287915028547279361e-05 5.392288717032594152e-05 5.417176573309697297e-05 5.658360442557575548e-05
9.870000000000000000e+04 5.756630423831964066e-05 4.893707480534346108e-05 5.623774487338984682e-05 5.441296995581946643e-05 5.685920542511346246e-05
9.880000000000000000e+04 5.652130534377703330e-05 5.472169952777836778e-05 5.467459310852596166e-05 5.716854588122554943e-05 6.188472469550234398e-05
9.890000000000000000e+04 5.512774537054953883e-05 4.997386206482905789e-05 5.692572737494880044e-05 5.538183960241685119e-05 5.696939130953336322e-05
9.900000000000000000e+04 6.046606613865895531e-05 5.937903992316978633e-05 6.111968627137159436e-05 5.489452053845314137e-05 6.143746421271556435e-05
9.910000000000000000e+04 6.444954599282092076e-05 5.837484690039599044e-05 6.329599827347997555e-05 5.991858405035348846e-05 6.284519802545266971e-05
9.920000000000000000e+04 6.384109870212392171e-05 6.215133904593428068e-05 6.471193460250344539e-05 5.704004221974362054e-05 6.404637392448861140e-05
9.930000000000000000e+04 6.425448480553706311e-05 6.495091244215860625e-05 7.023197780644873734e-05 6.190831361872287390e-05 6.610509425640391566e-05
9.940000000000000000e+04 6.022647612141478462e-05 6.048706443120878688e-05 6.501713386990283841e-05 5.777841361376275480e-05 6.329504656588258872e-05
9.950000000000000000e+04 7.066310150882301896e-05 6.469934439601754839e-05 6.315178049720358920e-05 6.408364870655787482e-05 6.431355200635549389e-05
9.960000000000000000e+04 6.357844276915129256e-05 5.936850475755601553e-05 6.246492709372598396e-05 6.406954155688389071e-05 6.650530912191021269e-05
9.970000000000000000e+04 6.301142739643551404e-05 5.908150026391634381e-05 6.455546431616501920e-05 6.051230981879895178e-05 6.635422663558345076e-05
9.980000000000000000e+04 6.204718509481586873e-05 6.367891849302846998e-05 6.448897407505573269e-05 6.425699611140239049e-05 6.533182102406259425e-05
9.990000000000000000e+04 6.438485876313952369e-05 6.460392802770045394e-05 6.917802966408310062e-05 6.601079785307638510e-05 7.052626480731498707e-05
1.000000000000000000e+05 5.894822764155678081e-05 5.791150625980503471e-05 6.320382771777000041e-05 6.291275528835331410e-05 5.837251060235245536e-05
1.001000000000000000e+05 5.756741295194314800e-05 6.141153043639468990e-05 6.677456765600421455e-05 6.195898643889767978e-05 5.901094435939666376e-05
1.002000000000000000e+05 5.644344724583277742e-05 6.271125171886453265e-05 7.103573813406676774e-05 6.264118514094479658e-05 6.206845178688207790e-05
1.003000000000000000e+05 5.967704628764363111e-05 5.756367039062561209e-05 7.345328962047610990e-05 6.280842275783333746e-05 6.101884129687946924e-05
1.004000000000000000e+05 6.146005779140422819e-05 5.877064291162628146e-05 6.897519612880983065e-05 5.727099182806728639e-05 6.046995624854532668e-05
1.005000000000000000e+05 6.662850883844117632e-05 6.120615424176178813e-05 7.092266064352019167e-05 6.339281461947020616e-05 5.825899175198774051e-05
1.006000000000000000e+05 5.727862238407627259e-05 6.278078886382928623e-05 7.608936457289288042e-05 6.032743074150525588e-05 6.030219076291005244e-05
1.007000000000000000e+05 6.130214492781379924e-05 6.969243006970147298e-05 6.989125095939108441e-05 6.652700955015887659e-05 6.559532889335249186e-05
1.008000000000000000e+05 6.392235147028403142e-05 5.978620365426158599e-05 6.671065302488806033e-05 6.148518273212734723e-05 6.179360402975035346e-05
1.009000000000000000e+05 6.343129544653000303e-05 6.626710259247831655e-05 7.020379782829452397e-05 5.946378333434668433e-05 6.599592169583659064e-05
1.010000000000000000e+05 6.706449600019903623e-05 6.225457451197427994e-05 6.272888828010066554e-05 6.606380119742323283e-05 6.016734808750715034e-05
1.011000000000000000e+05 6.071543724458293125e-05 6.537588377295988770e-05 6.507161522943221950e-05 6.689778614360359092e-05 5.958119503551622466e-05
1.012000000000000000e+05 6.992057596290925092e-05 7.048660774808609844e-05 7.056893111456692463e-05 6.985819280691354970e-05 6.831619518374984685e-05
1.013000000000000000e+05 7.004807385726254099e-05 6.543011629614014623e-05 6.857916241467034444e-05 7.017484555161095637e-05 6.560325628292642836e-05
1.014000000000000000e+05 6.639388272156710553e-05 6.556411594729866211e-05 6.576818259189800653e-05 6.354219426456670901e-05 6.456198980007289798e-05
1.015000000000000000e+05 6.592365180303393567e-05 6.499929622462518426e-05 6.513591702804879884e-05 6.498138909403144243e-05 6.136625482367841569e-05
1.016000000000000000e+05 5.850698348931623004e-05 5.144703973074223936e-05 6.039485413225035172e-05 6.087372848245849747e-05 6.481343158500203446e-05
1.017000000000000000e+05 6.059650115517452946e-05 6.172341724986431699e-05 5.851275228127958601e-05 5.830462640253082093e-05 6.180755246966500001e-05
1.018000000000000000e+05 5.977086917863141095e-05 6.724743227299364700e-05 6.300487123019955131e-05 6.966462893947271602e-05 6.824347643398872730e-05
1.019000000000000000e+05 6.976366717500540331e-05 6.685281419073546485e-05 6.695671964735987918e-05 6.994303246214229940e-05 6.329271566480645895e-05
1.020000000000000000e+05 6.451468318309702135e-05 6.957451952968101642e-05 7.082814354780574270e-05 6.828413110387094947e-05 6.087280605442359557e-05
1.021000000000000000e+05 6.451380301120017478e-05 6.951206654172913894e-05 7.423906541327584836e-05 7.096246937430425125e-05 6.215346328136320915e-05
1.022000000000000000e+05 6.005711364108337803e-05 6.234743052377943239e-05 7.471225365277980944e-05 7.287858866383729601e-05 7.249299088728199927e-05
1.023000000000000000e+05 6.558890576345814281e-05 6.740624523851111000e-05 7.533213832255135985e-05 6.586051936833206978e-05 6.657819983418358236e-05
1.024000000000000000e+05 6.142978165928998570e-05 6.736294908866072664e-05 7.097817757083677514e-05 7.023270812983847312e-05 6.316788688584337058e-05
1.025000000000000000e+05 5.943363100910014024e-05 6.744553333717562727e-05 7.509151428155087435e-05 6.570705162558465259e-05 6.458876554527186761e-05
1.026000000000000000e+05 6.369216760746122103e-05 6.333408262580116673e-05 7.749632817726462449e-05 6.659059002780584027e-05 6.627469059032667354e-05
1.027000000000000000e+05 6.969242246270301356e-05 6.454079952026360893e-05 6.744628102438584107e-05 6.500763856885524673e-05 6.976157204586579369e-05
1.028000000000000000e+05 6.053504603961672176e-05 6.662069398145030463e-05 6.979540397077645889e-05 6.567742559471444707e-05 6.651206383431359744e-05
1.029000000000000000e+05 6.129114736289579125e-05 6.667702559201301815e-05 6.199110711391215113e-05 6.567716250573606921e-05 6.552052576331969069e-05
1.030000000000000000e+05 6.718083052026283637e-05 6.406038600902505726e-05 7.057893150915583557e-05 6.909455197416351931e-05 6.904147634963396442e-05
1.031000000000000000e+05 6.338851817677076223e-05 6.230206452849122094e-05 7.577257867355696762e-05 6.382721766437282401e-05 6.589418613313821594e-05
1.032000000000000000e+05 6.642161789108080958e-05 6.152428023099767041e-05 7.580057394954911457e-05 6.234108952007843467e-05 6.177785242144739463e-05
1.033000000000000000e+05 6.812981717029761321e-05 6.527658837975175671e-05 7.037689360747992860e-05 6.455424731490384566e-05 6.891165999824783118e-05
1.034000000000000000e+05 6.581225307824573728e-05 6.475858417762952080e-05 6.442453289906721842e-05 6.209018174715977213e-05 6.173225012794056083e-05
1.035000000000000000e+05 6.422759400862895339e-05 6.944408656784998299e-05 6.441091213421860776e-05 6.384634413702390250e-05 6.341579854207480594e-05
1.036000000000000000e+05 6.289857241132182624e-05 7.086500890518955369e-05 6.571840378158014901e-05 6.519655922902500313e-05 6.725929508286858198e-05
1.037000000000000000e+05 6.030252128801486970e-05 6.510945257270952234e-05 7.009979821374781941e-05 6.289105497285258240e-05 6.353974115165559407e-05
1.038000000000000000e+05 5.951588656727564968e-05 6.778133451953259202e-05 7.235203796939400106e-05 6.234449104393131760e-05 6.635624569881674688e-05
1.039000000000000000e+05 6.048587697874677796e-05 6.364919729871066712e-05 6.208291510277500272e-05 6.129866592118856153e-05 6.477464464464854812e-05
1.040000000000000000e+05 6.047135320552703879e-05 6.525534761357480414e-05 6.575225879083631164e-05 5.968033563552594133e-05 6.370426948092334672e-05
1.041000000000000000e+05 6.145874661817071045e-05 5.981148921415847553e-05 6.332143461894733003e-05 6.355894016206628495e-05 6.184303092359926337e-05
1.042000000000000000e+05 5.934929443863192026e-05 6.444299691475631649e-05 6.218000767527753216e-05 6.540918423992181808e-05 7.862079856794271877e-05
1.043000000000000000e+05 6.175800513593692376e-05 6.495071973435694512e-05 6.175968835786234488e-05 6.254848594406538069e-05 7.627089673689777720e-05
1.044000000000000000e+05 6.307889357481601025e-05 6.658220607460896322e-05 6.420797977282534797e-05 6.517937325074114017e-05 7.724105742428634240e-05
1.045000000000000000e+05 6.576235083689513752e-05 6.146670586208558928e-05 6.393165726729131487e-05 6.235582807503185234e-05 7.814259163997501988e-05
1.046000000000000000e+05 5.620810753725974466e-05 6.105793116338930986e-05 6.910961184224785137e-05 6.300350934542978565e-05 8.744330471728223243e-05
1.047000000000000000e+05 6.199700269005310532e-05 6.182119899976529144e-05 6.336131439250395226e-05 6.269545119790226415e-05 8.339217650152811856e-05
1.048000000000000000e+05 6.719176320465428814e-05 6.901861691972076176e-05 6.926025314943462627e-05 6.787213809778729155e-05 7.898739473076117395e-05
1.049000000000000000e+05 6.695473553258520665e-05 6.433450992648430909e-05 6.562231550034792311e-05 7.112230853395596687e-05 7.932614558483985724e-05
1.050000000000000000e+05 6.651149472836653700e-05 6.707029469837306524e-05 6.467170281425373948e-05 7.107889606614677862e-05 9.022203488226796355e-05
1.051000000000000000e+05 5.979583669903965510e-05 6.104918154628443923e-05 6.482711651668282538e-05 5.661797692978488817e-05 8.473648882064942754e-05
1.052000000000000000e+05 6.295974871711045061e-05 5.660674401332869532e-05 6.993550275246432108e-05 5.642607146884975053e-05 8.481924433684578869e-05
1.053000000000000000e+05 6.849469033081951143e-05 6.609109355258055993e-05 6.871691219539654064e-05 6.906163980025168650e-05 8.475455050999416669e-05
1.054000000000000000e+05 6.654308017847669469e-05 6.808635052216455554e-05 6.684403346692602038e-05 6.475635355840146992e-05 8.461722190554612317e-05
1.055000000000000000e+05 6.633125409896128565e-05 6.528178013994706910e-05 6.897222834403283988e-05 6.586957528444914944e-05 8.461323907146909434e-05
1.056000000000000000e+05 6.626389519929723080e-05 6.546487935305449278e-05 7.120348662952103781e-05 8.694101076254114708e-05 7.751806842877525887e-05
1.057000000000000000e+05 6.497375096525301156e-05 6.388429150498716835e-05 6.467326849619337307e-05 6.546116546810674800e-05 7.199205427571575555e-05
1.058000000000000000e+05 6.659684373895303740e-05 7.075607784655396247e-05 7.043746405369396668e-05 6.789332116960081079e-05 7.469236638993936622e-05
1.059000000000000000e+05 6.944656614771652916e-05 6.813305887314943115e-05 7.055154109861965558e-05 6.974017366260931033e-05 6.595080267615612305e-05
1.060000000000000000e+05 7.597184670700669418e-05 6.706435188119553475e-05 6.876915142806964650e-05 7.026306441105673050e-05 6.539854607378769622e-05
1.061000000000000000e+05 6.634675234855828125e-05 6.759202000831396112e-05 6.833001708358888858e-05 6.510280488018791790e-05 7.019567634140078713e-05
1.062000000000000000e+05 7.138092698372050797e-05 6.790068683179765053e-05 7.604313224733477727e-05 6.137469817338443397e-05 7.101644548907837858e-05
1.063000000000000000e+05 6.365172908768194210e-05 6.679795860418307005e-05 6.972586809276169696e-05 6.211765885631240496e-05 6.948439788260140585e-05
1.064000000000000000e+05 7.130708228380613879e-05 6.670065032591648542e-05 7.043713686215790845e-05 6.227682112039078220e-05 6.784149248012493469e-05
1.065000000000000000e+05 7.218741796788884744e-05 6.956428383719258693e-05 7.471955900128468791e-05 6.044277595806262399e-05 6.872179183966340007e-05
1.066000000000000000e+05 6.923551055144400071e-05 6.756558630365867976e-05 7.518920979375376813e-05 6.542357454696011150e-05 7.209113414275263574e-05
1.067000000000000000e+05 7.000616826533679748e-05 7.069185918484270214e-05 7.362032542975562911e-05 6.671441642454020769e-05 6.982501862722724593e-05
1.068000000000000000e+05 7.387136010084699336e-05 7.430361638047936824e-05 6.653936411315640887e-05 6.604377748888324272e-05 7.792485721062162598e-05
1.069000000000000000e+05 7.680831213937642610e-05 7.573597592035911181e-05 7.193348526016624155e-05 6.999973807864727743e-05 7.713415601041653726e-05
1.070000000000000000e+05 7.065362792525567198e-05 7.448225469626983510e-05 7.424014424749679432e-05 6.557625506415737339e-05 7.237327818409408002e-05
1.071000000000000000e+05 7.381797310972435303e-05 7.140248311712074961e-05 7.231111983266727344e-05 7.182372182230896244e-05 7.926981689718717243e-05
1.072000000000000000e+05 7.118068139581614732e-05 6.960516762702282604e-05 7.516199319904126076e-05 7.110560432470432385e-05 7.731607887339340176e-05
1.073000000000000000e+05 7.558880230845423315e-05 7.898344378887335203e-05 7.107742444610392566e-05 7.194741449402587458e-05 8.002781304995288238e-05
1.074000000000000000e+05 7.743087028197576604e-05 8.190657179812577322e-05 7.299292844298154858e-05 7.221290182811875285e-05 7.473169176344839006e-05
1.075000000000000000e+05 8.772763497444597061e-05 7.584538805578542502e-05 7.227209661170544050e-05 8.235745842822297892e-05 8.105137759951791759e-05
1.076000000000000000e+05 8.952139883412243819e-05 7.484706870180491615e-05 7.249952789763287257e-05 8.069373609237881734e-05 9.286365071121578121e-05
1.077000000000000000e+05 8.203668328671007517e-05 7.453695704795987667e-05 6.502551215832536112e-05 8.099611926120988434e-05 8.711716713187910954e-05
1.078000000000000000e+05 7.694030983706766954e-05 7.197121510362170177e-05 6.612623229553213117e-05 8.214070138595465581e-05 7.874653629555346561e-05
1.079000000000000000e+05 7.901826715365253394e-05 7.046089208895003301e-05 6.750195460505748022e-05 7.395216668929439267e-05 7.989581180537690206e-05
1.080000000000000000e+05 8.407902689050133333e-05 6.607355218058103344e-05 7.065123508188916109e-05 7.947372756937494908e-05 7.855279287274529907e-05
1.081000000000000000e+05 8.384630999294638857e-05 6.721672526693347994e-05 6.616855266407106328e-05 7.393182288861749720e-05 7.819719999672639793e-05
1.082000000000000000e+05 9.044999776751182869e-05 6.597753672055471424e-05 6.633448285981737545e-05 6.956185730548514082e-05 7.566918197253999273e-05
1.083000000000000000e+05 8.866028456676728036e-05 7.169842968888155254e-05 6.800988344818849796e-05 7.670315332897096694e-05 7.475504471629341053e-05
1.084000000000000000e+05 7.542953900764714907e-05 6.307485942036205110e-05 6.913790425820700810e-05 7.116555596943701983e-05 7.482311827740647625e-05
1.085000000000000000e+05 7.260687513873754844e-05 6.686350008924730234e-05 6.829942173137699794e-05 7.123906129660457880e-05 7.366588995027072433e-05
1.086000000000000000e+05 7.677068625879779318e-05 6.860240563218504529e-05 6.835138714639620960e-05 7.311005414466227429e-05 7.174630976801642755e-05
1.087000000000000000e+05 7.980079410456879263e-05 7.260013200170320426e-05 7.136452089853786193e-05 7.660972026461783011e-05 8.128918370399416927e-05
1.088000000000000000e+05 8.470147259732119574e-05 6.947101541584295870e-05 7.621393463636284816e-05 7.375844955649335760e-05 8.485913610762314623e-05
1.089000000000000000e+05 8.373530819428387896e-05 7.612844548336186962e-05 7.571731572360092971e-05 7.383373517505675994e-05 8.485909420917756355e-05
1.090000000000000000e+05 8.349819444682907328e-05 7.197751626044917737e-05 7.894198246122291929e-05 8.534709680164361326e-05 8.663921490214362856e-05
1.091000000000000000e+05 7.851090641327456170e-05 6.955039625587602220e-05 7.794674836201007226e-05 1.045324683127466767e-04 9.102147521205471950e-05
1.092000000000000000e+05 8.696411882767835855e-05 7.871245890430537213e-05 7.588186087598464851e-05 1.020269888621120426e-04 9.752431594534483430e-05
1.093000000000000000e+05 8.561848628673423428e-05 7.025324571642801888e-05 7.401588241079742826e-05 9.622934730935526928e-05 1.028908283599867639e-04
1.094000000000000000e+05 8.363302620131007339e-05 7.562325272187812386e-05 7.259794333292838285e-05 8.430608004709375222e-05 9.168519603905395500e-05
1.095000000000000000e+05 6.913225122561937001e-05 7.217798250955332674e-05 7.418148037987268067e-05 8.342468398971666487e-05 1.006680668514633764e-04
1.096000000000000000e+05 7.399498554566142099e-05 7.339871403999362700e-05 7.080121408260525576e-05 7.960988610688799556e-05 9.684110975089568502e-05
1.097000000000000000e+05 6.561540561371054822e-05 7.060345653067312999e-05 6.908740135017727921e-05 7.682108432787724324e-05 9.411197812621256036e-05
1.098000000000000000e+05 6.989203207747899326e-05 6.740750676633619736e-05 7.298103635358378334e-05 8.177684380336678986e-05 9.970208722844971206e-05
1.099000000000000000e+05 6.282419656095366428e-05 6.247129647039869195e-05 6.514349381035511094e-05 7.893365591060646613e-05 1.012755692286540217e-04
1.100000000000000000e+05 6.238931251235957951e-05 6.644332539771905151e-05 6.577080590853763337e-05 7.691909154736376519e-05 9.911065128559472790e-05
1.101000000000000000e+05 6.527633007836332682e-05 6.693045905832752237e-05 6.586365948075265705e-05 7.376297034386357181e-05 1.051246778140042972e-04
1.102000000000000000e+05 6.674717295910532013e-05 6.668280453401076511e-05 6.322629066831771040e-05 7.129036211609469530e-05 1.092039316190779205e-04
1.103000000000000000e+05 6.922681185921888102e-05 6.203783680082873250e-05 7.006789173804368225e-05 6.940520079573360044e-05 1.049177358482260465e-04
1.104000000000000000e+05 7.048110652570162196e-05 6.492552823239595430e-05 6.418632708735416182e-05 6.709034623203861405e-05 9.784027047902594805e-05
1.105000000000000000e+05 6.105850393208217682e-05 7.328861695163674445e-05 5.812829242657122195e-05 6.545373447740411967e-05 8.684999421753468354e-05
1.106000000000000000e+05 6.191707221517796689e-05 6.277486417207613491e-05 6.060442854808278067e-05 6.104847580791600520e-05 9.215549664315231802e-05
1.107000000000000000e+05 7.040142005947424349e-05 6.559336782802207633e-05 6.476458800877553281e-05 6.419106315899262584e-05 9.630582016340339942e-05
1.108000000000000000e+05 7.147685497065715604e-05 6.356352672372553639e-05 6.431162013121837742e-05 6.690546966294728384e-05 1.028693811655323313e-04
1.109000000000000000e+05 6.925897179404747492e-05 6.127951969628987533e-05 6.153784774181121533e-05 6.744109566051845401e-05 9.868881191297845974e-05
1.110000000000000000e+05 6.854274801864455196e-05 6.215115526470396147e-05 6.154881136029396094e-05 6.664927349139487356e-05 1.081201754054278007e-04
1.111000000000000000e+05 7.418164341209087229e-05 6.873162889679056381e-05 7.078582990484339496e-05 6.987076127061057581e-05 1.323190192260864802e-04
1.112000000000000000e+05 8.182038552789166043e-05 6.933546155313982337e-05 6.672185468072918497e-05 7.556999640823076686e-05 1.415644613503999692e-04
1.113000000000000000e+05 7.438530261334287219e-05 6.539702005931222737e-05 6.829096821198953071e-05 7.141815606263767955e-05 1.360119965042069063e-04
1.114000000000000000e+05 6.866820135318996772e-05 6.289558004126625254e-05 6.941757719589364988e-05 6.979099906148251704e-05 1.203961254286231667e-04
1.115000000000000000e+05 7.122898822518732660e-05 6.765807547275500726e-05 7.065770700041169047e-05 7.488417633188211640e-05 1.237753731938993809e-04
1.116000000000000000e+05 6.979024578709114063e-05 7.239864388596048016e-05 7.273547391866059565e-05 7.099933292941809973e-05 1.343427558995094039e-04
1.117000000000000000e+05 7.259483506076989836e-05 7.457123185802453464e-05 6.610849114022107425e-05 7.684164027541105085e-05 1.426275048679574871e-04
1.118000000000000000e+05 6.368722765422374843e-05 5.789647281391061879e-05 6.323954563193623477e-05 6.884231104763573021e-05 1.245344877455564650e-04
1.119000000000000000e+05 5.704698624054820179e-05 6.075112503736914565e-05 5.345945689268552097e-05 6.186950495259252968e-05 8.918384641543664396e-05
1.120000000000000000e+05 5.945546583868839655e-05 5.980795990385040809e-05 5.897478557966383516e-05 6.285347038278498528e-05 9.031088151335662096e-05
1.121000000000000000e+05 6.581206940837019113e-05 6.764100757774611393e-05 6.602341713594490045e-05 6.671953442007586997e-05 1.127474804751533668e-04
1.122000000000000000e+05 6.794511149307753430e-05 7.381861984114353084e-05 6.846918184758593747e-05 7.162015988148315651e-05 1.227008945806838365e-04
1.123000000000000000e+05 7.043145188876804013e-05 7.117703721672994169e-05 7.316334859025834753e-05 7.655852636514863269e-05 1.260986550635974119e-04
1.124000000000000000e+05 7.170802904749379249e-05 7.036399186756699228e-05 7.912236576891190914e-05 7.517448693855036286e-05 1.119511470121361743e-04
1.125000000000000000e+05 6.785362568434102383e-05 6.351431648664419914e-05 7.611022009810873958e-05 7.071630855193098602e-05 1.025122399145775000e-04
1.126000000000000000e+05 6.787932739813439236e-05 6.314076567541260796e-05 7.962536360958410336e-05 7.170761068925641667e-05 1.008699575054712046e-04
1.127000000000000000e+05 7.073878095713756714e-05 6.450601652066124492e-05 7.178833121818289692e-05 8.428225357544147790e-05 1.315877027676636826e-04
1.128000000000000000e+05 6.846253237521927643e-05 6.791963342664692068e-05 7.603261663231752009e-05 8.088725987415339223e-05 1.194605568518633922e-04
1.129000000000000000e+05 7.052662566985534384e-05 6.792555423490244967e-05 6.999120422662046589e-05 9.269983847274250520e-05 1.239199402507259150e-04
1.130000000000000000e+05 7.080283806320127841e-05 7.176047810563482559e-05 6.893822033587264451e-05 9.381907691041066152e-05 1.402847706218969027e-04
1.131000000000000000e+05 6.894707531734723717e-05 6.694427909429715373e-05 6.550158608505659370e-05 8.459262394866593360e-05 1.291870893387054144e-04
1.132000000000000000e+05 7.240483463961484769e-05 6.791160488012806242e-05 6.747253789921142642e-05 7.362421359260394290e-05 1.045043848831625597e-04
1.133000000000000000e+05 6.382234432969823110e-05 6.526804984819521867e-05 6.586762333354520549e-05 7.984564761259728904e-05 9.321027587365262723e-05
1.134000000000000000e+05 7.180961677440661592e-05 6.522906381623331216e-05 6.729931476997860350e-05 9.205600009986311184e-05 1.139910715267791421e-04
1.135000000000000000e+05 6.888570208662218581e-05 6.739373273503127047e-05 6.413290975892542217e-05 8.543564185947305370e-05 9.585600815180046785e-05
1.136000000000000000e+05 6.361983290844855290e-05 6.786698396808347545e-05 6.499802424810121107e-05 6.997755787251379355e-05 7.749899591025030004e-05
1.137000000000000000e+05 6.932298801770342975e-05 7.818588318044794832e-05 6.523992247987489372e-05 7.518087042733083414e-05 7.721725239348274411e-05
1.138000000000000000e+05 7.093396974393592961e-05 6.833010574594496425e-05 6.351888514563517045e-05 8.550416785004020907e-05 8.744474537523833622e-05
1.139000000000000000e+05 6.049177945715561970e-05 7.109859003832444944e-05 6.966995847905029199e-05 9.295102591005087716e-05 8.358060114852181315e-05
1.140000000000000000e+05 6.653466348477425271e-05 7.671710062562904931e-05 6.917583157269082132e-05 9.305167986957283083e-05 8.278158080659153435e-05
1.141000000000000000e+05 6.654401864945913884e-05 7.096539376692913368e-05 6.989519168247304299e-05 9.243438539735416984e-05 7.747673684097782876e-05
1.142000000000000000e+05 7.172834281217307310e-05 6.607843948124122091e-05 6.632773955375832493e-05 8.053089091923628306e-05 6.675545289658063770e-05
1.143000000000000000e+05 6.620643137026272114e-05 7.333287884918660341e-05 6.921514809956227064e-05 9.454005359697168181e-05 7.426855110168573105e-05
1.144000000000000000e+05 7.442505046859678331e-05 7.422514034353189575e-05 6.778047266822489114e-05 8.202359362167033067e-05 6.846083686872138038e-05
1.145000000000000000e+05 6.350871688671118353e-05 6.224240443294677249e-05 7.225303164243323563e-05 7.530875291872207039e-05 7.227117964372402272e-05
1.146000000000000000e+05 6.687274127245375799e-05 6.288051801609420674e-05 6.503312978650546206e-05 8.231857593154966418e-05 7.355690691578339641e-05
1.147000000000000000e+05 6.353036521548739257e-05 6.456002344626601147e-05 6.570429772168756045e-05 7.551588065684349481e-05 6.928821309756246849e-05
1.148000000000000000e+05 6.647942481970682224e-05 7.109858696426206892e-05 6.614717710280098673e-05 9.142198879998102634e-05 7.536625149382699437e-05
1.149000000000000000e+05 6.676610455898820788e-05 7.218632082884277078e-05 6.762928291967608917e-05 9.336134103408136222e-05 8.123413131066289288e-05
1.150000000000000000e+05 7.527887914997056238e-05 7.519282499191318452e-05 6.954990842027439560e-05 8.765978279630539218e-05 7.168309616099072137e-05
1.151000000000000000e+05 7.020821046279140303e-05 7.043225330873765253e-05 6.723196785039759838e-05 8.881383438576705407e-05 7.440998644740084013e-05
1.152000000000000000e+05 6.371648084007649354e-05 6.272507149963004879e-05 6.421906255015848294e-05 8.362374861091888278e-05 7.758485903156653709e-05
1.153000000000000000e+05 6.437470598486380775e-05 7.105245651677194571e-05 6.325793488848859903e-05 7.131402827615427426e-05 7.457984311115309589e-05
1.154000000000000000e+05 6.379159400353924027e-05 6.869317959560657604e-05 6.085379037359082977e-05 8.427840803480824762e-05 7.384783049505010350e-05
1.155000000000000000e+05 7.537868849172978277e-05 7.308069099159538861e-05 6.417373453873179742e-05 8.652296633752622939e-05 7.427696263602384999e-05
1.156000000000000000e+05 6.976906731010657392e-05 7.753434054443196174e-05 6.681718521407722347e-05 7.600823258182601262e-05 7.388050832474295237e-05
1.157000000000000000e+05 6.539759701739871801e-05 6.843547323502534936e-05 6.325590045507590339e-05 8.224487295610606358e-05 7.776012157852753336e-05
1.158000000000000000e+05 6.830211102452039894e-05 6.965250570437177345e-05 6.855970207923572316e-05 7.886968181650854575e-05 7.351572480917347189e-05
1.159000000000000000e+05 7.691992841244131302e-05 6.920287116410510689e-05 6.817036501676898704e-05 7.089199677766025833e-05 7.197199767890755258e-05
1.160000000000000000e+05 8.828598798838665845e-05 7.093739325171473625e-05 7.397487043327772205e-05 1.149221127208050158e-04 7.943018425052467168e-05
1.161000000000000000e+05 9.339137115611732928e-05 7.543732485110279408e-05 8.067341616320092409e-05 7.826680074725894502e-05 8.479431439260094391e-05
1.162000000000000000e+05 8.244650671805961841e-05 8.618028618857548773e-05 7.206291191674001246e-05 7.665425607950638362e-05 8.436416586892773117e-05
1.163000000000000000e+05 6.885979611892098973e-05 7.606791648198168380e-05 7.325942780746580126e-05 7.271608127549611215e-05 7.321073109433707312e-05
1.164000000000000000e+05 7.225944883210695213e-05 6.444227939310236705e-05 7.138089756231433291e-05 7.551608648748460027e-05 6.584348313574217386e-05
1.165000000000000000e+05 7.283966711267007594e-05 7.374000563325006021e-05 6.697787755395758066e-05 7.815444473044052772e-05 6.940978356543349740e-05
1.166000000000000000e+05 7.482235279201804800e-05 6.857350071915959853e-05 6.449654441291200932e-05 6.776817025438537049e-05 6.727855734434232430e-05
1.167000000000000000e+05 1.247572246974857409e-04 6.565309408649768342e-05 6.580053017741241623e-05 6.134162874955820385e-05 6.798073539563625567e-05
1.168000000000000000e+05 8.277974316200716770e-05 7.115668220086167296e-05 6.670360711723440344e-05 6.828567754881932422e-05 6.659364936460626682e-05
1.169000000000000000e+05 6.546822644748443863e-05 6.559982645266230756e-05 6.218950003616389359e-05 6.038314628717899278e-05 6.279156004715456905e-05
1.170000000000000000e+05 6.734348263520607435e-05 5.855032335335628437e-05 6.098619241154715312e-05 6.107361168222729265e-05 5.834648014026516606e-05
1.171000000000000000e+05 6.176744141268558500e-05 5.732224920010806318e-05 5.774990753958002477e-05 5.780537185863671710e-05 5.849108136694819253e-05
1.172000000000000000e+05 5.923203862669226296e-05 6.061394279547451327e-05 5.804241935198882767e-05 5.923921945129774372e-05 5.551367592054945926e-05
1.173000000000000000e+05 5.427285657522866647e-05 5.390339434857819472e-05 5.490467117913530869e-05 5.387988234653198316e-05 5.506936847590508612e-05
1.174000000000000000e+05 6.081065909948891708e-05 5.657804028297396383e-05 5.182624386804340932e-05 5.733222762529915624e-05 5.824934958752023175e-05
1.175000000000000000e+05 7.143074734397556239e-05 6.595513802881893949e-05 7.454838936325208104e-05 6.223811853495542028e-05 6.273655688088212328e-05
1.176000000000000000e+05 6.376523137928675306e-05 5.127176603848229881e-05 8.243294187373040283e-05 5.849925070111040794e-05 5.132972046139071048e-05
1.177000000000000000e+05 4.062533011568234659e-05 4.762505046274132496e-05 4.921277485225264181e-05 4.168648118509614967e-05 4.002543385507137966e-05
1.178000000000000000e+05 4.370931835697952942e-05 3.883537795038199990e-05 4.087627717730276343e-05 3.166335175165413553e-05 4.363604480869716509e-05
1.179000000000000000e+05 4.584416318658878430e-05 3.794783954264957342e-05 3.861211750964490028e-05 3.696916674874206366e-05 3.844909793680261980e-05
1.180000000000000000e+05 4.035824365643734775e-05 3.635332042588849564e-05 3.815694010369014466e-05 3.862101386812661274e-05 4.086407306925147586e-05
1.181000000000000000e+05 4.276520122544700533e-05 3.921447663340168653e-05 4.428760460743141973e-05 3.713958409097002617e-05 3.823138675225560130e-05
1.182000000000000000e+05 3.633700106055351528e-05 3.675391017667508210e-05 3.929565370162217301e-05 4.030207157547827953e-05 3.545122409841262732e-05
1.183000000000000000e+05 3.919055648140342026e-05 3.766742895079522308e-05 4.045363094119228451e-05 4.292796474109547285e-05 4.031973633670561663e-05
1.184000000000000000e+05 4.148910420098378784e-05 4.096953781616128232e-05 4.318091144023174249e-05 4.507203833477736716e-05 4.513441640879192036e-05
1.185000000000000000e+05 3.261436888836277112e-05 3.611149675578180035e-05 3.146085341853884084e-05 3.777895849894822406e-05 3.906412080067227157e-05
1.186000000000000000e+05 3.640462222885938536e-05 3.589832796352999164e-05 3.231541341151446522e-05 3.168566570615569952e-05 3.416499956640904763e-05
1.187000000000000000e+05 4.151408222866932442e-05 4.298768628057618430e-05 4.225254618924922554e-05 4.273812275790508800e-05 4.309239567228168217e-05
1.188000000000000000e+05 3.698130565546438260e-05 3.345684820087138932e-05 3.216357800456016584e-05 3.835366640383148086e-05 3.506062438353041313e-05
1.189000000000000000e+05 3.612960820356730186e-05 3.103749052142395647e-05 3.093140360584849605e-05 3.194199177708803832e-05 3.298125223239800131e-05
1.190000000000000000e+05 3.560209593416913289e-05 3.466651541407299672e-05 3.703205229628490425e-05 3.768069019834835600e-05 3.753849970247009546e-05
1.191000000000000000e+05 4.123298554130002557e-05 3.894193886965728325e-05 4.081582342938353816e-05 3.897572780710478388e-05 4.003966702368776960e-05
1.192000000000000000e+05 4.237940494045036154e-05 3.841866250686631949e-05 3.791707105039199976e-05 3.904632726680367548e-05 3.241166821712769303e-05
1.193000000000000000e+05 3.369601571960007766e-05 3.237935491795096833e-05 3.407410607803855761e-05 3.817449006424277120e-05 3.492241504426919844e-05
1.194000000000000000e+05 3.589360147173843957e-05 3.426033874681746913e-05 3.173127130805608403e-05 3.293894806654116885e-05 3.483596385085144833e-05
1.195000000000000000e+05 3.634409251124489027e-05 3.857270519081167906e-05 3.290324574299303224e-05 3.131655000950028854e-05 3.647923943481864566e-05
1.196000000000000000e+05 4.063440615536090771e-05 4.077680394157112849e-05 3.831831220805066674e-05 3.768596028489705366e-05 3.685185433150110887e-05
1.197000000000000000e+05 3.465946597227187784e-05 3.365040928778191396e-05 3.040055395518268964e-05 3.254898667163738554e-05 3.196659683080873139e-05
1.198000000000000000e+05 3.144728370938092480e-05 3.143687374802802635e-05 3.163130378097655913e-05 2.995571904759340622e-05 2.795747389156968623e-05
1.199000000000000000e+05 3.320633780428162442e-05 3.194818439443785599e-05 3.087559407438783939e-05 2.915464647712665881e-05 3.175712630449571938e-05
