9.000000000000000000e+04 1.932329265656684142e-03 0.000000000000000000e+00 1.496532898073220678e-03 1.786463440881290096e-03 1.778633252642228268e-03 2.098791223677252960e-03 2.840400635922482511e-03
9.010000000000000000e+04 2.501523127541739611e-03 -9.164793367022151457e-04 2.057794536521347691e-03 1.845702520393598285e-03 2.173061625169956605e-03 2.447085210048131551e-03 2.770428629113376538e-03
9.020000000000000000e+04 2.292451681727314828e-03 -4.602005423701526279e-03 1.891628134796458733e-03 2.050841471058312011e-03 2.224468758606364203e-03 2.618893385856701367e-03 2.816536910729559601e-03
9.030000000000000000e+04 1.931531037947783157e-03 3.778030663616160597e-05 2.094208073909149814e-03 1.821431440254072439e-03 1.973564503449104154e-03 2.413676562084306632e-03 2.470255123765526233e-03
9.040000000000000000e+04 2.235747461429504583e-03 -7.649186303705967152e-04 1.975686444728951083e-03 2.178897030604855407e-03 2.362484910533360280e-03 2.462930442100706632e-03 3.191351412684731697e-03
9.050000000000000000e+04 2.465295475770309160e-03 -1.596991217149771767e-03 2.017655231275673668e-03 1.958838024222757119e-03 2.506860742463681759e-03 2.339166937801998112e-03 3.263124958603754594e-03
9.060000000000000000e+04 2.250460582277592596e-03 -7.448473259701586134e-04 2.171580899632712721e-03 1.659792851336366632e-03 1.977256147707050302e-03 1.966495618700151837e-03 3.128526725527596732e-03
9.070000000000000000e+04 2.150762899796520352e-03 -1.379749068667075599e-04 1.509711241186318916e-03 1.772740672181445784e-03 1.688139931091581832e-03 2.061642460481995665e-03 2.467025093134675613e-03
9.080000000000000000e+04 1.805022745293934951e-03 8.726826144945750742e-05 1.522001225016880602e-03 1.644713134364160978e-03 1.598374374891853083e-03 1.694031584911917651e-03 1.893709144272832110e-03
9.090000000000000000e+04 1.538113914438058501e-03 5.149537366647387185e-04 1.421340040890502676e-03 1.558334139594676291e-03 1.669241640957873059e-03 1.397719205824597341e-03 1.901754220232463851e-03
9.100000000000000000e+04 1.458495385763328590e-03 5.902051901030180760e-04 1.325635291413573098e-03 1.479408308435118573e-03 1.751708635560456735e-03 1.410865041647300921e-03 2.203703927887979124e-03
9.110000000000000000e+04 1.485966175979800200e-03 1.219949435720824992e-03 1.065376994953522172e-03 1.454799291762203482e-03 1.551163534974851895e-03 1.397756748687152420e-03 1.784520274072895181e-03
9.120000000000000000e+04 1.505547988480375552e-03 1.070009284845891253e-03 1.295604864175876371e-03 1.452599894964941079e-03 1.653586554032740550e-03 1.458939336059071655e-03 1.623953663116723886e-03
9.130000000000000000e+04 1.595137829677002825e-03 6.352574017448772399e-04 1.342771467694931810e-03 1.445029757736629103e-03 1.651251991007716925e-03 1.557194548646168453e-03 1.549636413736456839e-03
9.140000000000000000e+04 1.609529135053241761e-03 8.877826082208837514e-04 1.221588080543190838e-03 1.353011400966067307e-03 1.588544452406958794e-03 1.577445509838511489e-03 1.476096487177904881e-03
9.150000000000000000e+04 1.493679798315183200e-03 7.127603138268385390e-04 1.231506267619350992e-03 1.212491704549325134e-03 1.547304594173146228e-03 1.624556767779952119e-03 1.563063289828431823e-03
9.160000000000000000e+04 1.570958673143097156e-03 6.970368091871639426e-04 1.144390602416883425e-03 1.392580112074997970e-03 1.585020417335807974e-03 1.590907956443442803e-03 1.499610579286830489e-03
9.170000000000000000e+04 1.501089690161605756e-03 1.240426421940002671e-03 1.158435864123656721e-03 1.415583042948266677e-03 1.442843690758999989e-03 1.564167826699336796e-03 1.559428043707011607e-03
9.180000000000000000e+04 1.674899424450863438e-03 1.507864398506047207e-03 1.214805078359059484e-03 1.479921121616543803e-03 1.626818227034190854e-03 1.618768537762708092e-03 1.560201317764120131e-03
9.190000000000000000e+04 1.842294167793313495e-03 1.584325526181516036e-03 1.382462083201919413e-03 1.412368341977979789e-03 1.822183312049425151e-03 1.661182956880871611e-03 1.604995421767822176e-03
9.200000000000000000e+04 2.012489911624219373e-03 1.723278428411048569e-03 2.005516335156272683e-03 1.808269388037167871e-03 1.984948087742291565e-03 1.986146367149757477e-03 1.774169230703153766e-03
9.210000000000000000e+04 2.156686439685467395e-03 1.753907225298717912e-03 1.475385096884288200e-03 1.818178984786158374e-03 1.708385910630389219e-03 1.988194922844261064e-03 2.023689787856962352e-03
9.220000000000000000e+04 1.771361490705416781e-03 1.210912735594708162e-03 1.512788898986681257e-03 1.544268881748053594e-03 1.644196684115473801e-03 1.763482800024686716e-03 1.906301152635482381e-03
9.230000000000000000e+04 1.576442358856814871e-03 1.478436481136673111e-03 1.230220133292463406e-03 1.289273997980678850e-03 1.583856530124654266e-03 1.676178888459897189e-03 1.805167220494087715e-03
9.240000000000000000e+04 1.535701612838781017e-03 1.616898067233999477e-03 1.273768601841664605e-03 1.413820255174829711e-03 1.740722024291949414e-03 1.679626014264918275e-03 1.716671955570886216e-03
9.250000000000000000e+04 1.505672545549399059e-03 1.142961406345832263e-03 1.050714858785073771e-03 1.468952845374890247e-03 1.579361673427706874e-03 1.691433510281917414e-03 1.587755130858391119e-03
9.260000000000000000e+04 1.425300730628787293e-03 1.107001301957584623e-03 1.088425712092435001e-03 1.418400242922151578e-03 1.504599410542302972e-03 1.589870346925487208e-03 1.599844366946618279e-03
9.270000000000000000e+04 1.415955657117427737e-03 9.212050093101390585e-04 1.052102982069861485e-03 1.244923860875055480e-03 1.449436914210967906e-03 1.635184240876444038e-03 1.563738922251601974e-03
9.280000000000000000e+04 1.354542481676979365e-03 8.869558155413485726e-04 1.069244916782549409e-03 1.244978702983759195e-03 1.505070375759230868e-03 1.571558874968797528e-03 1.518653381555254422e-03
9.290000000000000000e+04 1.363445068312219184e-03 9.087429532818611447e-04 1.389131079602207251e-03 1.526139347242396653e-03 1.531776461002641978e-03 1.532885509051402917e-03 1.553890669409894315e-03
9.300000000000000000e+04 1.302131480949220111e-03 8.647661596380731537e-04 1.569714094480800402e-03 1.572650029619767015e-03 1.614791196863518295e-03 1.427737409679672017e-03 1.477645659587846884e-03
9.310000000000000000e+04 1.242641571688691019e-03 1.033402954206247325e-03 1.303688018922618576e-03 1.307127700331065217e-03 1.538669364889059176e-03 1.271162318852994948e-03 1.408863057137112965e-03
9.320000000000000000e+04 1.233421862664522669e-03 1.064494034117274574e-03 1.158338281172172643e-03 1.134994642949796982e-03 1.307499279133263756e-03 1.287201752273439042e-03 1.447461736883566682e-03
9.330000000000000000e+04 1.480083037948993216e-03 1.185346277514475258e-03 1.159861388689502120e-03 1.273050896973756735e-03 1.355344261432025630e-03 1.379848341276599570e-03 1.316331525723561918e-03
9.340000000000000000e+04 1.488831325600212079e-03 1.155167269472229816e-03 1.134973324784587737e-03 1.279991233383614589e-03 1.431244988591003466e-03 1.419922512415233403e-03 1.514709682992967238e-03
9.350000000000000000e+04 1.484939811495916695e-03 1.459468796889257496e-03 1.298949352346575291e-03 1.280887644654336291e-03 1.465646069915004911e-03 1.353779559571303189e-03 1.487933139040531353e-03
9.360000000000000000e+04 1.659703898159272219e-03 1.498309205095261490e-03 1.336295854419880047e-03 1.281862717494327772e-03 1.506417494848875330e-03 1.418018051004321482e-03 1.264018612634189905e-03
9.370000000000000000e+04 1.861311699558075572e-03 1.435465434078064643e-03 1.265940398435256480e-03 1.189983528617043511e-03 1.604046095755062330e-03 1.489038028244127343e-03 1.390719660631341194e-03
9.380000000000000000e+04 1.691940954739959467e-03 1.265455644078048456e-03 1.338394256017643195e-03 1.191694031996416671e-03 1.563587952144311708e-03 1.465970038421494101e-03 1.406000094481253898e-03
9.390000000000000000e+04 1.762270688682786388e-03 1.187026462606091334e-03 1.532924871765932191e-03 1.349807911574882379e-03 1.555223091987274460e-03 1.547734241585257920e-03 1.386460697840409973e-03
9.400000000000000000e+04 1.728298502984465350e-03 1.483999084719190816e-03 1.566263566608944472e-03 1.580390958459615587e-03 1.540766259767892797e-03 1.619724339126697547e-03 1.242375402007847357e-03
9.410000000000000000e+04 1.588754748567909429e-03 1.669481283213700325e-03 1.513328225954774621e-03 1.625871273155360397e-03 1.561454549498153240e-03 1.502673303016454102e-03 1.296299404497011512e-03
9.420000000000000000e+04 1.542659982085747838e-03 1.295196635505103380e-03 1.427993995409573358e-03 1.582206641129901836e-03 1.468182823855065716e-03 1.521800129307938291e-03 1.551954692153629037e-03
9.430000000000000000e+04 1.515328183472861934e-03 1.235756612525702432e-03 1.460105992618907162e-03 1.622616712532716542e-03 1.417144178841343166e-03 1.512259741630907683e-03 1.745383071281210192e-03
9.440000000000000000e+04 1.719039346375013421e-03 1.323066159976840498e-03 1.476416495175681852e-03 1.514548095609476175e-03 1.477114569368281546e-03 1.471471167652792277e-03 1.566196956010597677e-03
9.450000000000000000e+04 1.631256663733394400e-03 1.439232160260895408e-03 1.241120104701236466e-03 1.467391014274451811e-03 1.547904737818614701e-03 1.569101160048028696e-03 1.456594867410747471e-03
9.460000000000000000e+04 1.521693052935802837e-03 1.307403587758495687e-03 1.121173015134196245e-03 1.453330374926396209e-03 1.514978735431011386e-03 1.511073715727576094e-03 1.418662854938014051e-03
9.470000000000000000e+04 1.443056360490357253e-03 1.157227523807724014e-03 9.918529564059731796e-04 1.371947695163205742e-03 1.436572716602268953e-03 1.350592366447000200e-03 1.424021681175431089e-03
9.480000000000000000e+04 1.487139836099266596e-03 1.243482217301914708e-03 9.805416327351708199e-04 1.383702004209335030e-03 1.316391929927960029e-03 1.287007794990656590e-03 1.390050253009664531e-03
9.490000000000000000e+04 1.522987760269235756e-03 1.229036685122162969e-03 1.407248528433203060e-03 1.424811272268809931e-03 1.390888824259316030e-03 1.435980266258544405e-03 1.461510600778645865e-03
9.500000000000000000e+04 1.444164883364499339e-03 1.499176884081836886e-03 1.427012357169002779e-03 1.317117853473085201e-03 1.627471527815347544e-03 1.556455874752894026e-03 1.490068330580210550e-03
9.510000000000000000e+04 1.509624531099613932e-03 1.580890094926097524e-03 1.189974403574261142e-03 1.295870429041683439e-03 1.527616113458957594e-03 1.723299340765372268e-03 1.396216294933533579e-03
9.520000000000000000e+04 1.716275975812274696e-03 1.693665879977924527e-03 1.423635826501908064e-03 1.563919883561358613e-03 1.632384000781465999e-03 1.783648493643489024e-03 1.604612016536854186e-03
9.530000000000000000e+04 1.950621601481744224e-03 1.453097478527552201e-03 1.622387140892670452e-03 1.557237138806009382e-03 1.542555894008372898e-03 1.839017306887577932e-03 1.753084587525340684e-03
9.540000000000000000e+04 1.942136871848174724e-03 1.767287127861002366e-03 1.426345463908429987e-03 1.454194678222870893e-03 1.578484124701247382e-03 1.838091399709945294e-03 1.542713181532423452e-03
9.550000000000000000e+04 1.681220733834747722e-03 1.937304801108538817e-03 1.580128876340177162e-03 1.339073197899326136e-03 1.648413448840376156e-03 1.810775915398866662e-03 1.427945549029847969e-03
9.560000000000000000e+04 1.674772010603340624e-03 1.533293310602612883e-03 1.417728022884422266e-03 1.310237384194798274e-03 1.685999547688864404e-03 1.535301976667402535e-03 1.637347685817265109e-03
9.570000000000000000e+04 1.622863207143228782e-03 1.535070373580795563e-03 1.286817970208128459e-03 1.370640131541259448e-03 1.705005672932428853e-03 1.626881201601722889e-03 1.635233932694928278e-03
9.580000000000000000e+04 1.688989611897957982e-03 1.538937154036158815e-03 1.477567196107097735e-03 1.460097613604200264e-03 1.647424395474793952e-03 1.684019606278771902e-03 1.518058882410373801e-03
9.590000000000000000e+04 1.849764906478958354e-03 1.620869728542541225e-03 1.467623842844886914e-03 1.600373292766650970e-03 1.755963744464563055e-03 1.949541635810982804e-03 1.521793213796899255e-03
9.600000000000000000e+04 1.925779136962645945e-03 1.980219817989844339e-03 1.610656110916934948e-03 1.863234001795945191e-03 2.090143157263644851e-03 2.022994659582369806e-03 1.791161955002169457e-03
9.610000000000000000e+04 1.639130790534299841e-03 1.848652120778883530e-03 1.786514668894406341e-03 1.880222666292740352e-03 1.947346601368060790e-03 1.996771591800426855e-03 1.741096830977490514e-03
9.620000000000000000e+04 1.881561593261281808e-03 1.877165061366067476e-03 2.069009076072255392e-03 1.993390028616122758e-03 1.995194293224238774e-03 2.011004552335826211e-03 1.901674230352908956e-03
9.630000000000000000e+04 1.993897074281317326e-03 1.776657511608740027e-03 1.927003846134416921e-03 1.813703698442304486e-03 1.839411985547775765e-03 1.952079136108040213e-03 2.214283138948997757e-03
9.640000000000000000e+04 1.742563320061317868e-03 1.953153334313547772e-03 1.716716298940600864e-03 1.754887518545854589e-03 1.795120782435993476e-03 1.838926171722668262e-03 2.288824171811408917e-03
9.650000000000000000e+04 1.863310139147560628e-03 1.941585552654806696e-03 1.861399267345498080e-03 1.853665401588525238e-03 1.928007608964194637e-03 1.801190063530451989e-03 2.098466935496945754e-03
9.660000000000000000e+04 1.937498717673543595e-03 1.906076401411485903e-03 1.926191469658025419e-03 1.861357834537294420e-03 2.175992371982298987e-03 1.903644472570214423e-03 1.927815323455416572e-03
9.670000000000000000e+04 1.853246009084361101e-03 2.074744990778578865e-03 1.752927661807223867e-03 1.784472062123333876e-03 2.082931047710956819e-03 1.926805887942306672e-03 1.810563320100386795e-03
9.680000000000000000e+04 1.977706146866203309e-03 2.201426981959127976e-03 1.531998169046474862e-03 1.706955395998219259e-03 1.910083473607258582e-03 1.883772441091335036e-03 1.901379298202193974e-03
9.690000000000000000e+04 1.970786766043049719e-03 1.911805795565540674e-03 1.394195231507270585e-03 1.748268035780112467e-03 1.720917879679528849e-03 1.835793238792185304e-03 1.810357622883095865e-03
9.700000000000000000e+04 1.701398116761125524e-03 1.635756459066681299e-03 1.491967727483706815e-03 1.703581688434681459e-03 1.497745476406741509e-03 1.711063069826919067e-03 1.615009560509644924e-03
9.710000000000000000e+04 1.702684985713720381e-03 1.635731983591567429e-03 1.318066003798442579e-03 1.521809215957023150e-03 1.518383002509703051e-03 1.515862082127047115e-03 1.691522446822104698e-03
9.720000000000000000e+04 1.689116564670652305e-03 1.669222777084598862e-03 1.256147634846344540e-03 1.489552769972989554e-03 1.525354591801825026e-03 1.549396998265620317e-03 1.642862768445237055e-03
9.730000000000000000e+04 1.513534803689757513e-03 1.222519855106890931e-03 1.329082630317391907e-03 1.388670739780841672e-03 1.379505081447865650e-03 1.608837047146169895e-03 1.506272029793313772e-03
9.740000000000000000e+04 1.524698921606935410e-03 1.205955738719081440e-03 1.265185607651755136e-03 1.397062069308241785e-03 1.437460837157351250e-03 1.433478229449038294e-03 1.434672504022424392e-03
9.750000000000000000e+04 1.598644021603815718e-03 1.378354919880392816e-03 1.354355537343085837e-03 1.389467454362796651e-03 1.496082104148755299e-03 1.341996648260094290e-03 1.378239903246948877e-03
9.760000000000000000e+04 1.493096295153150148e-03 1.231576148864168456e-03 1.144317544664559929e-03 1.268030759062823950e-03 1.452937856111450677e-03 1.456964448431742956e-03 1.387815034655361188e-03
9.770000000000000000e+04 1.536759391561094484e-03 1.261356297937819967e-03 1.114776902093880546e-03 1.268689402670921925e-03 1.451045594966036490e-03 1.515744442991858766e-03 1.421269273495444569e-03
9.780000000000000000e+04 1.472099724700833999e-03 1.281319159801266351e-03 1.104992319382864510e-03 1.434401476391202173e-03 1.499069583691634748e-03 1.439720228425061654e-03 1.473896764794201423e-03
9.790000000000000000e+04 1.419799295619381422e-03 1.330347055694348392e-03 1.325614078618461266e-03 1.519875778283675529e-03 1.447815776383206072e-03 1.407052860952068534e-03 1.476167920326772274e-03
9.800000000000000000e+04 1.551436926533742962e-03 1.611979573732039671e-03 1.468684148020280326e-03 1.451628994964836812e-03 1.555373482456248214e-03 1.439557345890767580e-03 1.345855046438203511e-03
9.810000000000000000e+04 1.636840394334792984e-03 1.702423698786074144e-03 1.302030004063243693e-03 1.534249138189409034e-03 1.620698583562864758e-03 1.591058260900813986e-03 1.572092791323358163e-03
9.820000000000000000e+04 1.599970899550648201e-03 1.726331697053240435e-03 1.294197982130774029e-03 1.616405908442621921e-03 1.586157828148387688e-03 1.469029652291387955e-03 1.434732874314842725e-03
9.830000000000000000e+04 1.734899879348397516e-03 1.618879433466689994e-03 1.309202355820620559e-03 1.503455874924855551e-03 1.570778363274415645e-03 1.477711828532084345e-03 1.430048673934831505e-03
9.840000000000000000e+04 1.491897364382481495e-03 1.519228908949366149e-03 1.406100555122139851e-03 1.552991800076884829e-03 1.489669298263803518e-03 1.497772688210950113e-03 1.422032870476016512e-03
9.850000000000000000e+04 1.658826410118431367e-03 1.566935000761361663e-03 1.362123525583348567e-03 1.597176801179526432e-03 1.416693302878127645e-03 1.513599077430197691e-03 1.621773335074469437e-03
9.860000000000000000e+04 1.486410551783634050e-03 1.500911078606969196e-03 1.396661907314007993e-03 1.545250610358477701e-03 1.443856599582149861e-03 1.459886533171326833e-03 1.709502843916313464e-03
9.870000000000000000e+04 1.445019848076723509e-03 1.482295831071227471e-03 1.527256525463003244e-03 1.608918451956324559e-03 1.530796424886251466e-03 1.424570737352257380e-03 1.550601060188193814e-03
9.880000000000000000e+04 1.536326773800369017e-03 1.443008161947254616e-03 1.555412132364245373e-03 1.619652227584908889e-03 1.335362790221184589e-03 1.492688194657354949e-03 1.667060972856228241e-03
9.890000000000000000e+04 1.663990434006800941e-03 1.636062623049777762e-03 1.466097360321511316e-03 1.594162332762187910e-03 1.422126511674493042e-03 1.606372523081719440e-03 1.883144340283753222e-03
9.900000000000000000e+04 1.806589976639445252e-03 1.467157610838858844e-03 1.653731775709118114e-03 1.646035108880891402e-03 1.532578538891889381e-03 1.645429249646870352e-03 1.749008220827475693e-03
9.910000000000000000e+04 1.806716196921028406e-03 1.625470050771638149e-03 1.794481452649727927e-03 1.840362061837102830e-03 1.782551829050244745e-03 1.796458979083319536e-03 1.771108108746982310e-03
9.920000000000000000e+04 1.912038115489415576e-03 1.757308975985496157e-03 1.999174271336779263e-03 2.013004239186523547e-03 1.873383311038426735e-03 1.978779425681933667e-03 1.801532704835457797e-03
9.930000000000000000e+04 2.067077932303409016e-03 2.038173381271935359e-03 1.826603556151297752e-03 1.996949200430547626e-03 1.974585247012233206e-03 2.081838957675764996e-03 1.669488426525778460e-03
9.940000000000000000e+04 1.931267711892772779e-03 2.026888234731240215e-03 1.937759824350379894e-03 1.871045610351709711e-03 1.935099411898121100e-03 2.051204122301880043e-03 1.927306866608964869e-03
9.950000000000000000e+04 1.920108961979541395e-03 1.927724204832800044e-03 1.875831292879827491e-03 1.747914729536047393e-03 1.891770109765690978e-03 2.180166923419461431e-03 2.245435241788177206e-03
9.960000000000000000e+04 1.884213384190016856e-03 1.847686268273298835e-03 1.776851992585372266e-03 1.870125195083004914e-03 1.854866286275742415e-03 2.004660133053122028e-03 2.068062111078321740e-03
9.970000000000000000e+04 1.898449700597063840e-03 2.060218199894738728e-03 1.696268788994166783e-03 1.900827401554347398e-03 1.918013562949484867e-03 1.987763029072184794e-03 2.070236179240464523e-03
9.980000000000000000e+04 2.124814279798324743e-03 1.822332852920586881e-03 1.891426272345432319e-03 1.910808868427819407e-03 1.881763751433098743e-03 2.218006373584722850e-03 2.326541813260322045e-03
9.990000000000000000e+04 1.837888280386663301e-03 2.030335192330205880e-03 1.868940067171125791e-03 1.854523348327144537e-03 1.908325049142967468e-03 2.104408848643960547e-03 2.153426124990620236e-03
1.000000000000000000e+05 1.927983723525013857e-03 1.973642450005431200e-03 1.950693926633851770e-03 2.022710211505189277e-03 2.077478272419162973e-03 1.893713670058238272e-03 1.941765307791251498e-03
1.001000000000000000e+05 1.884749913609225832e-03 2.018916548837876995e-03 1.853229523308913421e-03 1.631912808272665280e-03 1.864854797907137922e-03 1.666102502598376363e-03 1.845491321830918787e-03
1.002000000000000000e+05 1.794211923611019246e-03 1.856672140976860360e-03 1.678103352453300936e-03 1.457296831384662355e-03 1.534861010604435727e-03 1.803088892177139675e-03 1.731746074793045608e-03
1.003000000000000000e+05 1.667570911916229758e-03 1.424279922201391506e-03 1.354029079168655655e-03 1.470521908237013833e-03 1.632508486709851204e-03 1.767367850731128062e-03 1.835242729954281215e-03
1.004000000000000000e+05 1.724005613160401384e-03 1.461917999542324638e-03 1.332281179960164656e-03 1.503791038218783805e-03 1.687913364213107894e-03 1.717364259706459333e-03 1.664613710482370319e-03
1.005000000000000000e+05 1.665328178300396573e-03 1.803872328433409793e-03 1.597128313150988172e-03 1.693800504058564933e-03 1.855176054688348732e-03 1.889796754866713635e-03 1.540714721696493034e-03
1.006000000000000000e+05 1.807902243521036572e-03 1.784859449733902431e-03 1.861129975736654663e-03 1.645659290466731017e-03 1.816645069797524076e-03 1.926785633786943803e-03 1.517809179511174110e-03
1.007000000000000000e+05 1.914613068582278650e-03 1.764567987687762178e-03 1.748098520343486844e-03 1.695590810102813898e-03 1.831377645153265147e-03 1.751922319070931509e-03 1.582235089567815816e-03
1.008000000000000000e+05 1.874335688772744112e-03 2.047733621534277102e-03 1.673851886968228536e-03 1.772049964940139010e-03 2.063093343563260091e-03 1.736964723585467064e-03 1.950625756707787027e-03
1.009000000000000000e+05 1.758620786161386442e-03 1.732190112136208727e-03 1.779181584957416394e-03 1.746154312907910932e-03 2.259354130496530125e-03 1.862655643714194965e-03 2.321429459349015709e-03
1.010000000000000000e+05 1.766788257592164652e-03 1.576092737140681252e-03 1.879968593465403646e-03 2.055863414331494683e-03 2.840438364496854825e-03 2.241699583225240447e-03 2.099205478154093397e-03
1.011000000000000000e+05 1.966116532329759657e-03 1.935286378793998376e-03 1.913009049658891386e-03 2.019673128587337000e-03 2.621287549479115343e-03 1.932252377130768859e-03 5.470185480873702641e-03
1.012000000000000000e+05 2.228499003786646449e-03 2.249529753281344531e-03 2.037413673816382970e-03 2.339356314537848359e-03 2.320231784618266482e-03 2.090789358633874349e-03 5.348540705018396679e-03
1.013000000000000000e+05 2.149815471661855638e-03 2.237008233242786161e-03 2.030401299143081654e-03 2.350412905385267700e-03 2.381875356258126609e-03 2.487795734843645679e-03 3.668271016287875854e-03
1.014000000000000000e+05 2.333161475291118791e-03 1.878842982534350680e-03 1.942055619567046145e-03 2.038178681251374622e-03 2.322836352841698565e-03 2.333796815145624572e-03 2.514635955306887723e-03
1.015000000000000000e+05 2.084591452100833554e-03 1.896505801111162369e-03 1.817945661806415723e-03 1.945022050255750760e-03 2.306488283476388831e-03 2.203028038449008404e-03 2.423932357981441101e-03
1.016000000000000000e+05 2.011719519736865011e-03 2.049610001770353716e-03 1.798560598534782980e-03 2.068288467447795039e-03 2.405346337064073747e-03 2.459585689728148103e-03 2.251432436118735135e-03
1.017000000000000000e+05 1.870514887224057881e-03 2.031614581055996883e-03 2.073848491294602320e-03 2.199437352396928745e-03 2.294908224481184960e-03 2.573301538151726801e-03 2.215947434791158167e-03
1.018000000000000000e+05 1.890945620757559934e-03 1.939717501192361358e-03 2.544840655488660782e-03 2.423508327897154306e-03 2.548013475098937202e-03 2.785348946684553222e-03 2.383996705366091262e-03
1.019000000000000000e+05 2.048840321713760789e-03 1.786316413775332823e-03 2.683751862557571654e-03 2.788016526598321304e-03 3.017511364013659991e-03 2.874697142128219626e-03 2.393993847806271009e-03
1.020000000000000000e+05 1.918080087458242863e-03 1.764863310436849166e-03 2.747385338859262890e-03 3.147700715503646586e-03 3.244003379950930605e-03 2.938624069863104808e-03 2.498615069349128907e-03
1.021000000000000000e+05 1.730511550615046728e-03 1.686616191676641946e-03 2.609025999670530008e-03 2.992475463930410664e-03 2.986803303654214300e-03 2.570958730431342938e-03 2.624733251031455793e-03
1.022000000000000000e+05 1.921547770534555010e-03 1.787936638289382889e-03 2.207053211170228058e-03 2.585662414775171530e-03 2.723081809063436932e-03 2.595668021208297899e-03 2.517633540324326971e-03
1.023000000000000000e+05 1.928076142597797641e-03 1.869963471715006776e-03 2.095497558019441837e-03 2.216420821872319962e-03 2.382066910924188034e-03 2.648657003471431917e-03 2.418616590557592580e-03
1.024000000000000000e+05 2.007846231467211046e-03 2.015388805726688395e-03 1.784494561940371806e-03 2.126498901655461769e-03 2.361980802803707695e-03 2.768208935030551984e-03 2.238569490056982556e-03
1.025000000000000000e+05 2.112315805599826457e-03 2.288678963703253636e-03 2.205604670625179418e-03 2.359627657605759335e-03 2.474895187542569975e-03 2.639226776589546734e-03 1.960405622508701404e-03
1.026000000000000000e+05 2.207820361334579540e-03 2.164502147300964834e-03 2.127893281770378790e-03 2.494173086250267915e-03 2.600287326086183834e-03 2.460956644049244746e-03 2.101721581594169063e-03
1.027000000000000000e+05 2.234565079405139137e-03 2.162842814538090078e-03 2.129148738635976146e-03 2.298668082386138081e-03 2.533363255214032047e-03 2.678525252747623354e-03 2.379700553582255341e-03
1.028000000000000000e+05 2.022247870919736956e-03 2.175677525724754521e-03 2.429489075288358401e-03 2.454234936759216220e-03 2.693769898036183982e-03 2.847639834909790942e-03 2.346629219023696131e-03
1.029000000000000000e+05 2.154259590124797501e-03 1.982583246505000875e-03 2.595093311269020681e-03 2.709484891733701922e-03 2.556571337257998976e-03 2.415985032798241387e-03 2.558792713097103773e-03
1.030000000000000000e+05 1.965078692325169293e-03 1.870543404283024928e-03 1.842067636182991887e-03 2.657389015907805907e-03 2.303059448617866475e-03 2.481137513436511201e-03 2.477583364422029661e-03
1.031000000000000000e+05 2.055544404488388391e-03 1.912785718151443224e-03 1.914577944014975337e-03 2.502320415409315171e-03 2.214044408019662843e-03 2.602965464622522367e-03 2.110009128539184434e-03
1.032000000000000000e+05 1.907416877535312531e-03 1.681177267562405453e-03 2.119924800077933186e-03 2.541154306905492235e-03 2.275074205670758395e-03 2.665682430372278561e-03 1.996862581575940907e-03
1.033000000000000000e+05 2.082575939722939359e-03 1.806317180922793232e-03 1.962986960566692491e-03 2.312455625160943565e-03 2.337562257257404675e-03 2.243982619246363223e-03 2.088485538246705187e-03
1.034000000000000000e+05 1.890047457929829207e-03 1.798279195028874410e-03 1.988042187170598659e-03 2.337842038627200528e-03 2.202137285370124077e-03 2.428934150191834878e-03 2.098283041189870791e-03
1.035000000000000000e+05 2.133526705684707890e-03 1.645583950551560582e-03 2.235492667883119851e-03 2.485082161463234712e-03 2.258009266522509849e-03 2.391633382820131278e-03 2.035968682188184827e-03
1.036000000000000000e+05 2.089703309660697304e-03 1.841673765304190080e-03 2.038852698386842566e-03 2.326773015240015275e-03 2.321063797255014556e-03 2.161047488876026174e-03 2.113542617523642402e-03
1.037000000000000000e+05 2.105203442383880331e-03 1.973536238150503785e-03 1.960167196345469903e-03 2.186492046646610569e-03 2.477341985455430891e-03 2.268670035294782263e-03 2.240197465341333370e-03
1.038000000000000000e+05 2.215958358355390578e-03 1.958996974377535429e-03 2.118607301738218828e-03 2.190501488653230373e-03 2.225002285716594710e-03 2.201475928684374674e-03 2.173508951305369325e-03
1.039000000000000000e+05 2.223064211421811338e-03 2.015821017844656414e-03 1.628784590005961279e-03 1.946930517760846928e-03 1.963171363784169555e-03 1.783916031284989981e-03 2.151559433935330747e-03
1.040000000000000000e+05 1.949739892064570245e-03 2.060599513637048456e-03 1.546913175520111703e-03 1.791884031236810112e-03 2.121286799222589156e-03 1.916322451653250207e-03 2.253635406448776038e-03
1.041000000000000000e+05 2.072155197164523427e-03 1.812030619040634139e-03 1.740798290730188403e-03 2.037653967595198356e-03 2.055128089806964632e-03 1.966731540578603790e-03 2.094827167968607833e-03
1.042000000000000000e+05 2.016028619553154010e-03 1.805805317390499470e-03 1.930607839591051179e-03 1.915968915096316529e-03 2.165848103260922548e-03 1.972870858287603581e-03 1.884082161375732686e-03
1.043000000000000000e+05 1.892210579540119526e-03 1.839103053356966767e-03 1.747863588851581102e-03 1.686651629180897002e-03 1.889732862882127599e-03 1.801411064492287320e-03 1.818462578170770448e-03
1.044000000000000000e+05 1.742082478131973516e-03 1.590844193137566382e-03 1.793140083066935850e-03 1.813903942435060720e-03 1.902114277605120637e-03 1.841968145002249825e-03 1.700649131321957689e-03
1.045000000000000000e+05 1.837227073874790921e-03 1.736084140209500628e-03 1.918564405778134824e-03 1.993815036323934656e-03 2.049849945684948174e-03 2.000554998911076993e-03 1.637349980800455358e-03
1.046000000000000000e+05 2.107743675240237452e-03 1.727300908406913900e-03 1.915184078394092763e-03 1.834404465926916823e-03 2.039275333524693222e-03 1.909019307587843080e-03 1.731660662416231126e-03
1.047000000000000000e+05 2.019286796958751507e-03 1.766021212809535616e-03 1.704153598951595053e-03 1.832649476583170711e-03 1.990953906102466229e-03 1.856329006120865195e-03 1.890469993519438034e-03
1.048000000000000000e+05 2.160129975978240715e-03 1.859276379313851146e-03 1.884480358558158651e-03 2.005158554234182360e-03 2.059585313349684369e-03 1.805741940658461310e-03 2.077453972886985321e-03
1.049000000000000000e+05 1.839122393719444309e-03 2.005332047473851534e-03 1.933485995820770223e-03 1.959025412079187702e-03 2.041274102360240116e-03 1.877995151815625317e-03 2.145739957717925604e-03
1.050000000000000000e+05 1.643394514811637175e-03 1.881910700586179441e-03 1.792514219083840522e-03 1.759354554132765147e-03 2.081009597700626823e-03 1.833773788730678339e-03 2.114367000444937732e-03
1.051000000000000000e+05 1.598054454891823873e-03 1.828826838767547147e-03 1.680345551538454420e-03 1.732688066050898064e-03 2.038764946431352761e-03 1.780353560539276597e-03 2.053286691372040000e-03
1.052000000000000000e+05 1.603807055570711073e-03 1.763787476280697991e-03 1.710558339288036078e-03 1.688512814523380687e-03 1.932366202041180909e-03 1.949995336120930725e-03 2.138026353851291920e-03
1.053000000000000000e+05 1.665841113263705426e-03 1.516555100581939639e-03 1.842010565801663596e-03 1.635334884360666085e-03 1.919460394865021976e-03 1.801219463216113641e-03 2.206241547658652647e-03
1.054000000000000000e+05 1.471217545678914088e-03 1.447483170787598966e-03 1.904985233285010548e-03 1.738931013748147786e-03 1.881531371551653032e-03 1.888953294847846949e-03 2.116326048029778476e-03
1.055000000000000000e+05 1.747528937543601710e-03 1.637992707444129109e-03 1.709394518374582773e-03 1.795193682571787118e-03 1.869040190347869826e-03 1.913273427461086550e-03 2.117756646833231227e-03
1.056000000000000000e+05 1.654449423983883703e-03 1.477433113737185036e-03 1.707887399001705104e-03 1.834801228720618236e-03 1.816881311501018998e-03 1.911215232669877468e-03 2.079121283911604477e-03
1.057000000000000000e+05 1.578947471603384198e-03 1.357908784537135679e-03 1.935194610902306496e-03 1.769584282966864611e-03 1.948047904755520997e-03 1.899300179038879025e-03 2.026754927549235738e-03
1.058000000000000000e+05 1.523791831025964657e-03 1.568026967992563634e-03 1.919166309438435306e-03 1.756208032355478094e-03 1.987557916375566180e-03 1.980775339365020617e-03 1.998385644073848166e-03
1.059000000000000000e+05 1.469120148934548696e-03 1.492386625948863331e-03 1.888897571992540414e-03 1.785747533954065063e-03 2.051651976562682105e-03 1.994495695984002410e-03 2.167753387262972252e-03
1.060000000000000000e+05 1.572432835994422252e-03 1.413130265150878105e-03 2.024897966433805707e-03 1.822008433351744207e-03 2.074780288174639994e-03 2.029385352007664640e-03 2.274280506715496003e-03
1.061000000000000000e+05 1.680920633875395342e-03 1.549882837683717787e-03 1.928342266412403846e-03 1.946881844570759815e-03 2.078847918744695326e-03 2.195083617607426589e-03 2.338178608357903768e-03
1.062000000000000000e+05 1.864088409378818027e-03 1.607007209471362054e-03 1.820610911260073976e-03 2.075579185533702256e-03 2.049074129721611612e-03 2.335746135654167242e-03 2.412571169117514770e-03
1.063000000000000000e+05 1.870828529037527272e-03 1.617714858947069852e-03 1.959631692596922395e-03 2.204977447242198463e-03 2.073058463606827426e-03 2.475987551209778582e-03 2.500572791581207651e-03
1.064000000000000000e+05 1.789487770841843677e-03 1.641223442594790059e-03 2.313013221005478723e-03 2.195309763260318119e-03 2.126861808331491441e-03 2.439499089954371563e-03 2.361799874001487866e-03
1.065000000000000000e+05 1.730027331189841694e-03 1.789449774118800993e-03 2.368501189331362940e-03 2.100784522762817914e-03 2.229008680670053512e-03 2.333948890289413991e-03 2.342249552863577208e-03
1.066000000000000000e+05 1.757218064523570359e-03 1.714240299264643570e-03 2.251490950396401423e-03 2.111420730362103832e-03 2.257844889476501304e-03 2.336004166089347169e-03 2.626449031456434997e-03
1.067000000000000000e+05 1.721372465029586329e-03 1.756698160174849843e-03 2.326237543388911654e-03 2.070367999816998331e-03 2.234989259904297896e-03 2.329042142192176788e-03 2.747065372210001893e-03
1.068000000000000000e+05 1.760627521966211424e-03 1.785033281485467636e-03 2.282252025073743234e-03 2.150834767271276801e-03 2.201220261548260306e-03 2.442683269382194249e-03 2.776673123557292771e-03
1.069000000000000000e+05 1.976224706032920012e-03 1.592447497849643762e-03 1.994338015065273261e-03 2.128944589340434328e-03 2.097478007088155426e-03 2.576314259476272187e-03 2.619622386105206670e-03
1.070000000000000000e+05 2.094761883915519443e-03 1.646659459561030693e-03 1.968190716201869816e-03 2.129309683091047071e-03 1.906832573462168825e-03 2.534630817347172972e-03 2.518519492043087143e-03
1.071000000000000000e+05 2.347018448459997197e-03 1.898544114110419304e-03 2.047371761162910565e-03 2.200277039159860299e-03 2.071133605734209928e-03 2.694702413247780388e-03 2.558822625177239931e-03
1.072000000000000000e+05 2.404170678068313482e-03 2.020405555391468783e-03 2.228593218191724304e-03 2.108409765509809079e-03 2.202075997509790432e-03 2.752131813672990205e-03 2.591219466641554031e-03
1.073000000000000000e+05 2.273701046925878048e-03 1.887163756301729438e-03 2.297168186166197949e-03 2.195029076439068434e-03 2.254630975526944036e-03 2.702978315349704660e-03 2.497594510662717524e-03
1.074000000000000000e+05 1.910347425962882545e-03 1.806521708615331729e-03 2.298523840025338584e-03 2.362346247388666387e-03 2.398241290680828974e-03 2.727081621902630211e-03 2.375742325653660419e-03
1.075000000000000000e+05 1.759409881521189567e-03 1.875231813471120315e-03 2.524576276211308330e-03 2.424065736429084801e-03 2.421052015407211891e-03 2.761101076210964803e-03 2.207126585224990223e-03
1.076000000000000000e+05 2.032948531255432140e-03 2.040940089814857576e-03 2.566857104153424246e-03 2.487871617896330462e-03 2.428260637395586626e-03 2.858494817650899730e-03 2.311754905621825427e-03
1.077000000000000000e+05 2.073158652571916935e-03 2.128443579905950778e-03 2.607798652668491882e-03 2.447074425380189443e-03 2.467910190208973814e-03 2.700315066371127351e-03 2.483933617938151404e-03
1.078000000000000000e+05 2.071918660893128268e-03 2.073253319719998468e-03 2.614559109684861694e-03 2.511505350484795080e-03 2.476906313969368372e-03 6.263667514670273086e-03 2.274914904643331442e-03
1.079000000000000000e+05 2.247651064638133203e-03 1.724988365553835898e-03 2.404900959806157475e-03 2.454985613699071402e-03 2.404035194679219906e-03 5.043935319018349323e-03 2.218225984221498456e-03
1.080000000000000000e+05 2.447751108442789217e-03 1.772309848466232509e-03 2.235806256657325939e-03 2.380550363517075323e-03 2.273196176409661949e-03 2.161226530789146609e-03 2.205228961712445840e-03
1.081000000000000000e+05 2.409177751894565032e-03 1.927329397378328788e-03 2.067117132447565762e-03 2.358430487897324873e-03 2.347483372513501417e-03 2.151783210048731441e-03 2.204959805492526671e-03
1.082000000000000000e+05 3.619441385608969820e-03 1.850103899392861045e-03 2.055610410020418041e-03 2.305104560087306489e-03 2.399011739935771013e-03 2.343192274321018176e-03 2.291154989516068149e-03
1.083000000000000000e+05 1.959645212584841534e-03 1.826733687052327013e-03 1.968892675709973516e-03 2.196274820372079526e-03 2.284974112363574988e-03 2.454789793443881967e-03 2.300986905818922998e-03
1.084000000000000000e+05 1.805412938857328849e-03 1.797141861131779095e-03 2.964874382202239630e-03 2.219391264227402356e-03 2.332963643627436901e-03 2.511628563223643196e-03 2.170017554887177218e-03
1.085000000000000000e+05 1.778975930188878311e-03 1.681262817437214480e-03 2.382073003885316290e-03 2.216698846755218912e-03 2.331362369778191591e-03 2.516280396620179053e-03 2.111871558094007180e-03
1.086000000000000000e+05 1.801247634553212020e-03 1.812637427083148550e-03 2.151379126121354384e-03 2.226497415738226855e-03 2.358260957886969440e-03 2.553189982648256581e-03 2.178173521420508161e-03
1.087000000000000000e+05 1.793250311908247633e-03 1.680690328827398779e-03 2.126212711006515970e-03 2.361190344653948166e-03 2.471465152080862607e-03 2.650842724614633529e-03 2.042713272145321723e-03
1.088000000000000000e+05 1.943185456117939693e-03 1.683690173548483366e-03 2.151764318021642895e-03 2.316688804897470196e-03 2.580404797093728813e-03 2.702358991168803907e-03 1.902658315069442104e-03
1.089000000000000000e+05 2.151707548736714153e-03 1.963407359964357279e-03 2.195269034863282093e-03 2.432835642400312578e-03 2.693173109783201288e-03 2.739159120047717118e-03 2.017901769006139479e-03
1.090000000000000000e+05 2.155582270341496656e-03 1.903732330078557579e-03 2.284781759878033811e-03 2.293203422734740177e-03 2.738876403922709847e-03 2.735247206098898477e-03 2.058622636457573245e-03
1.091000000000000000e+05 2.140242830593614386e-03 1.808083847363140635e-03 2.232604008332416366e-03 2.301159156156945985e-03 2.740388384331404227e-03 2.594798490370500005e-03 1.946020634613525920e-03
1.092000000000000000e+05 1.827139155767287934e-03 1.699770228647492186e-03 2.334383147018103625e-03 2.322414650915646112e-03 2.616878097174771267e-03 2.535407844053905700e-03 1.918617374141774485e-03
1.093000000000000000e+05 1.672903322019989340e-03 1.694309295483619740e-03 2.332770007875759576e-03 2.345890713487295502e-03 2.503420057980106951e-03 2.354021210407191214e-03 2.037202921897521106e-03
1.094000000000000000e+05 1.605532062208315548e-03 1.607857978598471000e-03 2.704024440166251722e-03 2.186353423451700174e-03 2.392075216247391105e-03 2.247103491279458382e-03 2.052823604714775277e-03
1.095000000000000000e+05 1.739770446228600369e-03 1.684019191789717495e-03 2.750700455938089820e-03 2.364353494500488762e-03 2.301992381691869184e-03 2.214461395021752321e-03 1.946130052872449816e-03
1.096000000000000000e+05 1.771813277669123492e-03 1.695200510374127731e-03 2.157673023286895125e-03 2.492566305901089928e-03 2.288095672484774870e-03 2.026240688232882475e-03 1.748799549433196739e-03
1.097000000000000000e+05 1.725669442953022556e-03 1.646402443478650873e-03 2.724684346328297424e-03 2.359216519907026202e-03 2.201622993609160528e-03 1.961302628719275697e-03 1.555424610507514247e-03
1.098000000000000000e+05 1.704719120921405207e-03 1.570309430929011860e-03 2.108162139608466944e-03 2.335309121581630436e-03 1.970503347006757715e-03 2.041218188002671182e-03 1.542730750350225282e-03
1.099000000000000000e+05 1.427731093821122538e-03 1.477224042705754369e-03 1.859410323897171813e-03 2.089360650126589024e-03 1.919875681680610754e-03 1.846941796212162121e-03 1.544564443546580981e-03
1.100000000000000000e+05 1.372896500153247346e-03 1.523178755823198765e-03 1.819869264935499321e-03 1.948362344442729254e-03 1.660698595048557685e-03 1.695032903846706426e-03 1.584080301340227591e-03
1.101000000000000000e+05 1.511737522701000081e-03 1.676261611342933378e-03 1.682555093003695098e-03 2.019647398932266844e-03 1.523958775816602754e-03 1.625208830370776427e-03 1.707126943457025177e-03
1.102000000000000000e+05 1.640748641235222289e-03 1.773961862221194296e-03 1.667851046763229933e-03 2.036984332864937800e-03 1.546295363012093306e-03 1.524710843521546099e-03 1.879211092859914408e-03
1.103000000000000000e+05 1.559563670450211112e-03 1.664403710363668559e-03 1.784983868062258111e-03 2.016117467718898330e-03 1.598148779662040848e-03 1.597841684155271733e-03 1.835800782555617591e-03
1.104000000000000000e+05 1.566217737697960834e-03 1.860442330583840162e-03 1.668511706066248563e-03 1.875321153212842259e-03 1.620822277462062285e-03 1.843902229134853580e-03 1.746071500024865561e-03
1.105000000000000000e+05 1.607096328691883305e-03 1.697851557814746871e-03 1.632807539804073194e-03 1.902000371075431495e-03 1.704294884324039638e-03 1.907577618593272887e-03 1.729153963315249167e-03
1.106000000000000000e+05 1.640268442721917134e-03 1.583560607425536218e-03 1.774421946242713943e-03 1.839842495495711255e-03 1.773656934899791888e-03 1.798885508499687737e-03 1.678053652486161985e-03
1.107000000000000000e+05 1.666710322906371196e-03 1.611464925316641403e-03 1.943939637106595342e-03 1.959730713200676707e-03 1.756487622705371577e-03 1.682762742955634487e-03 1.661038103076860079e-03
1.108000000000000000e+05 1.606417175660403932e-03 1.515231881151483289e-03 1.976389224124777168e-03 2.025105928693515453e-03 1.662516023549109228e-03 1.658420456090514391e-03 1.773643374501914600e-03
1.109000000000000000e+05 1.594810982034029507e-03 1.434681856487636173e-03 1.826606697669541212e-03 1.793545503917792381e-03 1.693984111084736836e-03 1.611863588182145405e-03 1.725830456460133609e-03
1.110000000000000000e+05 1.627488484327596976e-03 1.440958151081958788e-03 1.752050513584973599e-03 1.782408363406014998e-03 1.765613201473771338e-03 1.755258599006723989e-03 1.672952950133588463e-03
1.111000000000000000e+05 1.701689187609608557e-03 1.550735666712191665e-03 1.809882384483104930e-03 1.730547182748133281e-03 1.638866293492244721e-03 1.815753128102017520e-03 1.644776378701545087e-03
1.112000000000000000e+05 1.807862995709213138e-03 1.709588421779911944e-03 1.795150447785830031e-03 1.860605757872348847e-03 1.628228797679906080e-03 1.815713437074394955e-03 1.730680527740761747e-03
1.113000000000000000e+05 1.891836163445390073e-03 1.673456884003676065e-03 1.808251226309097633e-03 1.988721583259742739e-03 1.761132572876753302e-03 1.943841607088866129e-03 1.744534569102932373e-03
1.114000000000000000e+05 1.646341008890836802e-03 1.599786560383611653e-03 1.810609061962580599e-03 1.981166082363751153e-03 1.850988846827324869e-03 1.994790390326572037e-03 1.747209332436037901e-03
1.115000000000000000e+05 1.662295410965664759e-03 1.860090690717860953e-03 1.731654607021904753e-03 2.043911536852550514e-03 1.840937050696505976e-03 1.934440546841350358e-03 1.870580899516508964e-03
1.116000000000000000e+05 1.686755780447649284e-03 1.936474279239750558e-03 1.750563684649775143e-03 2.165181466561748400e-03 1.838809295379898985e-03 1.966921627237370497e-03 1.954247235147574258e-03
1.117000000000000000e+05 1.697710941964597747e-03 1.726759956955522222e-03 1.902085930644612562e-03 2.023382108853303326e-03 1.805615456273111739e-03 2.034905124051850870e-03 1.794680854422994482e-03
1.118000000000000000e+05 1.817881815398558060e-03 1.798104246378318376e-03 1.992030305535826776e-03 2.202969650062226638e-03 1.766643265185129314e-03 2.168491283896999480e-03 1.799873071651410510e-03
1.119000000000000000e+05 2.027046613119068332e-03 1.942880321391258353e-03 2.139158848577124312e-03 2.755590380776047014e-03 1.838974690744370503e-03 2.237224986912148255e-03 1.809026109489333001e-03
1.120000000000000000e+05 2.010529928142685153e-03 1.951115465044812348e-03 2.214266860559562303e-03 2.285301397040450863e-03 1.834649222083614781e-03 2.310310735904256250e-03 1.666107731021624532e-03
1.121000000000000000e+05 1.985350123518199016e-03 1.982817943185677563e-03 2.301219123431179521e-03 2.344254698544954128e-03 1.919758528437641009e-03 2.156625487660084745e-03 1.597569188945538975e-03
1.122000000000000000e+05 1.991922116145092379e-03 1.809660477625840182e-03 2.249807865844230884e-03 2.194254904606257172e-03 2.124366077921544145e-03 2.095867564143772017e-03 1.930845170940181108e-03
1.123000000000000000e+05 2.320784892441889700e-03 1.891308972705690265e-03 2.156756994958636438e-03 2.054207654639652551e-03 2.174914484211249669e-03 2.082300960421594720e-03 2.130638318500827078e-03
1.124000000000000000e+05 2.156404752763043092e-03 1.863861924384692349e-03 2.227341040764463289e-03 1.983146573347906345e-03 2.044517720387694412e-03 1.859778798148414413e-03 2.194961993723471179e-03
1.125000000000000000e+05 2.267581299121205086e-03 1.996415517582921916e-03 2.125081376477676309e-03 2.136397020568620540e-03 2.233057394807422963e-03 1.995986266128403977e-03 2.067221034732331757e-03
1.126000000000000000e+05 2.232201378123601070e-03 1.994253965641011248e-03 2.078172603940088136e-03 2.146418612554081007e-03 2.271854559428766133e-03 2.049560811476173333e-03 1.906968150399160561e-03
1.127000000000000000e+05 2.220404483769699688e-03 2.022599296721474139e-03 2.100203637894282674e-03 2.006864605644196817e-03 5.068767797896638581e-03 1.825753652410340216e-03 1.753709295252952726e-03
1.128000000000000000e+05 1.991350295324546306e-03 1.970378953738947253e-03 1.982693746184959957e-03 1.995083213142542170e-03 2.236351321604621977e-03 1.805229755403488668e-03 1.707925075592754824e-03
1.129000000000000000e+05 2.014787153513071267e-03 1.972164633796258740e-03 2.005082474597911796e-03 1.971973026914078300e-03 2.108831270317714640e-03 1.821840658031031708e-03 1.712397698137683565e-03
1.130000000000000000e+05 2.110035394773507843e-03 2.067736714799455009e-03 2.126217157070936677e-03 1.919160560188696261e-03 2.051496678642534838e-03 1.985770178293045675e-03 1.724062254719679541e-03
1.131000000000000000e+05 2.078581029433152014e-03 1.972045000503181659e-03 2.144812196938385585e-03 1.998573043541562299e-03 1.997490676679201591e-03 2.069351943907291394e-03 1.668082502511737935e-03
1.132000000000000000e+05 1.740387986081678258e-03 2.097702735519506746e-03 2.135273380579725318e-03 2.163706361142140981e-03 2.238333752557012269e-03 2.056200569958846827e-03 1.685179731726167696e-03
1.133000000000000000e+05 1.846245987697137884e-03 2.065888947538386828e-03 2.119874030393371737e-03 2.198338515495684969e-03 1.987039401186014003e-03 2.141449174416732489e-03 1.587662727733820354e-03
1.134000000000000000e+05 1.892911437863157350e-03 2.025659250307606640e-03 1.998070119182895552e-03 2.122859783029022208e-03 1.728190626347689100e-03 2.042331052119089954e-03 1.669745576750214467e-03
1.135000000000000000e+05 1.887215306346725144e-03 1.853240327411732630e-03 2.029864156751715921e-03 1.963086364142246475e-03 1.877107380809691761e-03 1.949181277873583869e-03 1.657408517634653428e-03
1.136000000000000000e+05 1.822411014938153271e-03 1.853592531453185756e-03 2.040244252498503094e-03 1.957209752359493835e-03 1.735878697608191426e-03 1.798383731342864710e-03 1.616363919192501195e-03
1.137000000000000000e+05 1.762122304460493139e-03 1.721403285437861971e-03 1.949641645368970725e-03 2.082534993203066700e-03 1.862177363702171694e-03 1.642876430803011248e-03 1.498391330824356583e-03
1.138000000000000000e+05 1.746577940284563778e-03 1.734566418236144604e-03 1.984079823134905860e-03 2.052838414643738153e-03 1.869102157341477610e-03 1.654773655019071543e-03 1.394301904759762036e-03
1.139000000000000000e+05 1.704344876610823858e-03 1.793551118439266207e-03 2.038341777336836764e-03 1.925892803563861513e-03 1.553512625603311508e-03 1.620555798121849512e-03 1.294300777006803698e-03
1.140000000000000000e+05 1.561056793345669876e-03 1.638813335032599135e-03 1.908696885389769404e-03 1.825013136848929437e-03 1.494479494063194382e-03 1.588589241625838538e-03 1.566376938641717703e-03
1.141000000000000000e+05 1.473589430642662998e-03 1.692060402129795180e-03 2.079618546979719856e-03 2.035613013959737365e-03 1.606554326658839139e-03 1.626017567685721782e-03 1.695093811822830044e-03
1.142000000000000000e+05 1.578591271060890162e-03 1.571399526224154545e-03 2.087303324246679841e-03 2.097116858264948258e-03 1.728756976941526070e-03 1.672740495599907935e-03 1.781634801093953148e-03
1.143000000000000000e+05 1.513547017363132269e-03 1.662437493440698574e-03 2.011476400974271037e-03 1.911938703044982002e-03 1.771243439299125758e-03 1.610505768146712610e-03 1.870564786233764850e-03
1.144000000000000000e+05 1.558147746949448001e-03 1.547556466671128452e-03 1.916136050133420777e-03 1.928552554791694400e-03 1.817197436381994338e-03 1.667208107315946378e-03 1.819570459074115482e-03
1.145000000000000000e+05 1.630773137988488115e-03 1.687144584175981257e-03 1.907895220637946228e-03 1.996028820101016562e-03 1.784474746885992159e-03 1.888706941544465419e-03 1.525048714687391935e-03
1.146000000000000000e+05 1.670232977035527580e-03 1.872789501940534196e-03 1.954140503486512942e-03 1.973568309017237777e-03 1.902638626716471153e-03 1.982132187057194118e-03 1.548774196024944698e-03
1.147000000000000000e+05 1.677833582291142923e-03 1.917816625517199374e-03 2.103540645017797084e-03 1.923251927077995272e-03 1.959714315124619095e-03 1.991566396132612125e-03 1.691050537792630456e-03
1.148000000000000000e+05 1.837115701123371875e-03 1.872256789959772169e-03 2.181322253821392151e-03 1.880904809265113555e-03 1.904929331734307209e-03 1.913287072654718023e-03 1.887775579448782749e-03
1.149000000000000000e+05 2.022435871666004945e-03 1.911485677106623251e-03 2.194232097702177031e-03 2.278561243710324185e-03 1.831349987918740431e-03 1.796223998994686457e-03 1.716055900234575654e-03
1.150000000000000000e+05 2.048304674926119257e-03 1.930257710012656201e-03 2.077101019161796749e-03 1.980611673058593411e-03 1.873180057845322396e-03 1.802358074647793370e-03 1.589475942451385945e-03
1.151000000000000000e+05 1.968780602804569551e-03 2.029521159488307819e-03 2.066889542625040092e-03 1.951541892899806173e-03 1.751446264205280302e-03 2.104875910129931898e-03 1.820185467260361902e-03
1.152000000000000000e+05 2.204164762274192328e-03 2.241379667410284098e-03 2.388365232357394109e-03 2.189713173093783913e-03 1.728464755728467955e-03 2.149364499558279688e-03 1.866944453964717752e-03
1.153000000000000000e+05 2.258600092878703790e-03 2.565671675112576357e-03 2.412859950026904204e-03 2.548023584835171131e-03 2.059596826512466016e-03 2.038375517865715410e-03 1.709787460784095931e-03
1.154000000000000000e+05 2.216901669313508117e-03 2.374454618220008407e-03 2.244648430345593058e-03 2.496992481387336638e-03 2.461833486694254419e-03 2.102032367806209740e-03 1.657816204725716521e-03
1.155000000000000000e+05 2.173964070498661180e-03 3.330254303094524245e-03 2.541211522611110888e-03 2.584087923603929117e-03 2.568496799613810902e-03 2.203762341634826500e-03 1.801341302898706908e-03
1.156000000000000000e+05 2.090873765615589627e-03 2.024720321848457859e-03 2.626447842482839638e-03 2.554213455464457872e-03 2.527019600309018347e-03 2.452494287118243185e-03 1.815835952017166941e-03
1.157000000000000000e+05 2.233957360094560897e-03 2.127659563972181950e-03 2.445821456634367837e-03 2.334633112185391639e-03 2.409487500550178650e-03 2.570652269854875084e-03 1.965347455259163802e-03
1.158000000000000000e+05 2.244253218169377402e-03 2.411015140919402742e-03 2.529917573359186100e-03 2.347726105775252339e-03 2.406244608252716514e-03 2.314452385750796586e-03 2.068857041576990449e-03
1.159000000000000000e+05 2.535536134568889578e-03 2.306990556818682824e-03 2.731799228490223736e-03 2.414412938272946646e-03 2.528543751598301241e-03 2.433910261455722590e-03 2.229143201883801179e-03
1.160000000000000000e+05 2.521075889078349362e-03 1.950333485351718292e-03 2.752168066322469367e-03 2.260877034692731005e-03 2.454912193123368058e-03 2.632376072978684801e-03 2.608901145426512688e-03
1.161000000000000000e+05 2.175890205777514155e-03 2.089533808535188209e-03 2.759582325446448010e-03 2.428533316927038947e-03 2.311419406270136343e-03 2.559571136958184012e-03 3.092153500859107923e-03
1.162000000000000000e+05 2.070034821973481143e-03 2.153052940773682398e-03 2.623906698623905756e-03 2.540660044951576022e-03 2.227083542613933747e-03 2.460857963347766030e-03 3.049432402633128151e-03
1.163000000000000000e+05 2.179501986333400292e-03 2.461642700604922164e-03 2.519968113824338010e-03 2.514846572718605882e-03 2.336149748077396941e-03 2.501817265046286931e-03 2.669836659718300472e-03
1.164000000000000000e+05 2.525426481731053371e-03 2.545566443526892271e-03 2.522384524654489469e-03 3.840418143908225571e-03 2.582798595366191108e-03 2.571032996939836678e-03 2.462665648488020827e-03
1.165000000000000000e+05 2.715960231319827344e-03 2.423719468411400339e-03 2.702261364210772725e-03 5.160534840860622058e-03 2.583841546305017198e-03 2.610470437941609344e-03 2.372058157223310565e-03
1.166000000000000000e+05 2.938360982762930600e-03 2.546334043005964165e-03 2.819286714000229441e-03 2.596177763423651412e-03 2.676437989136151718e-03 2.748849307030782133e-03 2.343101710908953878e-03
1.167000000000000000e+05 2.623297855990626599e-03 2.682898592227822739e-03 2.750771597913404930e-03 2.622819509163830214e-03 2.822671321236314146e-03 2.835628116908159562e-03 2.603330907162519203e-03
1.168000000000000000e+05 2.648612611655140441e-03 2.566799637591426087e-03 2.845790579754884676e-03 2.781849460423000374e-03 2.889060156382519933e-03 3.060078406177748483e-03 2.999921468599718935e-03
1.169000000000000000e+05 2.809379563541560074e-03 2.533554941877081464e-03 2.855949747125417944e-03 2.946961362943671756e-03 2.976633044953980872e-03 3.686348331939187824e-03 3.476024427204630479e-03
1.170000000000000000e+05 2.921623469736806672e-03 2.887545895295042572e-03 3.069739629563589776e-03 3.003640061438121213e-03 3.135523184541156964e-03 3.744298880835292363e-03 3.369999841582859649e-03
1.171000000000000000e+05 3.309130619589576230e-03 2.747559888207273468e-03 2.861781945232777773e-03 3.058109811372787361e-03 3.281920459113873458e-03 3.427867475831749677e-03 2.977198438092279811e-03
1.172000000000000000e+05 3.470220374593422676e-03 2.898203519888373041e-03 2.896057303626048841e-03 3.145331815694628504e-03 3.230313056785230879e-03 4.171889796036163875e-03 2.985936421047500917e-03
1.173000000000000000e+05 3.750750169435694819e-03 3.232777847329751115e-03 3.234670170976381744e-03 3.358662073569199016e-03 3.494905148257500000e-03 4.626692282765261684e-03 3.103675002313658997e-03
1.174000000000000000e+05 3.862678269963506009e-03 3.526655085312573479e-03 3.833691626254164160e-03 3.922918225566978355e-03 4.073347648949932585e-03 4.019390877990225083e-03 3.324441039758324699e-03
1.175000000000000000e+05 3.203447004526455057e-03 3.071867256589832975e-03 4.229447816738865669e-03 3.784917759141108104e-03 3.901437455380453185e-03 5.181733118435179197e-03 4.457543070278754613e-03
1.176000000000000000e+05 4.589720278171278804e-03 3.016851071121985986e-03 3.828156316459845401e-03 4.153458474306113979e-03 4.737282117631209238e-03 5.259803319013768054e-03 4.207360876545251580e-03
1.177000000000000000e+05 3.046857677408956657e-03 2.059566659838111321e-03 2.950841050976781878e-03 3.382541200686979815e-03 4.376902445508533065e-03 3.652935833487369784e-03 3.879866382323813277e-03
1.178000000000000000e+05 2.340781085883534771e-03 2.413334679655541534e-03 2.626228807573235697e-03 2.762104800001206374e-03 3.280452037792107658e-03 2.619088454642478931e-03 5.085286413792121721e-03
1.179000000000000000e+05 2.518236243365610735e-03 2.527183474739301810e-03 2.723766771839643275e-03 2.432021806655837969e-03 2.542817981379047205e-03 2.927319178125270885e-03 5.408835077143834581e-03
1.180000000000000000e+05 3.282430234793483944e-03 2.931917972360897559e-03 3.007065591656974454e-03 2.930852468140046543e-03 3.132481113476977708e-03 2.704622502121552512e-03 3.561926366972532638e-03
1.181000000000000000e+05 2.443446058441850911e-03 2.353084706690120563e-03 2.498811090877755495e-03 2.340585917734802710e-03 2.594236271422386934e-03 2.229633142633203821e-03 2.316408990115273892e-03
1.182000000000000000e+05 2.501665139252387971e-03 2.135455941234151896e-03 2.164269169442014588e-03 2.240870667505615726e-03 2.183914265251598371e-03 2.146168459824656597e-03 2.496741541455757205e-03
1.183000000000000000e+05 2.946320443042679468e-03 1.898571410493017121e-03 2.003642356238522545e-03 2.127674349520315440e-03 2.126722764794013870e-03 1.958061537042137413e-03 2.336530294225868786e-03
1.184000000000000000e+05 2.033113335261451000e-03 1.924816305916881654e-03 2.076768864175772278e-03 2.104803524175415455e-03 2.078693150259324027e-03 1.640519445719763620e-03 1.837905320434604119e-03
1.185000000000000000e+05 1.912205686861256177e-03 2.077304358704787964e-03 2.074897710416660854e-03 1.846197847450924915e-03 1.893040107516779681e-03 1.664757840168721052e-03 1.551194647223076012e-03
1.186000000000000000e+05 1.985413601268149961e-03 2.170883115696377579e-03 1.959865477873582590e-03 1.885204372173644250e-03 1.852165106149461418e-03 1.833581741090494670e-03 1.620603545984160851e-03
1.187000000000000000e+05 2.045331800699829849e-03 2.190560313391969743e-03 1.853342207486046583e-03 2.040942592122607473e-03 1.828575699868585864e-03 1.962387313878090518e-03 1.852727112660163726e-03
1.188000000000000000e+05 1.928361958212804423e-03 2.008527323812784281e-03 1.836386672187449547e-03 2.050250756145210670e-03 1.940560894474484960e-03 1.963208169033885120e-03 1.845247954444611833e-03
1.189000000000000000e+05 1.803788825944120568e-03 1.944665424328231125e-03 2.239964493420352858e-03 1.894218396971690793e-03 1.899797302834729893e-03 1.815584686103517611e-03 1.653386430557168656e-03
1.190000000000000000e+05 1.922986322376595480e-03 1.774272852413767742e-03 1.945408473598781969e-03 1.757352847969298080e-03 1.836532327544970625e-03 1.998595804788793912e-03 2.085412023604699822e-03
1.191000000000000000e+05 1.851529528403165602e-03 1.890938058218942248e-03 1.981656255509543253e-03 1.873508785127194019e-03 2.089291173446083515e-03 2.072423451769863159e-03 2.257960729545953425e-03
1.192000000000000000e+05 1.794312565034354538e-03 2.024909005453844058e-03 2.187143845797053822e-03 1.973515543729833198e-03 2.094911272409431899e-03 1.752115699050880169e-03 2.215148234716186274e-03
1.193000000000000000e+05 1.842893906105687839e-03 1.851521902899167828e-03 1.925704944563969880e-03 1.886269347395576378e-03 1.811333491385699315e-03 1.646335893074623658e-03 2.272744385359455870e-03
1.194000000000000000e+05 1.830957700036919735e-03 1.793436649275197657e-03 2.376314766529571184e-03 1.830644756186141893e-03 1.778124653150082481e-03 1.599920258872718085e-03 1.935437229181760730e-03
1.195000000000000000e+05 1.676682115799440652e-03 1.655450275723996303e-03 1.654516735260023628e-03 1.674459659285726159e-03 1.693141977680219339e-03 1.680796737401522899e-03 1.820587970250378768e-03
1.196000000000000000e+05 1.681442283861693705e-03 1.568371197550365434e-03 1.718362356124494665e-03 1.687081652786650687e-03 1.714681896516502980e-03 1.933219571044977707e-03 1.696693219646500193e-03
1.197000000000000000e+05 1.715717878631474284e-03 1.648399677115927392e-03 1.803712139395706633e-03 1.639246819524350961e-03 1.791429980926552857e-03 2.745032633926841256e-03 1.636586581872598051e-03
1.198000000000000000e+05 2.098962726950089324e-03 1.838067965347114615e-03 2.196402956942132383e-03 2.289969939959603847e-03 2.582589822200383016e-03 2.917412764852853231e-03 1.733617468801874938e-03
1.199000000000000000e+05 2.286466838035704219e-03 2.290687113828215535e-03 2.719454591215223968e-03 2.723859965723079979e-03 3.146558379005778838e-03 2.550672190936374706e-03 1.711546422516684171e-03
