9.000000000000000000e+04 1.111891465086205493e-03 1.627414650541475060e-03 1.656172553424549053e-03
9.010000000000000000e+04 1.621291403310826757e-03 1.850988860243410602e-03 2.224012560455097300e-03
9.020000000000000000e+04 1.465380344532982507e-03 2.051830810191739365e-03 1.650530476521239664e-03
9.030000000000000000e+04 1.137104789033593780e-03 1.518848349465384958e-03 1.601349319858803031e-03
9.040000000000000000e+04 1.578273055675101727e-03 1.956609118347080178e-03 2.459439327323268212e-03
9.050000000000000000e+04 1.906515334645331097e-03 2.420721839325138715e-03 2.568732244472534017e-03
9.060000000000000000e+04 1.560294307784544643e-03 2.259072679123233333e-03 2.023269218601424571e-03
9.070000000000000000e+04 1.064418073024701655e-03 1.468842003500744550e-03 1.356047277151573591e-03
9.080000000000000000e+04 9.792709924265369670e-04 1.347623732851570928e-03 1.237487846341471954e-03
9.090000000000000000e+04 1.012002833372833976e-03 1.386237635730294595e-03 1.345840897745347736e-03
9.100000000000000000e+04 1.124642405962517425e-03 1.421688563583863116e-03 1.391774560045501430e-03
9.110000000000000000e+04 1.191833087262233245e-03 1.495958562586781337e-03 1.480699959357720903e-03
9.120000000000000000e+04 1.225705553871343431e-03 1.539341091841487383e-03 1.517519909075194405e-03
9.130000000000000000e+04 1.270178560372164315e-03 1.608213340317732158e-03 1.669049794198552115e-03
9.140000000000000000e+04 1.370152404662462091e-03 1.703071208686999334e-03 1.776739946289303262e-03
9.150000000000000000e+04 1.366515111963837511e-03 1.866245925639264773e-03 1.745945545328818176e-03
9.160000000000000000e+04 1.444098853673007063e-03 1.720644196677641744e-03 1.839948857005895824e-03
9.170000000000000000e+04 1.482289829164344522e-03 1.817071859242467289e-03 1.855761941761225036e-03
9.180000000000000000e+04 1.492103106871950358e-03 1.884368373289881842e-03 2.066712770359733532e-03
9.190000000000000000e+04 1.670456537297021612e-03 2.099639460639121397e-03 2.329386613768702225e-03
9.200000000000000000e+04 2.239385376882170858e-03 2.700434039926546265e-03 3.201083492330800660e-03
9.210000000000000000e+04 2.618894602891274313e-03 3.547658937325551352e-03 3.716895624277177703e-03
9.220000000000000000e+04 2.920859991321963795e-03 4.019256610072556406e-03 3.925290902812889234e-03
9.230000000000000000e+04 3.036887965790277012e-03 3.869513042646112108e-03 4.197229233419214750e-03
9.240000000000000000e+04 3.008882715081997138e-03 3.907291745332675155e-03 4.034491312715115380e-03
9.250000000000000000e+04 3.001765033015297950e-03 3.769844445447597704e-03 3.883709411906694463e-03
9.260000000000000000e+04 2.942071581531991928e-03 3.937348842896177571e-03 4.119423755149625652e-03
9.270000000000000000e+04 2.929135546485021543e-03 3.738227704118466874e-03 3.862081416801136421e-03
9.280000000000000000e+04 3.046071341612886438e-03 3.764404980287771804e-03 3.939828740882798941e-03
9.290000000000000000e+04 2.902821507768080060e-03 3.874575920843633444e-03 3.817598628094131565e-03
9.300000000000000000e+04 2.897966715904806007e-03 3.929743310308190900e-03 3.933776195995808064e-03
9.310000000000000000e+04 2.871927019473531108e-03 3.756720003508935181e-03 3.842519778047808442e-03
9.320000000000000000e+04 2.823253419134613262e-03 3.529032127226875391e-03 3.668556213331781828e-03
9.330000000000000000e+04 2.905222969201369607e-03 3.601288015896580291e-03 3.577854853365328158e-03
9.340000000000000000e+04 2.860771569765710540e-03 3.422060478666333772e-03 3.703961453565307246e-03
9.350000000000000000e+04 2.802446711321067256e-03 3.478702022288849768e-03 3.532049914509278847e-03
9.360000000000000000e+04 2.709227124979369985e-03 3.522191948984917161e-03 3.626390225966111009e-03
9.370000000000000000e+04 2.953080109316249917e-03 3.724472682851434190e-03 3.730957490350258251e-03
9.380000000000000000e+04 2.978054916731704815e-03 3.795644153097949176e-03 3.850012463436398944e-03
9.390000000000000000e+04 2.829271777789829460e-03 3.773902257054956733e-03 3.834963869352274891e-03
9.400000000000000000e+04 2.933258290598850324e-03 3.401012225806501667e-03 3.644076945890614098e-03
9.410000000000000000e+04 2.913392214084724232e-03 3.783769352095485341e-03 3.815259728601071067e-03
9.420000000000000000e+04 3.004863310667602733e-03 3.735708433180417228e-03 3.736844631707514006e-03
9.430000000000000000e+04 2.923484755775289639e-03 3.707119169167540258e-03 3.587079371650588738e-03
9.440000000000000000e+04 2.823135308202009107e-03 3.557559363369443544e-03 3.619278672528524702e-03
9.450000000000000000e+04 2.597419139991973859e-03 3.382094453095291740e-03 3.470631129828184724e-03
9.460000000000000000e+04 2.546827051955159130e-03 3.334855620875821960e-03 3.372529063537388436e-03
9.470000000000000000e+04 2.656906965566517044e-03 3.246731498859493307e-03 3.234445160432612362e-03
9.480000000000000000e+04 2.623764061808344251e-03 3.219881878060189620e-03 3.345054454752068550e-03
9.490000000000000000e+04 2.761444383386963720e-03 3.117336087232029391e-03 3.393477141947476121e-03
9.500000000000000000e+04 2.700994838142242206e-03 3.267047546692668052e-03 3.362113796757595571e-03
9.510000000000000000e+04 2.693708005234947411e-03 3.251511251163739444e-03 3.383901022885185423e-03
9.520000000000000000e+04 2.589721551430788308e-03 3.186477165066543826e-03 3.415055915322963431e-03
9.530000000000000000e+04 2.706294813879091005e-03 3.608441171591852265e-03 3.521578950513825235e-03
9.540000000000000000e+04 2.974379951212420548e-03 3.836141756052976245e-03 3.891916765657226461e-03
9.550000000000000000e+04 3.028687381738098122e-03 3.839908992205106220e-03 3.894560428334185431e-03
9.560000000000000000e+04 2.900115428373138161e-03 3.761013431451837915e-03 3.628265086670576407e-03
9.570000000000000000e+04 2.975173705866441913e-03 3.595747796520285759e-03 3.584353023758439418e-03
9.580000000000000000e+04 3.279608876939667413e-03 3.744844469669947676e-03 3.704062174179774489e-03
9.590000000000000000e+04 3.038104800872954998e-03 3.702783887706256882e-03 3.857398671444062840e-03
9.600000000000000000e+04 2.833862319908007563e-03 3.740857782036976185e-03 3.655621707039221832e-03
9.610000000000000000e+04 3.018256045592036200e-03 3.916018669714708446e-03 3.681350756013617061e-03
9.620000000000000000e+04 2.811472807897234111e-03 3.455860189112525387e-03 3.597620122711816561e-03
9.630000000000000000e+04 2.735909222803863811e-03 3.359430623239082793e-03 3.602347218182855564e-03
9.640000000000000000e+04 3.069913477601118011e-03 3.758440604588889414e-03 3.839020867669446554e-03
9.650000000000000000e+04 3.140722298757017261e-03 3.867427358602713600e-03 4.114552321881869736e-03
9.660000000000000000e+04 3.306733990113178579e-03 4.244084340792148372e-03 4.234946140756398573e-03
9.670000000000000000e+04 3.182812523661711791e-03 4.045545900155502438e-03 4.010199736741558267e-03
9.680000000000000000e+04 3.111175606053246095e-03 3.763614248911144929e-03 3.876361285504206257e-03
9.690000000000000000e+04 2.912296350780172252e-03 3.585819465132667264e-03 3.556344997946382560e-03
9.700000000000000000e+04 2.814728390146634032e-03 3.456611415663797711e-03 3.515838447009981410e-03
9.710000000000000000e+04 2.906378778373133135e-03 3.472297638226857705e-03 3.522042540741667123e-03
9.720000000000000000e+04 2.938988905220060819e-03 3.805635376113522192e-03 3.750321749945370597e-03
9.730000000000000000e+04 3.035965849819947330e-03 3.705849942701035932e-03 3.602759999912548243e-03
9.740000000000000000e+04 3.009858427795131589e-03 3.622307597639556724e-03 3.673565101690140847e-03
9.750000000000000000e+04 2.990055535765478133e-03 3.722184537315099875e-03 3.623083041824749859e-03
9.760000000000000000e+04 2.929825656660111754e-03 3.761071911722044595e-03 3.954770673645177648e-03
9.770000000000000000e+04 2.978441118788781403e-03 3.841964082417011379e-03 3.643935413410911029e-03
9.780000000000000000e+04 3.092729371128808465e-03 3.543234478310870218e-03 3.717816247820020670e-03
9.790000000000000000e+04 3.009511232559711376e-03 3.821033184918930150e-03 3.756753042871814868e-03
9.800000000000000000e+04 3.092027556796326723e-03 3.674035892614394266e-03 3.781692855840988483e-03
9.810000000000000000e+04 3.127613281340204613e-03 3.815230374493924336e-03 3.840754197171780682e-03
9.820000000000000000e+04 3.315748612232766093e-03 4.105944041123853715e-03 3.957474456965682195e-03
9.830000000000000000e+04 3.131704538836511779e-03 3.883830066454575791e-03 3.628657561456153247e-03
9.840000000000000000e+04 3.226461050567903076e-03 3.818444912705068906e-03 3.747593355683798838e-03
9.850000000000000000e+04 3.097580479190949893e-03 3.857005146577434374e-03 3.992544838176852358e-03
9.860000000000000000e+04 3.115900287138987073e-03 3.880681917755696066e-03 3.834672606867568691e-03
9.870000000000000000e+04 3.404397318199730432e-03 4.155669376961618894e-03 4.033557367711792553e-03
9.880000000000000000e+04 3.311536501597084087e-03 4.075284809567107126e-03 4.006512119441136069e-03
9.890000000000000000e+04 3.515407890542306037e-03 4.291984399866012254e-03 4.286826672806384048e-03
9.900000000000000000e+04 3.764529436110514854e-03 4.260743846800257514e-03 4.292214377405592814e-03
9.910000000000000000e+04 3.777050155077556377e-03 4.554551188121073839e-03 4.619872854055072885e-03
9.920000000000000000e+04 3.763571754305518498e-03 4.450610898819175147e-03 4.419499748474011412e-03
9.930000000000000000e+04 3.900475619922154878e-03 4.410301110090070892e-03 4.734751666047800830e-03
9.940000000000000000e+04 3.814050522850252062e-03 4.398720491849786654e-03 4.436683184373167201e-03
9.950000000000000000e+04 3.866946948420327962e-03 4.589297605995634743e-03 4.663174686971104099e-03
9.960000000000000000e+04 4.029769762953643725e-03 4.869905784639074961e-03 4.709615112969561118e-03
9.970000000000000000e+04 3.503789076788098658e-03 4.596761708554003220e-03 4.728861545429975492e-03
9.980000000000000000e+04 3.805195937610732475e-03 4.531959270651317664e-03 4.804620160607433500e-03
9.990000000000000000e+04 3.845121068515441106e-03 4.465165399274014131e-03 4.657494708436935721e-03
1.000000000000000000e+05 3.670049986147903235e-03 4.559367740051723829e-03 4.206492958608911044e-03
1.001000000000000000e+05 3.878994050656224199e-03 4.602784669630808657e-03 4.717987370825802232e-03
1.002000000000000000e+05 3.943870319772820564e-03 4.690406228518984380e-03 4.861666740176802393e-03
1.003000000000000000e+05 3.799121636625998367e-03 4.466365939223500975e-03 4.371651697898879148e-03
1.004000000000000000e+05 3.709895806749706048e-03 4.398154240748804178e-03 4.638639696130405013e-03
1.005000000000000000e+05 3.674629505069556927e-03 4.629918985164824946e-03 4.420805702311137939e-03
1.006000000000000000e+05 3.667347048250707738e-03 4.713076731799717249e-03 4.633821884486735362e-03
1.007000000000000000e+05 3.808362224610091409e-03 4.715624981724196585e-03 4.665517870614506804e-03
1.008000000000000000e+05 3.711235093850225562e-03 4.585914269924812499e-03 4.655557059404250020e-03
1.009000000000000000e+05 3.856770786745029617e-03 4.815547362998004802e-03 4.815165728189779032e-03
1.010000000000000000e+05 4.064793824784140863e-03 4.665044291630778689e-03 4.671608541539292413e-03
1.011000000000000000e+05 3.879803287103997939e-03 4.625920871995221201e-03 4.704917200458474773e-03
1.012000000000000000e+05 4.115921268566248917e-03 4.578534403278756298e-03 4.657636838794930803e-03
1.013000000000000000e+05 4.284998075544940895e-03 4.849381306872796969e-03 5.016795941357290838e-03
1.014000000000000000e+05 4.143966025949539188e-03 4.733213407429263941e-03 4.778093461278594065e-03
1.015000000000000000e+05 3.861329217447966901e-03 4.735079614323962037e-03 4.626187798432868786e-03
1.016000000000000000e+05 3.586223639996524454e-03 4.348378873526704061e-03 4.271121624676289114e-03
1.017000000000000000e+05 3.769868806369902712e-03 4.323765084023831543e-03 4.442574175673607087e-03
1.018000000000000000e+05 4.242629542060858371e-03 4.726018182323572271e-03 4.633173064301012410e-03
1.019000000000000000e+05 4.372320320221003212e-03 4.470179580164488839e-03 4.656656347026194576e-03
1.020000000000000000e+05 4.198635639023435770e-03 4.841833370923490087e-03 4.918303818594451510e-03
1.021000000000000000e+05 4.144378893105320379e-03 4.750392633012505243e-03 4.827818754174264919e-03
1.022000000000000000e+05 4.149285432490386338e-03 4.765289556072587959e-03 4.773335318378930069e-03
1.023000000000000000e+05 4.071039105079776732e-03 4.647913835915404648e-03 4.747608026894493960e-03
1.024000000000000000e+05 4.066573778857949031e-03 4.846044712912524026e-03 4.766982655011187987e-03
1.025000000000000000e+05 4.277548480861943087e-03 4.833788879276240680e-03 4.800161359624833222e-03
1.026000000000000000e+05 3.938639783564102347e-03 4.825432488411432116e-03 4.816605487066151145e-03
1.027000000000000000e+05 4.030072047425907814e-03 4.492777566066054155e-03 4.756209343672922543e-03
1.028000000000000000e+05 4.029602828670536888e-03 4.809125532053735302e-03 4.874115491356204900e-03
1.029000000000000000e+05 4.195645698895955449e-03 4.791993210777804532e-03 5.121086357788990663e-03
1.030000000000000000e+05 3.954312634693554415e-03 4.646189702595503700e-03 4.695780715724862282e-03
1.031000000000000000e+05 3.920203083725570456e-03 4.610464876599952230e-03 4.602339811286205312e-03
1.032000000000000000e+05 4.145287423373340829e-03 4.556255667371266263e-03 4.711211754594450164e-03
1.033000000000000000e+05 3.954267552451679914e-03 4.724109742155850437e-03 4.845585318447425890e-03
1.034000000000000000e+05 3.991424154419038681e-03 4.495478321525090207e-03 4.700077036659226423e-03
1.035000000000000000e+05 4.248178147036763865e-03 4.529379088527334812e-03 4.866692207431777203e-03
1.036000000000000000e+05 4.125079251934296587e-03 4.761259932802511773e-03 4.690761194689951549e-03
1.037000000000000000e+05 3.997050868826264661e-03 4.481689075800064648e-03 4.444506032225052465e-03
1.038000000000000000e+05 4.105043202814584631e-03 4.586873275730954554e-03 4.671889677341319567e-03
1.039000000000000000e+05 4.104496538264893607e-03 4.405472003143825165e-03 4.589132125121010014e-03
1.040000000000000000e+05 3.893667848792847167e-03 4.199071420848822338e-03 4.399288841516539941e-03
1.041000000000000000e+05 3.931664866565811808e-03 4.455294904212064866e-03 4.467534445506941669e-03
1.042000000000000000e+05 4.105495356806298721e-03 4.489185830513243818e-03 4.630141919722351174e-03
1.043000000000000000e+05 4.008701447192574568e-03 4.374254417132655837e-03 4.521139081977873682e-03
1.044000000000000000e+05 4.195702428638843975e-03 4.609469256055963478e-03 4.574585624092819026e-03
1.045000000000000000e+05 4.249667670749071244e-03 4.561630061107597826e-03 4.814337240932986366e-03
1.046000000000000000e+05 4.323263664983551663e-03 4.573095216838251459e-03 4.507333456350495239e-03
1.047000000000000000e+05 4.120595660325309523e-03 4.528163783011139414e-03 4.782521690994451409e-03
1.048000000000000000e+05 4.014034957479891037e-03 4.573864208075090546e-03 4.586616333604852033e-03
1.049000000000000000e+05 4.210582471649799985e-03 4.506087998353132569e-03 4.833718405354003704e-03
1.050000000000000000e+05 4.214511805034839784e-03 4.688452866396226534e-03 4.745879234866334437e-03
1.051000000000000000e+05 4.408361616857172510e-03 4.970288515822264899e-03 5.021149371371148168e-03
1.052000000000000000e+05 4.309709482846532831e-03 4.739770419048243942e-03 4.825971804817640563e-03
1.053000000000000000e+05 4.425871479662724095e-03 4.823763087617160931e-03 4.596011661356966260e-03
1.054000000000000000e+05 4.253042225118161372e-03 4.792629223914662492e-03 4.788837782917350523e-03
1.055000000000000000e+05 4.158638715805196458e-03 4.684454530460277488e-03 4.595561379224094578e-03
1.056000000000000000e+05 4.081023425883518151e-03 4.591068378304379374e-03 4.766486946521616627e-03
1.057000000000000000e+05 4.428912684757833895e-03 4.520581942764851507e-03 4.751135230561104143e-03
1.058000000000000000e+05 4.473846166793303200e-03 4.575942496852470134e-03 4.873135249135213988e-03
1.059000000000000000e+05 4.397015093625360714e-03 4.673862500077331956e-03 4.845165197798890350e-03
1.060000000000000000e+05 4.715758430437517676e-03 4.648890061466860388e-03 4.853138605449116086e-03
1.061000000000000000e+05 4.646784971784312900e-03 4.543244323892171865e-03 4.942915012373343651e-03
1.062000000000000000e+05 4.409377308031392842e-03 4.617557142296339207e-03 4.693402631952847855e-03
1.063000000000000000e+05 4.417486963974199925e-03 4.383435666337594239e-03 4.748795979289998151e-03
1.064000000000000000e+05 4.101021586574603826e-03 4.367239193920129277e-03 4.775928882230911186e-03
1.065000000000000000e+05 4.515885177993680423e-03 4.471820439462174598e-03 4.647895044681102546e-03
1.066000000000000000e+05 4.540953892167029840e-03 4.670995674670438275e-03 4.849684327895033981e-03
1.067000000000000000e+05 4.659390411992738769e-03 4.675146643703705605e-03 4.917006730224496996e-03
1.068000000000000000e+05 4.704634214514688204e-03 4.659785338530589467e-03 4.919041095082446989e-03
1.069000000000000000e+05 4.519480425536123031e-03 4.734333920707519197e-03 4.963885956512625527e-03
1.070000000000000000e+05 4.649267539978348823e-03 4.604838914990828751e-03 4.830729550564861682e-03
1.071000000000000000e+05 4.564240716826715831e-03 4.723965200440802953e-03 4.865163773149706189e-03
1.072000000000000000e+05 4.633410485160537745e-03 4.786423365705991251e-03 5.063125531682568549e-03
1.073000000000000000e+05 4.760149911965617583e-03 4.895562592912454380e-03 5.082974569611757587e-03
1.074000000000000000e+05 4.942865071392517178e-03 5.068947889683546315e-03 5.376112708895135900e-03
1.075000000000000000e+05 4.857381480452768741e-03 4.971560356601865092e-03 5.174177933132690331e-03
1.076000000000000000e+05 4.839315513284076116e-03 4.809161585529052492e-03 5.073350294486323256e-03
1.077000000000000000e+05 4.657409162390922265e-03 4.705145049427448233e-03 4.809482823172622420e-03
1.078000000000000000e+05 4.706425572392233629e-03 4.844545268180217197e-03 5.013772789554871677e-03
1.079000000000000000e+05 4.761570768416868889e-03 5.044852100006111742e-03 4.908705608896199273e-03
1.080000000000000000e+05 4.702102846311441604e-03 5.301068790056622480e-03 4.885991613580190247e-03
1.081000000000000000e+05 4.650096701684180642e-03 4.656025881200051564e-03 4.780508319503082131e-03
1.082000000000000000e+05 4.539742286407607089e-03 4.663750847637804058e-03 4.886805901449146373e-03
1.083000000000000000e+05 4.614300950561435986e-03 4.652674178295139809e-03 4.807787716462705134e-03
1.084000000000000000e+05 4.685771310632219633e-03 4.502801027988046628e-03 4.765068984900811856e-03
1.085000000000000000e+05 4.726133934278230718e-03 4.719213001567973062e-03 4.845671904429573948e-03
1.086000000000000000e+05 4.729321084151239668e-03 4.733559750714572134e-03 5.015024112131723916e-03
1.087000000000000000e+05 4.603807422851772385e-03 4.731733657135041814e-03 5.011544103244046713e-03
1.088000000000000000e+05 4.833779953158289129e-03 5.054069238049328089e-03 4.868063576108914645e-03
1.089000000000000000e+05 4.855116484728721170e-03 4.860246726517805475e-03 5.007978392877681512e-03
1.090000000000000000e+05 5.037913775483670968e-03 4.821360164768809069e-03 4.997260878730466760e-03
1.091000000000000000e+05 5.254226143646596216e-03 4.887173305062362388e-03 5.342149098007924722e-03
1.092000000000000000e+05 5.081984530554865126e-03 5.135573040769943025e-03 4.996156403400224544e-03
1.093000000000000000e+05 4.959705467104695217e-03 5.013349528925152218e-03 5.443506383704253999e-03
1.094000000000000000e+05 5.056230128229895551e-03 4.989748846390852817e-03 5.233836137851249903e-03
1.095000000000000000e+05 4.891442146819076180e-03 4.861683650600215519e-03 5.188081792758843583e-03
1.096000000000000000e+05 5.149975029519630876e-03 4.765147253733631287e-03 4.756976714014376703e-03
1.097000000000000000e+05 4.890244054324556326e-03 4.510995188277585645e-03 4.869451874946328397e-03
1.098000000000000000e+05 4.812313002178405380e-03 4.808696391049472642e-03 4.799549801406694655e-03
1.099000000000000000e+05 4.753103339121892736e-03 4.487902404358835688e-03 5.001420028698786747e-03
1.100000000000000000e+05 4.765023026511923041e-03 4.639212485358038679e-03 4.968095114673581024e-03
1.101000000000000000e+05 4.845104816919127214e-03 4.654009840992279039e-03 4.979056944707024347e-03
1.102000000000000000e+05 4.782686233483678974e-03 4.676579449590517745e-03 4.960939300681509352e-03
1.103000000000000000e+05 4.765225249546128222e-03 4.629324097398854372e-03 4.724954172024091112e-03
1.104000000000000000e+05 4.571848725362576311e-03 4.522305001080669309e-03 4.875166700388201650e-03
1.105000000000000000e+05 4.533439498243532588e-03 4.511649337614525267e-03 4.577180059830462770e-03
1.106000000000000000e+05 4.547801196011394369e-03 4.274541944382605728e-03 4.536691181960659895e-03
1.107000000000000000e+05 4.641835112947897100e-03 4.528810668985956342e-03 4.675103950357584193e-03
1.108000000000000000e+05 4.580890676045263829e-03 4.323383262013673865e-03 4.698701402975470273e-03
1.109000000000000000e+05 4.597798610982712503e-03 4.433798199019111166e-03 4.441824712097315608e-03
1.110000000000000000e+05 4.584319791872610780e-03 4.431020446591845893e-03 4.497562914199443665e-03
1.111000000000000000e+05 4.613372650470232497e-03 4.446013206113100941e-03 4.785977033491760867e-03
1.112000000000000000e+05 4.899701300621467186e-03 4.429681630818442170e-03 4.764805948416299917e-03
1.113000000000000000e+05 4.651263675639876610e-03 4.678364434285316870e-03 4.664493381369890120e-03
1.114000000000000000e+05 4.711007919956089300e-03 4.525980950918231938e-03 4.609757021910095183e-03
1.115000000000000000e+05 4.488879540397162221e-03 4.542854139752424726e-03 4.839157563663465042e-03
1.116000000000000000e+05 4.837814163641323759e-03 4.590066748788462075e-03 4.593962062376566631e-03
1.117000000000000000e+05 4.908634346016747634e-03 4.596242492023740710e-03 4.891252607072637398e-03
1.118000000000000000e+05 4.835531900161628947e-03 4.520752319556684343e-03 4.536337372845118156e-03
1.119000000000000000e+05 4.614361485971324797e-03 4.362527262634936960e-03 4.486477454176235682e-03
1.120000000000000000e+05 4.789531750327278257e-03 4.408216449230452708e-03 4.577426891668947770e-03
1.121000000000000000e+05 4.788689895143282901e-03 4.441706889446160947e-03 4.724836881758638814e-03
1.122000000000000000e+05 4.966902284489461104e-03 4.670267834902806260e-03 4.795281392949263602e-03
1.123000000000000000e+05 5.085188476722245915e-03 4.879645123284041125e-03 5.035044510169383106e-03
1.124000000000000000e+05 5.006848787922274675e-03 4.709306833890804407e-03 4.960588979840312336e-03
1.125000000000000000e+05 4.792082412514631420e-03 4.723734481114162664e-03 5.018448085333266501e-03
1.126000000000000000e+05 4.826061486904413902e-03 4.507415105457894013e-03 4.501626196827277458e-03
1.127000000000000000e+05 4.887554985878324841e-03 4.897587326203712600e-03 4.979212428647750328e-03
1.128000000000000000e+05 4.860649619803565115e-03 4.829024718438957101e-03 4.811572292431533920e-03
1.129000000000000000e+05 4.923743630329834725e-03 4.714539602041892263e-03 4.836150199561440287e-03
1.130000000000000000e+05 5.240448538277789510e-03 4.881597484012053199e-03 4.983493372025822772e-03
1.131000000000000000e+05 5.040068413821306194e-03 4.852040238050081555e-03 4.849339536484545410e-03
1.132000000000000000e+05 4.784627498285445521e-03 4.343250782901091935e-03 4.627065385889861382e-03
1.133000000000000000e+05 4.729958230689185888e-03 4.474770361407177932e-03 4.555583900866243784e-03
1.134000000000000000e+05 5.005688659608629326e-03 4.528101385893781861e-03 4.863064998008752304e-03
1.135000000000000000e+05 4.731702633774192805e-03 4.636116497633352949e-03 4.657499858425380966e-03
1.136000000000000000e+05 4.623806746900451480e-03 4.438263984417281649e-03 4.508246701346315700e-03
1.137000000000000000e+05 4.832915164214622063e-03 4.668802712177802516e-03 4.429659700746713981e-03
1.138000000000000000e+05 4.809737832809488599e-03 4.440454386669127201e-03 4.577630418972042890e-03
1.139000000000000000e+05 5.042701934481309302e-03 4.633174964849280653e-03 4.726246538015628496e-03
1.140000000000000000e+05 4.952274661743092180e-03 4.806518834685681758e-03 4.721074331250870067e-03
1.141000000000000000e+05 4.751199918918259414e-03 4.476236545044324534e-03 4.659463850984673326e-03
1.142000000000000000e+05 4.703427496984530394e-03 4.366684717078996893e-03 4.550082735766401362e-03
1.143000000000000000e+05 4.961893197990685685e-03 4.599576375977585188e-03 4.600705102965802623e-03
1.144000000000000000e+05 4.775114438021521406e-03 4.607928617139060191e-03 4.847179008927408363e-03
1.145000000000000000e+05 4.835739943578095355e-03 4.660635250637607668e-03 4.452103320245005651e-03
1.146000000000000000e+05 4.782309885097885821e-03 4.333884810525711305e-03 4.393745421475834384e-03
1.147000000000000000e+05 4.659170757054771975e-03 4.381893297573304091e-03 4.438270979859854082e-03
1.148000000000000000e+05 4.825111659678428186e-03 4.398806345021965755e-03 4.495050289540388627e-03
1.149000000000000000e+05 4.833820411717993856e-03 4.619483869161140378e-03 4.637243424466389215e-03
1.150000000000000000e+05 4.957637827599368358e-03 4.599905012904387247e-03 4.539225488957475234e-03
1.151000000000000000e+05 4.990917327592369127e-03 4.657081904314034661e-03 4.754596664527681836e-03
1.152000000000000000e+05 4.903432312248134570e-03 4.569851030545669067e-03 4.555290687606158677e-03
1.153000000000000000e+05 4.637642720781246300e-03 4.376896850115719051e-03 4.629020139780891038e-03
1.154000000000000000e+05 4.914288798029959986e-03 4.485240474186706974e-03 4.678084663777852883e-03
1.155000000000000000e+05 5.045553168995606068e-03 4.627992995799332793e-03 4.776648459034091646e-03
1.156000000000000000e+05 4.962165888744988346e-03 4.928034597098954021e-03 4.808493275898199741e-03
1.157000000000000000e+05 5.440499842453789571e-03 4.940494730315743779e-03 4.756745609474632812e-03
1.158000000000000000e+05 5.274295809275214575e-03 4.502151678486004602e-03 4.771289212128421338e-03
1.159000000000000000e+05 5.069812808695613876e-03 4.737547125034968429e-03 4.819830844558783793e-03
1.160000000000000000e+05 5.330501144446490869e-03 4.691465406519082851e-03 4.809289218635157299e-03
1.161000000000000000e+05 5.299697403360852446e-03 4.841748231632037221e-03 4.936447134879928464e-03
1.162000000000000000e+05 5.517804360676157628e-03 4.931389558931348685e-03 5.004621612574938587e-03
1.163000000000000000e+05 4.940047660033903762e-03 4.663097480303652481e-03 4.885540195838381818e-03
1.164000000000000000e+05 5.077377393302203411e-03 4.772330096617102314e-03 4.623259243995693664e-03
1.165000000000000000e+05 4.978848312055412888e-03 4.527712350881505851e-03 4.740735370981272873e-03
1.166000000000000000e+05 4.781227786387015274e-03 4.526136928921778088e-03 4.530522581255634271e-03
1.167000000000000000e+05 4.914928838317935735e-03 4.668352971724180900e-03 4.495002952600181574e-03
1.168000000000000000e+05 4.906111959445642184e-03 4.670242190462554378e-03 4.552736695616071624e-03
1.169000000000000000e+05 4.662649266309607660e-03 4.255641623376237026e-03 4.346651476559910444e-03
1.170000000000000000e+05 4.235748370133387598e-03 4.191727365183107838e-03 3.920749022062009620e-03
1.171000000000000000e+05 4.019692673018308675e-03 3.760905908900128054e-03 3.376540343587623987e-03
1.172000000000000000e+05 3.502173700015407537e-03 3.319693867775837595e-03 3.069956758737424438e-03
1.173000000000000000e+05 3.460433921154745102e-03 3.445125222273282516e-03 2.948801502536115612e-03
1.174000000000000000e+05 3.448555559035435415e-03 3.282946805646346205e-03 2.828983631845042625e-03
1.175000000000000000e+05 3.728254036061812680e-03 2.895224735766113461e-03 4.248852126497143500e-03
1.176000000000000000e+05 4.305457665244394674e-03 2.521120959474419145e-03 5.988698699418452606e-03
1.177000000000000000e+05 1.176921394441978689e-03 1.205365691335480308e-03 2.497876233405025778e-03
1.178000000000000000e+05 2.699644434079125684e-03 2.090406156114086884e-03 1.743119413898175287e-03
1.179000000000000000e+05 1.410392679828039245e-03 1.256080060368750494e-03 1.310437725639350924e-03
1.180000000000000000e+05 1.421608592870243336e-03 1.392915214648399527e-03 1.252790015767596150e-03
1.181000000000000000e+05 1.305745752626897953e-03 1.222191406844227654e-03 1.131787240829369668e-03
1.182000000000000000e+05 1.318574517015513392e-03 1.150219062087000973e-03 1.091867265579647521e-03
1.183000000000000000e+05 1.070014251493213615e-03 1.074672109631998182e-03 9.860492745906422347e-04
1.184000000000000000e+05 1.092579816601878554e-03 1.021688278726987000e-03 9.447606487204804381e-04
1.185000000000000000e+05 1.097926682676033478e-03 1.054269925835906027e-03 9.773992515825825639e-04
1.186000000000000000e+05 1.028596012008085175e-03 1.018589783571207134e-03 1.012891157143087960e-03
1.187000000000000000e+05 1.016122009032734575e-03 1.051944149062245806e-03 9.467804872420792963e-04
1.188000000000000000e+05 1.005902449141333425e-03 1.017969735220725308e-03 9.180229185802935357e-04
1.189000000000000000e+05 9.841815285669232912e-04 1.025368789733782735e-03 9.373552527859956539e-04
1.190000000000000000e+05 1.046878924787743781e-03 1.001080806079283946e-03 9.446567007569489855e-04
1.191000000000000000e+05 1.093733005915546209e-03 1.026221246664112650e-03 9.694204281994000085e-04
1.192000000000000000e+05 1.204931525076787619e-03 1.076264059186318560e-03 9.387936512736047567e-04
1.193000000000000000e+05 1.050610398242154747e-03 9.579167959770162411e-04 9.451754841145670405e-04
1.194000000000000000e+05 8.875626150135236666e-04 8.375980681072990423e-04 7.983208785536490340e-04
1.195000000000000000e+05 8.213529027672255775e-04 7.893761083809849042e-04 7.710636902322311800e-04
1.196000000000000000e+05 8.245367570813244519e-04 7.805934841153950145e-04 7.375743802142419904e-04
1.197000000000000000e+05 7.984489891847708744e-04 7.428904395702710895e-04 6.647584545884206112e-04
1.198000000000000000e+05 6.703915628699340379e-04 6.458118473656694267e-04 6.545902981001770629e-04
1.199000000000000000e+05 5.801854899206635970e-04 8.566143174178375737e-04 7.325774308840335208e-04
