9.000000000000000000e+04 1.585534214973449707e-02 1.578075066208839417e-02 1.564037799835205078e-02 1.624368317425251007e-02
9.010000000000000000e+04 1.546345509899158151e-02 1.546215290824570592e-02 1.537198404471078715e-02 1.585462274650731307e-02
9.020000000000000000e+04 1.518233896543580951e-02 1.499614927917717819e-02 1.493336718529460032e-02 1.550410608450572027e-02
9.030000000000000000e+04 1.569236437790099900e-02 1.538688164204360040e-02 1.527767602354295276e-02 1.584805661812416916e-02
9.040000000000000000e+04 1.713945319255187269e-02 1.704579864939059775e-02 1.700153914590671680e-02 1.747020858029522603e-02
9.050000000000000000e+04 1.863525590548910718e-02 1.847076664368308904e-02 1.841689326489964057e-02 1.887587228169046449e-02
9.060000000000000000e+04 1.846839096397160859e-02 1.843382820487022081e-02 1.839574862271546249e-02 1.899085879325867685e-02
9.070000000000000000e+04 1.807115236297248198e-02 1.799629944066206619e-02 1.788381836066640571e-02 1.856086914738021634e-02
9.080000000000000000e+04 1.806042864918711022e-02 1.781818675498164639e-02 1.754298416276778641e-02 1.823933556675908299e-02
9.090000000000000000e+04 1.885276902467007340e-02 1.871823765337468637e-02 1.853199586272237520e-02 1.923788536339998689e-02
9.100000000000000000e+04 1.986779582997160593e-02 1.981017030775542725e-02 1.958424877375362916e-02 2.023225985467437885e-02
9.110000000000000000e+04 2.090515432258447173e-02 2.087018586695191594e-02 2.063825891663632200e-02 2.121767422805232589e-02
9.120000000000000000e+04 2.191053777933123572e-02 2.187642671167852604e-02 2.165939033031467550e-02 2.218663625419136157e-02
9.130000000000000000e+04 2.284332088505230604e-02 2.281109141806766244e-02 2.259566391507790775e-02 2.307231884449719578e-02
9.140000000000000000e+04 2.365771799037849274e-02 2.352795941134293994e-02 2.340219536175330156e-02 2.386053390800954924e-02
9.150000000000000000e+04 2.431626059114930585e-02 2.414967603981496569e-02 2.407998479902742975e-02 2.453741766512394784e-02
9.160000000000000000e+04 2.486797099312145973e-02 2.470221114655337183e-02 2.464850155015786692e-02 2.509456592301525027e-02
9.170000000000000000e+04 2.534005284930269594e-02 2.518928684294223161e-02 2.514040547112625368e-02 2.555744831760723562e-02
9.180000000000000000e+04 2.574729658663273829e-02 2.558754123747350104e-02 2.553959142416718092e-02 2.593648470938206274e-02
9.190000000000000000e+04 2.604176066815851523e-02 2.579921570916970247e-02 2.573742531860868238e-02 2.618780092646678243e-02
9.200000000000000000e+04 2.608749084174633026e-02 2.593755796551704476e-02 2.583724098900953489e-02 2.630156365533668772e-02
9.210000000000000000e+04 2.619070205837487758e-02 2.608778879046440291e-02 2.595472237095236556e-02 2.642716623842715842e-02
9.220000000000000000e+04 2.642364899317423826e-02 2.634074091911314461e-02 2.630000972499450806e-02 2.670808340112368340e-02
9.230000000000000000e+04 2.677887631580233574e-02 2.663087546825408658e-02 2.655199411014717154e-02 2.697096188863119109e-02
9.240000000000000000e+04 2.680476754903793335e-02 2.670769989490508894e-02 2.662720046937465390e-02 2.711079940199851226e-02
9.250000000000000000e+04 2.666481972361604488e-02 2.661813174684843353e-02 2.649867938210567417e-02 2.694939014812310768e-02
9.260000000000000000e+04 2.651483515898386822e-02 2.643349414070447420e-02 2.631461920837561280e-02 2.672611037890116822e-02
9.270000000000000000e+04 2.643824731931090216e-02 2.635700792074202950e-02 2.624804124236106845e-02 2.660386819392442787e-02
9.280000000000000000e+04 2.644690399368604047e-02 2.643042777975400381e-02 2.629943509896597031e-02 2.665276847779751712e-02
9.290000000000000000e+04 2.659897785633803108e-02 2.659844696521759116e-02 2.646066028003892651e-02 2.689220506697892130e-02
9.300000000000000000e+04 2.682166360318660736e-02 2.683811150491238404e-02 2.670186478644608757e-02 2.712702378630637429e-02
9.310000000000000000e+04 2.710144973049559772e-02 2.712695253392059802e-02 2.698634953548510393e-02 2.740437239408493111e-02
9.320000000000000000e+04 2.742793224751948616e-02 2.744892043371995743e-02 2.733126617968082914e-02 2.774324854214987174e-02
9.330000000000000000e+04 2.778883371502161373e-02 2.781304895877837607e-02 2.771984476596118727e-02 2.815514452755448968e-02
9.340000000000000000e+04 2.816386061410110567e-02 2.815024817983308517e-02 2.811182039479417222e-02 2.844899401068686287e-02
9.350000000000000000e+04 2.840501116588711739e-02 2.839174158871174067e-02 2.829401983569065568e-02 2.863859751572211607e-02
9.360000000000000000e+04 2.851481586694716922e-02 2.843212880194186803e-02 2.842378184199332788e-02 2.874772608280182218e-02
9.370000000000000000e+04 2.859373123695452615e-02 2.854231687883535679e-02 2.852998757734894961e-02 2.886235429594914692e-02
9.380000000000000000e+04 2.876706638683875286e-02 2.870950723687808182e-02 2.863612058262031065e-02 2.904269911348819622e-02
9.390000000000000000e+04 2.903100494295359282e-02 2.893288746476175080e-02 2.889571063220502598e-02 2.925636362284421421e-02
9.400000000000000000e+04 2.930222203334172451e-02 2.922295431296030241e-02 2.916318041582902434e-02 2.949692954619725915e-02
9.410000000000000000e+04 2.951913240055242110e-02 2.950763367116452165e-02 2.942239211251337569e-02 2.977105165521305025e-02
9.420000000000000000e+04 2.965937256813048692e-02 2.975101284682751118e-02 2.966261796653270680e-02 2.995352804660796758e-02
9.430000000000000000e+04 2.992686548580725595e-02 3.001385480165481151e-02 2.989522188901901772e-02 3.020647617677846286e-02
9.440000000000000000e+04 3.035009900728861953e-02 3.037600547075273646e-02 3.035071112215521547e-02 3.057790617148081411e-02
9.450000000000000000e+04 3.085825219750406093e-02 3.096747547388075186e-02 3.085626158863307572e-02 3.111118674278260873e-02
9.460000000000000000e+04 3.134259643654030425e-02 3.145012264450390560e-02 3.131298186878362505e-02 3.157278781135879758e-02
9.470000000000000000e+04 3.168123246481020089e-02 3.180068994561831286e-02 3.160517991830905093e-02 3.189090775946776951e-02
9.480000000000000000e+04 3.189581856131552817e-02 3.201126545667647844e-02 3.179033279418945479e-02 3.207003861665725514e-02
9.490000000000000000e+04 3.200918032477299141e-02 3.209033727645874134e-02 3.191083293408155525e-02 3.215264176328976736e-02
9.500000000000000000e+04 3.202639333903789520e-02 3.210457662741342949e-02 3.195306472480296395e-02 3.218218684196472168e-02
9.510000000000000000e+04 3.193232696503400109e-02 3.196575835347174876e-02 3.185576964169740954e-02 3.208084434270858099e-02
9.520000000000000000e+04 3.158405919869741729e-02 3.165569826960563243e-02 3.154092217485110483e-02 3.182649458448093271e-02
9.530000000000000000e+04 3.111205448706946819e-02 3.117987588047978556e-02 3.107825603336095144e-02 3.138943654795487564e-02
9.540000000000000000e+04 3.061680179089308271e-02 3.058451652526855691e-02 3.055160429328678331e-02 3.087771251797674296e-02
9.550000000000000000e+04 3.019868178913990425e-02 3.019159634908040110e-02 3.007565460478263050e-02 3.047724701464175900e-02
9.560000000000000000e+04 2.999986571570236599e-02 2.994711433847745130e-02 2.991599914928277579e-02 3.021269962191582351e-02
9.570000000000000000e+04 2.981017725542188176e-02 2.978334322571755260e-02 2.975160451605916509e-02 3.009329494088888377e-02
9.580000000000000000e+04 2.953639843811593432e-02 2.957528238495190503e-02 2.954413240154584244e-02 2.987192896505196441e-02
9.590000000000000000e+04 2.920177100847165530e-02 2.928841648002466352e-02 2.926968734090526145e-02 2.956492755562067573e-02
9.600000000000000000e+04 2.888959087431430817e-02 2.900092415511608748e-02 2.899017333984373404e-02 2.924863435328007785e-02
9.610000000000000000e+04 2.880345893402894153e-02 2.881132093568642902e-02 2.885367653022209711e-02 2.905253817637762012e-02
9.620000000000000000e+04 2.888733409345150757e-02 2.890300097564855661e-02 2.890645425766705592e-02 2.912817920247713632e-02
9.630000000000000000e+04 2.913923580199481028e-02 2.923314414918421963e-02 2.916208298876881572e-02 2.937770150601865318e-02
9.640000000000000000e+04 2.953560861448445082e-02 2.959430019060771758e-02 2.955024103323619644e-02 2.975231374303501791e-02
9.650000000000000000e+04 3.001445562889178131e-02 2.998400107026101893e-02 2.996041374281050926e-02 3.019185823698837187e-02
9.660000000000000000e+04 3.046076372265816429e-02 3.041815355420111541e-02 3.040631532669068465e-02 3.066592544317245372e-02
9.670000000000000000e+04 3.091399607559047052e-02 3.093685224652292093e-02 3.088572990149257569e-02 3.114414595067502289e-02
9.680000000000000000e+04 3.138478808104993439e-02 3.144121403495470785e-02 3.137705087661742803e-02 3.162383059660595075e-02
9.690000000000000000e+04 3.186067976057527923e-02 3.185993224382400318e-02 3.179783396422863895e-02 3.210340537130830507e-02
9.700000000000000000e+04 3.210283319155374238e-02 3.212625334660212245e-02 3.207239930828412883e-02 3.227304841081300724e-02
9.710000000000000000e+04 3.207311021784941402e-02 3.210791935523350793e-02 3.214902106672524323e-02 3.226389711101849966e-02
9.720000000000000000e+04 3.191115930676459433e-02 3.191851854324340848e-02 3.195457592606545244e-02 3.211071595549583324e-02
9.730000000000000000e+04 3.170442394912242196e-02 3.174240310986837371e-02 3.171398260941108577e-02 3.184911032517753066e-02
9.740000000000000000e+04 3.153537586331368187e-02 3.158675516645114562e-02 3.149783613781134001e-02 3.164068515102069074e-02
9.750000000000000000e+04 3.136493079364300468e-02 3.141788020730018616e-02 3.131055645644664071e-02 3.147502988576889038e-02
9.760000000000000000e+04 3.118784427642822335e-02 3.121470823884011508e-02 3.115055953462917554e-02 3.132409649590650602e-02
9.770000000000000000e+04 3.100145207718014301e-02 3.101322146753470940e-02 3.096387183914582272e-02 3.115968894213436841e-02
9.780000000000000000e+04 3.081490695476531497e-02 3.085617609322071145e-02 3.083181068301201269e-02 3.096891507506370836e-02
9.790000000000000000e+04 3.068996953467527031e-02 3.077659793198108881e-02 3.074819988260666520e-02 3.087460319201151479e-02
9.800000000000000000e+04 3.067509209116299831e-02 3.080993704497814178e-02 3.072263151407242376e-02 3.087991376717885705e-02
9.810000000000000000e+04 3.082547364756464334e-02 3.093474186956882491e-02 3.089382991194725842e-02 3.098837994039059865e-02
9.820000000000000000e+04 3.108521743367115633e-02 3.113272786140441895e-02 3.112923865516980387e-02 3.123069728414216983e-02
9.830000000000000000e+04 3.134533483535052040e-02 3.135792344808577964e-02 3.135507057110467621e-02 3.143531506260235919e-02
9.840000000000000000e+04 3.149087727069854042e-02 3.152047485113144282e-02 3.153322637081146240e-02 3.161176130175590709e-02
9.850000000000000000e+04 3.167245164513586564e-02 3.172527750333149765e-02 3.162678206960360672e-02 3.177219765881698216e-02
9.860000000000000000e+04 3.191293788452942426e-02 3.198049853245416713e-02 3.185270383954049572e-02 3.202303518851597197e-02
9.870000000000000000e+04 3.224255759268998545e-02 3.230884909629822693e-02 3.218490000814200336e-02 3.231633879244326379e-02
9.880000000000000000e+04 3.272513399521510824e-02 3.275451729695007946e-02 3.268178229530648710e-02 3.276668911178906574e-02
9.890000000000000000e+04 3.359082279105985586e-02 3.364686181147893279e-02 3.349753680328527300e-02 3.346635190149151173e-02
9.900000000000000000e+04 3.459818288683891296e-02 3.469670340418809507e-02 3.462023101747037368e-02 3.461036086082465435e-02
9.910000000000000000e+04 3.554657331357396338e-02 3.559647058447197587e-02 3.552750571320457268e-02 3.546949438750744699e-02
9.920000000000000000e+04 3.627597565452256312e-02 3.628406276305515266e-02 3.625479390223823595e-02 3.618962317705153031e-02
9.930000000000000000e+04 3.690979946404696066e-02 3.696040958166124657e-02 3.692875038832423018e-02 3.683554485440254656e-02
9.940000000000000000e+04 3.738758998612564527e-02 3.739442656437555468e-02 3.726370113591352673e-02 3.723050991694134421e-02
9.950000000000000000e+04 3.771597115943828987e-02 3.768487423658370417e-02 3.753464482724666595e-02 3.757013517121474133e-02
9.960000000000000000e+04 3.778024911880495385e-02 3.771357566118239968e-02 3.756441101431845508e-02 3.758773073554040611e-02
9.970000000000000000e+04 3.736285821845135302e-02 3.732704942425094791e-02 3.721381268153584748e-02 3.718637968103091079e-02
9.980000000000000000e+04 3.684263502558072362e-02 3.680406684676806178e-02 3.664577034612498396e-02 3.671501358350116873e-02
9.990000000000000000e+04 3.621892128139733019e-02 3.622897610068323559e-02 3.615127675235272481e-02 3.612861566245551687e-02
1.000000000000000000e+05 3.594927365581194328e-02 3.601771965622900529e-02 3.601158782839775085e-02 3.590438142418862777e-02
1.001000000000000000e+05 3.624120665093259752e-02 3.633521800239881278e-02 3.631585959345103726e-02 3.620489175120988889e-02
1.002000000000000000e+05 3.667942434549329583e-02 3.679203227162363560e-02 3.674732767045500031e-02 3.669850125908852290e-02
1.003000000000000000e+05 3.679592212041218890e-02 3.684057444334030290e-02 3.679845241208871270e-02 3.673922779659430371e-02
1.004000000000000000e+05 3.685902133584022244e-02 3.683169772227605498e-02 3.676341782013575060e-02 3.668402532736460275e-02
1.005000000000000000e+05 3.702342044562102752e-02 3.696827962994576888e-02 3.682766929268836698e-02 3.672466240823267503e-02
1.006000000000000000e+05 3.743371441960340051e-02 3.748091980814931973e-02 3.730081657568614512e-02 3.719067672888438231e-02
1.007000000000000000e+05 3.830847479403016315e-02 3.833707585930825473e-02 3.818804478893681603e-02 3.801972314715389156e-02
1.008000000000000000e+05 3.903242796659467384e-02 3.909595638513563981e-02 3.894588619470597257e-02 3.880285963416100353e-02
1.009000000000000000e+05 3.926855356742938591e-02 3.938253889481228148e-02 3.927713279922805112e-02 3.927142056326073799e-02
1.010000000000000000e+05 3.901584260165690682e-02 3.899250353376070705e-02 3.880268881718318408e-02 3.878832658131917827e-02
1.011000000000000000e+05 3.865996617823837245e-02 3.869685783982278193e-02 3.853965036571025543e-02 3.853101998567580455e-02
1.012000000000000000e+05 3.935901323954262010e-02 3.936500991384186271e-02 3.909196833769484208e-02 3.888484805822372409e-02
1.013000000000000000e+05 3.986138459295032743e-02 3.994573131203650596e-02 3.976260437319676516e-02 3.961883639295896847e-02
1.014000000000000000e+05 3.944485336542132015e-02 3.972628340125097801e-02 3.974225230515013307e-02 3.940063431859017196e-02
1.015000000000000000e+05 3.775727686782676118e-02 3.773846849799160352e-02 3.771169837564234545e-02 3.757865192989506137e-02
1.016000000000000000e+05 3.595256234208735885e-02 3.608237187067662305e-02 3.618190969030061349e-02 3.601749325791990530e-02
1.017000000000000000e+05 3.590190652757882517e-02 3.589572697877884550e-02 3.576027289032938927e-02 3.538010522723204071e-02
1.018000000000000000e+05 3.682447584966810905e-02 3.682158092657723120e-02 3.671480260789401068e-02 3.644375895460444381e-02
1.019000000000000000e+05 3.817801624536511229e-02 3.821682602167133375e-02 3.810106772929425234e-02 3.775030223031838189e-02
1.020000000000000000e+05 3.936291113495826721e-02 3.932774662971493668e-02 3.919279500842091229e-02 3.881926685571673169e-02
1.021000000000000000e+05 3.984798546880485154e-02 3.978915825486183111e-02 3.970641964425643267e-02 3.945587831238905191e-02
1.022000000000000000e+05 3.984305287400880663e-02 3.978072568774223411e-02 3.962963613371053850e-02 3.936035176118215378e-02
1.023000000000000000e+05 3.972724992781877240e-02 3.953938230872153931e-02 3.934056039899586077e-02 3.917609840631485624e-02
1.024000000000000000e+05 3.975850517551102886e-02 3.966009452939033703e-02 3.959517896175383800e-02 3.925801922877630162e-02
1.025000000000000000e+05 4.004502606888611649e-02 3.995983426769572633e-02 3.984070383012294075e-02 3.951588024695714546e-02
1.026000000000000000e+05 3.993544727563858032e-02 3.990799322724344206e-02 3.984463907778263564e-02 3.958601742982863908e-02
1.027000000000000000e+05 3.964195245256027511e-02 3.960223401586215192e-02 3.933698424448568709e-02 3.916109172006449618e-02
1.028000000000000000e+05 3.938382069269816266e-02 3.938606922825179518e-02 3.926819200317064468e-02 3.897978062431017854e-02
1.029000000000000000e+05 3.930314797908072283e-02 3.922174125909805992e-02 3.900707963854074117e-02 3.886200360953807192e-02
1.030000000000000000e+05 3.840812109410764869e-02 3.846060136953988878e-02 3.843008801341061403e-02 3.820906157294913508e-02
1.031000000000000000e+05 3.779964093118905882e-02 3.771578629811603994e-02 3.745812676846982381e-02 3.743718124926093821e-02
1.032000000000000000e+05 3.753438591957092285e-02 3.741632908582687850e-02 3.739186167716979786e-02 3.704973235726356784e-02
1.033000000000000000e+05 3.737924595673876998e-02 3.721399545669555609e-02 3.711508519947527562e-02 3.684904125829537025e-02
1.034000000000000000e+05 3.675089950362844804e-02 3.678084830443065917e-02 3.667930297553535779e-02 3.637251983086265544e-02
1.035000000000000000e+05 3.624690975993873771e-02 3.623326718807222402e-02 3.613826092332596274e-02 3.592711091041565774e-02
1.036000000000000000e+05 3.559309740861257843e-02 3.564020151893298322e-02 3.553413281838099097e-02 3.531418273846310268e-02
1.037000000000000000e+05 3.507517663141091618e-02 3.508487229545914632e-02 3.505734227597713526e-02 3.475905865430831826e-02
1.038000000000000000e+05 3.484745956957338575e-02 3.492819175124168424e-02 3.472293533384799430e-02 3.465422332286834106e-02
1.039000000000000000e+05 3.450103793293235466e-02 3.447113916277883688e-02 3.446097822238999159e-02 3.424693899850051598e-02
1.040000000000000000e+05 3.403515120347341133e-02 3.406854296724001752e-02 3.385724822680157703e-02 3.384715169668198881e-02
1.041000000000000000e+05 3.414937574416397614e-02 3.415021494030951593e-02 3.409750580787657137e-02 3.377385653555392553e-02
1.042000000000000000e+05 3.464867360889911652e-02 3.469099566340447943e-02 3.451986514031887138e-02 3.445563698808354336e-02
1.043000000000000000e+05 3.500665798783303417e-02 3.491891498366991864e-02 3.490147144844134991e-02 3.454809390008450193e-02
1.044000000000000000e+05 3.538348376750943824e-02 3.532642364501951959e-02 3.511259168386460239e-02 3.493459701538087492e-02
1.045000000000000000e+05 3.591951634734865534e-02 3.597815583149592544e-02 3.568101699153587020e-02 3.543275805811086504e-02
1.046000000000000000e+05 3.627850761016209596e-02 3.626381059487659292e-02 3.595225065946579257e-02 3.577915300925572917e-02
1.047000000000000000e+05 3.644912447780370574e-02 3.646396234631538169e-02 3.609170168638228815e-02 3.584206119179726008e-02
1.048000000000000000e+05 3.693572208285332559e-02 3.689805294076600045e-02 3.651722371578217108e-02 3.625728979706764610e-02
1.049000000000000000e+05 3.749994387229286380e-02 3.749206314484275493e-02 3.709614098072054611e-02 3.680326089262960648e-02
1.050000000000000000e+05 3.808734007179737091e-02 3.805352002382278442e-02 3.766220808029174805e-02 3.723085299134254456e-02
1.051000000000000000e+05 3.862544974933065922e-02 3.854122896989183727e-02 3.819482723871864965e-02 3.784530545274418512e-02
1.052000000000000000e+05 3.902936677138010846e-02 3.889670237898825572e-02 3.866732498009999713e-02 3.824951524535814829e-02
1.053000000000000000e+05 3.909720778465271274e-02 3.894994780421257019e-02 3.872501671314239335e-02 3.834215290844442126e-02
1.054000000000000000e+05 3.858970937629538356e-02 3.859539593259490170e-02 3.822583263119059410e-02 3.802893330653509679e-02
1.055000000000000000e+05 3.803012551118930412e-02 3.782325660188994021e-02 3.760130479931828029e-02 3.722281033794083704e-02
1.056000000000000000e+05 3.780689388513561872e-02 3.775278076529502841e-02 3.720446884632114953e-02 3.706948593258857505e-02
1.057000000000000000e+05 3.834862982233363388e-02 3.817808568477630560e-02 3.771634363879759755e-02 3.742286776502922602e-02
1.058000000000000000e+05 3.909401111304759702e-02 3.886560281117755478e-02 3.841163175801436125e-02 3.813909326990444493e-02
1.059000000000000000e+05 3.950913418084383427e-02 3.942024350166321855e-02 3.892692480236292774e-02 3.851247161626816101e-02
1.060000000000000000e+05 3.955049812793731689e-02 3.934001450737317773e-02 3.905518874526021922e-02 3.849064732591310489e-02
1.061000000000000000e+05 3.918900663654015931e-02 3.890550201137862180e-02 3.849676359444859086e-02 3.808794269959129425e-02
1.062000000000000000e+05 3.831343501806262763e-02 3.817182287573816363e-02 3.761956907808783335e-02 3.732072547078136432e-02
1.063000000000000000e+05 3.744957577437163510e-02 3.723712945977850769e-02 3.679262400915225828e-02 3.637770702441533999e-02
1.064000000000000000e+05 3.698763300975163593e-02 3.670294885834059218e-02 3.627404153347015686e-02 3.587062820792197293e-02
1.065000000000000000e+05 3.723049815744165769e-02 3.717162162065501541e-02 3.645957186818123835e-02 3.612517751753331618e-02
1.066000000000000000e+05 3.841479172309248541e-02 3.834365606307972574e-02 3.775447070598612898e-02 3.730719288190197797e-02
1.067000000000000000e+05 3.998561116556322015e-02 3.988679702083267747e-02 3.917793064067766340e-02 3.882523688177264704e-02
1.068000000000000000e+05 4.106233194470403081e-02 4.112192437052730742e-02 4.036885544657706215e-02 3.987208560109139349e-02
1.069000000000000000e+05 4.160796422511339049e-02 4.145796830455461546e-02 4.098373134930928530e-02 4.044489495456219524e-02
1.070000000000000000e+05 4.176654169956842827e-02 4.161259184281031198e-02 4.105762044588725374e-02 4.058275123437246612e-02
1.071000000000000000e+05 4.196058660745619062e-02 4.189193546772003451e-02 4.131154753267764906e-02 4.074411839246749878e-02
1.072000000000000000e+05 4.275984937945995906e-02 4.256855954726531527e-02 4.191651930411651600e-02 4.145551383495330727e-02
1.073000000000000000e+05 4.372377358376975526e-02 4.362635652224222671e-02 4.292177366713681441e-02 4.233298222223916274e-02
1.074000000000000000e+05 4.420510083436966775e-02 4.398041784763336015e-02 4.348822072148323531e-02 4.303692042827611530e-02
1.075000000000000000e+05 4.370476988454657929e-02 4.348988085985189961e-02 4.277772766848401270e-02 4.235298186540607107e-02
1.076000000000000000e+05 4.235157395402585484e-02 4.227917661269505606e-02 4.168258448441816699e-02 4.116977373758953784e-02
1.077000000000000000e+05 4.151259958744051015e-02 4.132362246513361648e-02 4.069465614855286018e-02 4.026232779026030911e-02
1.078000000000000000e+05 4.089949081341428400e-02 4.085363969206809442e-02 4.027657876412073928e-02 3.983332475026445108e-02
1.079000000000000000e+05 4.012879213939114093e-02 4.007361794511483249e-02 3.946682521452506143e-02 3.919763917724285868e-02
1.080000000000000000e+05 3.869163244962692261e-02 3.884905502200140109e-02 3.819346129894252151e-02 3.779192492365832101e-02
1.081000000000000000e+05 3.730225153267379551e-02 3.728000357747084104e-02 3.675484616309401820e-02 3.645156716307004080e-02
1.082000000000000000e+05 3.676074234147865688e-02 3.673807010054587485e-02 3.599611513316634814e-02 3.556665415565173072e-02
1.083000000000000000e+05 3.683819416910411038e-02 3.681771501898765259e-02 3.612989585846661938e-02 3.564374275505542006e-02
1.084000000000000000e+05 3.733476301034288625e-02 3.728367711106934240e-02 3.659492750962575064e-02 3.612848420937853772e-02
1.085000000000000000e+05 3.809535099814334580e-02 3.792549197872480821e-02 3.725581659624975506e-02 3.678379940489927280e-02
1.086000000000000000e+05 3.877372071146965860e-02 3.867307171225543849e-02 3.800300814211372141e-02 3.752602890133859698e-02
1.087000000000000000e+05 3.954656558732189131e-02 3.949520592888194209e-02 3.874106432000801875e-02 3.829550889631117006e-02
1.088000000000000000e+05 4.047363872329385465e-02 4.047264044483499246e-02 3.970580836137139330e-02 3.930928190549214801e-02
1.089000000000000000e+05 4.159831404685966627e-02 4.166100248694409869e-02 4.096204414963720147e-02 4.052310943603512627e-02
1.090000000000000000e+05 4.307748625675833498e-02 4.313715671499567667e-02 4.251689699788889498e-02 4.184646755456925687e-02
1.091000000000000000e+05 4.396222115804752223e-02 4.411050399144493539e-02 4.354757084200783918e-02 4.299079082906251403e-02
1.092000000000000000e+05 4.387479349970815207e-02 4.393034338951110063e-02 4.325960844755173673e-02 4.279534474015236900e-02
1.093000000000000000e+05 4.300228698800005050e-02 4.304580762982373326e-02 4.238417373349274292e-02 4.208582550287250090e-02
1.094000000000000000e+05 4.210560259719695053e-02 4.211091602842020887e-02 4.139619032541912158e-02 4.116364955902099970e-02
1.095000000000000000e+05 4.129404202103617583e-02 4.140069857239727508e-02 4.068419449031352580e-02 4.040984883904454733e-02
1.096000000000000000e+05 4.032468845446905703e-02 4.050902073582014068e-02 3.977778578797972614e-02 3.951516191164646669e-02
1.097000000000000000e+05 3.937583155930041157e-02 3.957269107302030520e-02 3.885676479587946847e-02 3.859968490898606219e-02
1.098000000000000000e+05 3.857931420207020429e-02 3.868324071168903477e-02 3.800495572388166987e-02 3.772622749209405407e-02
1.099000000000000000e+05 3.785467483103269887e-02 3.792406251033147296e-02 3.731077528248231273e-02 3.700614549219607280e-02
1.100000000000000000e+05 3.737882773081461357e-02 3.738133360942207106e-02 3.684173648556073738e-02 3.653057912985485656e-02
1.101000000000000000e+05 3.688377235084773498e-02 3.692668527364732778e-02 3.634547796100376371e-02 3.604625418782237550e-02
1.102000000000000000e+05 3.619403764605521462e-02 3.636271725098294549e-02 3.568374646206694256e-02 3.542300283908846742e-02
1.103000000000000000e+05 3.515176748236016613e-02 3.540549506743757846e-02 3.467097616444037023e-02 3.444255843758582680e-02
1.104000000000000000e+05 3.396199345588690743e-02 3.416946560144429323e-02 3.350817918777469762e-02 3.333676129579540154e-02
1.105000000000000000e+05 3.310299136986339513e-02 3.330209304889042432e-02 3.267197664827108800e-02 3.248064803580438809e-02
1.106000000000000000e+05 3.265511294205983989e-02 3.283499171336491662e-02 3.222166565557321033e-02 3.196626469492911543e-02
1.107000000000000000e+05 3.257807400077581544e-02 3.274061769247054582e-02 3.217360418289900298e-02 3.189923979341983962e-02
1.108000000000000000e+05 3.263836577534675459e-02 3.281453559796015246e-02 3.221714312831561178e-02 3.199241469303767266e-02
1.109000000000000000e+05 3.281154967844487208e-02 3.297205716371535977e-02 3.234820476422707591e-02 3.215888813138007701e-02
1.110000000000000000e+05 3.321053087711334229e-02 3.335466533899305447e-02 3.269254975020884774e-02 3.245588466525074767e-02
1.111000000000000000e+05 3.370890207588670556e-02 3.392070929209391184e-02 3.329517445216576693e-02 3.300109798709550263e-02
1.112000000000000000e+05 3.413702224691708698e-02 3.445773621400193693e-02 3.374270339806876434e-02 3.343641862273216692e-02
1.113000000000000000e+05 3.423888590186834752e-02 3.455779641866683904e-02 3.384707529097795431e-02 3.363560415804386222e-02
1.114000000000000000e+05 3.441184622546036159e-02 3.468654443820318178e-02 3.396160207688807275e-02 3.374533732732137858e-02
1.115000000000000000e+05 3.480732471992570992e-02 3.498172958691916912e-02 3.425303474068640275e-02 3.399808319906393039e-02
1.116000000000000000e+05 3.525663390755653936e-02 3.549392521381378174e-02 3.481129780411720831e-02 3.452495351433753495e-02
1.117000000000000000e+05 3.533503860235213956e-02 3.539417435725530914e-02 3.462960476676622129e-02 3.435423649847505617e-02
1.118000000000000000e+05 3.392255070308845127e-02 3.415055493513752954e-02 3.352313670019297503e-02 3.344527055819825068e-02
1.119000000000000000e+05 3.263669870793816513e-02 3.285313591361047059e-02 3.201290279626842900e-02 3.179722636938103059e-02
1.120000000000000000e+05 3.233976910511652397e-02 3.231677040457728300e-02 3.150175313154857104e-02 3.159473985433578630e-02
1.121000000000000000e+05 3.353177855412146913e-02 3.372414335608476393e-02 3.318637078007061897e-02 3.290598859389625569e-02
1.122000000000000000e+05 3.612369745969760959e-02 3.627566277980803083e-02 3.548135966062552354e-02 3.511282831430446311e-02
1.123000000000000000e+05 3.804334234446284102e-02 3.807424336671826753e-02 3.745312135666609837e-02 3.750735417008418948e-02
1.124000000000000000e+05 3.818248411019642408e-02 3.847619116306311843e-02 3.800518244504925286e-02 3.747125307718912612e-02
1.125000000000000000e+05 3.710384853184218318e-02 3.705895692110061646e-02 3.650535084307199307e-02 3.638276085257530212e-02
1.126000000000000000e+05 3.594262835880124296e-02 3.626538376013442588e-02 3.578801711400349944e-02 3.540016099810600059e-02
1.127000000000000000e+05 3.658746524403490991e-02 3.653850679596262058e-02 3.582116477191449322e-02 3.565891740222768697e-02
1.128000000000000000e+05 3.696183711290358664e-02 3.715228304266929987e-02 3.646094530820848806e-02 3.610460788011549127e-02
1.129000000000000000e+05 3.743531201034783901e-02 3.763198638955754516e-02 3.688560571521523612e-02 3.669852003455160994e-02
1.130000000000000000e+05 3.788890379170576500e-02 3.818389599521954114e-02 3.728518746793271083e-02 3.707001358270645142e-02
1.131000000000000000e+05 3.756723385304215623e-02 3.740747794508942486e-02 3.686050515621903251e-02 3.686963997781268765e-02
1.132000000000000000e+05 3.602503115932157579e-02 3.625569701194773786e-02 3.546657646695772215e-02 3.522153685490294478e-02
1.133000000000000000e+05 3.546248078346252164e-02 3.543198476235070310e-02 3.480264664938050034e-02 3.466688985625902830e-02
1.134000000000000000e+05 3.547597117722034454e-02 3.590932250022889349e-02 3.504896402359007623e-02 3.464660361409187261e-02
1.135000000000000000e+05 3.544730103264251420e-02 3.537102664510411582e-02 3.484914333870017811e-02 3.469444513320919798e-02
1.136000000000000000e+05 3.469282363851862450e-02 3.488253320256870516e-02 3.414177810152371761e-02 3.388571783900264089e-02
1.137000000000000000e+05 3.473846223205327710e-02 3.477155789732932351e-02 3.403699856251478362e-02 3.386520996689795088e-02
1.138000000000000000e+05 3.533781406780078793e-02 3.526822552084915574e-02 3.466483384370806081e-02 3.439478064576784178e-02
1.139000000000000000e+05 3.623779434710738823e-02 3.630551919341085121e-02 3.555637091398244909e-02 3.528900203605495056e-02
1.140000000000000000e+05 3.710106015205383301e-02 3.681707978248593971e-02 3.621486350893972361e-02 3.603712543845181276e-02
1.141000000000000000e+05 3.646724801510570907e-02 3.655523568391805950e-02 3.586763252814611364e-02 3.560791350901126168e-02
1.142000000000000000e+05 3.606252769629159083e-02 3.586935559908548121e-02 3.529202717045942794e-02 3.511186559995015111e-02
1.143000000000000000e+05 3.621227145195009267e-02 3.621698409318924866e-02 3.554695177823306851e-02 3.518329851329327074e-02
1.144000000000000000e+05 3.676911567648252777e-02 3.670534272988636160e-02 3.600849737723667982e-02 3.577492102980616567e-02
1.145000000000000000e+05 3.649267988900344040e-02 3.636058270931244452e-02 3.591270049413054083e-02 3.535952369372050152e-02
1.146000000000000000e+05 3.528567738831041301e-02 3.534879326820372647e-02 3.457644075155263258e-02 3.440318271517758125e-02
1.147000000000000000e+05 3.431402860830230078e-02 3.411352336406708874e-02 3.359917691598336698e-02 3.326328677435715780e-02
1.148000000000000000e+05 3.391455337405202553e-02 3.393142223358154574e-02 3.318449174364408033e-02 3.304846639434495803e-02
1.149000000000000000e+05 3.420464191585777941e-02 3.415252417325972262e-02 3.339557159692050498e-02 3.325566560029985519e-02
1.150000000000000000e+05 3.445418116947014664e-02 3.434493392705917358e-02 3.365095021824043853e-02 3.344251463810602593e-02
1.151000000000000000e+05 3.424051882078250203e-02 3.425235629081725686e-02 3.350937341650326445e-02 3.340520424147447320e-02
1.152000000000000000e+05 3.405540212988853593e-02 3.388252764940259676e-02 3.333600282669067771e-02 3.306323215365409435e-02
1.153000000000000000e+05 3.437996748834852567e-02 3.437302097678184704e-02 3.350551903247835084e-02 3.344786256551740555e-02
1.154000000000000000e+05 3.589041344821444074e-02 3.580997491876272698e-02 3.499453902244573783e-02 3.472554162144647627e-02
1.155000000000000000e+05 3.799541015177957531e-02 3.774921000003800958e-02 3.703205846250071098e-02 3.673953823745246261e-02
1.156000000000000000e+05 3.922814627488453720e-02 3.929190417130782459e-02 3.830539683500931020e-02 3.822141354282697356e-02
1.157000000000000000e+05 3.941435577968754878e-02 3.918607652187347523e-02 3.854749870796991135e-02 3.822714333732921826e-02
1.158000000000000000e+05 3.879676423966885168e-02 3.874324664473534352e-02 3.778286144137381342e-02 3.785334751009940268e-02
1.159000000000000000e+05 3.898309065649908228e-02 3.898955787221585617e-02 3.814232151955367772e-02 3.778995422025514112e-02
1.160000000000000000e+05 4.106327022115389275e-02 4.065439030528070902e-02 3.984749615192428179e-02 3.961920390526452174e-02
1.161000000000000000e+05 4.296977557241913465e-02 4.305181607604013916e-02 4.190381880849605029e-02 4.155305437743668506e-02
1.162000000000000000e+05 4.364821190635362336e-02 4.323354338606199415e-02 4.293201300005115156e-02 4.214092428485552433e-02
1.163000000000000000e+05 4.229689507434759160e-02 4.196368689338372815e-02 4.120314725985130266e-02 4.113049040238073856e-02
1.164000000000000000e+05 4.016647189855587774e-02 3.989332005381596852e-02 3.926373124122614633e-02 3.910390973091130290e-02
1.165000000000000000e+05 3.839688096195469080e-02 3.810303633411728924e-02 3.744295357416065756e-02 3.744600825011728390e-02
1.166000000000000000e+05 3.689708299934868485e-02 3.663202424844101690e-02 3.598255174855381072e-02 3.595137611031526403e-02
1.167000000000000000e+05 3.551413863897324996e-02 3.523371845483778270e-02 3.470228608697639022e-02 3.452954888343803125e-02
1.168000000000000000e+05 3.392369175950683130e-02 3.372839103142429712e-02 3.313621391852688419e-02 3.303860053420069887e-02
1.169000000000000000e+05 3.196455736954997850e-02 3.193826720118545653e-02 3.129584939529495013e-02 3.116481176267068415e-02
1.170000000000000000e+05 2.992452494800090790e-02 2.982052266597760154e-02 2.923341579735270340e-02 2.917140014469617529e-02
1.171000000000000000e+05 2.790207397192725688e-02 2.778354145586492061e-02 2.720755955825234981e-02 2.714578108241152976e-02
1.172000000000000000e+05 2.596796900033954483e-02 2.583251160879931202e-02 2.529971890151499342e-02 2.518933619062112966e-02
1.173000000000000000e+05 2.414908688515423479e-02 2.376827634871022180e-02 2.314194360747938092e-02 2.312964592128995828e-02
1.174000000000000000e+05 2.065016434838397308e-02 2.070053778588772445e-02 2.012279005721206646e-02 1.971695887545737644e-02
1.175000000000000000e+05 1.561384143618260549e-02 1.512291468679933908e-02 1.472667721100131936e-02 1.494697046776585075e-02
1.176000000000000000e+05 1.027094144374112936e-02 1.020638873800654503e-02 9.653389342128908604e-03 9.274586513638034477e-03
1.177000000000000000e+05 6.958564867576059153e-03 7.078522909432664878e-03 6.745988172478847682e-03 6.757548733924790239e-03
1.178000000000000000e+05 6.989439483731984225e-03 6.532608438283253952e-03 6.176651247466745896e-03 6.444819724808138924e-03
1.179000000000000000e+05 8.307126117870251500e-03 8.326032124459668837e-03 7.770970095880338699e-03 7.719835033640281945e-03
1.180000000000000000e+05 9.874694670240083752e-03 9.918385992447549537e-03 9.523223340511373369e-03 9.590790762255461954e-03
1.181000000000000000e+05 1.085783081750077254e-02 1.076689818253119546e-02 1.023244732369980002e-02 1.022275729104874312e-02
1.182000000000000000e+05 1.054721772670747133e-02 1.061858434230091193e-02 1.019301243126390435e-02 1.017878282815218478e-02
1.183000000000000000e+05 1.023964091824989056e-02 1.020432227601612146e-02 9.801498937110112233e-03 9.796876826634005539e-03
1.184000000000000000e+05 9.945071923236049882e-03 9.940103590488452018e-03 9.612945814927420160e-03 9.582273239890722397e-03
1.185000000000000000e+05 9.634275455027804802e-03 9.622096642851841325e-03 9.219828527420748793e-03 9.232422430068259328e-03
1.186000000000000000e+05 9.283283073455090781e-03 9.294491323331991600e-03 8.908290279408292642e-03 8.961963790158436818e-03
1.187000000000000000e+05 9.216011827811600166e-03 9.220891756316030793e-03 8.824589742968470471e-03 8.787254591782887869e-03
1.188000000000000000e+05 9.064086154103284665e-03 9.077691547572616301e-03 8.711528107523906078e-03 8.708806298673149940e-03
1.189000000000000000e+05 8.963149599730968128e-03 8.958118135730422718e-03 8.589049062381183194e-03 8.561826994021737997e-03
1.190000000000000000e+05 9.002515270064273892e-03 9.004478156566632710e-03 8.662970146785183706e-03 8.651804489394019151e-03
1.191000000000000000e+05 9.264269145205594400e-03 9.317238442599773060e-03 8.911139918491246814e-03 8.861463908106088569e-03
1.192000000000000000e+05 9.234252137442432520e-03 9.303024845818679001e-03 8.959944571057958801e-03 9.002667888998989662e-03
1.193000000000000000e+05 8.767424213389583137e-03 8.749057414631094404e-03 8.451297817130882031e-03 8.463251907378401342e-03
1.194000000000000000e+05 8.008420560508979977e-03 7.943362463265667833e-03 7.668181033805031299e-03 7.661220245063282870e-03
1.195000000000000000e+05 7.157179759815328335e-03 7.108373536417871355e-03 6.818596180528398339e-03 6.818755483254802623e-03
1.196000000000000000e+05 6.573112495243526622e-03 6.573594429840666845e-03 6.234373543411472589e-03 6.187757626175871897e-03
1.197000000000000000e+05 5.891319597139975384e-03 5.923821460455659833e-03 5.609554797410925588e-03 5.658107632771166955e-03
1.198000000000000000e+05 5.385547534873106820e-03 5.372731344153493412e-03 5.061534276852960174e-03 5.131167943278983415e-03
1.199000000000000000e+05 5.460296547971634114e-03 5.402264265964366353e-03 5.048595095674285674e-03 5.095038361226486741e-03
