9.000000000000000000e+04 1.391857396811246872e-03 1.387174590490758419e-03 1.398679101839661598e-03 1.398564781993627548e-03 1.413945923559367657e-03
9.010000000000000000e+04 1.479515391401946918e-03 1.440174056527514235e-03 1.462042676284908485e-03 1.443602388026191900e-03 1.465298020048066800e-03
9.020000000000000000e+04 1.338513040294237290e-03 1.298440376607091530e-03 1.324633704498426150e-03 1.303377160802473645e-03 1.340094099286949546e-03
9.030000000000000000e+04 1.434828040655703818e-03 1.427387339062968037e-03 1.405861503444634942e-03 1.378858322277674115e-03 1.373435071436703231e-03
9.040000000000000000e+04 1.937333056703214890e-03 1.946062014127768105e-03 1.916730515658865387e-03 1.893157317923989998e-03 1.878578858450051601e-03
9.050000000000000000e+04 2.126747928559760345e-03 2.124827510366826197e-03 2.154335367958997750e-03 2.159623700814955385e-03 2.179751382209357217e-03
9.060000000000000000e+04 1.714600943960246926e-03 1.722070593386891080e-03 1.766135254874848064e-03 1.791994271334239677e-03 1.831881955731664647e-03
9.070000000000000000e+04 1.483769057473790717e-03 1.486842486386503060e-03 1.500943894498041418e-03 1.499624772307773688e-03 1.507879646960646027e-03
9.080000000000000000e+04 1.527839197466772554e-03 1.523418423409262203e-03 1.526482379995289587e-03 1.524566190006828399e-03 1.529365256428717647e-03
9.090000000000000000e+04 1.615805523470044761e-03 1.616739602759482584e-03 1.619591098278761084e-03 1.611954551190140699e-03 1.614836638327685116e-03
9.100000000000000000e+04 1.695192900175846720e-03 1.694203137109679758e-03 1.694913953542707399e-03 1.685835203776758382e-03 1.690328319091351922e-03
9.110000000000000000e+04 1.762974231193462429e-03 1.759187546558675435e-03 1.762092774733897086e-03 1.754475505634520063e-03 1.759520296473054968e-03
9.120000000000000000e+04 1.838544216006995176e-03 1.830220906995235451e-03 1.844127913936976755e-03 1.833219975233073198e-03 1.835925960913300939e-03
9.130000000000000000e+04 1.918709601741282232e-03 1.913480839381616469e-03 1.920763982925565621e-03 1.912250281311573966e-03 1.918714868370442143e-03
9.140000000000000000e+04 1.972933237751322601e-03 1.980488517632090703e-03 1.981269284151493913e-03 1.972954364803929973e-03 1.980933151207863330e-03
9.150000000000000000e+04 2.021274087019264611e-03 2.022954076528546939e-03 2.025730255991218566e-03 2.026387094520030411e-03 2.025202591903509097e-03
9.160000000000000000e+04 2.063937628020841557e-03 2.065294478088616076e-03 2.067029839381576573e-03 2.072113280495009157e-03 2.075722916051743906e-03
9.170000000000000000e+04 2.122813098443055661e-03 2.121965981399020606e-03 2.125290269032124001e-03 2.122508299071343158e-03 2.128994914237411409e-03
9.180000000000000000e+04 2.219424694776537740e-03 2.221426190808421883e-03 2.219829084351659324e-03 2.216540575027463062e-03 2.211605506017801613e-03
9.190000000000000000e+04 2.440892243757846868e-03 2.437516187007217252e-03 2.419161023572080887e-03 2.406342266282666172e-03 2.396257373038678234e-03
9.200000000000000000e+04 2.853032993152761990e-03 2.860822528600678264e-03 2.835165336728096095e-03 2.815463176618039024e-03 2.795709762722239488e-03
9.210000000000000000e+04 3.325863978825518118e-03 3.337985025718810672e-03 3.336912626400617612e-03 3.301519292872397496e-03 3.297791685909021425e-03
9.220000000000000000e+04 3.654460261265431165e-03 3.669370940576001123e-03 3.697998607531193839e-03 3.658736407135915365e-03 3.669916726648815835e-03
9.230000000000000000e+04 3.739804347666601456e-03 3.743565510958433030e-03 3.823594781570135905e-03 3.791571877275905656e-03 3.817733707837757395e-03
9.240000000000000000e+04 3.706268006935714131e-03 3.717226991429926995e-03 3.819847684353593238e-03 3.764059506356714525e-03 3.794154813513158850e-03
9.250000000000000000e+04 3.617537984003626507e-03 3.625289459402362361e-03 3.723841044120490551e-03 3.665400901809337791e-03 3.703713300637904299e-03
9.260000000000000000e+04 3.506137734899919013e-03 3.511163092528777046e-03 3.593906387686724314e-03 3.554558575463794869e-03 3.580785100348294302e-03
9.270000000000000000e+04 3.465915620326995468e-03 3.474424313753843481e-03 3.550223279744386430e-03 3.513621662277727643e-03 3.540770795661955100e-03
9.280000000000000000e+04 3.486032510797181048e-03 3.507663691416379719e-03 3.568298583850263404e-03 3.525691169003645348e-03 3.551099579781292256e-03
9.290000000000000000e+04 3.539664968848227431e-03 3.551450623199343525e-03 3.617908330634236110e-03 3.581834150633462620e-03 3.594398600980640637e-03
9.300000000000000000e+04 3.546821605414152319e-03 3.550691762939095063e-03 3.614066354930399721e-03 3.591660992242395444e-03 3.613574896007776260e-03
9.310000000000000000e+04 3.504143912966053813e-03 3.516623380904393067e-03 3.565878998488186419e-03 3.560570854072768552e-03 3.579764438327401755e-03
9.320000000000000000e+04 3.438672932485737754e-03 3.461319326112667280e-03 3.513145530596375500e-03 3.512800075113774526e-03 3.531283382326367258e-03
9.330000000000000000e+04 3.473364640958605688e-03 3.490932844579219037e-03 3.526625153608618259e-03 3.520713255275038922e-03 3.531464978586881451e-03
9.340000000000000000e+04 3.497014595195651124e-03 3.511629067361354828e-03 3.542442908510566504e-03 3.545085815712808834e-03 3.556397310458123823e-03
9.350000000000000000e+04 3.499841589170198802e-03 3.512795424709718763e-03 3.532365360297263362e-03 3.529891755897551862e-03 3.546980186365543148e-03
9.360000000000000000e+04 3.546810215339066957e-03 3.556014001369474549e-03 3.572198692709208524e-03 3.575717620551581866e-03 3.601469276472927823e-03
9.370000000000000000e+04 3.647785618280370221e-03 3.662559396276869952e-03 3.676836425438520951e-03 3.678156740497798630e-03 3.705065990798169211e-03
9.380000000000000000e+04 3.687756452709435844e-03 3.694620753328005467e-03 3.735652472823856787e-03 3.732904588493207720e-03 3.758789193816483055e-03
9.390000000000000000e+04 3.642494110390541787e-03 3.648433191701768580e-03 3.689155834726985835e-03 3.692883979529143663e-03 3.716199968475844984e-03
9.400000000000000000e+04 3.645249037072061712e-03 3.655008335287368570e-03 3.679499449208379399e-03 3.672739102815588460e-03 3.697724314406512433e-03
9.410000000000000000e+04 3.765338012017308174e-03 3.786556428919232112e-03 3.810913194902241022e-03 3.780048006835088747e-03 3.815580585505819015e-03
9.420000000000000000e+04 3.785456893965599440e-03 3.792473990470170055e-03 3.845931673422458338e-03 3.833868289366364462e-03 3.884091963991527768e-03
9.430000000000000000e+04 3.713686095240215784e-03 3.728670167426266328e-03 3.762672385200860250e-03 3.757403045116615176e-03 3.798644943162798188e-03
9.440000000000000000e+04 3.681134146948656771e-03 3.701772702236973307e-03 3.722004881128666669e-03 3.723821425810456328e-03 3.752303021028635666e-03
9.450000000000000000e+04 3.655487205833196640e-03 3.669343236833811066e-03 3.685547364875673901e-03 3.693348821252584110e-03 3.712589305359870716e-03
9.460000000000000000e+04 3.655236661434173567e-03 3.667364995926618732e-03 3.682187674567103091e-03 3.685100940056144653e-03 3.699240549467503955e-03
9.470000000000000000e+04 3.667173273861407210e-03 3.683461782832941119e-03 3.699691048823295844e-03 3.702516128929953833e-03 3.707140199840068366e-03
9.480000000000000000e+04 3.680948652327060283e-03 3.692872747778892448e-03 3.711081352084875332e-03 3.706752220168710310e-03 3.721001902595162496e-03
9.490000000000000000e+04 3.690470382571220311e-03 3.700608561436335119e-03 3.716598525643348937e-03 3.717556063396235209e-03 3.728604493662713952e-03
9.500000000000000000e+04 3.706842505683501272e-03 3.705825501432021604e-03 3.723342204466462135e-03 3.726147309256096392e-03 3.738103667274117470e-03
9.510000000000000000e+04 3.709481162950396382e-03 3.709591217339039491e-03 3.732573851011693287e-03 3.735782299190759399e-03 3.748841190245003497e-03
9.520000000000000000e+04 3.721011305848757542e-03 3.726021929954489217e-03 3.742571584880353009e-03 3.748768692215284203e-03 3.760821763426065115e-03
9.530000000000000000e+04 3.766483065361779081e-03 3.769965069368479398e-03 3.789630238898104419e-03 3.790135205878563361e-03 3.801814867183568591e-03
9.540000000000000000e+04 3.852944094687705233e-03 3.867754535749554252e-03 3.902532104402782216e-03 3.884009821340447376e-03 3.908209046348925728e-03
9.550000000000000000e+04 3.870144494188328555e-03 3.880020525927344293e-03 3.932988364249468370e-03 3.919136830760785832e-03 3.947727894410490816e-03
9.560000000000000000e+04 3.840903633584579011e-03 3.852889733389020053e-03 3.892290964722633449e-03 3.887896838908394201e-03 3.910457249730826292e-03
9.570000000000000000e+04 3.856006311252712770e-03 3.858831292018293727e-03 3.905630903318525662e-03 3.893888816237449455e-03 3.909995574504137282e-03
9.580000000000000000e+04 3.824920325229564950e-03 3.840035491933425742e-03 3.873355686664579998e-03 3.881040909327566901e-03 3.903221669606863568e-03
9.590000000000000000e+04 3.782498091459275940e-03 3.803146469096341502e-03 3.840097696520388022e-03 3.847484707366674757e-03 3.874886452686042860e-03
9.600000000000000000e+04 3.763060504570603544e-03 3.786456771194935279e-03 3.817494632676244563e-03 3.826522035524249077e-03 3.850713651627301563e-03
9.610000000000000000e+04 3.713233009912072710e-03 3.718783144528673562e-03 3.763023065403109466e-03 3.779212368341779930e-03 3.807951943017548121e-03
9.620000000000000000e+04 3.609652081504464288e-03 3.615127336233855959e-03 3.647946519777178331e-03 3.669016699617105772e-03 3.694890444166957708e-03
9.630000000000000000e+04 3.684850884601468396e-03 3.674635859206324025e-03 3.705295557156209132e-03 3.693924813996999484e-03 3.680668964516384950e-03
9.640000000000000000e+04 3.973483281830949079e-03 3.974681586648043385e-03 4.009415367618198583e-03 3.972083715101068155e-03 3.969303276389830708e-03
9.650000000000000000e+04 4.198553894336018270e-03 4.206234402954571287e-03 4.268109053373327424e-03 4.230692136722303057e-03 4.229990183375785355e-03
9.660000000000000000e+04 4.352008178830140024e-03 4.356206450611354274e-03 4.437758270651105674e-03 4.423345290124418815e-03 4.425330767408010291e-03
9.670000000000000000e+04 4.183792332187290242e-03 4.187763836234805088e-03 4.281945182010520913e-03 4.273114333239702925e-03 4.311109655536706116e-03
9.680000000000000000e+04 4.011469396452107400e-03 4.017396252602337819e-03 4.070942364633082546e-03 4.072455099473391328e-03 4.094060715287920968e-03
9.690000000000000000e+04 3.993905242532489602e-03 3.995460122823716632e-03 4.017242323607206865e-03 4.026153758168219375e-03 4.045040667988359685e-03
9.700000000000000000e+04 3.967771772295236588e-03 3.978206651906172897e-03 3.999087307602166956e-03 4.000293789431452751e-03 4.020672570914029902e-03
9.710000000000000000e+04 3.970673171182473662e-03 3.990349210798740248e-03 4.006610736250877831e-03 4.007243805875379192e-03 4.021804328076541112e-03
9.720000000000000000e+04 3.992514871060848410e-03 4.008179716765880758e-03 4.032689779996872538e-03 4.034968744963406823e-03 4.057907704263927044e-03
9.730000000000000000e+04 3.999283052980900227e-03 4.002541558196148243e-03 4.039028156548738445e-03 4.035156363000472375e-03 4.057160937227309409e-03
9.740000000000000000e+04 4.007912327845889952e-03 4.019629365454116879e-03 4.044986311346290310e-03 4.050014521926640146e-03 4.058420620858669246e-03
9.750000000000000000e+04 4.049297655001282692e-03 4.063122440129518509e-03 4.098017234355211258e-03 4.094698349945248908e-03 4.099966725334526843e-03
9.760000000000000000e+04 4.079759412755569817e-03 4.091989714652300748e-03 4.141154922544957283e-03 4.133278150111436948e-03 4.150743652135133362e-03
9.770000000000000000e+04 4.067398641879360274e-03 4.087060758223137920e-03 4.133266285061836139e-03 4.123890053791304591e-03 4.150952221825717804e-03
9.780000000000000000e+04 4.055736940354108706e-03 4.068832416087389894e-03 4.102531243115664292e-03 4.106279872357845688e-03 4.131774697452783411e-03
9.790000000000000000e+04 4.047855939716100450e-03 4.059542343020439495e-03 4.102723216637968809e-03 4.102498376742005209e-03 4.134109192527830878e-03
9.800000000000000000e+04 4.076183276871838540e-03 4.085147815446061280e-03 4.121484886854889784e-03 4.121738982697328683e-03 4.143095668405291469e-03
9.810000000000000000e+04 4.175374014303082082e-03 4.184786565601825159e-03 4.221112076193097792e-03 4.216309096664185886e-03 4.228384355083107844e-03
9.820000000000000000e+04 4.228196255862714734e-03 4.248709678649900852e-03 4.291217606514692584e-03 4.289937162150939988e-03 4.307656819000838487e-03
9.830000000000000000e+04 4.153671087697149295e-03 4.161256738007068114e-03 4.196058372035627038e-03 4.202325756972035212e-03 4.229716584086419540e-03
9.840000000000000000e+04 4.196539036929609542e-03 4.209822341799738035e-03 4.239632785320285487e-03 4.230761174112558122e-03 4.247199650853873514e-03
9.850000000000000000e+04 4.236966526756685142e-03 4.250049466888112908e-03 4.289401648566128732e-03 4.276154671485223220e-03 4.298927448689935163e-03
9.860000000000000000e+04 4.391334975759186333e-03 4.392710775136935732e-03 4.441985785961153656e-03 4.412049452463777735e-03 4.407539712265136009e-03
9.870000000000000000e+04 4.527822639793159347e-03 4.548910185694692021e-03 4.615469770506023216e-03 4.583830996416510609e-03 4.591824444942178146e-03
9.880000000000000000e+04 4.684360710283129448e-03 4.694628162930414121e-03 4.768937211483706418e-03 4.717085746427367166e-03 4.715497940778731745e-03
9.890000000000000000e+04 5.002972325310107472e-03 5.023901561896025256e-03 5.107104154303690816e-03 5.040396537321317587e-03 5.021384530700748368e-03
9.900000000000000000e+04 5.312909558415413076e-03 5.351741705089802653e-03 5.467708129435788419e-03 5.413411511108283218e-03 5.367538426071395002e-03
9.910000000000000000e+04 5.255656912922859747e-03 5.291792197773859813e-03 5.454918825998902529e-03 5.398523582456016268e-03 5.412140903063112317e-03
9.920000000000000000e+04 5.437037373582517819e-03 5.448514552166070467e-03 5.560047645121796514e-03 5.455366820096957912e-03 5.470874328166251688e-03
9.930000000000000000e+04 5.711859576404093412e-03 5.761970840394488313e-03 5.930671952664863869e-03 5.843509761616592045e-03 5.928894253447655749e-03
9.940000000000000000e+04 5.682790658126278364e-03 5.724196707208948492e-03 5.853313282132156792e-03 5.781727253148952715e-03 5.786466496065259708e-03
9.950000000000000000e+04 6.014804852505523970e-03 6.056435126811264384e-03 6.196307903155690716e-03 6.120401954588784027e-03 6.103213224560015242e-03
9.960000000000000000e+04 5.785988755524173327e-03 5.834625829011198632e-03 6.041026841849097065e-03 5.999398995190850271e-03 6.039073299616571841e-03
9.970000000000000000e+04 5.626753432055319436e-03 5.651120288918420366e-03 5.799622656777502980e-03 5.751730670842035605e-03 5.745869083330037118e-03
9.980000000000000000e+04 5.751121429105602277e-03 5.765349846333263362e-03 5.903459805995215672e-03 5.879777070755758117e-03 5.873385565355419662e-03
9.990000000000000000e+04 5.362701080739518469e-03 5.355694685131333864e-03 5.530760893598177241e-03 5.531279658898744650e-03 5.583869344554883742e-03
1.000000000000000000e+05 5.328219849616308221e-03 5.344600106279055567e-03 5.399563815444707870e-03 5.379070372631173866e-03 5.318569950759410858e-03
1.001000000000000000e+05 5.625124728928009542e-03 5.652562913795318791e-03 5.752604668959971322e-03 5.709542770249149794e-03 5.678568966686725616e-03
1.002000000000000000e+05 5.619738213717935700e-03 5.672648139297960072e-03 5.794675052165984205e-03 5.748447068035604339e-03 5.728375958278775736e-03
1.003000000000000000e+05 5.576667950178183959e-03 5.628154563407105487e-03 5.748651605099438892e-03 5.703604527128238767e-03 5.687538576312363078e-03
1.004000000000000000e+05 5.524906925857066796e-03 5.584377348423004601e-03 5.719282943755387219e-03 5.654728617519139480e-03 5.637623164802792533e-03
1.005000000000000000e+05 5.531445657834410494e-03 5.609088763594629289e-03 5.704288650304078015e-03 5.659560929052531199e-03 5.632093478925526316e-03
1.006000000000000000e+05 5.636324634154647045e-03 5.712363521258028744e-03 5.819353014230720100e-03 5.750889327997955533e-03 5.709499120712279406e-03
1.007000000000000000e+05 5.908903131882351466e-03 5.989302123586323634e-03 6.071509690955298293e-03 6.003582032086964525e-03 5.956249614246186298e-03
1.008000000000000000e+05 6.147654838860028975e-03 6.224357001483438179e-03 6.309788115322595425e-03 6.264644935727120556e-03 6.243450660258529489e-03
1.009000000000000000e+05 6.178533481433985501e-03 6.292501681794715127e-03 6.404438288882374763e-03 6.356153590604670008e-03 6.376650957390662608e-03
1.010000000000000000e+05 5.854225593308602996e-03 5.950310795257469573e-03 6.075728219002491347e-03 6.065069309746223651e-03 6.108314590528595746e-03
1.011000000000000000e+05 5.820051971822969017e-03 5.903207119554276794e-03 6.014731507748356971e-03 5.950323590077460402e-03 5.967795713804660909e-03
1.012000000000000000e+05 6.222081656257297602e-03 6.278533395379768192e-03 6.343549229204693829e-03 6.296020119140534506e-03 6.231386400759224634e-03
1.013000000000000000e+05 6.689647206415736888e-03 6.732725587983929075e-03 6.856445120647550184e-03 6.856983965262744389e-03 6.815088358707719306e-03
1.014000000000000000e+05 6.260649729520052081e-03 6.342558655887822229e-03 6.505149621516472837e-03 6.523448247462485666e-03 6.578502589836726297e-03
1.015000000000000000e+05 5.569983103002151652e-03 5.641738604754262601e-03 5.813889764249324452e-03 5.828734549383318697e-03 5.905562848783990626e-03
1.016000000000000000e+05 5.083799200753373951e-03 5.085938299695659699e-03 5.227109417319277841e-03 5.176843224714195585e-03 5.220201797783387797e-03
1.017000000000000000e+05 5.476524727419038174e-03 5.502861980348833747e-03 5.562848336994675666e-03 5.500033027492462825e-03 5.458948668092503988e-03
1.018000000000000000e+05 5.939575800051315885e-03 5.982288190474125723e-03 6.109621599316598060e-03 6.065717789654942980e-03 6.045425236225115961e-03
1.019000000000000000e+05 6.068488645056890202e-03 6.129050621142010692e-03 6.267939209938046263e-03 6.198009187355632728e-03 6.200812812894581499e-03
1.020000000000000000e+05 6.377654336392879660e-03 6.438313331454986049e-03 6.613936927169561560e-03 6.495498679578285729e-03 6.511023174971360648e-03
1.021000000000000000e+05 6.376129090785975437e-03 6.443205475807189248e-03 6.640580920502538002e-03 6.541454301526142961e-03 6.601839987561110117e-03
1.022000000000000000e+05 6.244861539453265033e-03 6.309099495410913985e-03 6.505172811448571568e-03 6.412245625009138639e-03 6.472359672188764297e-03
1.023000000000000000e+05 6.152704944834107813e-03 6.214376725256445799e-03 6.403248570859432914e-03 6.309432117268438250e-03 6.356299030594532266e-03
1.024000000000000000e+05 6.312727226565281909e-03 6.382968152562775929e-03 6.534962393343447286e-03 6.456638835370539023e-03 6.496652606874706200e-03
1.025000000000000000e+05 6.367886749406657075e-03 6.434098196526368170e-03 6.594459759071469307e-03 6.516773719340562820e-03 6.588250282220541564e-03
1.026000000000000000e+05 6.231850478798162292e-03 6.317192111164313117e-03 6.512411851435892345e-03 6.427192203700550326e-03 6.532823145389562471e-03
1.027000000000000000e+05 5.862250259766980769e-03 5.934354513883591253e-03 6.063530119135974658e-03 5.977940978482393364e-03 6.078108358196931786e-03
1.028000000000000000e+05 6.262992043048150326e-03 6.346717414756586698e-03 6.388871129602177040e-03 6.261467467993526471e-03 6.281569860875585096e-03
1.029000000000000000e+05 6.327049443498264543e-03 6.414719913154844425e-03 6.578629985451716657e-03 6.495045702904461704e-03 6.581315528601399539e-03
1.030000000000000000e+05 5.773689628889190975e-03 5.848038910577679945e-03 6.007676292210788541e-03 5.893907168259228044e-03 5.998843815177711154e-03
1.031000000000000000e+05 5.874206144362684873e-03 5.910249600807841210e-03 6.021676864475020326e-03 5.927998692107692633e-03 5.976425795815885900e-03
1.032000000000000000e+05 6.204820573329919778e-03 6.235317550599562240e-03 6.326761860400436852e-03 6.283677648752935586e-03 6.331402715295537074e-03
1.033000000000000000e+05 6.105164873103272570e-03 6.146965467681490651e-03 6.262216893956075101e-03 6.249853290307032412e-03 6.333087747916587434e-03
1.034000000000000000e+05 5.796801634132866740e-03 5.849567490319408300e-03 5.966679006814952155e-03 5.904744438206173569e-03 5.973698673769819827e-03
1.035000000000000000e+05 5.812854785472153576e-03 5.851968564093108088e-03 5.977262137457732376e-03 5.884019774384795752e-03 5.929423449561002646e-03
1.036000000000000000e+05 5.542008274545254763e-03 5.593422260135434698e-03 5.757985133677715785e-03 5.666313202430803969e-03 5.726389531046143823e-03
1.037000000000000000e+05 5.358476731926205446e-03 5.405192114412782703e-03 5.512607190757988496e-03 5.358696297431994431e-03 5.409020702354622005e-03
1.038000000000000000e+05 5.636484883725644511e-03 5.693912114948031754e-03 5.778827201575022568e-03 5.657737432047720005e-03 5.693232826888559688e-03
1.039000000000000000e+05 5.324324254567418431e-03 5.370909192909762916e-03 5.527222948148807768e-03 5.476639041056225420e-03 5.571122574619924959e-03
1.040000000000000000e+05 4.932319341848283301e-03 4.970778090258448634e-03 5.069196317344894925e-03 5.014396955569581753e-03 5.060057993978258825e-03
1.041000000000000000e+05 5.424896720796819165e-03 5.450326614081848868e-03 5.472820512950418888e-03 5.424747280776459971e-03 5.423957863822601207e-03
1.042000000000000000e+05 5.619332939386369359e-03 5.657844766974447909e-03 5.726478528231383237e-03 5.717546387265116242e-03 5.780976144596943964e-03
1.043000000000000000e+05 5.392975096280377273e-03 5.423692644884191109e-03 5.492115700617430929e-03 5.468194438144564039e-03 5.556123275309798881e-03
1.044000000000000000e+05 5.623119454830882366e-03 5.656363498419491632e-03 5.668996423482916200e-03 5.600896235555396542e-03 5.636866502463837823e-03
1.045000000000000000e+05 5.908423460399101976e-03 5.945519637316459827e-03 5.981515673920515495e-03 5.938407662324608934e-03 5.988309253007172324e-03
1.046000000000000000e+05 5.716714126368366636e-03 5.750713491191465285e-03 5.821870639920239884e-03 5.779170288393888771e-03 5.877025499939906444e-03
1.047000000000000000e+05 5.677518108859657721e-03 5.709645822644241094e-03 5.724816732108597463e-03 5.643363744020454820e-03 5.711656678467976096e-03
1.048000000000000000e+05 6.031617230425271280e-03 6.074872352182871665e-03 6.073566377162945701e-03 6.023861933499548640e-03 6.083019673824319531e-03
1.049000000000000000e+05 6.032939571887246076e-03 6.074429402748750262e-03 6.129379216581578096e-03 6.097674129220339266e-03 6.189586692489695320e-03
1.050000000000000000e+05 6.058024242520332336e-03 6.089088506996631622e-03 6.120348814874887466e-03 6.063155829906463623e-03 6.138551048934459686e-03
1.051000000000000000e+05 6.231754527737696364e-03 6.258024331182242272e-03 6.291601760312913287e-03 6.268509533256284849e-03 6.327093457803117243e-03
1.052000000000000000e+05 6.251548801859221384e-03 6.276479642838238976e-03 6.308048982173204873e-03 6.261727921664717554e-03 6.336484644562005199e-03
1.053000000000000000e+05 6.332964207977056538e-03 6.370583008974791371e-03 6.401046728715303023e-03 6.365786623209718220e-03 6.428366913460200303e-03
1.054000000000000000e+05 6.114034702380494006e-03 6.159906337658566620e-03 6.237869076430790569e-03 6.222963485245914389e-03 6.322022303938888005e-03
1.055000000000000000e+05 5.730800004675996873e-03 5.766053559879468458e-03 5.835098447278140241e-03 5.798380589112656774e-03 5.893435282632703519e-03
1.056000000000000000e+05 6.009841337800027675e-03 6.041573882102990213e-03 6.041798572987300969e-03 5.970690902322544659e-03 6.033206656575177199e-03
1.057000000000000000e+05 6.274870870014027935e-03 6.305786296725266610e-03 6.312549076974404913e-03 6.267842949988940843e-03 6.334730028174816001e-03
1.058000000000000000e+05 6.404104406634968626e-03 6.449038218706844988e-03 6.444173399358991278e-03 6.429700165366127040e-03 6.495199408382184951e-03
1.059000000000000000e+05 6.493503144010902457e-03 6.543650832027198688e-03 6.543561350554227829e-03 6.536290235817436914e-03 6.609517931938168646e-03
1.060000000000000000e+05 6.523738242685801422e-03 6.541685666888946184e-03 6.567595899105074971e-03 6.565680323789516853e-03 6.642413325607776642e-03
1.061000000000000000e+05 6.307257215181989556e-03 6.326108947396295520e-03 6.384841548278945289e-03 6.388893659847486202e-03 6.490493780002016058e-03
1.062000000000000000e+05 6.016700007021424067e-03 6.034494489431385666e-03 6.080724168568842937e-03 6.061057224869745991e-03 6.175457732751963788e-03
1.063000000000000000e+05 5.872410247102388681e-03 5.873632766306396101e-03 5.928136482834811712e-03 5.901881459479519851e-03 6.018010731786475019e-03
1.064000000000000000e+05 5.673977999637530058e-03 5.648014539231869906e-03 5.685113836079839361e-03 5.673064514994621832e-03 5.770125631242994588e-03
1.065000000000000000e+05 5.923848599195486418e-03 5.907890573143986107e-03 5.906031280755996531e-03 5.849249381571991827e-03 5.924354982562377546e-03
1.066000000000000000e+05 6.365503128618019667e-03 6.370160120228915077e-03 6.358212828636200693e-03 6.307148160412936674e-03 6.384396431967597624e-03
1.067000000000000000e+05 6.813175641000240174e-03 6.803814899176361883e-03 6.815434051677596652e-03 6.781256371177741583e-03 6.857264731079349904e-03
1.068000000000000000e+05 6.980047710239886509e-03 6.963369958102702713e-03 7.024429198354482581e-03 7.021351344883443313e-03 7.092600092291832282e-03
1.069000000000000000e+05 6.901373804236450582e-03 6.924751003583274993e-03 6.975614717230202953e-03 6.935689241314935138e-03 7.060392280109227016e-03
1.070000000000000000e+05 6.764521139363446900e-03 6.784717924892905323e-03 6.811144389212131153e-03 6.779646718253685977e-03 6.936153769493111181e-03
1.071000000000000000e+05 6.817023037001494062e-03 6.789503805339337436e-03 6.780608147382739294e-03 6.784132481552659737e-03 6.906979936175046061e-03
1.072000000000000000e+05 7.095836612085494599e-03 7.055369243025791035e-03 7.039890196174392739e-03 7.023018822073921752e-03 7.107593156397351390e-03
1.073000000000000000e+05 7.544054541115969431e-03 7.527802760402323677e-03 7.516818456351752158e-03 7.495513656176658671e-03 7.574854237027487704e-03
1.074000000000000000e+05 7.717489693313834415e-03 7.726804483681916878e-03 7.790236063301585190e-03 7.777203759178518555e-03 7.916806070134046330e-03
1.075000000000000000e+05 7.136455038562431775e-03 7.091824586192767114e-03 7.179474690929055214e-03 7.228389110726631851e-03 7.421239395625942210e-03
1.076000000000000000e+05 6.706786161909502469e-03 6.606659032404412456e-03 6.640465725213272156e-03 6.692581878354169310e-03 6.864548400044445317e-03
1.077000000000000000e+05 6.707218764349820450e-03 6.642614100128419255e-03 6.642410205677152894e-03 6.653294269926847936e-03 6.802110723219815733e-03
1.078000000000000000e+05 6.804734015216430329e-03 6.754619516432283123e-03 6.766727473586794939e-03 6.787028290952245441e-03 6.895914329215882370e-03
1.079000000000000000e+05 6.696656982724850764e-03 6.665230517586073246e-03 6.692276857793311683e-03 6.726846542830275388e-03 6.842026170343158166e-03
1.080000000000000000e+05 6.274155620485544031e-03 6.201607268303615042e-03 6.275763455778360540e-03 6.326243840157951513e-03 6.466429680585895033e-03
1.081000000000000000e+05 5.918665919452907945e-03 5.814566928893340030e-03 5.823665335774426063e-03 5.895204506814476046e-03 5.973092583008108962e-03
1.082000000000000000e+05 6.100517008453609953e-03 5.997626309593514712e-03 6.009069457650183070e-03 6.045731256405510040e-03 6.097851367667322421e-03
1.083000000000000000e+05 6.133323861286043774e-03 6.032354980707168440e-03 6.076686456799508355e-03 6.098848683759571128e-03 6.187560129910707994e-03
1.084000000000000000e+05 6.260458665589488034e-03 6.181711852550513149e-03 6.208141110837480173e-03 6.207460425794128836e-03 6.273593623191124624e-03
1.085000000000000000e+05 6.509501688803242744e-03 6.442256613324097610e-03 6.478791218251001710e-03 6.472140139279264695e-03 6.542668631300319060e-03
1.086000000000000000e+05 6.559647023677823638e-03 6.481281314045192823e-03 6.556523442268371096e-03 6.540011968463662652e-03 6.641963096335530559e-03
1.087000000000000000e+05 6.696937993789709408e-03 6.626604851335282133e-03 6.653946656733744636e-03 6.646837893252590876e-03 6.705122380517429190e-03
1.088000000000000000e+05 6.925464266290269448e-03 6.848063531021279619e-03 6.907661370933043665e-03 6.925629985829197775e-03 6.971986219286917079e-03
1.089000000000000000e+05 7.092488072812564229e-03 7.025015763938443659e-03 7.060409253463166383e-03 7.053277902305114463e-03 7.122285882942383170e-03
1.090000000000000000e+05 7.579039658109342284e-03 7.563034072518312265e-03 7.528300955891627060e-03 7.554477375621554240e-03 7.583332899957876370e-03
1.091000000000000000e+05 7.793124283974370292e-03 7.809777787576117555e-03 7.826317250728607317e-03 7.884543165564538575e-03 7.978568384423845306e-03
1.092000000000000000e+05 7.395751513540731528e-03 7.359939385205500548e-03 7.448809482157198528e-03 7.520928941667083360e-03 7.628597468137734289e-03
1.093000000000000000e+05 7.091174777597189331e-03 7.035158692548682154e-03 7.046685786917796131e-03 7.136354477455228267e-03 7.151730083860453543e-03
1.094000000000000000e+05 7.205886629720522144e-03 7.168992074827353414e-03 7.205107286572462466e-03 7.258841674774888994e-03 7.272798996418701478e-03
1.095000000000000000e+05 7.095515727996812294e-03 7.075308915227658188e-03 7.164229545742271076e-03 7.212825468741353857e-03 7.274636160582305389e-03
1.096000000000000000e+05 6.780376142511752684e-03 6.765097820510466292e-03 6.852758228778843552e-03 6.893597934395084316e-03 6.968665048480019233e-03
1.097000000000000000e+05 6.643929804364846238e-03 6.627537515014407174e-03 6.698170630261299566e-03 6.718965444403393779e-03 6.780104064382612428e-03
1.098000000000000000e+05 6.487996019422998147e-03 6.467688027769338127e-03 6.555844713002430442e-03 6.583403460681436399e-03 6.658832095563411296e-03
1.099000000000000000e+05 6.332501871511338719e-03 6.337215142945450824e-03 6.388375470414753982e-03 6.425721730726460801e-03 6.482060020789511164e-03
1.100000000000000000e+05 6.342078248659765646e-03 6.347081003089745550e-03 6.383903324604034424e-03 6.414636814345912354e-03 6.453813984990119934e-03
1.101000000000000000e+05 6.359855402261016359e-03 6.367373205721375655e-03 6.414328431710603420e-03 6.445186752825971151e-03 6.511519970372319291e-03
1.102000000000000000e+05 6.242451655368015488e-03 6.232766037185987623e-03 6.314492523670189351e-03 6.340087251737711732e-03 6.413335371762517514e-03
1.103000000000000000e+05 5.927880505720792455e-03 5.939988593260456598e-03 6.040270617231707079e-03 6.063319480357080675e-03 6.158220679499210211e-03
1.104000000000000000e+05 5.617632977664456344e-03 5.632022023200990157e-03 5.705105885863299628e-03 5.721512250602260943e-03 5.806993581354632714e-03
1.105000000000000000e+05 5.494065893193085699e-03 5.507563240826128179e-03 5.545925488695502628e-03 5.567089918379982197e-03 5.626024142839014357e-03
1.106000000000000000e+05 5.526441782712935256e-03 5.533563711990917636e-03 5.567668210715050886e-03 5.571097846453387965e-03 5.639254692941903305e-03
1.107000000000000000e+05 5.613094503059982456e-03 5.615057256072758171e-03 5.664239600300794916e-03 5.666529037989673050e-03 5.745401890017091950e-03
1.108000000000000000e+05 5.572243301818768056e-03 5.580616736163696023e-03 5.625138711184261668e-03 5.643684777120745732e-03 5.716293081641198037e-03
1.109000000000000000e+05 5.555307529866695439e-03 5.577254400899015613e-03 5.597569551318883931e-03 5.614818399772048517e-03 5.685723014175892397e-03
1.110000000000000000e+05 5.728313885629177267e-03 5.731822084635485384e-03 5.745530314743519003e-03 5.758843431249254657e-03 5.833559622988111065e-03
1.111000000000000000e+05 5.928166837741933454e-03 5.910870215545089949e-03 5.948965260758994761e-03 5.970798245010263197e-03 6.062524602748449801e-03
1.112000000000000000e+05 6.008779698361946080e-03 5.989852069566647952e-03 6.070996131747955805e-03 6.092855520546436136e-03 6.228133402764796621e-03
1.113000000000000000e+05 5.884982123970990131e-03 5.868440400809048219e-03 5.940968897193666179e-03 5.985538852401078858e-03 6.118507254868749828e-03
1.114000000000000000e+05 5.901868200550479220e-03 5.896877714743228166e-03 5.927652139216660170e-03 5.972361847137403444e-03 6.036778185516592128e-03
1.115000000000000000e+05 6.007242000972230420e-03 5.999599335094291282e-03 6.048391852527856653e-03 6.099287420511246595e-03 6.187692913226783969e-03
1.116000000000000000e+05 6.124973911792027867e-03 6.111690439283843160e-03 6.143699176609529813e-03 6.182623282074931059e-03 6.302451677620406548e-03
1.117000000000000000e+05 6.087884483858935561e-03 6.082219580809272025e-03 6.174989501014334706e-03 6.226792841528855371e-03 6.376386862248189895e-03
1.118000000000000000e+05 5.571804462621597794e-03 5.597221255302413205e-03 5.666767284274097823e-03 5.747018288821025694e-03 5.906006209552328717e-03
1.119000000000000000e+05 5.141388997435570977e-03 5.174235068261640383e-03 5.194600876420747346e-03 5.248881429433826552e-03 5.354050416499377477e-03
1.120000000000000000e+05 5.292253755033025919e-03 5.265848152339450139e-03 5.280124209821224386e-03 5.268072367956235305e-03 5.338367540389317607e-03
1.121000000000000000e+05 5.950215163951111386e-03 5.935436083624764762e-03 5.900291688740293312e-03 5.911673549562652431e-03 5.948079284280516875e-03
1.122000000000000000e+05 6.689130589365975890e-03 6.687635052949219595e-03 6.654407139867558711e-03 6.718461588025134018e-03 6.759324474260186393e-03
1.123000000000000000e+05 7.067378101249540030e-03 7.080340497195719562e-03 7.105260742828248093e-03 7.189780470604699956e-03 7.295134230516831311e-03
1.124000000000000000e+05 6.841555237770104853e-03 6.820786135892094142e-03 6.968160979449665622e-03 7.065127485742181759e-03 7.167924996465437071e-03
1.125000000000000000e+05 5.936780711635947227e-03 5.872369278222322464e-03 6.057904101908206940e-03 6.148791173473060374e-03 6.273591658100527435e-03
1.126000000000000000e+05 5.918066706508408673e-03 5.927938601623008140e-03 5.874069761484870811e-03 5.938869351521126709e-03 5.934323025867333477e-03
1.127000000000000000e+05 6.503190128132703071e-03 6.534708694865283551e-03 6.499058064073325036e-03 6.613422320224345181e-03 6.647021528333403421e-03
1.128000000000000000e+05 6.266080532222957807e-03 6.322426591068506553e-03 6.333661861717710187e-03 6.434420980513087113e-03 6.536356993019585074e-03
1.129000000000000000e+05 6.504617168878520407e-03 6.575396185119943525e-03 6.545721180737053800e-03 6.599628366529964110e-03 6.660739611834303429e-03
1.130000000000000000e+05 6.811983200411000916e-03 6.919012436022356667e-03 6.916447635740041386e-03 6.989226738611857732e-03 7.125927647575719392e-03
1.131000000000000000e+05 6.478385413065512050e-03 6.500762719661007209e-03 6.632709503173802625e-03 6.724333469755964035e-03 6.858161031268534408e-03
1.132000000000000000e+05 5.717415778587267572e-03 5.675109140574958154e-03 5.798744075000289606e-03 5.873280304173656569e-03 5.962711554020689447e-03
1.133000000000000000e+05 5.925497130180388226e-03 5.912657945106418456e-03 5.881590908393245082e-03 5.943846410761262702e-03 5.904861334711297705e-03
1.134000000000000000e+05 6.359148658812019926e-03 6.356074493378403856e-03 6.369788702577340415e-03 6.521336017176512789e-03 6.501132939010873142e-03
1.135000000000000000e+05 5.809896315137579384e-03 5.842879849175594033e-03 5.902132671326364328e-03 6.011080089956508631e-03 6.121239322237700606e-03
1.136000000000000000e+05 5.659908118347325816e-03 5.721260961145140621e-03 5.657947026193149188e-03 5.696578733623025928e-03 5.754955206066374868e-03
1.137000000000000000e+05 6.127718687057496713e-03 6.200284641236057659e-03 6.139842541888350554e-03 6.169002559036017817e-03 6.253104349598254640e-03
1.138000000000000000e+05 6.071631188193951818e-03 6.097767148166896752e-03 6.054696459323181956e-03 6.141242689142631730e-03 6.241388078778982960e-03
1.139000000000000000e+05 6.523084153110776835e-03 6.525119810054657264e-03 6.440530493855515376e-03 6.529935570433686998e-03 6.551512172445690327e-03
1.140000000000000000e+05 6.724333856254816055e-03 6.763496715575426955e-03 6.790492497384552351e-03 6.901045609265566566e-03 6.975197605788715886e-03
1.141000000000000000e+05 6.047138739377243104e-03 6.098689765979866360e-03 6.204611808061601640e-03 6.293632755987354707e-03 6.396697079762873189e-03
1.142000000000000000e+05 5.874832794070240088e-03 5.824926135440674536e-03 5.885671712458144869e-03 5.901620881631973806e-03 5.874785464256972699e-03
1.143000000000000000e+05 6.416260041296465398e-03 6.402734741568587122e-03 6.443599918857195567e-03 6.443649814464187144e-03 6.448891116306191239e-03
1.144000000000000000e+05 6.642307844012973299e-03 6.671442004541549946e-03 6.699713543057444001e-03 6.756658007701238540e-03 6.784865055233252167e-03
1.145000000000000000e+05 6.407047544295567734e-03 6.449997952828820900e-03 6.521740369498724849e-03 6.597186205908667396e-03 6.634279806166893528e-03
1.146000000000000000e+05 5.887599568814050853e-03 5.935457516461607741e-03 5.993448700755841553e-03 6.070454856380848481e-03 6.111411163583437348e-03
1.147000000000000000e+05 5.761432669435941935e-03 5.763417525837823650e-03 5.787320202216504270e-03 5.841438019027312724e-03 5.850778892636296531e-03
1.148000000000000000e+05 5.953634642064576168e-03 5.993226064989943050e-03 5.969287939369696816e-03 6.024131619681911097e-03 6.019466407597071772e-03
1.149000000000000000e+05 6.152807669714087727e-03 6.219500377774232237e-03 6.193353850394492204e-03 6.266376236453653249e-03 6.268326085992150312e-03
1.150000000000000000e+05 6.212307295451561899e-03 6.253648859759171515e-03 6.257337052375078201e-03 6.316536028559009523e-03 6.344260415062308311e-03
1.151000000000000000e+05 6.059963190928104732e-03 6.085894666612139299e-03 6.104188095778235144e-03 6.187453980868059394e-03 6.240678476169717742e-03
1.152000000000000000e+05 5.745495688170207220e-03 5.772583410143844636e-03 5.768776740878798180e-03 5.850981231778874629e-03 5.899656508117923255e-03
1.153000000000000000e+05 5.777909584964325586e-03 5.840693761905017475e-03 5.732845533639217318e-03 5.759645376043969270e-03 5.761797791346909801e-03
1.154000000000000000e+05 6.516138377288980751e-03 6.558906125525628718e-03 6.400115359574571131e-03 6.460757429401043500e-03 6.401693448424299396e-03
1.155000000000000000e+05 7.143268827348947525e-03 7.153207622468481242e-03 7.108915830031032126e-03 7.205277332104732986e-03 7.142435759305962653e-03
1.156000000000000000e+05 7.265346236526958393e-03 7.263331344972056604e-03 7.306221853941681152e-03 7.379871221880118098e-03 7.425552494823939829e-03
1.157000000000000000e+05 7.014609202742574240e-03 7.048690114170330992e-03 7.138629099354134797e-03 7.190385521389531034e-03 7.241256800480189680e-03
1.158000000000000000e+05 6.549530867487207524e-03 6.597796585410839118e-03 6.705919299274665235e-03 6.764329895377156447e-03 6.795582994818661141e-03
1.159000000000000000e+05 6.656300767014432414e-03 6.602610200643565207e-03 6.615552064031362915e-03 6.637266053197272281e-03 6.635580463334900259e-03
1.160000000000000000e+05 7.742572017014039132e-03 7.709062906603085172e-03 7.614776864647865642e-03 7.622713347275982855e-03 7.622651010751762581e-03
1.161000000000000000e+05 8.360699359327542629e-03 8.386512361466870805e-03 8.345440793782471153e-03 8.375231148675089943e-03 8.492196658626190511e-03
1.162000000000000000e+05 8.048302854100875328e-03 8.112162301937751729e-03 8.222650215029676107e-03 8.257040722916528935e-03 8.355850428342815814e-03
1.163000000000000000e+05 7.294172551482905158e-03 7.321156226098522388e-03 7.437835047021492015e-03 7.509061711219455759e-03 7.589406864717563109e-03
1.164000000000000000e+05 6.839558240026222778e-03 6.861574333161108569e-03 6.899544466286901961e-03 6.934156678616981533e-03 6.981435790658003723e-03
1.165000000000000000e+05 6.557012333845114831e-03 6.565672003974543612e-03 6.636158982291817839e-03 6.628702270487942146e-03 6.665740953758385497e-03
1.166000000000000000e+05 6.067844486484921980e-03 6.029221260299299015e-03 6.174635626375642693e-03 6.183062916000700224e-03 6.256443411111843773e-03
1.167000000000000000e+05 6.087672635912903633e-03 6.022656839340927853e-03 6.054987758398064357e-03 6.080912356264876056e-03 6.187858227640392721e-03
1.168000000000000000e+05 6.164807472378016490e-03 6.129346607873838865e-03 6.162716168910264622e-03 6.169022147854166978e-03 6.184784807264796271e-03
1.169000000000000000e+05 5.703288217385598172e-03 5.722103957086764961e-03 5.809592241421354837e-03 5.824534259736545774e-03 5.843138177879156174e-03
1.170000000000000000e+05 4.979488532990216862e-03 5.003334488719724318e-03 5.103725939989089966e-03 5.132779572159062824e-03 5.202022287994688583e-03
1.171000000000000000e+05 4.342807149514538514e-03 4.339077621698377019e-03 4.412394436076248934e-03 4.446651949547203268e-03 4.505684934556500147e-03
1.172000000000000000e+05 4.000576318552092302e-03 4.003000731269513307e-03 4.051981624215839246e-03 4.056465799609819747e-03 4.063467718660818649e-03
1.173000000000000000e+05 3.826022860594093054e-03 3.887080829590564002e-03 3.988744653761387704e-03 4.011772964149713447e-03 3.991030752658845417e-03
1.174000000000000000e+05 3.872977423792084862e-03 3.969987339029704826e-03 4.131988268345626603e-03 4.166631667564295143e-03 4.158430136740211454e-03
1.175000000000000000e+05 3.545572205136204771e-03 3.782656819870074735e-03 4.246645141392946243e-03 4.040124050031081680e-03 3.883716824930292643e-03
1.176000000000000000e+05 1.864437181502616361e-03 2.216808935627301996e-03 2.811974873766220039e-03 2.140147211030169697e-03 1.802735114470152078e-03
1.177000000000000000e+05 9.382502036169008573e-04 1.013760742886614039e-03 1.142909019254144398e-03 8.487406990025214010e-04 7.195343851344687767e-04
1.178000000000000000e+05 9.219061303883832560e-04 8.902503930342701511e-04 9.239222179166985561e-04 8.444967085961297163e-04 8.054356824140964386e-04
1.179000000000000000e+05 1.199976499192408497e-03 1.162520865909752758e-03 1.153229242190755488e-03 1.142835461068899671e-03 1.085128822596753391e-03
1.180000000000000000e+05 1.439055125229071102e-03 1.432880922220651282e-03 1.433991617523139956e-03 1.436011384551719736e-03 1.432073325850063365e-03
1.181000000000000000e+05 1.325684070276719490e-03 1.342538390308609109e-03 1.369086164049798746e-03 1.383493996690969086e-03 1.401391233084723058e-03
1.182000000000000000e+05 1.135531701147559020e-03 1.153772752732045055e-03 1.181799699552357969e-03 1.206454241182652008e-03 1.206501882988955405e-03
1.183000000000000000e+05 1.107651724014433337e-03 1.113241018416980888e-03 1.120442242827266680e-03 1.131405477644876166e-03 1.126285968348383773e-03
1.184000000000000000e+05 1.110920243275664203e-03 1.118036317639051549e-03 1.137941591441626312e-03 1.143230766368410426e-03 1.159405866637824292e-03
1.185000000000000000e+05 1.008870906662197829e-03 1.014075917191811565e-03 1.034046988934272200e-03 1.039661967661224687e-03 1.053682819474495653e-03
1.186000000000000000e+05 1.033637576426073984e-03 1.030401342237981677e-03 1.026973659172655731e-03 1.018484171945601910e-03 1.014722243417054762e-03
1.187000000000000000e+05 1.118074309391281409e-03 1.122894415942330641e-03 1.126058765221386567e-03 1.126885091653092230e-03 1.137042753398419172e-03
1.188000000000000000e+05 1.043740431778134112e-03 1.048577763140199877e-03 1.067185713909571875e-03 1.072995499707766901e-03 1.086929063312710043e-03
1.189000000000000000e+05 1.000948639897009280e-03 1.009599789977077373e-03 1.004426649305973458e-03 9.968888647078238182e-04 1.000252462690691185e-03
1.190000000000000000e+05 1.097247074358169774e-03 1.098871075858668485e-03 1.098841452039781615e-03 1.095133333001283103e-03 1.092349947430189695e-03
1.191000000000000000e+05 1.162582961842417240e-03 1.174781061708926122e-03 1.174731845967471461e-03 1.173028397606684344e-03 1.179615835426376692e-03
1.192000000000000000e+05 1.161331625965735014e-03 1.177983550975719544e-03 1.188560230657456857e-03 1.190802021883427281e-03 1.200184449553489460e-03
1.193000000000000000e+05 1.034793090075251725e-03 1.034469949081535901e-03 1.058661856222907049e-03 1.068084920601298279e-03 1.090512743685393294e-03
1.194000000000000000e+05 9.048359375447041905e-04 9.037187509238796875e-04 9.152268618345207364e-04 9.235726855695297480e-04 9.335365507286133221e-04
1.195000000000000000e+05 8.373369812034092610e-04 8.347717424233766764e-04 8.502279408276076098e-04 8.495018788380585438e-04 8.513099252013497410e-04
1.196000000000000000e+05 7.965589873492696709e-04 8.058444984878099541e-04 8.169341390021155449e-04 8.164533398424574226e-04 8.239875244908032026e-04
1.197000000000000000e+05 7.283109088893955198e-04 7.288986211642585521e-04 7.412860728800243527e-04 7.463797100354004066e-04 7.545886992011254304e-04
1.198000000000000000e+05 6.062538766612637214e-04 5.957730843995979499e-04 6.061037303879802203e-04 6.044035544619006479e-04 6.135417590849098378e-04
1.199000000000000000e+05 6.755655763360476126e-04 6.584010723357318871e-04 6.388702732510930177e-04 6.139307172270566616e-04 5.962852668017059460e-04
