9.000000000000000000e+04 2.757928748336738916e-04 2.386980316597480084e-04 2.259682535494000107e-04 2.625070619757513394e-04
9.010000000000000000e+04 2.381056321783115825e-04 2.839968901375315648e-04 2.726667752022173268e-04 2.603507893492533454e-04
9.020000000000000000e+04 2.400293855524650375e-04 3.154493278942397901e-04 3.041793616234597631e-04 3.008369249972303594e-04
9.030000000000000000e+04 2.585897860370015336e-04 3.152868609137327353e-04 3.159294915480085719e-04 3.308049716301812867e-04
9.040000000000000000e+04 2.916147729723353259e-04 2.906372032902177242e-04 3.120967701816625747e-04 3.029965776393003080e-04
9.050000000000000000e+04 3.861537616920610689e-04 3.546344783239270635e-04 3.819486308597271518e-04 3.624317207330628849e-04
9.060000000000000000e+04 3.194240465980917147e-04 3.006050840194197439e-04 3.501760544766120806e-04 3.324798803865956017e-04
9.070000000000000000e+04 2.762070174827382864e-04 2.775396569631754162e-04 3.210255953798887385e-04 2.768562001188682202e-04
9.080000000000000000e+04 2.629080801117429883e-04 2.905963254726346909e-04 3.231206920485601508e-04 2.482759619318490119e-04
9.090000000000000000e+04 2.579117163734452557e-04 2.651132349947064003e-04 2.559101270910537533e-04 2.657325665196877927e-04
9.100000000000000000e+04 2.778536825586207866e-04 2.590281556582229249e-04 2.659976403944235468e-04 2.646204455504226984e-04
9.110000000000000000e+04 3.030961385543509755e-04 2.832911054982995718e-04 2.681826483987648029e-04 2.606995866919512928e-04
9.120000000000000000e+04 3.063591992762089498e-04 3.022369930506457270e-04 2.563164670904164518e-04 2.641833114020393828e-04
9.130000000000000000e+04 2.825001063069803990e-04 2.838818129292883805e-04 2.743157070828826610e-04 2.588900480878719105e-04
9.140000000000000000e+04 2.433060215323760522e-04 2.551073547277213404e-04 3.007865315551039591e-04 2.666937062814990814e-04
9.150000000000000000e+04 2.763525250826818157e-04 2.589365025677898224e-04 2.954641691985673228e-04 2.761013539199099311e-04
9.160000000000000000e+04 2.813599311479556843e-04 2.715856007861108248e-04 2.772958354779665345e-04 2.791770628860468749e-04
9.170000000000000000e+04 2.940840061716259936e-04 2.785657830015712279e-04 2.847801117340245875e-04 2.655339110063160458e-04
9.180000000000000000e+04 3.310030343124284024e-04 2.640658094849702249e-04 2.830483548851993434e-04 2.589053960110544359e-04
9.190000000000000000e+04 3.080346862172798840e-04 3.030287899716726033e-04 2.697139966529523715e-04 2.586683858997934952e-04
9.200000000000000000e+04 2.716852273064541750e-04 3.073417466704349917e-04 2.592572537799295676e-04 2.649323506300499008e-04
9.210000000000000000e+04 2.790643332635016306e-04 2.898091560233044951e-04 2.662749397337509311e-04 2.807380615916153202e-04
9.220000000000000000e+04 3.220592454008158528e-04 2.830765186023314868e-04 3.034019922111908310e-04 3.060060754997459922e-04
9.230000000000000000e+04 3.662293765387071489e-04 2.613625383949534121e-04 3.003312770677561434e-04 3.094953715771599006e-04
9.240000000000000000e+04 3.029348172804371573e-04 2.650688611947148556e-04 2.824636852203978878e-04 2.830196179564946997e-04
9.250000000000000000e+04 2.863275901208522066e-04 2.577581057633552891e-04 2.654401027008101294e-04 2.764135151708508958e-04
9.260000000000000000e+04 2.827882974700970204e-04 2.278198807835667497e-04 2.538696489717558289e-04 2.689442563597136955e-04
9.270000000000000000e+04 2.718283920702908385e-04 2.272432474124731240e-04 2.512110872141249643e-04 2.597714308460326283e-04
9.280000000000000000e+04 2.436389966948734854e-04 2.312130936319310899e-04 2.514427534542518932e-04 2.496255004747429296e-04
9.290000000000000000e+04 2.616484576530847669e-04 2.382511813897581193e-04 2.519366069390286257e-04 2.451352531212290585e-04
9.300000000000000000e+04 2.722054293271248225e-04 2.543476114017306582e-04 2.505187549761670623e-04 2.422402252560315042e-04
9.310000000000000000e+04 2.750549945325844324e-04 2.912098550968901696e-04 2.593792766518522629e-04 2.483241578274972359e-04
9.320000000000000000e+04 2.828631480679635489e-04 2.889055287143717623e-04 2.735702926332103050e-04 2.586314412786472469e-04
9.330000000000000000e+04 3.638770444890595439e-04 2.814440585539457066e-04 2.924496756976402738e-04 2.357162250246541203e-04
9.340000000000000000e+04 4.833318867904332246e-04 2.742466598031410678e-04 3.164737570254510645e-04 2.313311929554577758e-04
9.350000000000000000e+04 4.777217722405398140e-04 2.688481804413600670e-04 2.921217747481891095e-04 2.355004975120622329e-04
9.360000000000000000e+04 3.769056623301893618e-04 2.461785402705011345e-04 2.604546784428100935e-04 2.435045500750788756e-04
9.370000000000000000e+04 3.427735038832339584e-04 2.525878977672876748e-04 2.421219924978460967e-04 2.476781970205621194e-04
9.380000000000000000e+04 3.213043076608583905e-04 2.719139427323866045e-04 2.575550413507879974e-04 2.731396749681976413e-04
9.390000000000000000e+04 2.880438783835331524e-04 2.888096782628146795e-04 2.748529389049648606e-04 2.632606277147423509e-04
9.400000000000000000e+04 2.790977322307733170e-04 2.759542566661426252e-04 2.770853263053874894e-04 2.258479893581892539e-04
9.410000000000000000e+04 3.044377326744770367e-04 2.732681122976679229e-04 2.760922679582914862e-04 2.415118254458725148e-04
9.420000000000000000e+04 2.986408316397160499e-04 2.820556480273978244e-04 2.780371701804247326e-04 2.820875653200932936e-04
9.430000000000000000e+04 2.971961415073806883e-04 2.972918664099114634e-04 2.540958126484108839e-04 3.057489705200065917e-04
9.440000000000000000e+04 2.819840614310425335e-04 3.123607900640770654e-04 2.563696634401786060e-04 3.085211951879208081e-04
9.450000000000000000e+04 2.746184151578586852e-04 3.214081438164082959e-04 2.781151096862429471e-04 3.056239726982888151e-04
9.460000000000000000e+04 3.025959110515462282e-04 3.240551131921121640e-04 3.073815875893070346e-04 2.993340693486751356e-04
9.470000000000000000e+04 2.799966918208784917e-04 3.066390982885080184e-04 3.013694628877791127e-04 3.005395895106338340e-04
9.480000000000000000e+04 2.999051705088922118e-04 2.733194284984334079e-04 2.843231991201890414e-04 3.072364790618873384e-04
9.490000000000000000e+04 3.136518614975496448e-04 2.728913895490652462e-04 2.732957710127474670e-04 3.089610735743020449e-04
9.500000000000000000e+04 3.130678685926157364e-04 3.059260980459395699e-04 2.774287146068156983e-04 2.947683869087561128e-04
9.510000000000000000e+04 3.333969663493690323e-04 3.192033371462966117e-04 3.098088258445269453e-04 3.045366845997793176e-04
9.520000000000000000e+04 2.960729447583438029e-04 3.189304698953710784e-04 3.130920967830031648e-04 3.235403797885267815e-04
9.530000000000000000e+04 3.285104588389643385e-04 3.330262333914661395e-04 3.052324614392222892e-04 3.043192332360236999e-04
9.540000000000000000e+04 3.683548189393080676e-04 3.557876321108173435e-04 3.039182237263115920e-04 3.001220833886901018e-04
9.550000000000000000e+04 3.531234089785939383e-04 3.281330768490811189e-04 3.323773902752865544e-04 2.816527274884232006e-04
9.560000000000000000e+04 2.897538771687796846e-04 2.948336982674042259e-04 2.832021116944383426e-04 2.636120433530841803e-04
9.570000000000000000e+04 2.806034792090439031e-04 2.892926928286344910e-04 2.847297461952895902e-04 2.824996947932808720e-04
9.580000000000000000e+04 3.105016759964821806e-04 2.986604911226466911e-04 3.021382170233722817e-04 3.017871544301675224e-04
9.590000000000000000e+04 3.526470229176662322e-04 3.393510950399011307e-04 3.007623894598794850e-04 3.152975965845299599e-04
9.600000000000000000e+04 3.678302450651050703e-04 3.666900728388871309e-04 2.882806354856292047e-04 3.136517761274351841e-04
9.610000000000000000e+04 3.232783544081659858e-04 3.623632493844391924e-04 2.783937475173653246e-04 2.811128086712603546e-04
9.620000000000000000e+04 2.834681696576387311e-04 3.152444071155806197e-04 2.854550511121173566e-04 2.823891059891561143e-04
9.630000000000000000e+04 2.593523057313540988e-04 2.802091097708668890e-04 3.105194024501510986e-04 2.690598976582096865e-04
9.640000000000000000e+04 2.552695542370625741e-04 2.913217231324747290e-04 3.099917344054750937e-04 2.602447227404417374e-04
9.650000000000000000e+04 2.650645708280578586e-04 3.184934677205311301e-04 3.209153498416067061e-04 2.900353741605429998e-04
9.660000000000000000e+04 2.775312179274524202e-04 3.258472800049446176e-04 3.266370255230127500e-04 3.162477012492909178e-04
9.670000000000000000e+04 2.972497748425310927e-04 3.051400072606194830e-04 3.235711696707055818e-04 3.075124920019438714e-04
9.680000000000000000e+04 3.065791705799510093e-04 2.812745642056046851e-04 3.170771977848319424e-04 2.889849578246619206e-04
9.690000000000000000e+04 2.892259984156346692e-04 2.666162230503519074e-04 2.908427631108541616e-04 2.955117337777384240e-04
9.700000000000000000e+04 2.980527463243093584e-04 2.659670675504163611e-04 2.734571679085099662e-04 3.029654118183070866e-04
9.710000000000000000e+04 2.903781684364043002e-04 2.762826783228032905e-04 2.676651298638712227e-04 2.964183183821032406e-04
9.720000000000000000e+04 2.982961498685320046e-04 2.871565301422607653e-04 2.698275340384822629e-04 2.829734195827627425e-04
9.730000000000000000e+04 3.110928128682400131e-04 3.017837519849112644e-04 3.033482023777321363e-04 2.712133274720139359e-04
9.740000000000000000e+04 2.769645237209738013e-04 3.173225150885766450e-04 3.101227034064353355e-04 2.895629558988729586e-04
9.750000000000000000e+04 2.701565002170490089e-04 3.288003228187047337e-04 3.106514398895701950e-04 2.898567973387225103e-04
9.760000000000000000e+04 2.857841078090428075e-04 3.280522605585395974e-04 3.308877447630251007e-04 2.874278024969113550e-04
9.770000000000000000e+04 3.011001786578826507e-04 3.227929590073000811e-04 3.110190755268261108e-04 2.980105768589880687e-04
9.780000000000000000e+04 2.997467494926301084e-04 3.132325274868026492e-04 3.077694677923068986e-04 3.154437643932121336e-04
9.790000000000000000e+04 2.877956709152534528e-04 3.029708029226787645e-04 3.122404348184567723e-04 3.021648743464637769e-04
9.800000000000000000e+04 3.001107657666309035e-04 3.126870882468651340e-04 3.164615600828330627e-04 2.872316830278949192e-04
9.810000000000000000e+04 3.147807323300512742e-04 3.066104661913604925e-04 3.046451082307546888e-04 2.950913069536848930e-04
9.820000000000000000e+04 3.304480904890236682e-04 2.858039286358274159e-04 2.863172734595370952e-04 2.885385322928645923e-04
9.830000000000000000e+04 3.502801995874118787e-04 2.759237111969030940e-04 2.745756276981351071e-04 2.738278937446815401e-04
9.840000000000000000e+04 3.016078725747454374e-04 3.316976312617087507e-04 2.732637868479342370e-04 2.690972565274962281e-04
9.850000000000000000e+04 3.166142536801183627e-04 3.822792169583324475e-04 2.762041744341290337e-04 2.853830522009103169e-04
9.860000000000000000e+04 3.402876450244521345e-04 3.841762124410317961e-04 3.131154251975817740e-04 2.630102735322794455e-04
9.870000000000000000e+04 3.533780128376730941e-04 3.827342021902875417e-04 3.347289782525821413e-04 3.030358239923242980e-04
9.880000000000000000e+04 3.849532166653575832e-04 4.194231457459816751e-04 3.490258141669792639e-04 3.877052124840424754e-04
9.890000000000000000e+04 4.323483115631320526e-04 4.443736521416506539e-04 4.012699648471714474e-04 4.944067660950232168e-04
9.900000000000000000e+04 4.399504337745648117e-04 4.303571551072426691e-04 3.718703535075664293e-04 4.599778107622989084e-04
9.910000000000000000e+04 4.218635384125570204e-04 4.058841145653480586e-04 3.689001909478699512e-04 4.174947004899365343e-04
9.920000000000000000e+04 4.017404370676511539e-04 3.846792382015109461e-04 3.860749592453309302e-04 3.785798615684746941e-04
9.930000000000000000e+04 4.034695485134296594e-04 3.737732936775902629e-04 3.991051785397813968e-04 3.516721757861822448e-04
9.940000000000000000e+04 4.119554630916520297e-04 4.078473200610875237e-04 4.383615826956535145e-04 3.544593691299293705e-04
9.950000000000000000e+04 3.992484899405794227e-04 4.037831997987645621e-04 4.330883306299434924e-04 3.439846076884029401e-04
9.960000000000000000e+04 3.672641398715359700e-04 3.865525276906760081e-04 3.935001442730219384e-04 3.364524467193552430e-04
9.970000000000000000e+04 3.375566106923487191e-04 4.024124444691375970e-04 3.370628363582554984e-04 3.406939699458396689e-04
9.980000000000000000e+04 3.580942673551733096e-04 3.656470439992911669e-04 3.703561136666192648e-04 3.623036890771592282e-04
9.990000000000000000e+04 3.653087459690103106e-04 4.375659549127652913e-04 3.825549674717838486e-04 3.736965278770670580e-04
1.000000000000000000e+05 3.880310991890011411e-04 4.614776017021733970e-04 3.740411543137921917e-04 3.784400387444456014e-04
1.001000000000000000e+05 4.280447650831903611e-04 3.788688928257127539e-04 3.528168784569429210e-04 3.837073152961757282e-04
1.002000000000000000e+05 4.000558719743052246e-04 3.681471544088935326e-04 3.645522040273239820e-04 4.278571685804820053e-04
1.003000000000000000e+05 3.668447757481947528e-04 3.669076739472675432e-04 3.450366481301321998e-04 3.857219800536672381e-04
1.004000000000000000e+05 3.593725421669216017e-04 3.780174650412955885e-04 3.396871017538022450e-04 3.510401486400404345e-04
1.005000000000000000e+05 3.607397844845951804e-04 3.916332435414980129e-04 3.595103595761809019e-04 3.541570691123145762e-04
1.006000000000000000e+05 3.440346079302468397e-04 3.877259089488954312e-04 3.978798609710186172e-04 3.687751503652881516e-04
1.007000000000000000e+05 3.596485847498022458e-04 3.595501540693810984e-04 3.682586155766240680e-04 3.783219023100330451e-04
1.008000000000000000e+05 4.181887972534020781e-04 4.115950737623598867e-04 3.841092077246329502e-04 4.087140157815879679e-04
1.009000000000000000e+05 4.516706307240104992e-04 4.663480371420269770e-04 4.315795494165851668e-04 4.488883525412493830e-04
1.010000000000000000e+05 4.496341969425763133e-04 4.635410264865339803e-04 4.564818446857862237e-04 4.081244015850238587e-04
1.011000000000000000e+05 4.635678230107816112e-04 4.888429573113826920e-04 5.335615548339501558e-04 4.060916315183288132e-04
1.012000000000000000e+05 4.336091397485603819e-04 4.702158050278690835e-04 4.825679811244170509e-04 4.193922986240644266e-04
1.013000000000000000e+05 4.915255657577681427e-04 4.910424488126698822e-04 4.098157473531772337e-04 4.366264872637045540e-04
1.014000000000000000e+05 5.042703568236768562e-04 5.307163370132101776e-04 4.348081691726184746e-04 4.380503530770139646e-04
1.015000000000000000e+05 3.966073217034649665e-04 4.474693607704405209e-04 4.506978468836496453e-04 4.558926899539578496e-04
1.016000000000000000e+05 5.235478047351574925e-04 5.314231961785759314e-04 5.195027196013745014e-04 4.534530219286834075e-04
1.017000000000000000e+05 4.627825532251089681e-04 5.274980685011770041e-04 5.233683458143687526e-04 4.256879115503970734e-04
1.018000000000000000e+05 4.210317836275709151e-04 4.820956009117183185e-04 4.093755349355351209e-04 3.841554592257207207e-04
1.019000000000000000e+05 4.233569371016305096e-04 4.810473446867370695e-04 3.685471014343677347e-04 4.385765347166459445e-04
1.020000000000000000e+05 4.194545913174653560e-04 4.652014133117585637e-04 4.022835109393671743e-04 4.638895615211105234e-04
1.021000000000000000e+05 4.634264608502684465e-04 4.403166767761918410e-04 4.256461374238138754e-04 4.478111971724982169e-04
1.022000000000000000e+05 4.669016134098207481e-04 4.476315096193663303e-04 4.366255401610873014e-04 4.250868265759017209e-04
1.023000000000000000e+05 4.471100673759832852e-04 4.931808894528449993e-04 5.550882075294384264e-04 4.079063316233452470e-04
1.024000000000000000e+05 4.272825830446406905e-04 5.100032259603009014e-04 5.111330488083603348e-04 3.659356934878463708e-04
1.025000000000000000e+05 4.542538101509879648e-04 4.575642449650847146e-04 4.614899815800516006e-04 3.277502805446736171e-04
1.026000000000000000e+05 4.165998989593316980e-04 4.426210657079084911e-04 4.468682426875595064e-04 3.769383284594133698e-04
1.027000000000000000e+05 4.079976668567490239e-04 4.589673902439007371e-04 4.873452990464143442e-04 4.255420245452238171e-04
1.028000000000000000e+05 4.594438636211598003e-04 4.608454554842964760e-04 4.504097772220258099e-04 4.169901376935585447e-04
1.029000000000000000e+05 5.685127315489669868e-04 4.677199194405305053e-04 3.957595937907647438e-04 3.716333815775055521e-04
1.030000000000000000e+05 4.644463080152664821e-04 4.662279192679841559e-04 3.851763959104254694e-04 3.482598758826824237e-04
1.031000000000000000e+05 4.127021577572295144e-04 4.415050102593803903e-04 4.910009367887636488e-04 4.415793343779811906e-04
1.032000000000000000e+05 4.406118893613422617e-04 3.961161554450937138e-04 4.324060867593342342e-04 4.374224431575158656e-04
1.033000000000000000e+05 4.849255521931041587e-04 4.278277239355752592e-04 4.075317801386798785e-04 3.709825783094814183e-04
1.034000000000000000e+05 3.774530736939637251e-04 3.989890890489315159e-04 4.061245755525350509e-04 3.485700642215816981e-04
1.035000000000000000e+05 3.984362270757392391e-04 3.630705563793306875e-04 4.162764707894676692e-04 3.433713527700524575e-04
1.036000000000000000e+05 3.946655513854339914e-04 3.572565274234714024e-04 4.093347887537302117e-04 3.545236571191948669e-04
1.037000000000000000e+05 3.894622050343366014e-04 4.327396336851035410e-04 4.041039504279446285e-04 3.629406968813127655e-04
1.038000000000000000e+05 4.034476224363911945e-04 4.383966462003371315e-04 3.865964253240706237e-04 3.377962821907459930e-04
1.039000000000000000e+05 4.191862686430343531e-04 4.236672442784576178e-04 3.674758858078356932e-04 3.505050974911997166e-04
1.040000000000000000e+05 3.909834038828702025e-04 3.979336970695147944e-04 4.400880974999285869e-04 3.793948684726295524e-04
1.041000000000000000e+05 4.055305561588495259e-04 3.717170898394247776e-04 4.161007605610289551e-04 4.038750555020636027e-04
1.042000000000000000e+05 4.185957299693857862e-04 4.191683527749595628e-04 3.940688638749576477e-04 3.967299716487955098e-04
1.043000000000000000e+05 3.429814288025737046e-04 3.881144152099340935e-04 3.940546106237457049e-04 4.067785147538971685e-04
1.044000000000000000e+05 3.999952320339781263e-04 3.640470967143646995e-04 3.977061290288299959e-04 3.997172173678869905e-04
1.045000000000000000e+05 4.686005779931156148e-04 3.742622263636634795e-04 4.008383893103703859e-04 3.941863671221002268e-04
1.046000000000000000e+05 4.591356736160721029e-04 3.728674286114470405e-04 3.962730420651592905e-04 4.145801467304274009e-04
1.047000000000000000e+05 3.910613973375758751e-04 3.926043297573286045e-04 4.040826228848739404e-04 4.357872841768030002e-04
1.048000000000000000e+05 4.691731512089093010e-04 4.295695443542079566e-04 4.587650411161835130e-04 4.324605488776843139e-04
1.049000000000000000e+05 5.298177364414497327e-04 4.765896452999915833e-04 4.846008669279168934e-04 4.283251175083842787e-04
1.050000000000000000e+05 5.115778397918649932e-04 5.234676589221557786e-04 4.732632947039953908e-04 4.491033931602753993e-04
1.051000000000000000e+05 4.663796607542346944e-04 5.070381776132250372e-04 4.535237931774215850e-04 4.187890836757821012e-04
1.052000000000000000e+05 4.601292762222171221e-04 4.953489379617621348e-04 4.543170791120452372e-04 4.170180098106700825e-04
1.053000000000000000e+05 5.534411457460225664e-04 4.903879485692590624e-04 4.649625529781625799e-04 4.280543036478406276e-04
1.054000000000000000e+05 5.705182894893789762e-04 4.952591839437045160e-04 4.473533624966364382e-04 4.382325035569977368e-04
1.055000000000000000e+05 5.520738342089543402e-04 5.226064627811070592e-04 4.735743711860191936e-04 5.154329971537433865e-04
1.056000000000000000e+05 5.452022689465983382e-04 5.558637259451180111e-04 5.631757778558399213e-04 5.432508243477407895e-04
1.057000000000000000e+05 6.169143818314666008e-04 5.738927959753342559e-04 5.368791981621998458e-04 5.513787860409861442e-04
1.058000000000000000e+05 5.933132108983660887e-04 5.725357226684899296e-04 5.136909035065183229e-04 5.626680756450065353e-04
1.059000000000000000e+05 6.068401154724272850e-04 5.553056425690854753e-04 5.209239097472880952e-04 5.419517543500455793e-04
1.060000000000000000e+05 6.434403932282141024e-04 5.183320054766415302e-04 5.538763088005280296e-04 5.174606636437497319e-04
1.061000000000000000e+05 6.920556280274180617e-04 5.477466968436123240e-04 5.595793518063004986e-04 5.249281813540591837e-04
1.062000000000000000e+05 7.596244146455188515e-04 6.025601882917281608e-04 5.551558040209262192e-04 5.812717438161735424e-04
1.063000000000000000e+05 8.326628670708834806e-04 6.419167072752821491e-04 5.820792711701633588e-04 5.362435346512692703e-04
1.064000000000000000e+05 9.175057711445895820e-04 7.130592617240033007e-04 6.407410012714224307e-04 5.189191139130741332e-04
1.065000000000000000e+05 9.641058331919997006e-04 7.365678098604212755e-04 7.157405596007199037e-04 5.096044720699448565e-04
1.066000000000000000e+05 9.112430053235071005e-04 7.609890128861377962e-04 7.590326571053640243e-04 5.039476842110780178e-04
1.067000000000000000e+05 8.145379868857178379e-04 7.856102428635873764e-04 7.385643123220413152e-04 5.951617198308471399e-04
1.068000000000000000e+05 7.651703020958770893e-04 7.439115816181361262e-04 6.766204312131832805e-04 5.509698244906877486e-04
1.069000000000000000e+05 7.970283625821582806e-04 6.806627560826935880e-04 6.053067383578034002e-04 5.099277279892077330e-04
1.070000000000000000e+05 8.884066253394342109e-04 6.776218038763548012e-04 6.183679425939177243e-04 5.361152583977501227e-04
1.071000000000000000e+05 9.422519613890195699e-04 7.162605636286229708e-04 6.805966152723489119e-04 5.330650084985696794e-04
1.072000000000000000e+05 9.184303375784211906e-04 7.557228677679785804e-04 7.144753261759113731e-04 5.484195850625851526e-04
1.073000000000000000e+05 8.985320668446445747e-04 7.812620179804475500e-04 6.724206659220215892e-04 5.629262081508679041e-04
1.074000000000000000e+05 9.008240310048185517e-04 7.473771851377554107e-04 6.824167875946466526e-04 5.630844934209972485e-04
1.075000000000000000e+05 9.360114323075180648e-04 7.380671606872094351e-04 6.795869666457558800e-04 5.153208681905102530e-04
1.076000000000000000e+05 1.011605675281798200e-03 7.850600280721938429e-04 6.819321691227984506e-04 5.406952235671219544e-04
1.077000000000000000e+05 9.996227935715603849e-04 7.944427105919997598e-04 6.843333473427592323e-04 5.703190608926783905e-04
1.078000000000000000e+05 9.628772478105084454e-04 7.106561459973130285e-04 6.218711250352808176e-04 5.692275242333312817e-04
1.079000000000000000e+05 9.138872241798367494e-04 6.368787518414774319e-04 6.002554267200045516e-04 4.930226965813789197e-04
1.080000000000000000e+05 8.472337191296662679e-04 6.224327901021989642e-04 6.236501551989915779e-04 4.593597761351445475e-04
1.081000000000000000e+05 8.344148510057555670e-04 7.148988674704210688e-04 6.651201520404652345e-04 4.595636149007372795e-04
1.082000000000000000e+05 9.178596977074229054e-04 7.483479613246407777e-04 6.499173277174408224e-04 4.879130641626804607e-04
1.083000000000000000e+05 9.621735884771753875e-04 7.961095028195357137e-04 6.882767165969563969e-04 5.290762417259179968e-04
1.084000000000000000e+05 9.241834763551628595e-04 8.003512013823928933e-04 6.859559835742923533e-04 5.710835432961655503e-04
1.085000000000000000e+05 9.432994323379356163e-04 7.258097712987683463e-04 6.502031127269009697e-04 5.616191367507281096e-04
1.086000000000000000e+05 8.132660198888887020e-04 7.097950413817084338e-04 6.101070731630853228e-04 5.071148500336498293e-04
1.087000000000000000e+05 7.064235206659996496e-04 6.499605305387855291e-04 5.949920654043440752e-04 5.024463282303664232e-04
1.088000000000000000e+05 6.269906620919273033e-04 5.763254547344953205e-04 5.576768686945364484e-04 4.936318839057797503e-04
1.089000000000000000e+05 5.632220884092382050e-04 5.158321222415180457e-04 5.571346618239206815e-04 4.759062557125255427e-04
1.090000000000000000e+05 6.725224035485433734e-04 5.147978572012980054e-04 6.403834027882096980e-04 4.651606366481609461e-04
1.091000000000000000e+05 6.785155526440998395e-04 5.523107684620709706e-04 6.235523493994288595e-04 5.237537375242352173e-04
1.092000000000000000e+05 5.897565828704887277e-04 5.360574806191076031e-04 5.413903128837547042e-04 5.053182610650308560e-04
1.093000000000000000e+05 4.771224958236677306e-04 4.982543448118851573e-04 5.002872950854363133e-04 4.815456210579608623e-04
1.094000000000000000e+05 4.959588049524226534e-04 4.888464810616899693e-04 5.399150275497540058e-04 4.648208587170433938e-04
1.095000000000000000e+05 5.020670028851883203e-04 4.969105531689271523e-04 5.215784212107013812e-04 4.458137941602994614e-04
1.096000000000000000e+05 4.857846477892509068e-04 4.581841869309497667e-04 5.040429428465933439e-04 4.427087462574149572e-04
1.097000000000000000e+05 4.839356326268638795e-04 4.042882323977751123e-04 4.974094478523831972e-04 4.474563310467687669e-04
1.098000000000000000e+05 5.123052362121802497e-04 3.665951536517903972e-04 4.921884246997715101e-04 4.544730515897855549e-04
1.099000000000000000e+05 4.988005187882548494e-04 4.093939406094319520e-04 4.443233202600462874e-04 4.527750339190253449e-04
1.100000000000000000e+05 4.599594647179273531e-04 4.228687408265694868e-04 4.242937341243543090e-04 4.533107419033651940e-04
1.101000000000000000e+05 4.445303176548673634e-04 4.218289074676726891e-04 4.525623737283988629e-04 4.349375514753078971e-04
1.102000000000000000e+05 4.377444998078630677e-04 4.125199756689879016e-04 4.776839535856846047e-04 4.029053820774590325e-04
1.103000000000000000e+05 4.038936110888446777e-04 4.010386291825918689e-04 3.923668160588305947e-04 3.761552738630587287e-04
1.104000000000000000e+05 4.243668222935363991e-04 4.219020946788617425e-04 3.939423267753125284e-04 3.759242979645848913e-04
1.105000000000000000e+05 3.920856310335123066e-04 3.944808666024864985e-04 3.871460765486112502e-04 3.812811220671021104e-04
1.106000000000000000e+05 3.480818827074061146e-04 3.557632687852127170e-04 3.654325046171212621e-04 3.787721442298177979e-04
1.107000000000000000e+05 3.222719922181169726e-04 3.339619095254117145e-04 3.300874355659212341e-04 3.462695611714285138e-04
1.108000000000000000e+05 3.427430706544360318e-04 3.178221903361747123e-04 3.783635537547067984e-04 3.599166932838979019e-04
1.109000000000000000e+05 3.465495710723376713e-04 3.374150117380906775e-04 3.804945990141780422e-04 3.610347705532245661e-04
1.110000000000000000e+05 3.517190634392870926e-04 3.481523237742705336e-04 3.709286716744292071e-04 3.699267807629156050e-04
1.111000000000000000e+05 3.642215993493793931e-04 3.576418039142903482e-04 3.752883405970231759e-04 4.317117341884630505e-04
1.112000000000000000e+05 3.848917981853892554e-04 4.184406863140488443e-04 4.005368045703955522e-04 3.838512300577110489e-04
1.113000000000000000e+05 3.855689653772046950e-04 3.938792596464029305e-04 4.140198644679735042e-04 3.591911402798656015e-04
1.114000000000000000e+05 3.927569954645353115e-04 3.786740484934924384e-04 4.015762092285956090e-04 3.683792320347104607e-04
1.115000000000000000e+05 4.176875806928276725e-04 3.819462669854255536e-04 3.742039783318402177e-04 4.141095431937889012e-04
1.116000000000000000e+05 4.470176720503370583e-04 4.046437474610724153e-04 4.086088295815269830e-04 4.275995227846577100e-04
1.117000000000000000e+05 4.475983507094075933e-04 4.498226137477898449e-04 4.127535194102633590e-04 4.040212608814118100e-04
1.118000000000000000e+05 4.309848740252322135e-04 4.165479470114825467e-04 4.144238116373488820e-04 3.861307819324695024e-04
1.119000000000000000e+05 4.410104247465309506e-04 4.176943493389289621e-04 4.338524850574073050e-04 4.303541085814287671e-04
1.120000000000000000e+05 4.626031590402002419e-04 4.791272082166613965e-04 5.055578339406859413e-04 4.608849329955559226e-04
1.121000000000000000e+05 4.888950165048560085e-04 5.026656785964494448e-04 5.089282337358685135e-04 4.671294219745845532e-04
1.122000000000000000e+05 5.412120184867680057e-04 5.214291044715584772e-04 5.303432475635289902e-04 4.827920096750275519e-04
1.123000000000000000e+05 6.225175067944468520e-04 5.447131324310118495e-04 5.505662127468983862e-04 5.466246414642936865e-04
1.124000000000000000e+05 5.909199539031468728e-04 5.369047572054710081e-04 5.287099585927663992e-04 5.086752227819672355e-04
1.125000000000000000e+05 5.233696764544362853e-04 4.452970837377255098e-04 4.536266261481869530e-04 5.084987510300555515e-04
1.126000000000000000e+05 5.438273526126051124e-04 4.368985871456117697e-04 4.381929537604499665e-04 5.056011852714592525e-04
1.127000000000000000e+05 4.546063371250908414e-04 4.475725093405659568e-04 4.331253136959550875e-04 4.585877715351534658e-04
1.128000000000000000e+05 4.604936423106144425e-04 4.596875223850520635e-04 3.987071433061681368e-04 4.044564819237514257e-04
1.129000000000000000e+05 4.984084226274179685e-04 4.599705320071455065e-04 4.425203507384383589e-04 4.374259025630407652e-04
1.130000000000000000e+05 5.253082937201813615e-04 4.407974714201101304e-04 4.963300403132664103e-04 4.960742839380471135e-04
1.131000000000000000e+05 4.999993474639210199e-04 3.953516003218637831e-04 5.095821405721849291e-04 5.250350687967340196e-04
1.132000000000000000e+05 4.826096674804854344e-04 4.188237482161233068e-04 4.710284034031326388e-04 4.721081271451459203e-04
1.133000000000000000e+05 4.700388328120737942e-04 4.684334241182859342e-04 4.755987709333217746e-04 4.614614720902635069e-04
1.134000000000000000e+05 4.553911036656543799e-04 3.965556830575557622e-04 4.636601961282821424e-04 4.646920544846338749e-04
1.135000000000000000e+05 4.330883260513914367e-04 3.922019760927425024e-04 4.387981710527228850e-04 4.586001348112465643e-04
1.136000000000000000e+05 4.044783004911617916e-04 3.913808762654000131e-04 4.149280843031668328e-04 4.088598434757997543e-04
1.137000000000000000e+05 3.989405613091500649e-04 4.027654045495786478e-04 4.331859242880598199e-04 4.246064527364253418e-04
1.138000000000000000e+05 4.147746333909345059e-04 4.345283003723440199e-04 4.160928148409505866e-04 4.331485375776834932e-04
1.139000000000000000e+05 4.545155443719762155e-04 4.491952207289813689e-04 4.321713220188976782e-04 3.995154246539018585e-04
1.140000000000000000e+05 5.216333041795541284e-04 4.335592172558292942e-04 4.533105912913744330e-04 5.126743759481095213e-04
1.141000000000000000e+05 4.093800330010392255e-04 4.270987730303167835e-04 4.088511768079091399e-04 4.589395996969874406e-04
1.142000000000000000e+05 3.946141103029801827e-04 4.385827541769690544e-04 4.699189669085296925e-04 3.916849292706976087e-04
1.143000000000000000e+05 4.566851734750814362e-04 4.446574310289876162e-04 4.488928001935395739e-04 3.957485982914167003e-04
1.144000000000000000e+05 5.439600638781997297e-04 4.324397158663787193e-04 4.105526528131927264e-04 4.361954973825093182e-04
1.145000000000000000e+05 5.153162000594299977e-04 3.924470691540844552e-04 4.340013244578875260e-04 4.025731533816952938e-04
1.146000000000000000e+05 4.375157961413149031e-04 3.539912912932924446e-04 3.891116051052808051e-04 3.722862507435496684e-04
1.147000000000000000e+05 4.189820760107472106e-04 3.566527197210241518e-04 3.684929761204757304e-04 3.775618680047358494e-04
1.148000000000000000e+05 4.132568136907140122e-04 3.720798239657522222e-04 3.646957926508854163e-04 3.643391789778952579e-04
1.149000000000000000e+05 3.589530611989322239e-04 3.750010565483534257e-04 3.689856497951686867e-04 3.950134763828788849e-04
1.150000000000000000e+05 3.767494180460971499e-04 3.798159149870899282e-04 3.502194988389749851e-04 4.087995659656161701e-04
1.151000000000000000e+05 3.722108370256179137e-04 3.903531098050597604e-04 3.776559647259132655e-04 3.881492998594971095e-04
1.152000000000000000e+05 3.795730269511337273e-04 3.817283255991372939e-04 4.017743049663157428e-04 3.934395883112334273e-04
1.153000000000000000e+05 3.959755949721600974e-04 3.876341105767533565e-04 4.100289562073153662e-04 4.186760000960037587e-04
1.154000000000000000e+05 3.857071456622865389e-04 4.295396280625863087e-04 4.302865680516596860e-04 4.397252136297830484e-04
1.155000000000000000e+05 4.369127199365881219e-04 4.765225316456105130e-04 4.694571254728008248e-04 4.479083939345510036e-04
1.156000000000000000e+05 4.542064236088180209e-04 4.604274981995387130e-04 4.737525527755981629e-04 4.453477448511458398e-04
1.157000000000000000e+05 4.384495623848638736e-04 4.336285734562694795e-04 4.586883180509179151e-04 3.949097319361630286e-04
1.158000000000000000e+05 4.227510551599410324e-04 4.914318121900386038e-04 4.866745338483423593e-04 4.152938065775812104e-04
1.159000000000000000e+05 5.673019090542419113e-04 5.593054038783252732e-04 5.071464125971928338e-04 5.182585703849965694e-04
1.160000000000000000e+05 5.277854605777684317e-04 5.766423962222211970e-04 5.713092492747945872e-04 5.791782579509024628e-04
1.161000000000000000e+05 5.297429225609741592e-04 6.017648637890812445e-04 6.262218243898747721e-04 5.821469590143873996e-04
1.162000000000000000e+05 5.799203877150621404e-04 5.196704732691957143e-04 5.943338387559103783e-04 5.330954623935525152e-04
1.163000000000000000e+05 6.123358413648201382e-04 4.808610986939042481e-04 4.919170859754462988e-04 4.632835967721464997e-04
1.164000000000000000e+05 5.175200597038598490e-04 4.959110646534688064e-04 4.822498033867727131e-04 4.899634089980234352e-04
1.165000000000000000e+05 5.226263260447158504e-04 4.442790834555497147e-04 5.084796287352797090e-04 4.599600337520589081e-04
1.166000000000000000e+05 5.402468210632748553e-04 5.396251189547155011e-04 5.189135276114961292e-04 4.590994240538402498e-04
1.167000000000000000e+05 5.208184332197458161e-04 5.237396494762866159e-04 4.895855801565174000e-04 4.725277745559263798e-04
1.168000000000000000e+05 4.492923442424461337e-04 4.411726248106191879e-04 4.425198460584680725e-04 3.828684713635047815e-04
1.169000000000000000e+05 3.805125601883130597e-04 3.805914613566968802e-04 4.159866834034693650e-04 3.827126241802320276e-04
1.170000000000000000e+05 3.786788354524264462e-04 3.742787778568708442e-04 4.196741248745230828e-04 3.955206626381588698e-04
1.171000000000000000e+05 4.059059112975893892e-04 3.787287988903877589e-04 4.017999303361545157e-04 4.062239443056647401e-04
1.172000000000000000e+05 4.152564035726345900e-04 3.856529451473288367e-04 3.964818223384610125e-04 4.149114774931980426e-04
1.173000000000000000e+05 3.980569736056698113e-04 4.032417591548717074e-04 4.404031735809754038e-04 4.647812278924183093e-04
1.174000000000000000e+05 4.387046673225144600e-04 4.874729126847662753e-04 4.960926498892767860e-04 4.716168468048961750e-04
1.175000000000000000e+05 4.992828558445016945e-04 4.715621057567947290e-04 4.215107536833228316e-04 4.286551620866614837e-04
1.176000000000000000e+05 4.991942243328809439e-04 3.960143503499641889e-04 3.728979680199171181e-04 3.518741702890990780e-04
1.177000000000000000e+05 3.061707264189518236e-04 3.039468279768983401e-04 2.937314618439016475e-04 2.896469455026319290e-04
1.178000000000000000e+05 3.259602376341749546e-04 2.552477706240868457e-04 2.321959663430308587e-04 2.707892639997832012e-04
1.179000000000000000e+05 3.101038853530163728e-04 2.707810857993577934e-04 2.837409085823371785e-04 2.756508725896855715e-04
1.180000000000000000e+05 2.993329578213975266e-04 3.039480421842924202e-04 3.227143873609205618e-04 2.545161845098423419e-04
1.181000000000000000e+05 3.092320731557262107e-04 3.095940363792547018e-04 2.841751258406876516e-04 2.643666376891796554e-04
1.182000000000000000e+05 2.662152635323082649e-04 2.624984407569459755e-04 2.399245907416424272e-04 2.561776099023924894e-04
1.183000000000000000e+05 2.419246845930573967e-04 2.192307012310236870e-04 2.630189242661838873e-04 2.379767940212822771e-04
1.184000000000000000e+05 2.214764629127065852e-04 2.028062997643380360e-04 2.343713631374534667e-04 2.341914182585932275e-04
1.185000000000000000e+05 2.160088881567427135e-04 2.147866048117372457e-04 2.085689250485668394e-04 2.160480330506077580e-04
1.186000000000000000e+05 2.391200991645031073e-04 2.365578239221968043e-04 1.965162243524676885e-04 2.118349578076889745e-04
1.187000000000000000e+05 2.220744778349318077e-04 2.207488708034219867e-04 2.000672830768104806e-04 2.123879431240427006e-04
1.188000000000000000e+05 2.114688843725144856e-04 2.063279362758716298e-04 1.807048746907742478e-04 1.992483563858733005e-04
1.189000000000000000e+05 2.168731992126868150e-04 1.967187437013895302e-04 1.755243432677676537e-04 2.016407821883132523e-04
1.190000000000000000e+05 2.336113738528238848e-04 1.986274404058457378e-04 1.731429083964718303e-04 2.030963059795373022e-04
1.191000000000000000e+05 2.380700282539385793e-04 2.154987819058979141e-04 1.760180066331937037e-04 2.157165369763283853e-04
1.192000000000000000e+05 2.159897128719282444e-04 1.985755364223541427e-04 2.095711506986496614e-04 2.580949432723172966e-04
1.193000000000000000e+05 2.020785126142544692e-04 1.886266076322014784e-04 2.031484120046884773e-04 2.199718559697467005e-04
1.194000000000000000e+05 2.014182938755101644e-04 1.975954022304329425e-04 1.929256944291065441e-04 1.982418489003439147e-04
1.195000000000000000e+05 2.110867964989321627e-04 2.174380433876384265e-04 1.921246728271523425e-04 1.863655536662938241e-04
1.196000000000000000e+05 1.978865256944202684e-04 1.974471833538843032e-04 2.141645143087333558e-04 1.718963604338170112e-04
1.197000000000000000e+05 1.901106452892084684e-04 2.093770598712108651e-04 2.125647596427535329e-04 1.792604951270562860e-04
1.198000000000000000e+05 2.223404410944466287e-04 2.345919445973081456e-04 2.231625741031101600e-04 2.081405237264652409e-04
1.199000000000000000e+05 2.660057957696467228e-04 2.500050944532820852e-04 2.380402771891256745e-04 2.386777562393195030e-04
