9.000000000000000000e+04 7.798214256763458252e-02 7.905845344066619873e-02 7.714202255010604858e-02 8.800758421421051025e-02 9.604363888502120972e-02 1.023649275302886963e-01
9.010000000000000000e+04 1.001059599220752716e-01 9.951579757034720308e-02 9.770132616162455208e-02 1.014940372109421340e-01 1.240384784340872459e-01 1.284258897602583160e-01
9.020000000000000000e+04 8.281820714473724088e-02 8.347460418939429971e-02 8.048647632201599844e-02 9.957861870527356940e-02 1.046198868751522931e-01 1.130791971087467679e-01
9.030000000000000000e+04 7.483232155442237632e-02 7.629820562899070069e-02 7.254903472960064215e-02 8.238805726170576882e-02 9.227567225694432995e-02 9.569999694824432579e-02
9.040000000000000000e+04 1.284386557340621848e-01 1.297265738248793432e-01 1.234716658790879773e-01 1.209401917457567505e-01 1.618843132257471451e-01 1.654015266895284275e-01
9.050000000000000000e+04 1.567829370498655950e-01 1.602717496454718615e-01 1.537965036928652940e-01 1.585902616381645314e-01 1.956138312816618485e-01 2.046287901699541667e-01
9.060000000000000000e+04 1.123787239193916321e-01 1.162185038626209199e-01 1.144882228970529464e-01 1.273752544820289656e-01 1.423045700788484746e-01 1.532131330668884961e-01
9.070000000000000000e+04 7.677782192826271279e-02 7.739754699170574292e-02 7.621294950445495209e-02 8.509640842676238770e-02 9.261481851339366245e-02 1.001550702750685501e-01
9.080000000000000000e+04 7.471223711967468761e-02 7.452609002590186715e-02 7.347188413143182495e-02 7.798502683639534083e-02 9.132288128137598660e-02 9.623011082410837247e-02
9.090000000000000000e+04 7.946958586573601990e-02 7.960337109863743765e-02 7.822084389626965395e-02 8.233174845576277101e-02 9.767615675926175078e-02 1.024921789020297458e-01
9.100000000000000000e+04 8.556071519851685125e-02 8.578002303838701270e-02 8.427124693989776483e-02 8.860401138663291654e-02 1.052887186408044962e-01 1.103560335934164471e-01
9.110000000000000000e+04 9.156701177358626820e-02 9.206131041049961383e-02 9.027178990344179865e-02 9.515106335282354222e-02 1.128791144490238763e-01 1.183191767334938471e-01
9.120000000000000000e+04 9.825159251689910556e-02 9.901577770709958648e-02 9.705495893955243258e-02 1.020827785134313381e-01 1.213255280256274327e-01 1.272440546751022750e-01
9.130000000000000000e+04 1.047731724381446849e-01 1.057697413861754254e-01 1.035634575039150879e-01 1.092204775661232002e-01 1.294703322648999566e-01 1.356624777615075550e-01
9.140000000000000000e+04 1.103323903679847146e-01 1.116667602956294691e-01 1.092279559870560773e-01 1.154764428734778858e-01 1.363402420282366634e-01 1.429304832220076316e-01
9.150000000000000000e+04 1.153995536267757444e-01 1.168597031384706886e-01 1.144436709582805217e-01 1.208991985768079758e-01 1.428135007619855956e-01 1.497723810374739506e-01
9.160000000000000000e+04 1.204153966903686590e-01 1.221062999963762191e-01 1.192589607834814713e-01 1.260461613535883707e-01 1.488764649629595871e-01 1.561259484291073751e-01
9.170000000000000000e+04 1.256026795506477445e-01 1.274176925420759943e-01 1.243448858956497927e-01 1.319603961706160011e-01 1.552964240312574573e-01 1.632369168102742740e-01
9.180000000000000000e+04 1.322524631023407615e-01 1.344460552930827890e-01 1.307028126716613114e-01 1.391568270325663215e-01 1.637504845857624403e-01 1.722745376825335073e-01
9.190000000000000000e+04 1.511538577079772905e-01 1.542289020121105081e-01 1.480791602532075535e-01 1.577684189379214841e-01 1.883859878778451069e-01 1.952271394431589480e-01
9.200000000000000000e+04 2.074664533138275146e-01 2.109697043895700230e-01 2.030868033568024866e-01 2.075343996286392323e-01 2.583545595407537032e-01 2.668752133846333807e-01
9.210000000000000000e+04 2.638846170902252042e-01 2.719096791744244901e-01 2.607353350520131285e-01 2.666347500681897076e-01 3.293647813796993229e-01 3.400905326008784035e-01
9.220000000000000000e+04 2.868285942077636874e-01 2.962495285272600531e-01 2.829868191480642836e-01 2.943052005767816670e-01 3.553425252437598658e-01 3.705093097686771864e-01
9.230000000000000000e+04 2.944975495338439386e-01 3.038923180103302313e-01 2.906975492835043862e-01 3.036540895700456377e-01 3.634190869331359597e-01 3.797431227564809775e-01
9.240000000000000000e+04 2.954029870033264005e-01 3.052684307098388894e-01 2.917818784713744895e-01 3.061546683311462402e-01 3.648726713657378662e-01 3.817347848415375000e-01
9.250000000000000000e+04 2.953821271657943726e-01 3.053768128156661987e-01 2.915187006195386621e-01 3.054185882210731506e-01 3.651927113533020020e-01 3.816963881254195612e-01
9.260000000000000000e+04 2.926328158378601052e-01 3.019169396162034169e-01 2.889312247435251724e-01 3.037842404842375776e-01 3.623737967014311612e-01 3.787497645616531572e-01
9.270000000000000000e+04 2.893656516075133744e-01 2.985633286833760947e-01 2.861563271284104371e-01 3.018519279360771801e-01 3.581237471103667636e-01 3.747888061404224813e-01
9.280000000000000000e+04 2.852465593814849654e-01 2.942548763751983709e-01 2.831392383575438987e-01 2.995199143886566051e-01 3.537079775333403231e-01 3.702634763717650435e-01
9.290000000000000000e+04 2.878340256214141912e-01 2.968175524473190552e-01 2.860884804526965253e-01 3.014849239587784058e-01 3.567189037799835538e-01 3.728787827491760742e-01
9.300000000000000000e+04 2.864786207675933949e-01 2.956155091524123035e-01 2.851661086082460383e-01 3.015750855207443015e-01 3.545269548892973077e-01 3.717426717281342441e-01
9.310000000000000000e+04 2.799370151758193703e-01 2.884659674763681014e-01 2.795379820466039056e-01 2.968202388286586002e-01 3.469155871868132013e-01 3.636226287484168873e-01
9.320000000000000000e+04 2.701786959171295632e-01 2.781329238414767535e-01 2.706145219008133096e-01 2.891304278373720282e-01 3.351496684551243943e-01 3.515074682235711512e-01
9.330000000000000000e+04 2.654332894086837702e-01 2.724434125423431108e-01 2.655481570959091209e-01 2.827842795848845014e-01 3.286616015434264959e-01 3.441657301783562217e-01
9.340000000000000000e+04 2.614658439159393555e-01 2.690663337707522862e-01 2.618668244282402191e-01 2.799710178375243164e-01 3.230695378780370497e-01 3.387955456972117640e-01
9.350000000000000000e+04 2.595260888338088989e-01 2.664084389805795872e-01 2.601087351640065104e-01 2.772632345557212719e-01 3.210579037666323465e-01 3.355239853262897420e-01
9.360000000000000000e+04 2.672192287445069869e-01 2.742306053638458585e-01 2.674373006820677245e-01 2.847606897354131306e-01 3.307488918304439252e-01 3.457610666751863571e-01
9.370000000000000000e+04 2.789136165380478039e-01 2.860824155807489277e-01 2.783804580569264053e-01 2.944637498259541353e-01 3.448458087444310483e-01 3.596694451570511264e-01
9.380000000000000000e+04 2.814919447898864835e-01 2.899634057283400623e-01 2.809872692823408569e-01 2.989157629013061146e-01 3.475459837913515981e-01 3.638051724433899459e-01
9.390000000000000000e+04 2.723463290929794556e-01 2.796160289645195363e-01 2.726358082890512069e-01 2.920595067739484296e-01 3.360435390472408246e-01 3.519288370013228806e-01
9.400000000000000000e+04 2.678009510040283425e-01 2.749642610549927202e-01 2.681664486726125229e-01 2.870182275772094616e-01 3.305076241493225542e-01 3.463711082935333474e-01
9.410000000000000000e+04 2.727569562196731079e-01 2.806002098321919713e-01 2.718144481380790900e-01 2.896681186556822052e-01 3.365382909774787268e-01 3.510226902365690127e-01
9.420000000000000000e+04 2.819463992118835249e-01 2.897015583515167303e-01 2.812566167116164473e-01 2.986806279420852750e-01 3.474176156520843994e-01 3.633074986934657913e-01
9.430000000000000000e+04 2.774304521083831854e-01 2.851592755317692851e-01 2.775452055533725315e-01 2.960609486699102844e-01 3.419880330562587445e-01 3.580746918916701271e-01
9.440000000000000000e+04 2.663014423847198664e-01 2.740011823177334049e-01 2.669261781374618892e-01 2.864328479766854452e-01 3.276215720176700597e-01 3.437776398658747845e-01
9.450000000000000000e+04 2.483214274048804460e-01 2.551491662859920462e-01 2.501249447464939379e-01 2.704249352216720470e-01 3.058563888072960979e-01 3.202467486262322582e-01
9.460000000000000000e+04 2.448110437393188343e-01 2.507160806655883700e-01 2.463305266698201657e-01 2.642841285467147361e-01 3.005155885219573664e-01 3.148748397827147993e-01
9.470000000000000000e+04 2.452938616275787409e-01 2.512033584713935785e-01 2.465049157540003533e-01 2.641889876127243020e-01 3.013439762592315940e-01 3.152573746442794422e-01
9.480000000000000000e+04 2.457582914829254117e-01 2.515437567234039551e-01 2.470094168186187655e-01 2.652482712268829368e-01 3.018695235252380482e-01 3.158644616603851207e-01
9.490000000000000000e+04 2.455598118901252680e-01 2.514015182852745167e-01 2.469337267676989245e-01 2.644870188832282865e-01 3.013222050666808927e-01 3.154989081621170088e-01
9.500000000000000000e+04 2.452428638935089111e-01 2.511586397886276245e-01 2.463998446861902780e-01 2.647549211978912354e-01 3.011404573917388916e-01 3.150412887334823608e-01
9.510000000000000000e+04 2.459987547993660040e-01 2.518684726953505093e-01 2.470112890005111139e-01 2.651580029726027798e-01 3.021905696392059859e-01 3.157358497381211326e-01
9.520000000000000000e+04 2.482893234491348189e-01 2.541575992107392712e-01 2.487383806705475153e-01 2.676053583621978427e-01 3.047224140167236750e-01 3.185136783123015958e-01
9.530000000000000000e+04 2.585475015640258944e-01 2.641162756085393970e-01 2.581523291269929299e-01 2.765374183654789042e-01 3.172503530979143282e-01 3.321291035413752035e-01
9.540000000000000000e+04 2.819563221931457586e-01 2.886782473325728571e-01 2.811752718687058894e-01 2.980496978759752391e-01 3.473137521743777656e-01 3.608310359716406235e-01
9.550000000000000000e+04 2.868057221174240556e-01 2.950694859027860328e-01 2.859436616301535561e-01 3.058932140469551308e-01 3.528939723968503861e-01 3.693130999803543313e-01
9.560000000000000000e+04 2.794039559364318581e-01 2.871918165683748358e-01 2.789807411034903040e-01 3.001086080074306661e-01 3.436180603504179198e-01 3.599157857894899615e-01
9.570000000000000000e+04 2.770621699094772405e-01 2.842767512798307639e-01 2.765048345923425965e-01 2.974309307336805985e-01 3.402738201618191738e-01 3.559534546732902038e-01
9.580000000000000000e+04 2.800945854187011919e-01 2.873316216468811413e-01 2.797388039032617235e-01 3.003082358837128596e-01 3.450773191452027322e-01 3.607209748029710505e-01
9.590000000000000000e+04 2.807049834728240767e-01 2.877323874831201334e-01 2.803302945693332826e-01 3.012548449635505388e-01 3.452424538135530629e-01 3.612581184506417076e-01
9.600000000000000000e+04 2.790138185024261253e-01 2.860673367977143444e-01 2.794126510620115744e-01 3.007876455783843883e-01 3.443017661571504129e-01 3.604331791400910423e-01
9.610000000000000000e+04 2.795935577154159413e-01 2.878923547267913663e-01 2.809179155031839570e-01 3.011795228719713058e-01 3.462457847595215576e-01 3.621359118819243994e-01
9.620000000000000000e+04 2.651779496669769420e-01 2.717184478044511464e-01 2.653704736630113636e-01 2.892245864868168148e-01 3.281107175350181371e-01 3.440838307142256025e-01
9.630000000000000000e+04 2.597894513607028055e-01 2.661519533395771409e-01 2.603322887420653764e-01 2.824652847647670662e-01 3.214813745021815050e-01 3.364644986391067127e-01
9.640000000000000000e+04 2.795670723915100186e-01 2.853766119480131702e-01 2.797319579124454836e-01 2.995026493072497353e-01 3.435959792137157631e-01 3.576929628849024323e-01
9.650000000000000000e+04 3.009103387594223022e-01 3.087999075651158831e-01 2.997776125868155117e-01 3.200984641909599415e-01 3.691135108470910420e-01 3.846163183450708734e-01
9.660000000000000000e+04 3.127531957626342729e-01 3.222118532657626266e-01 3.108830082416534912e-01 3.306407445669173328e-01 3.817688047885895442e-01 3.984467566013334960e-01
9.670000000000000000e+04 2.990648567676544300e-01 3.076279631257062275e-01 2.975068024794256805e-01 3.213945713639265733e-01 3.649320328235634014e-01 3.832554042339317846e-01
9.680000000000000000e+04 2.762538635730742986e-01 2.838574707508084716e-01 2.766575153668721088e-01 3.003262233734126929e-01 3.379222190380086199e-01 3.542514133453382175e-01
9.690000000000000000e+04 2.651448929309844771e-01 2.723035201430318297e-01 2.654172405600551676e-01 2.883223426342017004e-01 3.240942692756655363e-01 3.399735084176063737e-01
9.700000000000000000e+04 2.588345408439636230e-01 2.646214812994003851e-01 2.589226573705673551e-01 2.806406050920486339e-01 3.164900243282317005e-01 3.312164038419723178e-01
9.710000000000000000e+04 2.611881697177886874e-01 2.669504600763318858e-01 2.611917478839560491e-01 2.829221090674399752e-01 3.197616183757780450e-01 3.337417447566984885e-01
9.720000000000000000e+04 2.722155773639678977e-01 2.783579313755036866e-01 2.729085886478422873e-01 2.920495057106015646e-01 3.343643605709082367e-01 3.482071018218999559e-01
9.730000000000000000e+04 2.723694026470184770e-01 2.796044337749481468e-01 2.725068209568658473e-01 2.955911201238631825e-01 3.349975621700286843e-01 3.504800420999528709e-01
9.740000000000000000e+04 2.745491743087768444e-01 2.813315582275392468e-01 2.740682377417880677e-01 2.959968918561933782e-01 3.368557429313663310e-01 3.520401132106781850e-01
9.750000000000000000e+04 2.796933501958847046e-01 2.867763787508010864e-01 2.789371833205223083e-01 3.011334389448165894e-01 3.437913954257965088e-01 3.582936227321621980e-01
9.760000000000000000e+04 2.838901054859161444e-01 2.914512026309968862e-01 2.835572103659312893e-01 3.055560779571532826e-01 3.488262474536898972e-01 3.636937630176543257e-01
9.770000000000000000e+04 2.868295687437056873e-01 2.942653274536132790e-01 2.859003722667695091e-01 3.086254659295082359e-01 3.517742526531218994e-01 3.680550679564474348e-01
9.780000000000000000e+04 2.850448417663574152e-01 2.920031297206878707e-01 2.844811213016510965e-01 3.082703435420990346e-01 3.497768533229827503e-01 3.657264465093612582e-01
9.790000000000000000e+04 2.860065793991088956e-01 2.929759559035300942e-01 2.850688446561495670e-01 3.088419917225837530e-01 3.506535601615906050e-01 3.668783926963806175e-01
9.800000000000000000e+04 2.872675299644470437e-01 2.938075423240662509e-01 2.857615868250529823e-01 3.095041275024413840e-01 3.523294329643250622e-01 3.679001033306118496e-01
9.810000000000000000e+04 2.946940147876741523e-01 3.012439635396002013e-01 2.928821969032284755e-01 3.156679755449295355e-01 3.606045234203340000e-01 3.764085963368415944e-01
9.820000000000000000e+04 2.984738838672638117e-01 3.053299522399894883e-01 2.953891454140345485e-01 3.173935675621034624e-01 3.630936563014993679e-01 3.783889847993845978e-01
9.830000000000000000e+04 2.831992912292480291e-01 2.888670635223385408e-01 2.797497561573973890e-01 3.070859661698339682e-01 3.452577614784237414e-01 3.621498140692711587e-01
9.840000000000000000e+04 2.887241625785827437e-01 2.949886691570277608e-01 2.867375028133389847e-01 3.094629383087154073e-01 3.522861659526819178e-01 3.677045261859899217e-01
9.850000000000000000e+04 2.933467924594879150e-01 2.996442690491676331e-01 2.906827886899312485e-01 3.152080088853835838e-01 3.576827585697173184e-01 3.736675098538398965e-01
9.860000000000000000e+04 2.950887453556060858e-01 3.012422096729279741e-01 2.932636000712707802e-01 3.177929085493088057e-01 3.596744430065152431e-01 3.759398072957995107e-01
9.870000000000000000e+04 3.086484408378599165e-01 3.153449061512941798e-01 3.041441848874092968e-01 3.281532177329061217e-01 3.737178230285647107e-01 3.904699257016185365e-01
9.880000000000000000e+04 3.147804081439972146e-01 3.213041353225712382e-01 3.094870670636495347e-01 3.346113574504854249e-01 3.811664104461665592e-01 3.973436796665191229e-01
9.890000000000000000e+04 3.271613311767578303e-01 3.340595653653143926e-01 3.194984830419222432e-01 3.432353165745731238e-01 3.938337814807895687e-01 4.101559340953826460e-01
9.900000000000000000e+04 3.385728895664215088e-01 3.461175322532647480e-01 3.292585760355000724e-01 3.520639985799789429e-01 4.045147180557247535e-01 4.210238039493558460e-01
9.910000000000000000e+04 3.423849827051163031e-01 3.503087568283078657e-01 3.318684224287670737e-01 3.553000003099441306e-01 4.075050115585324151e-01 4.245903247594832730e-01
9.920000000000000000e+04 3.394681608676910489e-01 3.462237739562988303e-01 3.299390522638961376e-01 3.547310304641722034e-01 4.051716971397397171e-01 4.224848139286042636e-01
9.930000000000000000e+04 3.492099422216415339e-01 3.565940135717391435e-01 3.412630200386048696e-01 3.622365811467171959e-01 4.149304676055912133e-01 4.317665746808052041e-01
9.940000000000000000e+04 3.466922533512115656e-01 3.538213461637496615e-01 3.381612163782119485e-01 3.633695101737974831e-01 4.115134036540985529e-01 4.296762770414354615e-01
9.950000000000000000e+04 3.523914664983751055e-01 3.591903418302532791e-01 3.454367071390144761e-01 3.682356953620910534e-01 4.167317330837255751e-01 4.339526385068891989e-01
9.960000000000000000e+04 3.553462636470794411e-01 3.626224720478060659e-01 3.452629852294922252e-01 3.691996586322783824e-01 4.196092104911804954e-01 4.379573404788967839e-01
9.970000000000000000e+04 3.507957577705383412e-01 3.575544545054435974e-01 3.402636549870173277e-01 3.655397593975067139e-01 4.163783669471740612e-01 4.337725752592087591e-01
9.980000000000000000e+04 3.542579972743988281e-01 3.611503255367277121e-01 3.438519010941186171e-01 3.670862483978272195e-01 4.206180047988891113e-01 4.373275059461594894e-01
9.990000000000000000e+04 3.479701304435723341e-01 3.542885816097255391e-01 3.365868285298339591e-01 3.630684775114064178e-01 4.135640227794633028e-01 4.314776632189762373e-01
1.000000000000000000e+05 3.386379182338714600e-01 3.444438874721527100e-01 3.287771244843800678e-01 3.534211814403533936e-01 4.047811627388000488e-01 4.215568006038665771e-01
1.001000000000000000e+05 3.509890103340149170e-01 3.578757381439207075e-01 3.381466977794965745e-01 3.597103095054628441e-01 4.158403587341311103e-01 4.323332068324093891e-01
1.002000000000000000e+05 3.536748492717742831e-01 3.603089976310729914e-01 3.392809891700744873e-01 3.626645565032959317e-01 4.179224455356597701e-01 4.355520230531692571e-01
1.003000000000000000e+05 3.537918323278427257e-01 3.603019130229949685e-01 3.388418088356653923e-01 3.620435470342636686e-01 4.182461726665496204e-01 4.359864646196365268e-01
1.004000000000000000e+05 3.539703106880188188e-01 3.603340697288514582e-01 3.392346103986104144e-01 3.628810977935790771e-01 4.189905643463134877e-01 4.359624123573303534e-01
1.005000000000000000e+05 3.529880166053772084e-01 3.593142122030258401e-01 3.376077070832252947e-01 3.612884059548377991e-01 4.174137592315674272e-01 4.347828060388564952e-01
1.006000000000000000e+05 3.541348099708557240e-01 3.601677662134170066e-01 3.385040613015492528e-01 3.623145723342896529e-01 4.181892848014832076e-01 4.356973654031754961e-01
1.007000000000000000e+05 3.580595332384109430e-01 3.640420624613762701e-01 3.428472101688387341e-01 3.668372175097464605e-01 4.222371757030484174e-01 4.392842900753020641e-01
1.008000000000000000e+05 3.630249106884002597e-01 3.693406414985656583e-01 3.480192613601684748e-01 3.710202181339265493e-01 4.272148787975312278e-01 4.441873276233672119e-01
1.009000000000000000e+05 3.647510921955108287e-01 3.708420133590697998e-01 3.498493552207946888e-01 3.735403177142143094e-01 4.275088870525360907e-01 4.451643744111062340e-01
1.010000000000000000e+05 3.568111121654510276e-01 3.620121657848350272e-01 3.423207710186640940e-01 3.692090868949889915e-01 4.201152861118315207e-01 4.376388847827908379e-01
1.011000000000000000e+05 3.564967328310013062e-01 3.616165372729301941e-01 3.420374384522439359e-01 3.667239060997963818e-01 4.211019146442410710e-01 4.379841694235802052e-01
1.012000000000000000e+05 3.616897761821746826e-01 3.667521309852593281e-01 3.473737947146092742e-01 3.731260120868680197e-01 4.273311126232150481e-01 4.443434560298920588e-01
1.013000000000000000e+05 3.749557197093963401e-01 3.815778174996373728e-01 3.615764553348222998e-01 3.850441887974741517e-01 4.385570156574248868e-01 4.567414250969877854e-01
1.014000000000000000e+05 3.686125743389129794e-01 3.738702064752579268e-01 3.557110649347310360e-01 3.821565335988999501e-01 4.325787436962122423e-01 4.505626398324968362e-01
1.015000000000000000e+05 3.529803454875946045e-01 3.570138126611724916e-01 3.388473471005755688e-01 3.675476893782615440e-01 4.146493971347815499e-01 4.335733070969570724e-01
1.016000000000000000e+05 3.339898002147674294e-01 3.368876731395720192e-01 3.224814029534654458e-01 3.509915435314172050e-01 3.975574707984921852e-01 4.144102454185485396e-01
1.017000000000000000e+05 3.390499258041390074e-01 3.426284039020534022e-01 3.281994131207464638e-01 3.549934181571003933e-01 4.046876823902124665e-01 4.216257837414744691e-01
1.018000000000000000e+05 3.595043420791625977e-01 3.641534411907186852e-01 3.442906467119857261e-01 3.681944447755816641e-01 4.242816710472114838e-01 4.402194625139229656e-01
1.019000000000000000e+05 3.620550489425659046e-01 3.668696060776711065e-01 3.467703768610952975e-01 3.742995622754096696e-01 4.274125492572783958e-01 4.444090512394904824e-01
1.020000000000000000e+05 3.717311143875122181e-01 3.765814304351803865e-01 3.561367809772493787e-01 3.816321015357971302e-01 4.366615653038029565e-01 4.544763207435614794e-01
1.021000000000000000e+05 3.754016864299773992e-01 3.800603672862051252e-01 3.587340791026751297e-01 3.861707508563995139e-01 4.398811352252960383e-01 4.577318650484085705e-01
1.022000000000000000e+05 3.727654254436492676e-01 3.763747596740722456e-01 3.570513025919596073e-01 3.856836521625519043e-01 4.371324717998503195e-01 4.559302943944931186e-01
1.023000000000000000e+05 3.711581861972809149e-01 3.748017528653144748e-01 3.564080044627190302e-01 3.854635071754455855e-01 4.364205956459045743e-01 4.548770892620087047e-01
1.024000000000000000e+05 3.722909295558929355e-01 3.759832370281218639e-01 3.592615083853403779e-01 3.877667248249054288e-01 4.381137692928315230e-01 4.567331600189209473e-01
1.025000000000000000e+05 3.722402900457382202e-01 3.752342686057090759e-01 3.592698698242505762e-01 3.889116421341896057e-01 4.375960230827331543e-01 4.562285095453262329e-01
1.026000000000000000e+05 3.713851344585418768e-01 3.753277528285987596e-01 3.577192229032518656e-01 3.856806856393808491e-01 4.332824766635891001e-01 4.521669054031373092e-01
1.027000000000000000e+05 3.586045020818710016e-01 3.608243072032922272e-01 3.440249067544933759e-01 3.755289623141291888e-01 4.206411170959472590e-01 4.390449789166445682e-01
1.028000000000000000e+05 3.647569966316223100e-01 3.685111761093137206e-01 3.522389686107642581e-01 3.794097137451175050e-01 4.292919766902940637e-01 4.466193258762352625e-01
1.029000000000000000e+05 3.773821765184402488e-01 3.816401869058606011e-01 3.606617251038550798e-01 3.864170563220977739e-01 4.405535984039307129e-01 4.593374678492542218e-01
1.030000000000000000e+05 3.625865817070007546e-01 3.635760903358458140e-01 3.458326458930970904e-01 3.772901117801666371e-01 4.245678544044503844e-01 4.434259384870531950e-01
1.031000000000000000e+05 3.607337403297426470e-01 3.638224118947980257e-01 3.474162877599397126e-01 3.765369448065762903e-01 4.255721807479859731e-01 4.437529787421226612e-01
1.032000000000000000e+05 3.687623763084411643e-01 3.722131705284116854e-01 3.548248267173770842e-01 3.833958780765531760e-01 4.337164580821987192e-01 4.516910827159885122e-01
1.033000000000000000e+05 3.721535992622375666e-01 3.750270467996595358e-01 3.554078505436583102e-01 3.852788802981376159e-01 4.353198540210722611e-01 4.539662677049637329e-01
1.034000000000000000e+05 3.632889103889465066e-01 3.645736664533615334e-01 3.457757091522217774e-01 3.776968294382094249e-01 4.260356998443605159e-01 4.450830924510954523e-01
1.035000000000000000e+05 3.662784010171893923e-01 3.693992957472806982e-01 3.509466677904124476e-01 3.784376427531242482e-01 4.303095638751985308e-01 4.484456390142438909e-01
1.036000000000000000e+05 3.653329932689664550e-01 3.661793267726897172e-01 3.446298909187316406e-01 3.744261324405663283e-01 4.258087420463567141e-01 4.455511331558225652e-01
1.037000000000000000e+05 3.535537701845168912e-01 3.553462892770765658e-01 3.352671031157175574e-01 3.655406928062440719e-01 4.161864995956421898e-01 4.344494026899337613e-01
1.038000000000000000e+05 3.623838007450103649e-01 3.653605514764786677e-01 3.434612965583799804e-01 3.693009281158446955e-01 4.245101642608639647e-01 4.415378856658935258e-01
1.039000000000000000e+05 3.628626984357833929e-01 3.660358807444573648e-01 3.404591168959928971e-01 3.673161533474919582e-01 4.232165718078605976e-01 4.408942982554431289e-01
1.040000000000000000e+05 3.480116546154022328e-01 3.480591475963597525e-01 3.265202959378562531e-01 3.570935189723968284e-01 4.081494987010959030e-01 4.266551911830904764e-01
1.041000000000000000e+05 3.553824239969253229e-01 3.580130782723434657e-01 3.369614011049274493e-01 3.638530793786041717e-01 4.187048125267037735e-01 4.346898633241659260e-01
1.042000000000000000e+05 3.678375506401062034e-01 3.703196108341216819e-01 3.459174696604411237e-01 3.724851149320602128e-01 4.294657707214355469e-01 4.463981157541271338e-01
1.043000000000000000e+05 3.653846246004104348e-01 3.668186992406848868e-01 3.415696778893470564e-01 3.706839552521704051e-01 4.258042716979977826e-01 4.434784674644469682e-01
1.044000000000000000e+05 3.654322886466980225e-01 3.673650598526002620e-01 3.431852626800530048e-01 3.716480910778042213e-01 4.279571080207823508e-01 4.442754960060121272e-01
1.045000000000000000e+05 3.732900798320770708e-01 3.753709450364111633e-01 3.509326676527658173e-01 3.777085050940513500e-01 4.345703601837159757e-01 4.508711785078048373e-01
1.046000000000000000e+05 3.734331953525543146e-01 3.746773463487624856e-01 3.491517416636147342e-01 3.781137102842329067e-01 4.338722681999206965e-01 4.506066906452178000e-01
1.047000000000000000e+05 3.698389363288879239e-01 3.706005927920342224e-01 3.456770348548889316e-01 3.758237332105635597e-01 4.313130116462707275e-01 4.477776527404784823e-01
1.048000000000000000e+05 3.747441482543945046e-01 3.766998136043546164e-01 3.517882100741070439e-01 3.801980125904083629e-01 4.364238286018371493e-01 4.523446142673493431e-01
1.049000000000000000e+05 3.781911450624465543e-01 3.789881128072739025e-01 3.536435296138126794e-01 3.832438421249390048e-01 4.391383481025695201e-01 4.546544221043586909e-01
1.050000000000000000e+05 3.782181143760681152e-01 3.798666447401046753e-01 3.547600805759429932e-01 3.846850246191024780e-01 4.398814141750335693e-01 4.561626762151718140e-01
1.051000000000000000e+05 3.830117547512054688e-01 3.843616706132888527e-01 3.586487018068631460e-01 3.879066258668899536e-01 4.437226080894470792e-01 4.598520347476005576e-01
1.052000000000000000e+05 3.828164839744567782e-01 3.838833367824554532e-01 3.580183966954548769e-01 3.889494919776916304e-01 4.434572458267211914e-01 4.593662929534912398e-01
1.053000000000000000e+05 3.844142621755600175e-01 3.855552944540976967e-01 3.606102132797242565e-01 3.901004141569138217e-01 4.448158323764802580e-01 4.611531031131745340e-01
1.054000000000000000e+05 3.848535978794098145e-01 3.853260618448257624e-01 3.590736164649329654e-01 3.891870337724687712e-01 4.441928052902221480e-01 4.606191468238833298e-01
1.055000000000000000e+05 3.771976858377457664e-01 3.773722812533379933e-01 3.508301128943761005e-01 3.832541272044182046e-01 4.376995325088499644e-01 4.539441198110579223e-01
1.056000000000000000e+05 3.777447605133056885e-01 3.780600893497465531e-01 3.532075035572055932e-01 3.835646128654482401e-01 4.390401208400727118e-01 4.553273665904998269e-01
1.057000000000000000e+05 3.814990025758743242e-01 3.820893663167951870e-01 3.563013131419817681e-01 3.868909585475920343e-01 4.417970919609068847e-01 4.586006256937980585e-01
1.058000000000000000e+05 3.835621321201324596e-01 3.838082921504974432e-01 3.580483373006185244e-01 3.891965228319168579e-01 4.431493043899536466e-01 4.598726981878281106e-01
1.059000000000000000e+05 3.848277223110199152e-01 3.850007888674735756e-01 3.592948174476622847e-01 3.895529401302337824e-01 4.440489065647124645e-01 4.608392035961150768e-01
1.060000000000000000e+05 3.851977169513702282e-01 3.856905817985534224e-01 3.597001751263935732e-01 3.901922821998596302e-01 4.441001236438750777e-01 4.610604286193847323e-01
1.061000000000000000e+05 3.839994633197784668e-01 3.838990467786788652e-01 3.571614766120912443e-01 3.881220439076424888e-01 4.421100795269014005e-01 4.594618561863901829e-01
1.062000000000000000e+05 3.800413346290588135e-01 3.794557106494905740e-01 3.531537312269210638e-01 3.842031425237655839e-01 4.387304162979124844e-01 4.557340610027312833e-01
1.063000000000000000e+05 3.786550062894821211e-01 3.783663401007652527e-01 3.515879349907239937e-01 3.829576611518859530e-01 4.376580619812011630e-01 4.550913912057876765e-01
1.064000000000000000e+05 3.758053100109100542e-01 3.747974348068237593e-01 3.478544473648071400e-01 3.802987158298494763e-01 4.352219033241271906e-01 4.530459260940551958e-01
1.065000000000000000e+05 3.773232728242874034e-01 3.766170158982272698e-01 3.509052231907839325e-01 3.823300927877426036e-01 4.375843286514280450e-01 4.547412306070329757e-01
1.066000000000000000e+05 3.838703811168670543e-01 3.834582644701006182e-01 3.576678754885989631e-01 3.895600593090061681e-01 4.436319303512575862e-01 4.610551458597180741e-01
1.067000000000000000e+05 3.909036427736284902e-01 3.907172396779058920e-01 3.651024850209556583e-01 3.968862682580946433e-01 4.499841880798338689e-01 4.674063900113106795e-01
1.068000000000000000e+05 3.961164093017577881e-01 3.956569969654081254e-01 3.694767940044401677e-01 4.017481708526611794e-01 4.541496860980989148e-01 4.718433558940889894e-01
1.069000000000000000e+05 3.968979495763778620e-01 3.959645754098891635e-01 3.691364258527755626e-01 4.023017430305480535e-01 4.548326301574707187e-01 4.728727337718010015e-01
1.070000000000000000e+05 3.960365176200866810e-01 3.946520954370498768e-01 3.676625698804855125e-01 4.003991872072220071e-01 4.544256210327148326e-01 4.725948154926299938e-01
1.071000000000000000e+05 3.967576664686204291e-01 3.952552172541617392e-01 3.683530473709106245e-01 4.023734140396117986e-01 4.553251111507415350e-01 4.730665892362594382e-01
1.072000000000000000e+05 4.006455421447753795e-01 3.993826198577881681e-01 3.727113286654152313e-01 4.069509148597718617e-01 4.593150150775910934e-01 4.773497200012208896e-01
1.073000000000000000e+05 4.073245865106581709e-01 4.064433881640430735e-01 3.808349140485128848e-01 4.141812452673914180e-01 4.659088325500487793e-01 4.839640837907794313e-01
1.074000000000000000e+05 4.141129577159881614e-01 4.140114307403558458e-01 3.870581388473510187e-01 4.197695976495740555e-01 4.718927657604217174e-01 4.898193806409835704e-01
1.075000000000000000e+05 4.111101925373077393e-01 4.092649668455123901e-01 3.809719284375513992e-01 4.145094081759452820e-01 4.670487046241760254e-01 4.859815463423731718e-01
1.076000000000000000e+05 4.031501448154449219e-01 4.004197335243224187e-01 3.713572053114572169e-01 4.071423578262325926e-01 4.603499686717985040e-01 4.789008736610413375e-01
1.077000000000000000e+05 4.008730858564377164e-01 3.990842381119728000e-01 3.714527180790901939e-01 4.058073779940605252e-01 4.592796695232391202e-01 4.773680713772774920e-01
1.078000000000000000e+05 4.030562329292297630e-01 4.010740071535110474e-01 3.735903412103652732e-01 4.070370531082153631e-01 4.609030318260193826e-01 4.793774676322936634e-01
1.079000000000000000e+05 4.034284096956253229e-01 4.011863684654236595e-01 3.735929694771766285e-01 4.067966425418853005e-01 4.608482491970062322e-01 4.789072647690772455e-01
1.080000000000000000e+05 3.993423700332641713e-01 3.965673983097080524e-01 3.674595296382906495e-01 4.021266698837280273e-01 4.563064157962802847e-01 4.753609597682957877e-01
1.081000000000000000e+05 3.911792677640913984e-01 3.875239354372025935e-01 3.587354895472525396e-01 3.951044756174087458e-01 4.492559444904326571e-01 4.673773095011710677e-01
1.082000000000000000e+05 3.910997331142425648e-01 3.881591928005220793e-01 3.606861486037570286e-01 3.950461167097092385e-01 4.497163605690006061e-01 4.681864076852801371e-01
1.083000000000000000e+05 3.936628270149231112e-01 3.902548953890800365e-01 3.620763671398162797e-01 3.968364122509956404e-01 4.517065227031707431e-01 4.699360814690589638e-01
1.084000000000000000e+05 3.951158928871154608e-01 3.918329513072966730e-01 3.636218134562176907e-01 3.991761982440946155e-01 4.533473253250120960e-01 4.715849506855011586e-01
1.085000000000000000e+05 3.986271917819978472e-01 3.955373108386993075e-01 3.681961943705876483e-01 4.029186055064201133e-01 4.565547823905946045e-01 4.747639790177343722e-01
1.086000000000000000e+05 4.018808877468109109e-01 3.983089005947113015e-01 3.700780999660492343e-01 4.057722663879395064e-01 4.591352653503419368e-01 4.776845973730087791e-01
1.087000000000000000e+05 4.039658045768736994e-01 4.007113605737683826e-01 3.730514454841611927e-01 4.091076257824896589e-01 4.626769709587099655e-01 4.804538807272916157e-01
1.088000000000000000e+05 4.094241714477538929e-01 4.061008632183076839e-01 3.779011086622875437e-01 4.133099949359894665e-01 4.675295841693876686e-01 4.863336169719695845e-01
1.089000000000000000e+05 4.125861406326296055e-01 4.088096028566360340e-01 3.806256148219107072e-01 4.173576387763028861e-01 4.702790462970735108e-01 4.889134687185287542e-01
1.090000000000000000e+05 4.174239635467529297e-01 4.141400665044779328e-01 3.870634138584138073e-01 4.244609773159027100e-01 4.746325790882108819e-01 4.932352572679517544e-01
1.091000000000000000e+05 4.242159479856491000e-01 4.213801053166389421e-01 3.938983704646428774e-01 4.300142094492912515e-01 4.793768537044525990e-01 4.981886222958565869e-01
1.092000000000000000e+05 4.237327909469604248e-01 4.196251332759857733e-01 3.904550874233246871e-01 4.274790287017819490e-01 4.783820390701295500e-01 4.970470237731932639e-01
1.093000000000000000e+05 4.175801473855972334e-01 4.123387226462368327e-01 3.830576540033024391e-01 4.215243771672247952e-01 4.728140008449551734e-01 4.919256758689879994e-01
1.094000000000000000e+05 4.159712529182433838e-01 4.117119896411896018e-01 3.833051031827926503e-01 4.201704591512679943e-01 4.725650298595427956e-01 4.913221311569213046e-01
1.095000000000000000e+05 4.161038994789122980e-01 4.114379599690438094e-01 3.822119891643522838e-01 4.195423826575279125e-01 4.716967523097990167e-01 4.905020028352737871e-01
1.096000000000000000e+05 4.126896357536316007e-01 4.074342715740207344e-01 3.774718010425569537e-01 4.149449944496153564e-01 4.676890802383423251e-01 4.866922712326047784e-01
1.097000000000000000e+05 4.092593246698379428e-01 4.041620624065399014e-01 3.747627454002698255e-01 4.126278182864189237e-01 4.646529066562651855e-01 4.837065136432648349e-01
1.098000000000000000e+05 4.073138630390167325e-01 4.018789070844651645e-01 3.719651889801023348e-01 4.097750657796858098e-01 4.625404787063598921e-01 4.812144744396208984e-01
1.099000000000000000e+05 4.042094159126281006e-01 3.985367345809935902e-01 3.688260098298390965e-01 4.061038610339165467e-01 4.592533516883848255e-01 4.780221232771875162e-01
1.100000000000000000e+05 4.023505151271820068e-01 3.966690003871917725e-01 3.679572939872741699e-01 4.048393964767456055e-01 4.576847851276397705e-01 4.760179817676544189e-01
1.101000000000000000e+05 4.029397863149642989e-01 3.973662793636322244e-01 3.683961659669876543e-01 4.054171654582023332e-01 4.579040765762328880e-01 4.760168927907943437e-01
1.102000000000000000e+05 4.018725669384002885e-01 3.961164987087250622e-01 3.665937024354933849e-01 4.036275893449783880e-01 4.565938103199004838e-01 4.748731935024261830e-01
1.103000000000000000e+05 3.987922739982602827e-01 3.928256830573082503e-01 3.624937500556313363e-01 4.000372168421744146e-01 4.529544091224665947e-01 4.719178819656370538e-01
1.104000000000000000e+05 3.928482067584991300e-01 3.860595691204066759e-01 3.567544591426848877e-01 3.949655890464784380e-01 4.469631910324096125e-01 4.657641649246218596e-01
1.105000000000000000e+05 3.869320869445801447e-01 3.800298646092413191e-01 3.521123771866159768e-01 3.898900434374809043e-01 4.418060004711154010e-01 4.601907029747961952e-01
1.106000000000000000e+05 3.841957271099090687e-01 3.774565279483794722e-01 3.501900951067606349e-01 3.881765961647033469e-01 4.388564181327819780e-01 4.569938021898271030e-01
1.107000000000000000e+05 3.861571985483171487e-01 3.801586812734604193e-01 3.526935148239137008e-01 3.895875087380408774e-01 4.416874873638153010e-01 4.591872447729110629e-01
1.108000000000000000e+05 3.869378781318664751e-01 3.807189822196960782e-01 3.518656353155772409e-01 3.894966435432433705e-01 4.410397768020629661e-01 4.591735649108887318e-01
1.109000000000000000e+05 3.858997261524200750e-01 3.788334411382675571e-01 3.509885528683662215e-01 3.891089618206023948e-01 4.403865540027617764e-01 4.581843206286430048e-01
1.110000000000000000e+05 3.887579739093780518e-01 3.821067541837696036e-01 3.548469007015224719e-01 3.926515609025955089e-01 4.439539074897767557e-01 4.618690967559815896e-01
1.111000000000000000e+05 3.941234165430069214e-01 3.878466388583183821e-01 3.592788238326708461e-01 3.968839412927629429e-01 4.494456541538243144e-01 4.670910042524337724e-01
1.112000000000000000e+05 3.984793245792389027e-01 3.920253384113310813e-01 3.629206852118176396e-01 4.010048508644103449e-01 4.529600667953492255e-01 4.707378411293030029e-01
1.113000000000000000e+05 3.990850794315337624e-01 3.921688199043271705e-01 3.620622012019157898e-01 4.012087410688399691e-01 4.528550374507904763e-01 4.714056217670441473e-01
1.114000000000000000e+05 3.970497441291809260e-01 3.893398779630661277e-01 3.614145781596500018e-01 4.005398088693618575e-01 4.515449249744417082e-01 4.701689893007278132e-01
1.115000000000000000e+05 4.000317454338073730e-01 3.927062913775443143e-01 3.643922577301660914e-01 4.034633249044418113e-01 4.547343969345091774e-01 4.733301714062691512e-01
1.116000000000000000e+05 4.020161855220794611e-01 3.943248856067659291e-01 3.671344423294068959e-01 4.061400961875917259e-01 4.567138457298280385e-01 4.745952963829039306e-01
1.117000000000000000e+05 4.043383473157882158e-01 3.974691089987755777e-01 3.698688822984699809e-01 4.080877679586411011e-01 4.574411034584046076e-01 4.760629585385322549e-01
1.118000000000000000e+05 3.993826806545257568e-01 3.904229241609578072e-01 3.609702525536219175e-01 4.005550855398175569e-01 4.520329153537746558e-01 4.709457987546926683e-01
1.119000000000000000e+05 3.890285658836367122e-01 3.792397376894948713e-01 3.507503154873844453e-01 3.923166668415069558e-01 4.424025928974152921e-01 4.616272714734077631e-01
1.120000000000000000e+05 3.858786106109619030e-01 3.765571534633634365e-01 3.506061414877572613e-01 3.910416424274444358e-01 4.416109621524815787e-01 4.599827945232393134e-01
1.121000000000000000e+05 3.947909379005438701e-01 3.871793136000623581e-01 3.608132521311441243e-01 4.005711355805386398e-01 4.518523144721983686e-01 4.698086249828335448e-01
1.122000000000000000e+05 4.060759365558624379e-01 3.986753123998643122e-01 3.717568814754489970e-01 4.124001437425610095e-01 4.614366626739505595e-01 4.791153037548065985e-01
1.123000000000000000e+05 4.152196210622786654e-01 4.078461915254593118e-01 3.797843508919080957e-01 4.194305926561356923e-01 4.678879404067993186e-01 4.862226870656010669e-01
1.124000000000000000e+05 4.164608538150787465e-01 4.085236001014710405e-01 3.789005176226298843e-01 4.187970459461216044e-01 4.674645555019373844e-01 4.859629809856414462e-01
1.125000000000000000e+05 4.066850095987319946e-01 3.961180448532104492e-01 3.646241426467895508e-01 4.070904999971389771e-01 4.559805393218994141e-01 4.758051708340639840e-01
1.126000000000000000e+05 3.963759374618530118e-01 3.847381407022468225e-01 3.595053915182759297e-01 4.021599882841116469e-01 4.505233347415925627e-01 4.682955414056778065e-01
1.127000000000000000e+05 4.065188503265381725e-01 4.003956037759768827e-01 3.739319524168968623e-01 4.124472320079800580e-01 4.618032801151276123e-01 4.797394546866412535e-01
1.128000000000000000e+05 4.078147602081299006e-01 3.978469491004945069e-01 3.679781317710872912e-01 4.119169771671296054e-01 4.593242752552027519e-01 4.783745956420901169e-01
1.129000000000000000e+05 4.055479866266250566e-01 3.962990698218349928e-01 3.704832627375916343e-01 4.131038230657578247e-01 4.597039914131165195e-01 4.775684148073198743e-01
1.130000000000000000e+05 4.133747816085815430e-01 4.064230918884277899e-01 3.780567497015000500e-01 4.187923312187195046e-01 4.669814586639401965e-01 4.851576119661330511e-01
1.131000000000000000e+05 4.140697544813153885e-01 4.059720274806023488e-01 3.743157017230994699e-01 4.153190577030191899e-01 4.638731360435483508e-01 4.829728618264197970e-01
1.132000000000000000e+05 3.998516452312469438e-01 3.882032489776616746e-01 3.570129974683126095e-01 4.005503582954411113e-01 4.480616927146901518e-01 4.676970040798197337e-01
1.133000000000000000e+05 3.922127670049667114e-01 3.825986489653581679e-01 3.574555248022087683e-01 4.001362824440004573e-01 4.456494927406313145e-01 4.640387010574339444e-01
1.134000000000000000e+05 4.028253066539764227e-01 3.965893542766569246e-01 3.692971307039260020e-01 4.083887183666226606e-01 4.562084281444547251e-01 4.737729853391649537e-01
1.135000000000000000e+05 4.017857611179346256e-01 3.922611042857163111e-01 3.613781178990993492e-01 4.034687742590904458e-01 4.502480447292324106e-01 4.695897936820989660e-01
1.136000000000000000e+05 3.901908230781555020e-01 3.801533174514770130e-01 3.530563839276630866e-01 3.962584006786348256e-01 4.418372821807857731e-01 4.606426405906676180e-01
1.137000000000000000e+05 3.952794319391248479e-01 3.876402106881135512e-01 3.614265692234040483e-01 4.021673759818074623e-01 4.490270543098452971e-01 4.669204780459397797e-01
1.138000000000000000e+05 4.012348842620849787e-01 3.925981777906417669e-01 3.625183745225272758e-01 4.050113886594772228e-01 4.528817462921142512e-01 4.713349229097366089e-01
1.139000000000000000e+05 4.038796162605290951e-01 3.956006279587744312e-01 3.691563987731933394e-01 4.096098598837854543e-01 4.564815664291385078e-01 4.745192620158198982e-01
1.140000000000000000e+05 4.104239284992218240e-01 4.034040093421934481e-01 3.736954391002654807e-01 4.133168756961822510e-01 4.605153203010559082e-01 4.781652212142944447e-01
1.141000000000000000e+05 4.028012955188751687e-01 3.918281018733970611e-01 3.603015094002092744e-01 4.042727038264281592e-01 4.476083862781515821e-01 4.673397308588029819e-01
1.142000000000000000e+05 3.901032948493957653e-01 3.795491427183150246e-01 3.545592441161472541e-01 3.974708521366117076e-01 4.396566271781918722e-01 4.570233213901521707e-01
1.143000000000000000e+05 3.991908997297287098e-01 3.926949170231811004e-01 3.655329239368441119e-01 4.072990289330485902e-01 4.527071619033820049e-01 4.695877921581269598e-01
1.144000000000000000e+05 4.069188690185546742e-01 3.991375088691711537e-01 3.683090551694233605e-01 4.112572216987609997e-01 4.574040508270263428e-01 4.752474880218505726e-01
1.145000000000000000e+05 4.055056542158126387e-01 3.966811999678612199e-01 3.651563788453738857e-01 4.087165728211402671e-01 4.551596224308011585e-01 4.738846912980080317e-01
1.146000000000000000e+05 4.008742725849151478e-01 3.912447077035909326e-01 3.593407684564590698e-01 4.027580296993252262e-01 4.498869836330414151e-01 4.687428480386737761e-01
1.147000000000000000e+05 3.967986911535262839e-01 3.870922571420669644e-01 3.571135829885802582e-01 4.003739684820174505e-01 4.478251922130584983e-01 4.665968841314315219e-01
1.148000000000000000e+05 4.000199282169342174e-01 3.914952015876767555e-01 3.625391415754952162e-01 4.044618237018585694e-01 4.533921182155608576e-01 4.709609389305116633e-01
1.149000000000000000e+05 4.070955699682237139e-01 3.993161222338673100e-01 3.681728807091714240e-01 4.101383695006372565e-01 4.595311081409457210e-01 4.780632725358007207e-01
1.150000000000000000e+05 4.111224114894866943e-01 4.029202461242675781e-01 3.698212703069052032e-01 4.117113053798675537e-01 4.621097147464752197e-01 4.811559617519378662e-01
1.151000000000000000e+05 4.105173569917678900e-01 4.022234699130060598e-01 3.678083403905232363e-01 4.084364369511607196e-01 4.605046522617338711e-01 4.793660011887556083e-01
1.152000000000000000e+05 4.020817625522613570e-01 3.926762676239007321e-01 3.564907324314128267e-01 3.985610091686250245e-01 4.488287568092345081e-01 4.683779597282413110e-01
1.153000000000000000e+05 3.885999745130535588e-01 3.758613052964211998e-01 3.480407436688741085e-01 3.897532343864439364e-01 4.352824175357826175e-01 4.537030357122419089e-01
1.154000000000000000e+05 3.961210775375366144e-01 3.900149905681609130e-01 3.637427528699250234e-01 4.041022592782962386e-01 4.526383101940157916e-01 4.680761969089523022e-01
1.155000000000000000e+05 4.167991071939465830e-01 4.105339109897611083e-01 3.796611756086347156e-01 4.208032533526420704e-01 4.701562583446496357e-01 4.881274089217188528e-01
1.156000000000000000e+05 4.258940792083740212e-01 4.188350558280944380e-01 3.850607367356618793e-01 4.275561141967774703e-01 4.764059495925903609e-01 4.954108333587645685e-01
1.157000000000000000e+05 4.275226747989653853e-01 4.198731058835983854e-01 3.851064060131710320e-01 4.274368989467621782e-01 4.776231038570400989e-01 4.963673523068428128e-01
1.158000000000000000e+05 4.236527276039123713e-01 4.146287417411802512e-01 3.784443902969358842e-01 4.217685359716413229e-01 4.717649805545804931e-01 4.916870117187494560e-01
1.159000000000000000e+05 4.150025147199630782e-01 4.046807879209520231e-01 3.703663871685667908e-01 4.163288098573684204e-01 4.635766792297364436e-01 4.823127964138984036e-01
1.160000000000000000e+05 4.174613833427429088e-01 4.092875540256504241e-01 3.802195767561593054e-01 4.236825108528137207e-01 4.686206102371218707e-01 4.863625526428225210e-01
1.161000000000000000e+05 4.269966334104537964e-01 4.209603822231293146e-01 3.900213560462000850e-01 4.323886278271673600e-01 4.763811206817633037e-01 4.946814185380934425e-01
1.162000000000000000e+05 4.308248865604400457e-01 4.234464311599731023e-01 3.894177118937175441e-01 4.345504802465438576e-01 4.786981225013733909e-01 4.966760021448135554e-01
1.163000000000000000e+05 4.306951773166656228e-01 4.225000083446502352e-01 3.871623716751733668e-01 4.322786012291907065e-01 4.809561800956725364e-01 4.996682786941529786e-01
1.164000000000000000e+05 4.298385238647460804e-01 4.214709830284119052e-01 3.842979824542998579e-01 4.286288607120516403e-01 4.799788498878474474e-01 4.996507406234742543e-01
1.165000000000000000e+05 4.209097623825073242e-01 4.118351683020604614e-01 3.730325917402901315e-01 4.201059505343437417e-01 4.634802520275122517e-01 4.850880756974211283e-01
1.166000000000000000e+05 4.043080425262451372e-01 3.913753348588936976e-01 3.602442016204198127e-01 4.100284373760220702e-01 4.444107317924496092e-01 4.645663464069371140e-01
1.167000000000000000e+05 4.007846987247469239e-01 3.925115117430685308e-01 3.650415515899657626e-01 4.104110491275786976e-01 4.494738006591794677e-01 4.680890008807184199e-01
1.168000000000000000e+05 4.050336456298828103e-01 3.967525577545166215e-01 3.670079986254372040e-01 4.083562290668484862e-01 4.559094369411470504e-01 4.742851221561434905e-01
1.169000000000000000e+05 3.940745246410369829e-01 3.860017272830000845e-01 3.559194258848831782e-01 3.978814417123786029e-01 4.403237366676335807e-01 4.610221290588379928e-01
1.170000000000000000e+05 3.570247054100036399e-01 3.437087386846549020e-01 3.219975799322122856e-01 3.780664861202239768e-01 3.960554599761935135e-01 4.177004784345619837e-01
1.171000000000000000e+05 3.170743542909603141e-01 3.012878948450101180e-01 2.855701662103315441e-01 3.481813329458241513e-01 3.512095117568973524e-01 3.703657662868511946e-01
1.172000000000000000e+05 2.920437979698181086e-01 2.806036472320555530e-01 2.736506350835163914e-01 3.111465394496912840e-01 3.299719548225398258e-01 3.476708257198329322e-01
1.173000000000000000e+05 2.832256019115448331e-01 2.743615040183066123e-01 2.666058045625686046e-01 2.913487887382503194e-01 3.170106995105744230e-01 3.319385933876030093e-01
1.174000000000000000e+05 2.807763457298279031e-01 2.760852086544036132e-01 2.542716449499133335e-01 2.735293984413159629e-01 2.953980720043149488e-01 3.056741243600837876e-01
1.175000000000000000e+05 2.491432055830915537e-01 2.438904196023941040e-01 2.163573515911866862e-01 2.098857462406158447e-01 2.109428644180297852e-01 2.320409826934367592e-01
1.176000000000000000e+05 1.657576987147331149e-01 1.573768755793549246e-01 1.179609704017681449e-01 9.395424485206060883e-02 8.132479399442213430e-02 7.646937325596915580e-02
1.177000000000000000e+05 6.501172572374312730e-02 5.664079044014221076e-02 4.530028721938537256e-02 5.248197909444549114e-02 3.351019352674488444e-02 3.628189377486766565e-02
1.178000000000000000e+05 5.026693731546402061e-02 5.152437791228275943e-02 5.393517966071773723e-02 5.862743191421036087e-02 5.696125283837447789e-02 5.486293837428071057e-02
1.179000000000000000e+05 6.469959557056427502e-02 6.376170080155101061e-02 6.001307874917997942e-02 6.666589312255498390e-02 7.360286951065084238e-02 7.524425290525034449e-02
1.180000000000000000e+05 8.157109618186950128e-02 8.378408253192801136e-02 7.937434365351883625e-02 8.528566062450408658e-02 1.000131785869588230e-01 1.035462021827691093e-01
1.181000000000000000e+05 8.693312793970082997e-02 8.642175160348437857e-02 7.611961099008732190e-02 8.409369207918641898e-02 1.002833637595174354e-01 1.057105060666799351e-01
1.182000000000000000e+05 7.447697132825850663e-02 7.213282719254431041e-02 6.347082741558493502e-02 7.143778428435293426e-02 8.331861644983191983e-02 8.940152898430706041e-02
1.183000000000000000e+05 6.592991396784782243e-02 6.435139864683145361e-02 5.864935894807181416e-02 6.681545592844488624e-02 7.641974210739130302e-02 8.048400387167931047e-02
1.184000000000000000e+05 6.626182973384857344e-02 6.602321118116367960e-02 6.004615748922032675e-02 6.743651688098918628e-02 7.792270213365545817e-02 8.180734306573879400e-02
1.185000000000000000e+05 6.476310454308956133e-02 6.390061117708689675e-02 5.457986779510966280e-02 6.287227272987365445e-02 7.352427542209583056e-02 7.733905985951469719e-02
1.186000000000000000e+05 5.676041781902312761e-02 5.443349763751024334e-02 4.897126113375030454e-02 5.850347921252252448e-02 6.316184192895828164e-02 6.778390750288967870e-02
1.187000000000000000e+05 5.954752609133720509e-02 6.026830404996831592e-02 5.528744480262194616e-02 6.179651845246547648e-02 7.122582614421867075e-02 7.471564412117021048e-02
1.188000000000000000e+05 6.087387949228286604e-02 6.057241901755317653e-02 5.248425483703607342e-02 5.977274566888789165e-02 6.980595916509660381e-02 7.357589393854144233e-02
1.189000000000000000e+05 5.490793138742409984e-02 5.243762172758583556e-02 4.508483773718310189e-02 5.458734713494815122e-02 5.986156105995196069e-02 6.466841392219067897e-02
1.190000000000000000e+05 5.646901056170463423e-02 5.678845234215194882e-02 5.407487278183260165e-02 6.106120608747005185e-02 6.897606477141338122e-02 7.167557924985853979e-02
1.191000000000000000e+05 6.459742508828637819e-02 6.469264887273322440e-02 5.933336444199086707e-02 6.701323606073862627e-02 7.693201422691368918e-02 8.026437394320984353e-02
1.192000000000000000e+05 6.767798572778702115e-02 6.790250271558757877e-02 6.098184083898858243e-02 6.773807138204560041e-02 7.963067114353188092e-02 8.324123054742811612e-02
1.193000000000000000e+05 6.282218486070632879e-02 6.172177910804838019e-02 5.140555479874210631e-02 5.894137550145345933e-02 6.997617393732002977e-02 7.434608317911607644e-02
1.194000000000000000e+05 4.974960565567016629e-02 4.739616528153394598e-02 3.932086974382398292e-02 4.616529360413580002e-02 5.293727383017562960e-02 5.654950268566696914e-02
1.195000000000000000e+05 4.130428545176978439e-02 4.018186088651424376e-02 3.525382665296398349e-02 4.051822386682033678e-02 4.606879726052270918e-02 4.886794984340672721e-02
1.196000000000000000e+05 3.891116648912430059e-02 3.865814507007606787e-02 3.396377896269154456e-02 3.844773724675166343e-02 4.433248877525332310e-02 4.663417503237712869e-02
1.197000000000000000e+05 3.642169773578643466e-02 3.608042679727073432e-02 3.064572976902152010e-02 3.441409491002576232e-02 4.055874064564684439e-02 4.299999747425330837e-02
1.198000000000000000e+05 3.037310674786567605e-02 2.917383514344731518e-02 2.257658752302312000e-02 2.782883677631601757e-02 3.065130949020393805e-02 3.285310208797422721e-02
1.199000000000000000e+05 2.580307740718150791e-02 2.426964178681318557e-02 2.391790081436695470e-02 3.275424752384348964e-02 2.742136925459082858e-02 2.979999050497867535e-02
