9.000000000000000000e+04 7.227580994367599487e-02 7.487877458333969116e-02 7.757043838500976562e-02 9.053447842597961426e-02
9.010000000000000000e+04 7.681390186150852117e-02 7.622221544384953640e-02 7.821039147675036551e-02 9.003100718061135543e-02
9.020000000000000000e+04 6.784496471285925145e-02 6.903735667467175707e-02 7.354223936796233652e-02 8.630839933951708898e-02
9.030000000000000000e+04 6.621304586529688785e-02 7.318631917238152540e-02 8.138016819953813874e-02 8.462982952594756692e-02
9.040000000000000000e+04 8.785288800796040021e-02 9.503084798654050369e-02 9.704181691010863031e-02 8.603819817304626805e-02
9.050000000000000000e+04 1.035658328483503726e-01 1.012924209237097140e-01 1.011312148223318386e-01 9.293536593516703304e-02
9.060000000000000000e+04 9.184368669986682499e-02 8.940609514713257489e-02 9.141550257801966950e-02 1.015732136368752564e-01
9.070000000000000000e+04 7.764081892867882861e-02 8.027745738625524652e-02 8.401653565466407625e-02 1.034385732312997352e-01
9.080000000000000000e+04 8.037067790826152303e-02 8.384844322999307487e-02 8.729960868755974601e-02 9.795159836610173310e-02
9.090000000000000000e+04 8.434823021292667256e-02 8.773363769054394468e-02 9.128342002630224217e-02 9.455354839563373526e-02
9.100000000000000000e+04 8.808428446451821436e-02 9.158363441626221624e-02 9.492862994472170413e-02 9.603567868471135638e-02
9.110000000000000000e+04 9.168618830541787335e-02 9.507303317387919006e-02 9.845142796635605875e-02 9.975691363215469232e-02
9.120000000000000000e+04 9.494742751121532098e-02 9.847106903791438826e-02 1.018012601137163325e-01 1.036938807368279897e-01
9.130000000000000000e+04 9.831641184786960030e-02 1.016295420130094301e-01 1.050279651582242263e-01 1.073476176957289807e-01
9.140000000000000000e+04 1.012569818894068219e-01 1.043137906988461650e-01 1.076650502781073826e-01 1.107023033499717479e-01
9.150000000000000000e+04 1.036739408969878512e-01 1.066087141633033086e-01 1.099416799843311449e-01 1.137246400117873368e-01
9.160000000000000000e+04 1.058267690738041167e-01 1.085935756564139348e-01 1.119846378763516559e-01 1.166325781742730411e-01
9.170000000000000000e+04 1.078392351915439390e-01 1.105198487639426769e-01 1.140424482524394351e-01 1.190489389002322707e-01
9.180000000000000000e+04 1.096964979171753812e-01 1.123848101496697643e-01 1.160768003761767225e-01 1.211231145262719328e-01
9.190000000000000000e+04 1.113462699949741980e-01 1.146718570590019998e-01 1.186999870836732696e-01 1.233323394755523189e-01
9.200000000000000000e+04 1.138100673755010339e-01 1.181133612990379750e-01 1.224843367934229654e-01 1.261114368836085409e-01
9.210000000000000000e+04 1.199082960188388031e-01 1.240166176855563435e-01 1.276511241495611459e-01 1.297575581073760476e-01
9.220000000000000000e+04 1.259932970007259234e-01 1.291757708787916736e-01 1.323253692189853281e-01 1.341682283083596439e-01
9.230000000000000000e+04 1.286533874273300126e-01 1.308406798044840225e-01 1.336224928994973471e-01 1.384831245740252570e-01
9.240000000000000000e+04 1.283526629209517933e-01 1.300903642177581865e-01 1.329058420658111861e-01 1.415516269207000577e-01
9.250000000000000000e+04 1.270211897790431144e-01 1.286403288443882520e-01 1.317216902971267978e-01 1.429067750771840506e-01
9.260000000000000000e+04 1.255083348353703554e-01 1.274155662457147897e-01 1.306829411784808381e-01 1.426863209406534772e-01
9.270000000000000000e+04 1.246857534348964625e-01 1.268606778979301519e-01 1.302147693932056427e-01 1.417082750797271640e-01
9.280000000000000000e+04 1.244466769695281999e-01 1.268378889560699552e-01 1.299849321444829231e-01 1.407830979426701878e-01
9.290000000000000000e+04 1.246452832470337502e-01 1.269517576694488559e-01 1.301694451272487618e-01 1.403230478366216116e-01
9.300000000000000000e+04 1.248993121087551283e-01 1.269176512956619318e-01 1.300121992826461792e-01 1.402680844068527333e-01
9.310000000000000000e+04 1.245351771761973453e-01 1.265839329361915511e-01 1.299098497132460117e-01 1.401996487379074119e-01
9.320000000000000000e+04 1.241536288460095561e-01 1.263829016685485973e-01 1.300620085000991910e-01 1.399259012937545676e-01
9.330000000000000000e+04 1.242044980078935712e-01 1.264539480209350697e-01 1.301888312399387404e-01 1.395797798037528847e-01
9.340000000000000000e+04 1.245766781270503942e-01 1.266818235317866137e-01 1.304271706938743280e-01 1.394429908196131440e-01
9.350000000000000000e+04 1.247358749310175513e-01 1.268850674231846998e-01 1.308245398104190826e-01 1.395942459503809463e-01
9.360000000000000000e+04 1.248634088039398127e-01 1.272628760337829457e-01 1.312475770711898915e-01 1.399621367454528531e-01
9.370000000000000000e+04 1.254836185773213209e-01 1.278187201420465657e-01 1.317916171252727642e-01 1.404112159212430044e-01
9.380000000000000000e+04 1.262015425165494420e-01 1.284503320852915798e-01 1.322950630386670323e-01 1.408847314119339167e-01
9.390000000000000000e+04 1.263588605821132638e-01 1.285737776756286643e-01 1.325818251073360432e-01 1.413950657844543768e-01
9.400000000000000000e+04 1.262650152047475327e-01 1.287680804729461892e-01 1.328963538010914935e-01 1.418850302696228194e-01
9.410000000000000000e+04 1.273768640557924881e-01 1.297434261441230696e-01 1.332897184789180733e-01 1.423403046528498306e-01
9.420000000000000000e+04 1.277663344144821245e-01 1.300662875175476185e-01 1.334696948528289739e-01 1.426988023519515925e-01
9.430000000000000000e+04 1.272205851475397831e-01 1.296348009506861354e-01 1.335287145773569883e-01 1.428813732663790359e-01
9.440000000000000000e+04 1.272105713685353634e-01 1.295906335115432628e-01 1.336585136254628547e-01 1.429094195365905873e-01
9.450000000000000000e+04 1.272922165691852681e-01 1.296958014369010981e-01 1.337476357817649897e-01 1.428771346807479747e-01
9.460000000000000000e+04 1.273806098103523188e-01 1.298155643542607540e-01 1.339096548159917077e-01 1.428113718827565548e-01
9.470000000000000000e+04 1.275066882868607920e-01 1.299381651480992772e-01 1.341277210911114848e-01 1.427644068002700828e-01
9.480000000000000000e+04 1.277224546670913674e-01 1.300608634948730580e-01 1.343649238348006980e-01 1.427628904581070002e-01
9.490000000000000000e+04 1.279960965613524126e-01 1.301250751813252671e-01 1.346098454296588698e-01 1.428975260257720759e-01
9.500000000000000000e+04 1.282480781277020587e-01 1.302111248175303049e-01 1.348540311058362140e-01 1.431550234556197843e-01
9.510000000000000000e+04 1.283988313376903667e-01 1.303139942884445346e-01 1.350605203211307503e-01 1.435495546460152094e-01
9.520000000000000000e+04 1.284782836834589548e-01 1.305080030361811527e-01 1.352143812179565363e-01 1.439644900957743612e-01
9.530000000000000000e+04 1.285170418024063066e-01 1.306391584873199396e-01 1.354202311734358510e-01 1.443467015027999900e-01
9.540000000000000000e+04 1.286161834001541271e-01 1.307526576519012496e-01 1.355884757637977611e-01 1.447675013542175371e-01
9.550000000000000000e+04 1.286657628913720486e-01 1.307680572072665026e-01 1.356064818799495586e-01 1.451770991086959728e-01
9.560000000000000000e+04 1.287209733327229766e-01 1.307842175165812304e-01 1.355212503671646140e-01 1.454750186204910312e-01
9.570000000000000000e+04 1.287338224053382885e-01 1.307750836014747731e-01 1.353111672401428323e-01 1.455961507558822532e-01
9.580000000000000000e+04 1.286669809619585825e-01 1.305559722582499138e-01 1.349156686663627314e-01 1.455370903015136830e-01
9.590000000000000000e+04 1.284945659339427892e-01 1.304158238569895212e-01 1.345340134203433791e-01 1.452282453576723698e-01
9.600000000000000000e+04 1.283413857221603338e-01 1.301176965236663652e-01 1.341713726520538108e-01 1.447930216789245494e-01
9.610000000000000000e+04 1.282611283163229698e-01 1.297392531236012669e-01 1.338429986933867000e-01 1.442885024348894707e-01
9.620000000000000000e+04 1.270141321420669989e-01 1.288065000375112068e-01 1.338847594459851575e-01 1.437670352061589663e-01
9.630000000000000000e+04 1.252160613238811893e-01 1.287241050601005410e-01 1.353115075826644143e-01 1.435737836360931330e-01
9.640000000000000000e+04 1.273456005255378942e-01 1.315343366066612507e-01 1.382206016778944613e-01 1.442941608031590162e-01
9.650000000000000000e+04 1.324289654692017426e-01 1.357857843240103668e-01 1.408378022412458408e-01 1.461836715539298059e-01
9.660000000000000000e+04 1.359548470377922036e-01 1.374835163354874157e-01 1.412197831273078741e-01 1.486984395980836260e-01
9.670000000000000000e+04 1.346257795393466239e-01 1.361086407303809531e-01 1.402912884453932085e-01 1.503638498981794136e-01
9.680000000000000000e+04 1.322310934464136778e-01 1.346948035558064860e-01 1.396989188591639119e-01 1.506896620988845692e-01
9.690000000000000000e+04 1.321163603663444430e-01 1.347382798790931757e-01 1.396840505301952251e-01 1.501642435789108387e-01
9.700000000000000000e+04 1.321223159631093602e-01 1.346532563368479374e-01 1.395784278710683335e-01 1.494663317998250474e-01
9.710000000000000000e+04 1.317092313865820818e-01 1.345151276389757733e-01 1.394474153717358833e-01 1.490850352247556077e-01
9.720000000000000000e+04 1.314705371856689509e-01 1.343943989276885909e-01 1.393609309196472135e-01 1.490813809633255160e-01
9.730000000000000000e+04 1.314445708195368379e-01 1.343164075414339798e-01 1.393206211427847618e-01 1.491955393552780174e-01
9.740000000000000000e+04 1.314408577481905593e-01 1.343075996637344283e-01 1.393228880564371663e-01 1.492707375685373983e-01
9.750000000000000000e+04 1.314548663794994354e-01 1.343229189515113831e-01 1.393324173986911774e-01 1.494024768471717834e-01
9.760000000000000000e+04 1.314909331003824844e-01 1.343064749240875377e-01 1.393361570437749164e-01 1.496049978335698416e-01
9.770000000000000000e+04 1.314244212706883741e-01 1.342827006181081251e-01 1.393837698300679495e-01 1.497778704762458835e-01
9.780000000000000000e+04 1.312539756298065352e-01 1.341168516874313432e-01 1.395142206549644381e-01 1.498669254779815829e-01
9.790000000000000000e+04 1.312229490280151234e-01 1.341312952836354599e-01 1.397249675293763260e-01 1.499689110120137614e-01
9.800000000000000000e+04 1.314125855763753348e-01 1.341865499814351714e-01 1.400042643149693733e-01 1.501793324947357233e-01
9.810000000000000000e+04 1.318354912102222554e-01 1.347300860285759183e-01 1.403008525073528023e-01 1.505001670122146640e-01
9.820000000000000000e+04 1.323444262146949713e-01 1.350352805852889915e-01 1.405839422345161460e-01 1.508579802513122514e-01
9.830000000000000000e+04 1.323892037073771122e-01 1.350861895084381203e-01 1.409587772687276308e-01 1.512091824412345742e-01
9.840000000000000000e+04 1.325643390417098888e-01 1.352516901493072410e-01 1.417675429582596069e-01 1.516400742530822354e-01
9.850000000000000000e+04 1.326328014334042515e-01 1.356029401222864361e-01 1.429492411514123040e-01 1.522748137513796063e-01
9.860000000000000000e+04 1.330870446562767151e-01 1.363922399282455900e-01 1.445489952961603319e-01 1.532658447821935721e-01
9.870000000000000000e+04 1.339059798419475755e-01 1.378549161553383473e-01 1.467738848924635686e-01 1.548092585802078869e-01
9.880000000000000000e+04 1.347232141097386704e-01 1.393583212296168328e-01 1.496565393606819616e-01 1.570111314455668594e-01
9.890000000000000000e+04 1.358749822775522642e-01 1.412032693624496182e-01 1.528938123583792608e-01 1.599350123604138529e-01
9.900000000000000000e+04 1.388084396719931335e-01 1.443352758884428599e-01 1.559623762965203497e-01 1.633739531040190596e-01
9.910000000000000000e+04 1.429151080052057654e-01 1.474161243438721069e-01 1.585024519761404072e-01 1.669461817542710336e-01
9.920000000000000000e+04 1.418758082389834085e-01 1.477817910909653421e-01 1.608694905042648560e-01 1.701350120703380986e-01
9.930000000000000000e+04 1.486217582225800860e-01 1.521941655874254062e-01 1.627314966917037808e-01 1.726592788100243803e-01
9.940000000000000000e+04 1.487939863403637542e-01 1.531817605098089174e-01 1.639510667324065862e-01 1.745927443106969623e-01
9.950000000000000000e+04 1.509162393709023997e-01 1.551172201832135555e-01 1.643520427246888405e-01 1.759522199630737527e-01
9.960000000000000000e+04 1.517856794595718872e-01 1.548043662309646906e-01 1.642397087812423884e-01 1.767416173219680808e-01
9.970000000000000000e+04 1.483600539962449949e-01 1.530737592776616196e-01 1.639045622944831637e-01 1.770479940374692363e-01
9.980000000000000000e+04 1.504625057180721537e-01 1.540596012274423887e-01 1.634496038158734510e-01 1.768555708726247400e-01
9.990000000000000000e+04 1.504190170764927725e-01 1.533809319138528249e-01 1.637351273000240415e-01 1.763800355792045915e-01
1.000000000000000000e+05 1.447836359341941048e-01 1.507952511310577948e-01 1.648820588986078806e-01 1.762564033269882202e-01
1.001000000000000000e+05 1.491615490118662901e-01 1.538033005595207392e-01 1.661404623587925955e-01 1.767268441120783684e-01
1.002000000000000000e+05 1.499933385848999101e-01 1.541977667808532571e-01 1.668595239520072882e-01 1.777266043424606257e-01
1.003000000000000000e+05 1.496552627782027078e-01 1.540094921986261967e-01 1.673216483990351000e-01 1.788507622480392245e-01
1.004000000000000000e+05 1.495235290129979522e-01 1.542317467927932784e-01 1.679123800992965432e-01 1.796403694152831632e-01
1.005000000000000000e+05 1.493029192090034596e-01 1.558028265833854564e-01 1.689633987843990881e-01 1.802990704774856401e-01
1.006000000000000000e+05 1.497561543186506361e-01 1.576159509023032368e-01 1.703448547919591827e-01 1.811137717962265636e-01
1.007000000000000000e+05 1.517835674186548967e-01 1.601668140292168696e-01 1.712042110164960218e-01 1.821491968631744895e-01
1.008000000000000000e+05 1.549558466672897594e-01 1.610724425315856745e-01 1.708043503761291493e-01 1.832426178455353050e-01
1.009000000000000000e+05 1.548754502336184280e-01 1.596998576323191421e-01 1.696297552684943033e-01 1.839166563749313477e-01
1.010000000000000000e+05 1.523731768131257047e-01 1.578484704097112279e-01 1.699098522464433658e-01 1.837636460860570253e-01
1.011000000000000000e+05 1.503856047987936762e-01 1.591639053821562733e-01 1.717917536199091710e-01 1.833104491233825684e-01
1.012000000000000000e+05 1.526261808474855819e-01 1.623006604115166118e-01 1.729718820254007028e-01 1.835295840104420595e-01
1.013000000000000000e+05 1.591532148917509382e-01 1.637921782334643694e-01 1.702903771400449962e-01 1.842828728755315504e-01
1.014000000000000000e+05 1.589666739106176674e-01 1.590538632869717972e-01 1.651311373710631081e-01 1.840598189830779663e-01
1.015000000000000000e+05 1.512965244551497668e-01 1.524713670214016270e-01 1.619627123077710396e-01 1.815928225715954525e-01
1.016000000000000000e+05 1.435624543825785304e-01 1.513610637187957630e-01 1.639538627862929809e-01 1.780802011489868164e-01
1.017000000000000000e+05 1.444666732847690038e-01 1.563836944103239590e-01 1.685798144340513727e-01 1.759796753525733892e-01
1.018000000000000000e+05 1.516923857728637304e-01 1.609908564885455806e-01 1.725656824310619064e-01 1.772122295697529104e-01
1.019000000000000000e+05 1.536401990056038003e-01 1.635072371363640031e-01 1.750889184077580041e-01 1.807442564765612270e-01
1.020000000000000000e+05 1.568991422653200907e-01 1.655461281538009866e-01 1.757699370384216420e-01 1.847113341093065408e-01
1.021000000000000000e+05 1.593584078550339123e-01 1.652133064468701285e-01 1.753449715673923437e-01 1.875207060575486140e-01
1.022000000000000000e+05 1.575986093282699396e-01 1.645177723964055261e-01 1.752075096964836320e-01 1.884982943534851130e-01
1.023000000000000000e+05 1.574532440304756142e-01 1.653641873598098722e-01 1.755040171742439370e-01 1.884229353070259183e-01
1.024000000000000000e+05 1.592023517688113954e-01 1.664666652679443470e-01 1.748539046446482559e-01 1.882125902175903476e-01
1.025000000000000000e+05 1.612718366086483279e-01 1.652080367008846029e-01 1.733323112130165655e-01 1.880088845888773785e-01
1.026000000000000000e+05 1.591682800650599250e-01 1.622127348184587425e-01 1.724062934517860135e-01 1.874232065677643444e-01
1.027000000000000000e+05 1.535143296917281241e-01 1.619715965787571210e-01 1.729448389013608645e-01 1.865680754184722567e-01
1.028000000000000000e+05 1.538654897610349515e-01 1.646328910191853789e-01 1.730220081408818666e-01 1.858520879348118937e-01
1.029000000000000000e+05 1.601451312005520156e-01 1.630402743816375399e-01 1.719074697792529749e-01 1.854842576384544417e-01
1.030000000000000000e+05 1.547467504938444260e-01 1.606397946675618416e-01 1.711397836605707823e-01 1.851406425237655806e-01
1.031000000000000000e+05 1.531426077087719162e-01 1.618416909376779733e-01 1.713027965525786012e-01 1.845644035935402050e-01
1.032000000000000000e+05 1.558677405118941151e-01 1.625778377056121826e-01 1.710117310285568515e-01 1.839547097682953103e-01
1.033000000000000000e+05 1.562116417785484879e-01 1.606958705186842251e-01 1.699838960170746427e-01 1.835789574186006967e-01
1.034000000000000000e+05 1.527220752835272699e-01 1.595193344354629283e-01 1.687682413061460662e-01 1.830315538247425933e-01
1.035000000000000000e+05 1.529177285730839164e-01 1.584812596440314525e-01 1.675201073288918041e-01 1.820008307695388516e-01
1.036000000000000000e+05 1.511566831668217370e-01 1.560167713960011748e-01 1.665838650862375703e-01 1.807344923416773497e-01
1.037000000000000000e+05 1.456109216312568011e-01 1.561868599057197327e-01 1.664552965263525475e-01 1.795750087499618786e-01
1.038000000000000000e+05 1.484964895248411243e-01 1.565857744216919700e-01 1.662456831336021346e-01 1.787146472930908336e-01
1.039000000000000000e+05 1.495508236686392267e-01 1.542285968859990752e-01 1.663315474490324464e-01 1.781992224852244344e-01
1.040000000000000000e+05 1.425409058729808220e-01 1.551704635222750650e-01 1.677266856034596298e-01 1.780174185832341660e-01
1.041000000000000000e+05 1.455693748593333836e-01 1.585860639810563189e-01 1.694415333867072271e-01 1.784560930728912864e-01
1.042000000000000000e+05 1.508917777736982213e-01 1.594671628872553482e-01 1.705323526263236300e-01 1.796008519331614428e-01
1.043000000000000000e+05 1.490509815514087510e-01 1.595560629169146261e-01 1.718023972709973313e-01 1.810331576069196258e-01
1.044000000000000000e+05 1.479108697175978704e-01 1.613433688879012673e-01 1.731245076656341975e-01 1.824681836366653098e-01
1.045000000000000000e+05 1.526188125212985802e-01 1.621623317400614495e-01 1.738054941097895434e-01 1.837775597969690533e-01
1.046000000000000000e+05 1.523731904228529943e-01 1.620179814100265181e-01 1.745597833395004239e-01 1.849184606472650816e-01
1.047000000000000000e+05 1.500869096815586057e-01 1.627946984767914551e-01 1.758557905256747933e-01 1.858941265940666776e-01
1.048000000000000000e+05 1.519131269057592826e-01 1.639348451296488984e-01 1.772739040851592507e-01 1.869385576248169534e-01
1.049000000000000000e+05 1.535648613174756538e-01 1.648523696263631544e-01 1.785704427957534035e-01 1.881423848867416759e-01
1.050000000000000000e+05 1.536016613245010376e-01 1.659889817237854004e-01 1.796299964189528864e-01 1.894418597221374512e-01
1.051000000000000000e+05 1.562101265291372665e-01 1.666392786304155826e-01 1.800748098393281094e-01 1.906185959776242334e-01
1.052000000000000000e+05 1.565098973115285341e-01 1.666534487406412801e-01 1.796461701393127219e-01 1.915306574106216131e-01
1.053000000000000000e+05 1.570793169736861283e-01 1.660457846522331860e-01 1.785965237021445995e-01 1.918544059991836581e-01
1.054000000000000000e+05 1.568829112251600155e-01 1.650909356276193674e-01 1.778407936294873481e-01 1.915792959928512285e-01
1.055000000000000000e+05 1.528940685093401752e-01 1.648973281184832329e-01 1.780647091567515994e-01 1.909611081083615325e-01
1.056000000000000000e+05 1.521084421873092896e-01 1.657126301527023504e-01 1.792803514003753207e-01 1.905042618513107244e-01
1.057000000000000000e+05 1.541930321355660660e-01 1.669585124651590813e-01 1.806538781026998386e-01 1.906433789928754230e-01
1.058000000000000000e+05 1.556901447971661689e-01 1.677304432789484545e-01 1.813043573498726024e-01 1.913554561138152976e-01
1.059000000000000000e+05 1.564393807947635495e-01 1.675180152058601823e-01 1.807177364826201560e-01 1.922256278991698875e-01
1.060000000000000000e+05 1.565232137838999671e-01 1.663663933674493223e-01 1.790141473213830992e-01 1.925562053918838390e-01
1.061000000000000000e+05 1.553283974031606229e-01 1.647045834859211244e-01 1.770413307845592199e-01 1.919852327307064732e-01
1.062000000000000000e+05 1.530246174335478937e-01 1.634102743864059015e-01 1.757574537396431047e-01 1.905184626579284057e-01
1.063000000000000000e+05 1.514231116573015734e-01 1.631426696976026047e-01 1.760682025055090305e-01 1.889224755764007391e-01
1.064000000000000000e+05 1.502550407250722309e-01 1.643505861361821418e-01 1.782165364424386222e-01 1.880435911814371808e-01
1.065000000000000000e+05 1.511636361479758439e-01 1.669911921024321566e-01 1.812832936644551973e-01 1.886331617832183449e-01
1.066000000000000000e+05 1.542951514323550877e-01 1.700277642409005197e-01 1.841117249925932342e-01 1.905797809362410333e-01
1.067000000000000000e+05 1.576215310394762092e-01 1.724066934982934340e-01 1.859123223523299062e-01 1.931929656863210776e-01
1.068000000000000000e+05 1.602134257555005714e-01 1.737770515680313599e-01 1.869037395715713590e-01 1.956639611721039951e-01
1.069000000000000000e+05 1.616456197698911135e-01 1.743788810571034742e-01 1.877597272892793101e-01 1.974702619512876400e-01
1.070000000000000000e+05 1.617007538676261680e-01 1.750437150398890251e-01 1.891296312212943920e-01 1.986725032329559326e-01
1.071000000000000000e+05 1.609813608229160309e-01 1.766887533664703025e-01 1.910287357866763402e-01 1.998055362701415816e-01
1.072000000000000000e+05 1.621713185310363070e-01 1.790661515792210112e-01 1.924898779392242021e-01 2.011161740620930616e-01
1.073000000000000000e+05 1.660018292566138032e-01 1.801597778995832067e-01 1.925935424864292644e-01 2.026889184117317833e-01
1.074000000000000000e+05 1.689778724312782365e-01 1.790172433853148004e-01 1.911605021357537515e-01 2.038021051883697754e-01
1.075000000000000000e+05 1.671701123317080595e-01 1.769414966305096204e-01 1.894843516250450943e-01 2.038276642560958585e-01
1.076000000000000000e+05 1.629934028784432998e-01 1.758929661909739151e-01 1.883558571338653509e-01 2.028780740499496194e-01
1.077000000000000000e+05 1.628489790856838260e-01 1.758495047688484192e-01 1.874723710119724218e-01 2.015595105290412803e-01
1.078000000000000000e+05 1.648970772822697661e-01 1.749870741367340332e-01 1.858780108888944405e-01 2.002021022637685277e-01
1.079000000000000000e+05 1.651059817771117766e-01 1.727288000782331856e-01 1.837474667032560627e-01 1.986774769425392884e-01
1.080000000000000000e+05 1.614812731742861773e-01 1.704109609127045788e-01 1.820520520210266724e-01 1.968661516904832154e-01
1.081000000000000000e+05 1.573064131041370106e-01 1.694175989429156093e-01 1.815761534869670679e-01 1.948304350177448574e-01
1.082000000000000000e+05 1.562863589326540237e-01 1.698377243677775539e-01 1.822059767444928480e-01 1.934325257937113129e-01
1.083000000000000000e+05 1.570948895812034896e-01 1.711050653457641957e-01 1.834273052215576738e-01 1.930937823653221252e-01
1.084000000000000000e+05 1.581731792291005412e-01 1.727894333998362120e-01 1.851364165544510110e-01 1.937768975893656431e-01
1.085000000000000000e+05 1.599305527905622859e-01 1.748141422867774408e-01 1.873180004457632442e-01 1.952281991640726355e-01
1.086000000000000000e+05 1.618816933035849559e-01 1.772363120317458074e-01 1.898531308770179116e-01 1.972151976823805775e-01
1.087000000000000000e+05 1.642376179496449484e-01 1.797382614016534430e-01 1.924850391844907249e-01 1.996246584256491652e-01
1.088000000000000000e+05 1.667480448881786537e-01 1.818270210425060318e-01 1.950060290098188653e-01 2.022914433479310881e-01
1.089000000000000000e+05 1.682876408100128784e-01 1.836397945880890448e-01 1.967599709331988855e-01 2.049880668520928650e-01
1.090000000000000000e+05 1.701859955986341488e-01 1.847897281249364365e-01 1.974136600891749083e-01 2.075214554866155470e-01
1.091000000000000000e+05 1.726920766135056906e-01 1.848344005147616043e-01 1.971317004660765038e-01 2.093230606118837989e-01
1.092000000000000000e+05 1.729762035608291837e-01 1.841460597515106323e-01 1.961448401212692316e-01 2.101614540815353316e-01
1.093000000000000000e+05 1.712481107811133774e-01 1.830334871013959697e-01 1.947091509401798481e-01 2.099773500363032452e-01
1.094000000000000000e+05 1.700875830650330212e-01 1.816306229432425035e-01 1.930737084150314919e-01 2.089165836572647872e-01
1.095000000000000000e+05 1.689954183995724946e-01 1.800433203577995189e-01 1.913345485925675438e-01 2.073462396860122348e-01
1.096000000000000000e+05 1.672686908642450343e-01 1.784082498153050089e-01 1.895942336320876331e-01 2.053824021418888535e-01
1.097000000000000000e+05 1.656789183119932451e-01 1.768601246674855187e-01 1.880522151788076024e-01 2.033647262056668403e-01
1.098000000000000000e+05 1.643236830830574202e-01 1.755296123027801636e-01 1.867753171920776001e-01 2.014968943595886464e-01
1.099000000000000000e+05 1.630707372725010151e-01 1.745329524079958783e-01 1.854952714840570893e-01 1.999093902111053755e-01
1.100000000000000000e+05 1.622713953256607333e-01 1.734347591797510690e-01 1.838416904211044312e-01 1.985012044509252005e-01
1.101000000000000000e+05 1.616035771369933316e-01 1.717595580220220852e-01 1.817887668311596316e-01 1.969083181023596474e-01
1.102000000000000000e+05 1.603178791205087383e-01 1.693260224660236291e-01 1.793692921598753209e-01 1.949332394202548946e-01
1.103000000000000000e+05 1.582952044904231415e-01 1.666845625638961048e-01 1.770405582090220087e-01 1.924732611576715213e-01
1.104000000000000000e+05 1.558255743980407337e-01 1.645016032457351507e-01 1.754226654767990223e-01 1.898309522867202559e-01
1.105000000000000000e+05 1.538611476620038443e-01 1.633449877301851871e-01 1.746614242593447219e-01 1.874953299760818703e-01
1.106000000000000000e+05 1.528615685304005878e-01 1.632512114445368312e-01 1.744989588856697138e-01 1.859642392396927135e-01
1.107000000000000000e+05 1.528152948617935158e-01 1.637148496508597784e-01 1.750983291864395275e-01 1.853395929932594444e-01
1.108000000000000000e+05 1.531014351050058730e-01 1.647390586137770507e-01 1.763474357128143322e-01 1.853650897741317416e-01
1.109000000000000000e+05 1.538728074232736664e-01 1.664064081509908644e-01 1.780035145084062909e-01 1.860520900289217849e-01
1.110000000000000000e+05 1.553419664502144470e-01 1.683176785707474199e-01 1.795209184288978077e-01 1.872872054576874279e-01
1.111000000000000000e+05 1.573144024113814210e-01 1.694741013646125782e-01 1.803865939875443358e-01 1.888130259513855214e-01
1.112000000000000000e+05 1.586205518245696888e-01 1.698041737079620250e-01 1.808478307723998812e-01 1.902317728598912350e-01
1.113000000000000000e+05 1.587019698321819328e-01 1.700652655959129234e-01 1.811716821789741139e-01 1.911694198846816684e-01
1.114000000000000000e+05 1.584948401649792782e-01 1.706099402904510676e-01 1.814111577471097247e-01 1.917718760172526238e-01
1.115000000000000000e+05 1.590708469351133358e-01 1.706720987955728519e-01 1.808400765061378423e-01 1.922099212805430390e-01
1.116000000000000000e+05 1.597469091415405495e-01 1.692995482683180841e-01 1.790613722801208674e-01 1.923848325014114458e-01
1.117000000000000000e+05 1.592982500791549350e-01 1.667514611283937576e-01 1.767221577465534765e-01 1.914850397904713508e-01
1.118000000000000000e+05 1.572035453716913722e-01 1.650360633929570386e-01 1.760144671797752303e-01 1.895588938395182110e-01
1.119000000000000000e+05 1.548222556710243669e-01 1.661608564853667702e-01 1.781431552767751003e-01 1.877323424816131625e-01
1.120000000000000000e+05 1.547214587529499863e-01 1.703999688227969544e-01 1.823626458644868609e-01 1.875946899255116485e-01
1.121000000000000000e+05 1.579250841836131736e-01 1.750379255414006574e-01 1.864530114332835498e-01 1.900328177213666814e-01
1.122000000000000000e+05 1.628653648495670958e-01 1.775046765804290383e-01 1.879773479700088401e-01 1.940341478586193602e-01
1.123000000000000000e+05 1.661011461913585729e-01 1.767711580793061843e-01 1.869136253496010980e-01 1.977211550871531831e-01
1.124000000000000000e+05 1.656242253383000129e-01 1.742730740706125436e-01 1.850176920493444011e-01 1.988884598016738836e-01
1.125000000000000000e+05 1.623141542077064514e-01 1.731514260172843933e-01 1.846148967742919922e-01 1.980281099677085876e-01
1.126000000000000000e+05 1.609193996588389186e-01 1.741149598360061390e-01 1.854970016082127249e-01 1.967031017939249726e-01
1.127000000000000000e+05 1.625780589381853047e-01 1.755299687385558638e-01 1.867462882896263887e-01 1.962808074553807625e-01
1.128000000000000000e+05 1.632317888736724842e-01 1.764276248216629650e-01 1.873534935712813931e-01 1.970570325851441207e-01
1.129000000000000000e+05 1.636321902275086337e-01 1.762851197520891311e-01 1.865058145920435173e-01 1.981555107235909163e-01
1.130000000000000000e+05 1.650858730077744141e-01 1.744318187236784945e-01 1.845239842931429286e-01 1.986282060543695938e-01
1.131000000000000000e+05 1.637835054099559262e-01 1.720322629809379333e-01 1.826026202738285087e-01 1.977961251139640497e-01
1.132000000000000000e+05 1.604045754671096780e-01 1.712683500846227114e-01 1.818048510948817031e-01 1.960563202699025509e-01
1.133000000000000000e+05 1.598190398017564906e-01 1.713555970788002147e-01 1.813505721092224243e-01 1.943759953975677801e-01
1.134000000000000000e+05 1.616205021739005321e-01 1.706267887353897506e-01 1.807391113042831621e-01 1.931665140390396440e-01
1.135000000000000000e+05 1.604532070457937165e-01 1.697657674551010520e-01 1.806557831664880320e-01 1.924564391374588290e-01
1.136000000000000000e+05 1.582390638192495702e-01 1.703115268548329453e-01 1.818541675806045477e-01 1.922612959146499656e-01
1.137000000000000000e+05 1.585853633284569353e-01 1.720794761180878263e-01 1.834284967184067194e-01 1.925609779357910500e-01
1.138000000000000000e+05 1.605720982948939390e-01 1.737565207481384377e-01 1.843253959218661142e-01 1.934034866094589411e-01
1.139000000000000000e+05 1.624425670504569819e-01 1.736264941096306025e-01 1.842061195274194152e-01 1.946328978737195126e-01
1.140000000000000000e+05 1.627511650323868186e-01 1.722585737705231157e-01 1.834481090307235884e-01 1.954711973667144775e-01
1.141000000000000000e+05 1.606675320863724943e-01 1.715822478135426710e-01 1.833487858871618581e-01 1.956661438941955655e-01
1.142000000000000000e+05 1.592867730061212905e-01 1.725049213568370376e-01 1.839302691817283342e-01 1.953340846300125055e-01
1.143000000000000000e+05 1.604221338033677002e-01 1.731892299652099676e-01 1.839215211570263131e-01 1.952056753635406650e-01
1.144000000000000000e+05 1.615870414177576764e-01 1.724890440702437910e-01 1.827251617113748450e-01 1.951678603887558039e-01
1.145000000000000000e+05 1.611215236286322183e-01 1.711899126569429996e-01 1.814472332596778759e-01 1.947127744555473272e-01
1.146000000000000000e+05 1.597951191663742332e-01 1.709145206212997481e-01 1.811184167861938366e-01 1.937475192546844471e-01
1.147000000000000000e+05 1.597319672505060628e-01 1.721401659647623095e-01 1.819798354804515739e-01 1.928027385473251587e-01
1.148000000000000000e+05 1.615617724259693078e-01 1.738197930653889445e-01 1.828060561418533292e-01 1.924698140223820853e-01
1.149000000000000000e+05 1.639909498393534448e-01 1.743453001976013328e-01 1.826192314922810145e-01 1.927587893605231806e-01
1.150000000000000000e+05 1.650824149449665879e-01 1.729279905557632446e-01 1.818407624959945401e-01 1.931351323922475272e-01
1.151000000000000000e+05 1.636237341662247213e-01 1.716025459766387928e-01 1.820488147437572257e-01 1.930287385980287984e-01
1.152000000000000000e+05 1.608687812089920066e-01 1.730631202459335660e-01 1.845324081182481146e-01 1.926718109846115023e-01
1.153000000000000000e+05 1.607501910130182121e-01 1.780598683158555740e-01 1.889077395200730036e-01 1.933850026130676247e-01
1.154000000000000000e+05 1.663365288575487655e-01 1.835032365719475589e-01 1.930086585879325634e-01 1.957908908526101444e-01
1.155000000000000000e+05 1.736659422516818874e-01 1.862767040729522983e-01 1.949674136936664359e-01 1.994295626878741790e-01
1.156000000000000000e+05 1.774768161773681852e-01 1.858331628640491895e-01 1.948303377628326782e-01 2.029292692740759796e-01
1.157000000000000000e+05 1.762297783295312115e-01 1.848134014010429094e-01 1.946480616430441291e-01 2.048552614450455389e-01
1.158000000000000000e+05 1.732688245177268493e-01 1.861797243356705378e-01 1.963484320044516784e-01 2.053200852870941118e-01
1.159000000000000000e+05 1.734133547047773949e-01 1.897194967667261700e-01 1.993825546900431234e-01 2.059035599231719971e-01
1.160000000000000000e+05 1.775089482466378765e-01 1.931410968303679809e-01 2.015447676181793268e-01 2.074489613374073949e-01
1.161000000000000000e+05 1.823615491390227217e-01 1.935066467523575418e-01 2.008902096748351740e-01 2.096746203303336276e-01
1.162000000000000000e+05 1.838929071029027085e-01 1.904488309224449671e-01 1.977163445949554899e-01 2.110834906498590957e-01
1.163000000000000000e+05 1.816076243420445546e-01 1.850581811865174842e-01 1.932737321654956764e-01 2.104667872190476852e-01
1.164000000000000000e+05 1.753867447376248057e-01 1.793515467643735650e-01 1.888657295703889960e-01 2.077999287843702858e-01
1.165000000000000000e+05 1.671373563508191107e-01 1.750555172562598405e-01 1.847740021844707647e-01 2.039946575959522834e-01
1.166000000000000000e+05 1.617118608951568781e-01 1.719153221448262714e-01 1.796198502182962120e-01 1.998094532887141062e-01
1.167000000000000000e+05 1.609781847894191653e-01 1.671780836582185681e-01 1.719891913235195857e-01 1.953444403409959063e-01
1.168000000000000000e+05 1.605003331104916109e-01 1.576399745543802799e-01 1.614961920181907651e-01 1.892636422316236466e-01
1.169000000000000000e+05 1.538923989733053943e-01 1.455124561985324250e-01 1.501214255889256333e-01 1.806613257527343308e-01
1.170000000000000000e+05 1.408995062112800289e-01 1.350768387317652919e-01 1.401110455393792531e-01 1.697346985340111580e-01
1.171000000000000000e+05 1.295929023623463572e-01 1.278950657447176786e-01 1.313560015956564131e-01 1.579588617881134693e-01
1.172000000000000000e+05 1.239300286769866311e-01 1.190687371293702029e-01 1.198324606815980853e-01 1.471791569391884824e-01
1.173000000000000000e+05 1.186556015908718509e-01 1.033290573954583347e-01 1.022394824028029642e-01 1.365375345945358809e-01
1.174000000000000000e+05 1.046529084940756443e-01 8.052063037951853741e-02 8.059045508503856481e-02 1.234601386388147343e-01
1.175000000000000000e+05 7.967126183211944990e-02 5.808319089313447592e-02 6.185222851733326171e-02 1.060152327020972007e-01
1.176000000000000000e+05 5.175781562924534895e-02 4.727361872792270464e-02 5.417815715074534438e-02 8.638302624225750737e-02
1.177000000000000000e+05 3.665938238302950819e-02 5.143989729384525200e-02 5.780360396951435970e-02 7.012962366143921100e-02
1.178000000000000000e+05 4.336992226541083739e-02 6.331554671128625245e-02 6.673327952623350767e-02 6.188813899954159758e-02
1.179000000000000000e+05 5.854602411389369515e-02 7.202778920531280327e-02 7.333072282373885586e-02 6.365700252354150601e-02
1.180000000000000000e+05 7.174445589383438016e-02 7.380482802788418395e-02 7.488409628470740764e-02 6.976622094710661914e-02
1.181000000000000000e+05 7.348014019429689736e-02 7.198638732234641235e-02 7.387845059235895184e-02 7.508909776806821368e-02
1.182000000000000000e+05 6.913168504834195371e-02 7.093580156564707750e-02 7.285633042454728314e-02 7.711537152528771810e-02
1.183000000000000000e+05 6.818856383363415541e-02 7.049278115232780750e-02 7.215065355102218136e-02 7.673650612433746687e-02
1.184000000000000000e+05 6.911849548419311817e-02 6.928864826758694695e-02 7.099018275737760397e-02 7.586517979701355718e-02
1.185000000000000000e+05 6.739830262958995677e-02 6.790765747427937593e-02 6.982468441128730774e-02 7.493955716490742491e-02
1.186000000000000000e+05 6.562160124381383186e-02 6.715215454498926761e-02 6.909506251414618272e-02 7.385757078727085700e-02
1.187000000000000000e+05 6.561791648467381333e-02 6.657253310084343401e-02 6.887715727090835960e-02 7.292729988694192367e-02
1.188000000000000000e+05 6.465235978364951286e-02 6.681588530540462367e-02 6.945036858320229045e-02 7.233275324106216986e-02
1.189000000000000000e+05 6.326936841011052137e-02 6.844990725318580993e-02 7.055102087557318935e-02 7.214410826563832924e-02
1.190000000000000000e+05 6.519244809945398678e-02 6.958584686120347640e-02 7.055779496828713804e-02 7.248814354340231414e-02
1.191000000000000000e+05 6.824611835181704222e-02 6.783506631851179969e-02 6.800911888480176692e-02 7.289515599608421825e-02
1.192000000000000000e+05 6.823156783978134854e-02 6.322322865327184571e-02 6.336866031090415685e-02 7.236052870750422916e-02
1.193000000000000000e+05 6.342671349644658785e-02 5.774724995096522373e-02 5.815455471475925592e-02 6.976236989100773056e-02
1.194000000000000000e+05 5.704893656075010755e-02 5.323177948594100262e-02 5.364120908081545375e-02 6.535722047090539166e-02
1.195000000000000000e+05 5.248854768772932139e-02 4.899867263933040118e-02 4.963785242289323746e-02 6.031462401151676395e-02
1.196000000000000000e+05 4.935791651407901021e-02 4.467786471048964397e-02 4.648750677704818063e-02 5.559530531366630585e-02
1.197000000000000000e+05 4.460103765130007253e-02 4.284864038228985983e-02 4.655673768371334370e-02 5.186536483466604175e-02
1.198000000000000000e+05 3.946492811044042398e-02 4.727121144533188990e-02 5.180772845943797111e-02 5.004200215140975488e-02
1.199000000000000000e+05 4.053472965955751128e-02 5.674892676373344963e-02 6.041637313862659175e-02 5.121244820455717744e-02
