9.000000000000000000e+04 3.378095861990004778e-04 2.105605381075292826e-04 2.068156172754243016e-04 2.024114364758133888e-04 7.461266795871779323e-05
9.010000000000000000e+04 3.376405511517077684e-04 2.077123503355928988e-04 2.069083729293197274e-04 2.024966391036286961e-04 7.470044026073689714e-05
9.020000000000000000e+04 3.381044817312310103e-04 2.078280904485533946e-04 2.285295119509095287e-04 2.025645304820500184e-04 7.462790041851500580e-05
9.030000000000000000e+04 3.386923170182854046e-04 2.088430547155439778e-04 2.711488108616325857e-04 2.026661401032470112e-04 7.460273773176596382e-05
9.040000000000000000e+04 3.386460458083699111e-04 2.085432340390980233e-04 3.295615734532474778e-04 2.028140536276623693e-04 6.473437000143879663e-05
9.050000000000000000e+04 3.383569516396771055e-04 2.085283825484414986e-04 3.309154941234737851e-04 2.028354327194392790e-04 6.224458653984990173e-06
9.060000000000000000e+04 3.386023920029402213e-04 2.084131282754242572e-04 3.317874460481107192e-04 2.030233523692004524e-04 1.405997376423351937e-04
9.070000000000000000e+04 3.393156046513468136e-04 2.084253006614744609e-04 3.321361390408128457e-04 2.032366495404858272e-04 2.010728419312120870e-04
9.080000000000000000e+04 3.400382294785231243e-04 2.088643726892769120e-04 3.321567992679775498e-04 2.033588156336918527e-04 2.013443028166269190e-04
9.090000000000000000e+04 3.404381161089986454e-04 2.102660748641937787e-04 3.334929805714637193e-04 2.031889482168480917e-04 1.954127714270774147e-04
9.100000000000000000e+04 3.406170386976252180e-04 2.116714788523192605e-04 3.336523775942623724e-04 2.029883180512115359e-04 1.007412017012658816e-04
9.110000000000000000e+04 3.405894463260968237e-04 2.128374636716519992e-04 3.337017085868865360e-04 2.029327940545044829e-04 7.726448432852823535e-05
9.120000000000000000e+04 3.402876376640051386e-04 2.134528273018076962e-04 3.338765027001499935e-04 2.029878151370212360e-04 7.525999099016189846e-05
9.130000000000000000e+04 3.403575819296141502e-04 2.133748461104308580e-04 3.335130668710917430e-04 2.030799406929872898e-04 7.534681838781883681e-05
9.140000000000000000e+04 3.404950897675007365e-04 2.133814685900385253e-04 3.332306561060249849e-04 2.033132954966276787e-04 7.528271041034410578e-05
9.150000000000000000e+04 3.405068709980696440e-04 2.134209760697558631e-04 3.334307635668665388e-04 2.038045247900299565e-04 7.539474790974054486e-05
9.160000000000000000e+04 3.399887529667466770e-04 2.133313254065190669e-04 3.338850231375545545e-04 2.039106114534661109e-04 7.736145780654621936e-05
9.170000000000000000e+04 3.397891550169636842e-04 2.127134984281535217e-04 3.337151277810335289e-04 2.034111619286704722e-04 1.173548836959542097e-04
9.180000000000000000e+04 3.398720815312117013e-04 2.125842438545078039e-04 3.324003657326102690e-04 2.035246571176685317e-04 2.000885666348040321e-04
9.190000000000000000e+04 3.402230426824340965e-04 2.128216453517476822e-04 2.776397758862014678e-04 2.036496027722023514e-04 2.006628026720135970e-04
9.200000000000000000e+04 3.405688233518351930e-04 2.130525031437476729e-04 2.085770509438589324e-04 2.036195772234350280e-04 2.019828631697842840e-04
9.210000000000000000e+04 3.404673305340111364e-04 2.132908714702352892e-04 2.080292097525671049e-04 2.035038472968153710e-04 2.027048001764342026e-04
9.220000000000000000e+04 3.401075586831818313e-04 2.134733765463655067e-04 2.080190886044874776e-04 2.035998739302158193e-04 2.028975480546554020e-04
9.230000000000000000e+04 3.402608640802403002e-04 2.135815521857390689e-04 2.080838516121730263e-04 2.036765696539078049e-04 2.031071557818601547e-04
9.240000000000000000e+04 3.401150752324610949e-04 2.135842794086784114e-04 2.082858647918328730e-04 2.038113458547741316e-04 2.029488008702173612e-04
9.250000000000000000e+04 3.400598264609773773e-04 2.134662548390527657e-04 2.087283646687865257e-04 2.038915190496481955e-04 2.030602227023337036e-04
9.260000000000000000e+04 3.400814079213887236e-04 2.130434481659904296e-04 3.003462438937234144e-04 2.037812847993336585e-04 2.032397392516334834e-04
9.270000000000000000e+04 3.389872261323034330e-04 2.125149668427184267e-04 3.298177174292504918e-04 2.036038316146004880e-04 2.033640383160673190e-04
9.280000000000000000e+04 3.384561530159165606e-04 2.124574017943814462e-04 3.309141064528376168e-04 2.037012384971603957e-04 2.033722683942566388e-04
9.290000000000000000e+04 3.385640719595054316e-04 2.128603489836678017e-04 3.325050813145935427e-04 2.038621531391982022e-04 2.038242678584841643e-04
9.300000000000000000e+04 3.394206869415938854e-04 2.136930095730349801e-04 3.334985522087663954e-04 2.039712664554826807e-04 2.038600941887125373e-04
9.310000000000000000e+04 3.402163895467917522e-04 2.145456817621986024e-04 3.336254018358886112e-04 2.040867561299819478e-04 2.037908076696718642e-04
9.320000000000000000e+04 3.406525958174218662e-04 2.141899367173512737e-04 3.334716893732547760e-04 2.041190600721165538e-04 1.954605337232370765e-04
9.330000000000000000e+04 3.407107142265886068e-04 2.148386416956782211e-04 3.334000962786376498e-04 2.040805853903293480e-04 9.540106693748310717e-05
9.340000000000000000e+04 3.403084022769083941e-04 2.154569413202504172e-04 3.336882172152399973e-04 2.040158989257179244e-04 7.634002516473023504e-05
9.350000000000000000e+04 3.403419104870408773e-04 2.158179859785983924e-04 3.346634272020309838e-04 2.040203697106335421e-04 7.642926963550659969e-05
9.360000000000000000e+04 3.405543451663107005e-04 2.158428460825234576e-04 3.353854047600179846e-04 2.039921929826959935e-04 7.648291211808100614e-05
9.370000000000000000e+04 3.408777546913673516e-04 2.156335160058612632e-04 3.355387412011623209e-04 2.041325016762130125e-04 7.651883036790726176e-05
9.380000000000000000e+04 3.411930093231300477e-04 2.156670195593809233e-04 3.352457319851964886e-04 2.043156890431419047e-04 7.673115469515323368e-05
9.390000000000000000e+04 3.413205966353416551e-04 2.158133953344076547e-04 3.354100766591727864e-04 2.043910881911869940e-04 7.719240275037011166e-05
9.400000000000000000e+04 3.413002026112129110e-04 2.150468935724347830e-04 3.354633285198360465e-04 2.044540713541209806e-04 1.184143669282396589e-04
9.410000000000000000e+04 3.411826405984660243e-04 2.146158445005615534e-04 3.352974855806678772e-04 2.044479273899923988e-04 2.004613544462092306e-04
9.420000000000000000e+04 3.413687285501509688e-04 2.142727654427290006e-04 3.349743946455418673e-04 2.043655482702888689e-04 2.021564883762038377e-04
9.430000000000000000e+04 3.419955804323155952e-04 2.140241892387469559e-04 3.348680306226015069e-04 2.172885065374402448e-04 2.022667880131242266e-04
9.440000000000000000e+04 3.423499816562980630e-04 2.142456701646248637e-04 3.348592342808842572e-04 3.086379257729319537e-04 2.025490898328522859e-04
9.450000000000000000e+04 3.419383428990840912e-04 2.141861303243786205e-04 3.350581100676208735e-04 3.285838945885190612e-04 2.031719050137326392e-04
9.460000000000000000e+04 3.422734463432182796e-04 2.141761938886095986e-04 3.356917062774300901e-04 3.318084520287811648e-04 2.030601220515855510e-04
9.470000000000000000e+04 3.420590714085846923e-04 2.142968463400999680e-04 3.363821108359843579e-04 3.323031487525440753e-04 1.832317890754596305e-04
9.480000000000000000e+04 3.417550702579319152e-04 2.143761422485113187e-04 3.340901911724357865e-04 3.334679058752954548e-04 1.197947320179104788e-04
9.490000000000000000e+04 3.420493662512550498e-04 2.145442669279873339e-04 3.327333414927127297e-04 3.330374648794531866e-04 4.970157157610340717e-05
9.500000000000000000e+04 3.421228805867334026e-04 2.147693594451993704e-04 3.371757920831441879e-04 3.331928019179031253e-04 3.423405481347583182e-05
9.510000000000000000e+04 3.423580783419311047e-04 2.150545234326273246e-04 3.372062498237937559e-04 3.318755983491429953e-04 1.951341124367981996e-04
9.520000000000000000e+04 3.426029366285850315e-04 2.155019509761283791e-04 3.379410586785524910e-04 3.225074301008195232e-04 2.054192475043237101e-04
9.530000000000000000e+04 3.422021613611529560e-04 2.154936534740651752e-04 3.384385118260979848e-04 2.282612223643797327e-04 9.928859168819505090e-05
9.540000000000000000e+04 3.426770679652690454e-04 2.146010258002206846e-04 3.379569947719574495e-04 2.050632514874450841e-04 6.925122498196481651e-310
9.550000000000000000e+04 3.432903516416748184e-04 2.129924774635582566e-04 3.372093313373624845e-04 2.050606875855010057e-04 6.459839520782658198e-06
9.560000000000000000e+04 3.437330907521148450e-04 2.142346568871289427e-04 3.347606468014418602e-04 2.049823390552774083e-04 6.718233101613435164e-05
9.570000000000000000e+04 3.431450109928846576e-04 2.149107772856951053e-04 3.345925698522478928e-04 2.050070908444467899e-04 7.772047720209228924e-05
9.580000000000000000e+04 3.431990936708946950e-04 2.154482235588754332e-04 3.379533474799245488e-04 2.050248027080670021e-04 7.789537509476454646e-05
9.590000000000000000e+04 3.429765133963277196e-04 2.160752271690095222e-04 3.375545435119419965e-04 2.050096416496671845e-04 7.799624096757421258e-05
9.600000000000000000e+04 3.418483538553118706e-04 2.169336396036669775e-04 3.369647893123328686e-04 2.049939736025407856e-04 7.804929191479459405e-05
9.610000000000000000e+04 3.411167010199278485e-04 2.178043187207852685e-04 3.327603288926186302e-04 2.050482953200116829e-04 7.804067427059635249e-05
9.620000000000000000e+04 3.410177965027590304e-04 2.177364194843297630e-04 3.263665072154254480e-04 2.051847692928277021e-04 7.807678751608667365e-05
9.630000000000000000e+04 3.413832397200166854e-04 2.163774997461587538e-04 3.294148249551653103e-04 2.052284062665421440e-04 7.806717185303569111e-05
9.640000000000000000e+04 3.420227556489407583e-04 2.179591152040909956e-04 3.319188964087516460e-04 2.052540972363203786e-04 7.799638163608809131e-05
9.650000000000000000e+04 3.421763928296665531e-04 2.182698401156812798e-04 3.330848237965256084e-04 2.053407552011776716e-04 7.800660083982317850e-05
9.660000000000000000e+04 3.423372982069849968e-04 2.176107512786984303e-04 3.327514661941677419e-04 2.055221077171154483e-04 7.800794774084351415e-05
9.670000000000000000e+04 3.423234758277733506e-04 2.162627095822245457e-04 3.309676202479748790e-04 2.058320557989645738e-04 7.810369958557810115e-05
9.680000000000000000e+04 3.413139182763795672e-04 2.170785295311361410e-04 3.319159464444965688e-04 2.060524589614942692e-04 7.822249026503414729e-05
9.690000000000000000e+04 3.427831339649855765e-04 2.174497960368171226e-04 3.328944777604192539e-04 2.061721627251245168e-04 7.827739245840347219e-05
9.700000000000000000e+04 3.434756557301928419e-04 2.175305611065899423e-04 3.333089465741068450e-04 2.065181499347090884e-04 7.842431417278324113e-05
9.710000000000000000e+04 3.427157993428409425e-04 2.174404581698278474e-04 3.327370842453092380e-04 2.059271732287015744e-04 7.841710842816003728e-05
9.720000000000000000e+04 3.433625504840164943e-04 2.175280661322176576e-04 3.328002558555454211e-04 2.055836271028965614e-04 7.843222556402906775e-05
9.730000000000000000e+04 3.442066333567102353e-04 2.177453720166037574e-04 3.332845261320472067e-04 2.056232753966469404e-04 7.853101245321644753e-05
9.740000000000000000e+04 3.446081730847557747e-04 2.178137481678277091e-04 3.339575149584562085e-04 2.059102235944010361e-04 7.870296637217202873e-05
9.750000000000000000e+04 3.441057633608579636e-04 2.174724650103598833e-04 3.345517616253346205e-04 2.058959689748007804e-04 7.878946962591726333e-05
9.760000000000000000e+04 3.446621063631028154e-04 2.174162146790573882e-04 3.347823291551321810e-04 2.059495414141565659e-04 7.878239557612687349e-05
9.770000000000000000e+04 3.446081653237342943e-04 2.177280647447332968e-04 3.341805119998753331e-04 2.061466262966859956e-04 7.878125155305800971e-05
9.780000000000000000e+04 3.442695480771362673e-04 2.184827398741617604e-04 3.337348334025591764e-04 2.064992731902748346e-04 7.886727835284546831e-05
9.790000000000000000e+04 3.441017509127656474e-04 2.197732161342477448e-04 3.342648840043693499e-04 2.065961962216533720e-04 7.906546137140444915e-05
9.800000000000000000e+04 3.513969325770934242e-04 2.210354665294289264e-04 3.356854489538818923e-04 2.067191642709076242e-04 7.928516667258615747e-05
9.810000000000000000e+04 3.563633712474257621e-04 2.214315207675099405e-04 3.358849731739610650e-04 2.068127322127111289e-04 7.956648332765325362e-05
9.820000000000000000e+04 3.627753428493946217e-04 2.212960585408533479e-04 3.357734414748847376e-04 2.068571568815968942e-04 7.982558963703922927e-05
9.830000000000000000e+04 3.872236159319669582e-04 2.210445564317827232e-04 3.358730487525463126e-04 2.068593642616178775e-04 7.993274509014251783e-05
9.840000000000000000e+04 3.620773553848277227e-04 2.214705216465518063e-04 3.363060485571622805e-04 2.072034840239211917e-04 8.010435703909023241e-05
9.850000000000000000e+04 3.455263019228975159e-04 2.209234798404698336e-04 3.354765416588634578e-04 2.069208443572279120e-04 8.025327891421814308e-05
9.860000000000000000e+04 3.537543020987266376e-04 2.203566505340859663e-04 3.350982652045786034e-04 2.065604939707555224e-04 8.249730696358391184e-05
9.870000000000000000e+04 3.743782639503466861e-04 2.212375000817700982e-04 3.356931020971387668e-04 2.072005557420198080e-04 9.889650791592382076e-05
9.880000000000000000e+04 3.825682622846213903e-04 2.210576731401185234e-04 3.368088463321328120e-04 2.066722634481266249e-04 1.649723916974241893e-04
9.890000000000000000e+04 3.850334129917124546e-04 2.208437533893932968e-04 3.363594843540340358e-04 2.068755551590584273e-04 1.965909311062824755e-04
9.900000000000000000e+04 3.856398689094930887e-04 2.207969926530495123e-04 3.354084095917641900e-04 2.456410977174585297e-04 2.077836325042881072e-04
9.910000000000000000e+04 3.596563222041966731e-04 2.211612453296159892e-04 3.346362966112792383e-04 3.354561005835421817e-04 2.086073063158740636e-04
9.920000000000000000e+04 3.503974565925697558e-04 2.215046534547582388e-04 3.352381521835923520e-04 3.369229438249021552e-04 2.084046262704456647e-04
9.930000000000000000e+04 3.504560212604701844e-04 2.207942598033695871e-04 3.351972484961152012e-04 3.374743185122497120e-04 2.087547807605005909e-04
9.940000000000000000e+04 3.498758383405705546e-04 2.202896800978730422e-04 3.355275676585733739e-04 3.380270424531772256e-04 1.319726516764268274e-04
9.950000000000000000e+04 3.480567053581277710e-04 2.226025933244577286e-04 3.359799331519752632e-04 3.384576455573550923e-04 8.453975472851500705e-05
9.960000000000000000e+04 3.478574741166085222e-04 2.228049375116825201e-04 3.358640964142978321e-04 3.373591322451829780e-04 8.039107924560085481e-05
9.970000000000000000e+04 3.495586861390622096e-04 2.242177367831269929e-04 3.341316629666834940e-04 3.351516101974992491e-04 8.027004466081659180e-05
9.980000000000000000e+04 3.532726550474761290e-04 2.261082944460213141e-04 3.342398267704993486e-04 3.101947013055877857e-04 8.033925575242998067e-05
9.990000000000000000e+04 3.659640788100655510e-04 2.260629530064761617e-04 3.348131768871098258e-04 2.649237922742011305e-04 8.036676626943517476e-05
1.000000000000000000e+05 3.749936004169285297e-04 2.249191747978329659e-04 3.339546092320233583e-04 2.077504759654402733e-04 8.047708979574963450e-05
1.001000000000000000e+05 3.772426416010906877e-04 2.237660994675630909e-04 3.339561354368924943e-04 2.076579564891289833e-04 8.069732878842235402e-05
1.002000000000000000e+05 3.795695840381084680e-04 2.229392115259543191e-04 3.328154841437936089e-04 2.079081730335019442e-04 8.075680307229049504e-05
1.003000000000000000e+05 4.396227557056846345e-04 2.229460676123077776e-04 3.317339753266423832e-04 2.081790650845505286e-04 8.086164101162769961e-05
1.004000000000000000e+05 4.948669268439211122e-04 2.225787563171858499e-04 3.317352232988923376e-04 2.082590304780751413e-04 8.087701280601322651e-05
1.005000000000000000e+05 5.038125091232359409e-04 2.222817071015015190e-04 3.331345098558813767e-04 2.082959508697967976e-04 8.082227031991351396e-05
1.006000000000000000e+05 5.042261327616870403e-04 2.223821713899572661e-04 3.336643229704350190e-04 2.085361591889523002e-04 8.076365629676729712e-05
1.007000000000000000e+05 5.034742217200498292e-04 2.236702029282848579e-04 3.336802741978317477e-04 2.558782676351300058e-04 8.085314984782598100e-05
1.008000000000000000e+05 5.001657176762824494e-04 2.236430393531918612e-04 3.335156617686152697e-04 3.302933205850422946e-04 8.094229415291919762e-05
1.009000000000000000e+05 4.918156851393482975e-04 2.225729217752814662e-04 3.341927437577396696e-04 3.331351935048587035e-04 8.111446137869885993e-05
1.010000000000000000e+05 4.642229760065674782e-04 2.210245506527523218e-04 3.331503481604158011e-04 3.339037793921306187e-04 8.132898680438908890e-05
1.011000000000000000e+05 4.523354698903859312e-04 2.208041562698781230e-04 3.329138562548906695e-04 3.353561009862459827e-04 8.137928489304613322e-05
1.012000000000000000e+05 4.590985830873260502e-04 2.205692805970708558e-04 3.343207668513060180e-04 3.370036964770406441e-04 8.144271948064366615e-05
1.013000000000000000e+05 4.836789681576182838e-04 2.204706224923332417e-04 3.369995660614221724e-04 3.378101732232607879e-04 8.159577167437721021e-05
1.014000000000000000e+05 5.133717204444101720e-04 2.207884483505041307e-04 3.371005575172602848e-04 3.373758011730387742e-04 8.176385163096710497e-05
1.015000000000000000e+05 5.585121107287704945e-04 2.225554063140104178e-04 3.372936160303652395e-04 3.370281876414082836e-04 8.187269061939635173e-05
1.016000000000000000e+05 6.204885469439140816e-04 2.233715832699090286e-04 3.377278347034007051e-04 3.372022754047066233e-04 8.190024770253027931e-05
1.017000000000000000e+05 6.790867657400633407e-04 2.231744100572541313e-04 3.371244086883961742e-04 3.378892151522449954e-04 8.198063660529442403e-05
1.018000000000000000e+05 6.258344782205974791e-04 2.225224532109374288e-04 3.369677159935236129e-04 3.372766840038821405e-04 8.192837364428367760e-05
1.019000000000000000e+05 5.568350665271288484e-04 2.243402613870178891e-04 3.361277014482766628e-04 3.363652672851458214e-04 8.186148879758547720e-05
1.020000000000000000e+05 5.336800822988152504e-04 2.246829681098461151e-04 3.348745172843337276e-04 3.357575042173266411e-04 8.205947233363986015e-05
1.021000000000000000e+05 6.704976471761901757e-04 2.247737464495003256e-04 3.339629748370498267e-04 3.189982913318094499e-04 8.210508543318914261e-05
1.022000000000000000e+05 6.354456767439855018e-04 2.251650295996417649e-04 3.333249967545270833e-04 2.440257830312506072e-04 8.217078599651965454e-05
1.023000000000000000e+05 5.688918405212397113e-04 2.267822728026659262e-04 3.335637087002396519e-04 2.173806109931313696e-04 8.224061457440257072e-05
1.024000000000000000e+05 6.802294636145201148e-04 2.265572218069185687e-04 3.340005199424922596e-04 2.089383918792009484e-04 8.230503008235245401e-05
1.025000000000000000e+05 7.472008971186975277e-04 2.260160060056174704e-04 3.337777161505073309e-04 2.089754270855337381e-04 8.236449866672046483e-05
1.026000000000000000e+05 7.475563092157229287e-04 2.256683487212285107e-04 3.327203658409417413e-04 2.089059646823443483e-04 8.240165916504338926e-05
1.027000000000000000e+05 7.051673873017230611e-04 2.250087953871116270e-04 3.328329336363822092e-04 2.088166498288046590e-04 8.243868542194832387e-05
1.028000000000000000e+05 7.036017215189835448e-04 2.261435003795971249e-04 3.342248452827334469e-04 2.092899550916627212e-04 8.256094830964379237e-05
1.029000000000000000e+05 7.468574098311349255e-04 2.272504253778606697e-04 3.369778802152721664e-04 2.185540393111297180e-04 8.283242241304832900e-05
1.030000000000000000e+05 7.853921269997954369e-04 2.276640026442086444e-04 3.414159291423858296e-04 2.454161774949160458e-04 8.291466050044012115e-05
1.031000000000000000e+05 8.061817924802505827e-04 2.287605635744209347e-04 3.420896281022578239e-04 3.135390959505500170e-04 8.301168272737414187e-05
1.032000000000000000e+05 8.256962057203042936e-04 2.284587192116305048e-04 3.411920834332704197e-04 3.262273757718504364e-04 8.313446742249653556e-05
1.033000000000000000e+05 8.321859796221056996e-04 2.275780058698728204e-04 3.396457282360640264e-04 3.273692203219979936e-04 8.328406390016122862e-05
1.034000000000000000e+05 8.324244719309112448e-04 2.265425699685389869e-04 3.352355933748184897e-04 3.279819205636158716e-04 8.345313957155060813e-05
1.035000000000000000e+05 8.302706410177052021e-04 2.255984727526083318e-04 3.371593658812346134e-04 3.276841147453524498e-04 8.356556099897716194e-05
1.036000000000000000e+05 8.374935598112645367e-04 2.238222855764130889e-04 3.397856827359647686e-04 3.245285828597843430e-04 8.373765352492531231e-05
1.037000000000000000e+05 8.375001760820547812e-04 2.216619769266496608e-04 3.410895098932087508e-04 3.250732505694032214e-04 8.391397192705578583e-05
1.038000000000000000e+05 8.350879419595001827e-04 2.195587987080216646e-04 3.411859704647213134e-04 3.269331931369379293e-04 8.405412736465223676e-05
1.039000000000000000e+05 8.372217106322446447e-04 2.206409303471446753e-04 3.396001458168029286e-04 3.270916600013153760e-04 8.419817083146579045e-05
1.040000000000000000e+05 8.340653342505296433e-04 2.213561907410621860e-04 3.395116538740694957e-04 3.294326481409372417e-04 8.412029274040833116e-05
1.041000000000000000e+05 8.332653669640421867e-04 2.221607282990590009e-04 3.406058799009770133e-04 3.295575038646347647e-04 8.403437532251700488e-05
1.042000000000000000e+05 8.331052105252938125e-04 2.233547214806701458e-04 3.400172293186187484e-04 3.296304907416924813e-04 8.398993862404799100e-05
1.043000000000000000e+05 8.250038643988473561e-04 2.244428617026036031e-04 3.397784568369388277e-04 3.293302678503098771e-04 8.399102092274310079e-05
1.044000000000000000e+05 8.193145156838001555e-04 2.248696540482342373e-04 3.401252801995724613e-04 3.212838410399850584e-04 8.406181441387160799e-05
1.045000000000000000e+05 8.182003123996158802e-04 2.250357531011104746e-04 3.408578864764421853e-04 3.274174348916861254e-04 8.407750404633891627e-05
1.046000000000000000e+05 8.212590667729575706e-04 2.252316876547411453e-04 3.415620198938995773e-04 3.318800911074504148e-04 8.413092339954649228e-05
1.047000000000000000e+05 8.175776456482710623e-04 2.243375062244012822e-04 3.412320779170840957e-04 3.325320631847716716e-04 8.425522937614005601e-05
1.048000000000000000e+05 8.153455176701149797e-04 2.241497585782781395e-04 3.415317938197404168e-04 3.324614942539483027e-04 8.440716095113506281e-05
1.049000000000000000e+05 8.129282854497433576e-04 2.242359800341849464e-04 3.421061183325946526e-04 3.321116493316366965e-04 8.453123179303171644e-05
1.050000000000000000e+05 8.092360221780836582e-04 2.242040791315957904e-04 3.424070018809288740e-04 3.322850243421271443e-04 8.447935761068947613e-05
1.051000000000000000e+05 8.123383702089390394e-04 2.247508384364967863e-04 3.409711085259914962e-04 3.322210788610391752e-04 8.432968073369315448e-05
1.052000000000000000e+05 8.186218445189296766e-04 2.321148314513268494e-04 3.410459961742162488e-04 3.311420639511198803e-04 8.419900599013392401e-05
1.053000000000000000e+05 8.236252586357297248e-04 2.395584119949489930e-04 3.419770335312932838e-04 3.293866253807209302e-04 8.426443055213894966e-05
1.054000000000000000e+05 8.203677483834327135e-04 2.397795560924957236e-04 3.430408332496881832e-04 3.304257581476122032e-04 8.429039589827880805e-05
1.055000000000000000e+05 8.221942892608543598e-04 nan 3.415921994019299095e-04 3.323411772726104314e-04 8.442215766990557313e-05
1.056000000000000000e+05 8.214243454858660047e-04 nan 3.431081329472363451e-04 3.341367002576590560e-04 8.459836099063977057e-05
1.057000000000000000e+05 8.164355802970623679e-04 nan 3.431588259991257971e-04 3.355374341481366131e-04 8.460865428787656399e-05
1.058000000000000000e+05 8.041054553662741475e-04 nan 3.401074535213411158e-04 3.363142174202948679e-04 8.467077495879493112e-05
1.059000000000000000e+05 8.083352120593187591e-04 nan 3.401879442390054399e-04 3.361659354413859503e-04 8.481531440338586068e-05
1.060000000000000000e+05 8.131769524576762951e-04 nan 3.405879775527864911e-04 3.348872822243720944e-04 8.494959911331534386e-05
1.061000000000000000e+05 8.139324219276506539e-04 3.083014860749258893e-04 3.413076535798609712e-04 3.322373505216090635e-04 8.501029381780729759e-05
1.062000000000000000e+05 8.106410619802775384e-04 3.397983033210033935e-04 3.421656461432576201e-04 3.310113912448286685e-04 8.499562900396995789e-05
1.063000000000000000e+05 8.118921347583332206e-04 3.662498194413886824e-04 3.423721040599048116e-04 3.313989989692344828e-04 8.501612052593069411e-05
1.064000000000000000e+05 8.151386670457818652e-04 nan 3.448878135532141556e-04 3.316049056593328931e-04 8.511602888271833640e-05
1.065000000000000000e+05 8.188962819986045361e-04 nan 3.435111313592640811e-04 3.302811222965829942e-04 8.526285819243639708e-05
1.066000000000000000e+05 8.156940069360036922e-04 nan 3.399128268938511827e-04 3.314966155448928605e-04 8.540113267372362858e-05
1.067000000000000000e+05 8.168452652171253507e-04 4.636497108731424746e-04 3.425815841183068428e-04 3.308938784175552384e-04 8.551386308681685206e-05
1.068000000000000000e+05 8.191981585696340258e-04 4.525298182852554359e-04 3.425360401161014687e-04 3.310185123700647592e-04 8.574106323067097501e-05
1.069000000000000000e+05 8.181214565411209843e-04 4.396523279137912383e-04 3.422926028724759622e-04 3.329367766855282143e-04 8.608237027753299362e-05
1.070000000000000000e+05 8.160918174932400024e-04 4.639995400793864733e-04 3.426062001381068988e-04 3.364967764355242578e-04 8.639380757813341916e-05
1.071000000000000000e+05 8.148348773829638741e-04 4.603438975755124981e-04 3.442322055343538935e-04 3.368347458308562701e-04 8.628921605122741854e-05
1.072000000000000000e+05 8.140789732957879124e-04 4.680683832460394824e-04 3.440951823722570983e-04 3.371122130192816648e-04 8.645818064299721519e-05
1.073000000000000000e+05 8.123227589142819824e-04 4.818160486562797799e-04 3.439082833938300783e-04 3.374711776268668234e-04 8.629252552054824071e-05
1.074000000000000000e+05 8.143635815940796678e-04 4.804444184992462809e-04 3.436297038570046078e-04 3.372066729934886250e-04 8.616785999038256705e-05
1.075000000000000000e+05 8.173727740844091141e-04 4.880568691684554201e-04 3.430917277000844479e-04 3.361720591783523560e-04 8.639579815887070402e-05
1.076000000000000000e+05 8.202494005672633865e-04 4.890258726663885072e-04 3.448640939313917550e-04 3.356179804541170597e-04 8.656330076822390249e-05
1.077000000000000000e+05 8.203053614124656157e-04 4.853630647994579489e-04 3.460650308988988378e-04 3.351864710566588071e-04 8.659998893563169715e-05
1.078000000000000000e+05 8.195508853532374989e-04 4.875494500932594198e-04 3.460750216618179516e-04 3.344077308429404182e-04 8.666093320546982279e-05
1.079000000000000000e+05 8.191972582911451152e-04 4.854126980838675202e-04 3.446693089790644235e-04 3.318377354298718144e-04 8.679298941084804273e-05
1.080000000000000000e+05 8.200769661925733089e-04 4.953576601110404624e-04 3.463919740170241378e-04 3.345756151247772196e-04 8.700310718268156052e-05
1.081000000000000000e+05 8.192113445450861743e-04 5.134434485808014479e-04 3.464834881015121937e-04 3.361500881146638523e-04 8.703227152485245037e-05
1.082000000000000000e+05 8.203000063076614683e-04 5.198078090325000157e-04 3.461946104653179711e-04 3.349708602763712168e-04 8.716061565792188590e-05
1.083000000000000000e+05 8.214457775466145169e-04 5.132168019190431465e-04 3.462311078328639616e-04 3.343760553980245991e-04 8.730148947506677088e-05
1.084000000000000000e+05 8.197658850500981736e-04 5.123205514003831718e-04 3.466705221217125502e-04 3.365239512640982303e-04 8.740156966572005821e-05
1.085000000000000000e+05 8.178679078506926334e-04 5.172179002935686906e-04 3.477089630905539339e-04 3.387562319403514266e-04 8.745603978847309157e-05
1.086000000000000000e+05 8.176567498594522476e-04 5.151290865615008267e-04 3.485350299160927924e-04 3.404371062060818727e-04 8.735103765502571518e-05
1.087000000000000000e+05 8.170673623681065385e-04 5.216265469789507087e-04 3.489480761345475804e-04 3.412347883568145552e-04 8.732555033930111676e-05
1.088000000000000000e+05 8.083685883320871051e-04 5.213412207861738840e-04 3.493634692858904709e-04 3.410804062150418628e-04 8.737161600341399601e-05
1.089000000000000000e+05 8.092941949144004908e-04 5.124188004992897378e-04 3.501178266014903762e-04 3.403961414005607193e-04 8.744053920963778550e-05
1.090000000000000000e+05 8.132594133106371128e-04 5.023990486127636072e-04 3.501675266306847225e-04 3.395794861717149290e-04 8.754873852012678981e-05
1.091000000000000000e+05 8.183728670701386062e-04 5.038024849879245209e-04 3.497347864322364265e-04 3.389875171706080545e-04 8.762979244541687360e-05
1.092000000000000000e+05 8.241583476774391043e-04 5.070139351300895257e-04 3.500856144819408959e-04 3.390462312381714799e-04 8.770892018219456890e-05
1.093000000000000000e+05 8.629345955948005721e-04 5.118679325096302203e-04 3.493550047278403846e-04 3.401072099222801084e-04 8.784282690612600067e-05
1.094000000000000000e+05 8.918551572908961196e-04 5.309290695004167861e-04 3.495770960580557737e-04 3.411521582165732546e-04 8.813904132694004340e-05
1.095000000000000000e+05 8.818780770525336266e-04 5.680319387465739478e-04 3.502268169540912130e-04 3.421046392759308869e-04 8.803296259429771453e-05
1.096000000000000000e+05 8.856224167781568801e-04 5.920623227333031598e-04 3.498747723642736305e-04 3.438581281807273713e-04 8.806008797061319604e-05
1.097000000000000000e+05 8.948034102407583608e-04 5.960227393855651234e-04 3.508776205126196211e-04 3.430021079839206538e-04 8.812735080330943429e-05
1.098000000000000000e+05 8.997200522571811247e-04 6.006996985524895106e-04 3.519808303099125689e-04 3.433570492779836839e-04 8.817953130346724256e-05
1.099000000000000000e+05 8.849806656750544131e-04 6.045747827738524394e-04 3.506591368932274037e-04 3.425921473535707132e-04 8.843763316690457477e-05
1.100000000000000000e+05 8.779708296060562134e-04 6.059279742961128914e-04 3.440517757553607225e-04 3.368033212609589100e-04 8.856856099252279058e-05
1.101000000000000000e+05 8.866962278261786810e-04 6.032725842669601915e-04 3.444851515814661893e-04 3.380053461296483267e-04 8.865674026310443607e-05
1.102000000000000000e+05 9.022790977420902178e-04 5.910120764747265340e-04 3.441061649937182882e-04 3.386865090578794436e-04 8.882423644536174563e-05
1.103000000000000000e+05 8.926120431472861841e-04 5.937942078647513722e-04 3.430241032037883303e-04 3.393209530622698887e-04 8.920557823633619714e-05
1.104000000000000000e+05 8.931740885600446571e-04 5.968804867006837064e-04 3.414493892341852101e-04 3.401732712518423687e-04 8.917764498619363525e-05
1.105000000000000000e+05 8.998968405649065971e-04 5.950789665803318026e-04 3.411323588807135712e-04 3.406633768463507837e-04 8.909622071466098681e-05
1.106000000000000000e+05 9.103738237172365839e-04 6.011352268978954749e-04 3.406044468283653173e-04 3.394587367074562712e-04 8.904128990252501720e-05
1.107000000000000000e+05 9.117422392591833201e-04 6.026913085952401074e-04 3.410677146166563424e-04 3.379559933091513205e-04 8.901292640075552666e-05
1.108000000000000000e+05 9.034620287517713131e-04 6.063330910789473593e-04 3.438345156610018560e-04 3.366819431539625060e-04 8.888162701623513481e-05
1.109000000000000000e+05 8.963840004677573045e-04 6.140568999884030068e-04 3.537166921887548404e-04 3.358640472288243754e-04 8.903283536104331618e-05
1.110000000000000000e+05 8.977417019195854664e-04 6.079648272134362133e-04 3.600988304242494866e-04 3.370169026311486309e-04 8.923692075768485665e-05
1.111000000000000000e+05 9.106984517226606205e-04 6.155540669957796198e-04 4.019521898590085770e-04 3.376962436595931671e-04 8.934534331880665797e-05
1.112000000000000000e+05 9.088728111237296195e-04 6.200182329242430023e-04 4.586460604332368647e-04 3.377117170020937985e-04 8.926118219581743172e-05
1.113000000000000000e+05 9.000619524158540424e-04 6.126926722936333830e-04 3.787585697136837621e-04 3.372387276613153300e-04 8.920744730858131701e-05
1.114000000000000000e+05 8.951493926967184905e-04 6.190673766347273670e-04 3.803980699740354085e-04 3.392230166355148934e-04 8.952782154665325581e-05
1.115000000000000000e+05 9.069392108358442783e-04 6.159745040349659268e-04 3.780280763749027466e-04 3.410496516153217121e-04 8.979759331850800663e-05
1.116000000000000000e+05 9.060654672794040332e-04 6.153096863999964932e-04 3.638242546003312198e-04 3.421514271758496631e-04 8.988195913843809474e-05
1.117000000000000000e+05 9.212353616021627754e-04 6.244857143610713091e-04 3.703669179230932866e-04 3.422731356113217945e-04 8.978285623015836423e-05
1.118000000000000000e+05 1.062353374436492267e-03 6.196857150644063689e-04 4.308416112326109160e-04 3.420214942889288220e-04 9.016747547624011925e-05
1.119000000000000000e+05 1.094403513707220294e-03 6.192101328633725687e-04 4.884332674555474322e-04 3.413839658605866134e-04 9.042195997608360445e-05
1.120000000000000000e+05 1.096663724941511877e-03 6.194438979340096026e-04 5.398448789492234527e-04 3.425534465350211426e-04 9.056527536207188711e-05
1.121000000000000000e+05 1.092964302127560038e-03 6.176346160160997188e-04 5.927438917569834284e-04 3.449140387238003552e-04 9.063823660350559539e-05
1.122000000000000000e+05 1.096300012432038611e-03 6.198475998826324766e-04 6.698752380907530652e-04 3.452992433449254025e-04 9.070645392057485607e-05
1.123000000000000000e+05 1.094209154446919947e-03 6.180992932058868624e-04 3.632554907995987070e-04 3.457740045269020466e-04 9.072117851853060677e-05
1.124000000000000000e+05 1.090133935213089119e-03 6.155002249094346624e-04 -2.036857886599303442e-07 3.454276151023804729e-04 9.096473077079281482e-05
1.125000000000000000e+05 1.086147269234061241e-03 6.148984539322555065e-04 -9.471712834547763561e-08 3.451622324064373970e-04 9.124902680923696607e-05
1.126000000000000000e+05 1.087410165928304109e-03 6.162878816636900570e-04 4.792916393669872672e-04 3.460775286657735662e-04 9.126837903750127689e-05
1.127000000000000000e+05 1.088170373501876845e-03 6.188305350951850761e-04 6.157728796824816966e-04 3.458963890443555924e-04 9.107901314564514905e-05
1.128000000000000000e+05 1.090890448540448665e-03 6.189866666682065054e-04 6.000242009758946721e-04 3.457671101205050793e-04 9.098128066398203373e-05
1.129000000000000000e+05 1.099602839288612004e-03 6.128543918021020715e-04 5.991284549236381351e-04 3.456906921928748553e-04 9.098003404991079912e-05
1.130000000000000000e+05 1.096302488197882898e-03 6.207410556574661153e-04 6.793940905481623323e-04 3.457359794992953214e-04 9.107848624504792645e-05
1.131000000000000000e+05 1.092816935852169991e-03 6.223926693201065410e-04 6.704015657305712698e-04 3.462982003111392411e-04 9.128140554821582747e-05
1.132000000000000000e+05 1.090383250266313423e-03 6.216736549201111938e-04 6.499821320176125657e-04 3.468973573762923869e-04 9.140300341338539756e-05
1.133000000000000000e+05 1.088872691616416108e-03 6.237876329881450769e-04 6.617263448424667155e-04 3.486434105434455281e-04 9.146370927434569213e-05
1.134000000000000000e+05 1.086770580150187146e-03 6.199163035489617694e-04 7.078404258936651147e-04 3.493414953118191492e-04 9.154736690106800876e-05
1.135000000000000000e+05 1.086705480702221394e-03 6.173988377364972649e-04 7.336851092986774016e-04 3.433253426919694842e-04 9.169641634798608720e-05
1.136000000000000000e+05 1.089072988058130062e-03 6.170036403151850715e-04 7.262478140182766816e-04 3.456752514466643659e-04 9.169754484901204434e-05
1.137000000000000000e+05 1.089744945056736339e-03 6.195508013479410908e-04 6.979827652685350508e-04 3.451524517731740377e-04 9.192123761749825830e-05
1.138000000000000000e+05 1.087186827013890064e-03 6.200730466904739264e-04 7.238322519697242647e-04 3.443722520023585038e-04 9.201119319186545637e-05
1.139000000000000000e+05 1.082531029048065460e-03 6.203353847377002109e-04 7.242041802965103539e-04 3.468276196508667691e-04 9.191978436623079172e-05
1.140000000000000000e+05 1.076324027962982655e-03 6.208302220329642296e-04 7.131643244065339346e-04 3.460591600742190859e-04 9.173298894893378019e-05
1.141000000000000000e+05 1.076112136555214781e-03 6.222175201401114247e-04 7.058204407803716357e-04 3.430336425662971209e-04 9.192921703894778838e-05
1.142000000000000000e+05 1.071198936551810048e-03 6.229221339647968668e-04 7.347287074662765642e-04 3.410063934279605464e-04 9.201979216110582334e-05
1.143000000000000000e+05 1.066100271418690638e-03 6.209628726355729276e-04 7.289426587522026364e-04 3.409756821929477827e-04 9.214820165652781996e-05
1.144000000000000000e+05 1.067670931418736790e-03 6.181857121797899044e-04 7.439390593208368646e-04 3.393395990133284937e-04 9.235295437974855575e-05
1.145000000000000000e+05 1.063990406692028046e-03 6.184149727535744870e-04 7.761491113342335654e-04 3.340614071930756704e-04 9.245769979315809906e-05
1.146000000000000000e+05 1.064059208147227764e-03 6.196712073870002833e-04 8.059249701909730959e-04 3.342706203693526865e-04 9.270562950405293026e-05
1.147000000000000000e+05 1.065059526202578833e-03 6.203846936114132881e-04 7.928504445590079872e-04 3.390379756456244438e-04 9.303664531519946501e-05
1.148000000000000000e+05 1.054222501503925035e-03 6.199855372930565978e-04 7.871679426170885173e-04 3.420500073116274791e-04 9.327770579451074835e-05
1.149000000000000000e+05 1.052261842414736791e-03 6.175023084506392956e-04 7.879663957282901678e-04 3.406715951859950716e-04 9.327433035650755939e-05
1.150000000000000000e+05 1.049093669280409813e-03 6.188326127206286156e-04 7.904554367996752262e-04 3.429661883274093270e-04 9.340694062605810210e-05
1.151000000000000000e+05 1.043080538511276419e-03 6.164886437666909939e-04 7.962736394256350646e-04 3.464995534159242565e-04 9.357874344762724954e-05
1.152000000000000000e+05 1.046778308227657968e-03 6.113916332833466355e-04 7.946129865013064125e-04 3.483382915146648494e-04 9.366117883473634991e-05
1.153000000000000000e+05 1.046240981668234045e-03 6.084181127759317152e-04 7.867277832701795965e-04 3.488069731974974231e-04 9.366470937190266586e-05
1.154000000000000000e+05 1.046470808796584476e-03 6.105488073080779553e-04 7.754924218170359661e-04 3.471593814902007450e-04 9.372351681425546426e-05
1.155000000000000000e+05 1.050822436809539795e-03 6.107538240030407255e-04 7.895139977335938111e-04 3.490320872515441397e-04 9.366963786305859685e-05
1.156000000000000000e+05 1.047378219664097092e-03 6.091499553682903564e-04 7.962300279177725705e-04 3.540416364558036759e-04 9.388012016036858252e-05
1.157000000000000000e+05 1.041078893467784535e-03 6.095587563080092286e-04 7.984359376132487687e-04 3.486542846076187761e-04 9.406291258831818176e-05
1.158000000000000000e+05 1.036571012809872324e-03 6.083041778765619452e-04 7.968297228217117566e-04 3.499730140902102319e-04 9.400014751008710671e-05
1.159000000000000000e+05 1.041190962617595875e-03 6.065231049433351430e-04 7.850383524782953044e-04 3.514841033029370032e-04 9.380977850620788629e-05
1.160000000000000000e+05 1.045845371360580199e-03 6.202753555650537386e-04 8.653360884636701698e-04 3.508778812829406479e-04 9.412434640883778081e-05
1.161000000000000000e+05 1.046645827591419133e-03 7.065484346821969061e-04 9.363724756985925901e-04 3.463225212180985027e-04 9.430502686882391030e-05
1.162000000000000000e+05 1.044696685858070764e-03 7.215796224772930969e-04 9.724041586741817133e-04 3.442999144317581838e-04 9.425495712396998748e-05
1.163000000000000000e+05 1.044839597307145682e-03 7.246672951926789140e-04 1.022149678319691406e-03 3.450935607543216500e-04 9.405755202654594567e-05
1.164000000000000000e+05 1.044667628593742804e-03 7.280754344537852417e-04 1.023618117906152951e-03 3.436930489260696343e-04 9.425196767551823637e-05
1.165000000000000000e+05 1.042850548401474953e-03 7.242869197701414354e-04 1.012186473235487461e-03 3.360400485689747575e-04 9.435219787216433973e-05
1.166000000000000000e+05 1.040139204512039936e-03 7.226786467557152083e-04 1.001064670272171610e-03 3.285054425941778735e-04 9.448530084531132380e-05
1.167000000000000000e+05 1.047386880964040409e-03 7.215407560579478090e-04 1.004092218354344637e-03 3.437632115674202349e-04 9.464973227295559171e-05
1.168000000000000000e+05 1.046291583528121630e-03 7.210670791876811923e-04 1.006275103427469765e-03 3.438823937904088085e-04 9.463377937208860842e-05
1.169000000000000000e+05 1.044134244633217710e-03 7.246017774256567926e-04 1.011759294196963111e-03 3.262206679210078938e-04 9.474434955336619169e-05
1.170000000000000000e+05 1.045593409799039364e-03 7.295532268472019110e-04 8.140596714900377338e-04 3.448895004112278876e-04 9.481636152486316860e-05
1.171000000000000000e+05 1.041349605657160716e-03 7.281812412353848036e-04 4.052035440738652010e-05 3.230331055237913333e-04 9.488182816615638182e-05
1.172000000000000000e+05 1.040467022297282941e-03 7.321663876064127014e-04 7.601466524551962712e-04 3.149325330741704985e-04 9.500180312898008931e-05
1.173000000000000000e+05 1.040933071635663509e-03 8.275225316174378114e-04 5.484045382605663840e-04 3.182054104399863127e-04 9.529088747513014552e-05
1.174000000000000000e+05 1.039873614596823924e-03 7.737061684019850465e-04 2.654520717010663139e-04 3.121987596387041752e-04 9.521394992286029955e-05
1.175000000000000000e+05 1.044034065368274920e-03 nan 1.110200886614620686e-03 3.118296590400859714e-04 9.538530199885522664e-05
1.176000000000000000e+05 1.044714800082146991e-03 nan 2.663074123329741034e-04 3.244831704068922408e-04 9.567957749823106960e-05
1.177000000000000000e+05 1.042691191347936731e-03 nan -1.059120639973135148e-06 3.699157023220298090e-04 9.547260015096981078e-05
1.178000000000000000e+05 1.043504437742133993e-03 nan -2.142725120894364199e-06 4.486374865518863398e-04 2.227591248811258934e-05
1.179000000000000000e+05 1.042295270599424969e-03 nan -2.866516450406765294e-06 4.004765106947158243e-04 1.001627337245767361e-04
1.180000000000000000e+05 1.048362969110409491e-03 nan -3.086717970199492131e-06 3.492257208563357145e-04 1.906260780136411479e-04
1.181000000000000000e+05 1.062595091449717753e-03 nan -2.805690544884561682e-06 3.400957817211777549e-04 2.033998420908291100e-04
1.182000000000000000e+05 1.065755961462855122e-03 nan -2.359340971800901076e-06 3.716671833535658957e-04 1.748623195453559355e-04
1.183000000000000000e+05 1.076698962909479213e-03 nan -1.963279158121109940e-06 3.772234389907680972e-04 1.982424366966971179e-04
1.184000000000000000e+05 1.099502512564260598e-03 nan -1.834682581440913479e-06 3.721388604026289117e-04 1.908966087891406506e-04
1.185000000000000000e+05 1.137954997830092907e-03 nan -1.944887442162663551e-06 2.031922762398587212e-04 1.261420766240869170e-04
1.186000000000000000e+05 1.150004379451273831e-03 nan -2.273285298882651675e-06 0.000000000000000000e+00 6.925122591755173270e-310
1.187000000000000000e+05 1.164939999580381826e-03 nan -2.734301576832282734e-06 0.000000000000000000e+00 6.925122592160307099e-310
1.188000000000000000e+05 1.186868967488406007e-03 nan -2.986985803911920551e-06 0.000000000000000000e+00 6.925122592563069414e-310
1.189000000000000000e+05 1.223048785080511252e-03 nan -2.970653001159582988e-06 0.000000000000000000e+00 3.691110020251150308e-05
1.190000000000000000e+05 4.087792864690225052e-04 nan -2.733805546560335571e-06 0.000000000000000000e+00 9.638323657175836012e-05
1.191000000000000000e+05 6.925041379239396370e-310 nan -2.379916288537028285e-06 0.000000000000000000e+00 9.682226336735762857e-05
1.192000000000000000e+05 6.925041379640528268e-310 nan -2.161119878466111907e-06 0.000000000000000000e+00 9.694782832715039271e-05
1.193000000000000000e+05 6.925041380040721441e-310 nan -2.097843149849439141e-06 0.000000000000000000e+00 1.001832048738528539e-04
1.194000000000000000e+05 6.925041380441803932e-310 nan -2.151213824460990487e-06 0.000000000000000000e+00 1.261485616851123744e-04
1.195000000000000000e+05 6.925041380842935830e-310 nan -2.303026292196873213e-06 0.000000000000000000e+00 1.830093497119382093e-04
1.196000000000000000e+05 6.925041381244018321e-310 nan -2.530197441535655450e-06 0.000000000000000000e+00 2.136505121598032176e-04
1.197000000000000000e+05 6.925041381644211494e-310 nan -2.591642820620533158e-06 0.000000000000000000e+00 2.182164214900694896e-04
1.198000000000000000e+05 6.925041382045343392e-310 nan 2.357625049987631134e-03 0.000000000000000000e+00 2.199472791592898819e-04
1.199000000000000000e+05 6.925041382446425884e-310 nan 5.423924960196093749e-03 0.000000000000000000e+00 2.238477371671856921e-04
