9.000000000000000000e+04 1.461916304249313413e-03 1.569840284035008051e-03 1.672864187895479159e-03 1.753074148585617199e-03
9.010000000000000000e+04 1.609134895083590058e-03 2.385114353726832358e-03 2.506089506007721374e-03 1.539792602099900867e-03
9.020000000000000000e+04 1.857974298421380139e-03 2.055036079256077498e-03 2.133583946476616793e-03 1.464046087562891280e-03
9.030000000000000000e+04 1.349232679123554823e-03 1.638767977229233039e-03 1.908825922911549546e-03 1.649860706950292966e-03
9.040000000000000000e+04 1.524365725351645683e-03 1.857376837259485259e-03 2.111029659867472673e-03 1.873736441215588565e-03
9.050000000000000000e+04 1.816025518379822765e-03 2.101530732312203824e-03 2.268854536141686005e-03 2.094620742587748833e-03
9.060000000000000000e+04 1.851470028170663310e-03 1.759814426171037432e-03 1.667044688868388668e-03 1.942423205786581331e-03
9.070000000000000000e+04 1.483436428359747499e-03 1.619999386163881692e-03 1.450047614136272750e-03 1.741218847376402442e-03
9.080000000000000000e+04 1.133104687565013834e-03 1.402100483394770050e-03 1.434082755607743844e-03 1.633608160206262688e-03
9.090000000000000000e+04 1.152478513278207446e-03 1.323462160407063576e-03 1.332259359043447668e-03 1.571280346220991749e-03
9.100000000000000000e+04 1.139117121766118710e-03 1.304094488332810386e-03 1.282560271132412175e-03 1.496020066748555716e-03
9.110000000000000000e+04 1.077170530085804151e-03 1.213445862272493703e-03 1.303129007734268397e-03 1.457233715990893796e-03
9.120000000000000000e+04 9.715991577464037953e-04 1.298916911523738220e-03 1.255776677641624352e-03 1.436106088620103154e-03
9.130000000000000000e+04 9.956698238436387325e-04 1.217027309851302034e-03 1.192979992488388393e-03 1.462684731158302859e-03
9.140000000000000000e+04 8.335785597277569486e-04 1.076883973251451486e-03 1.207681131188363937e-03 1.646228769783491305e-03
9.150000000000000000e+04 8.899657848062647288e-04 1.168172584713259672e-03 1.213377012876172860e-03 1.625092096992692380e-03
9.160000000000000000e+04 8.709976459450975228e-04 1.094620389715241990e-03 1.204266506533743612e-03 1.672807033754852759e-03
9.170000000000000000e+04 8.743252643632008336e-04 1.150485815089338391e-03 1.386439488988614518e-03 1.434799926790004607e-03
9.180000000000000000e+04 9.394015859383964082e-04 1.182667404467308263e-03 1.487092250996992259e-03 1.429019722675726675e-03
9.190000000000000000e+04 1.021496554312828486e-03 1.386452008127536661e-03 1.551597474262471571e-03 1.451637961080511161e-03
9.200000000000000000e+04 1.302553217477483635e-03 1.508278950570170369e-03 1.590587555777350651e-03 1.572094667883516947e-03
9.210000000000000000e+04 1.478743911833630114e-03 1.728397538870930740e-03 1.757822207576480774e-03 1.684599784720924040e-03
9.220000000000000000e+04 1.301820735616134603e-03 1.501044324349044357e-03 1.523639134599097953e-03 1.666676490315438606e-03
9.230000000000000000e+04 1.143744113294504995e-03 1.342097105307023079e-03 1.300219021831667361e-03 1.543531805679287721e-03
9.240000000000000000e+04 1.093241221504258299e-03 1.296448231874572886e-03 1.293051373455723300e-03 1.446627773676516758e-03
9.250000000000000000e+04 1.106708821165215987e-03 1.209670763874699751e-03 1.520832068874035771e-03 1.545817686948987605e-03
9.260000000000000000e+04 1.041174646593143573e-03 1.159051387086045427e-03 1.423292668330419265e-03 1.528371000978185354e-03
9.270000000000000000e+04 1.093286096872219835e-03 1.260000986221705265e-03 1.386321132473226437e-03 1.436840818796507368e-03
9.280000000000000000e+04 9.927826814679057560e-04 1.191587709135367859e-03 1.393867919742687415e-03 1.416343027005870225e-03
9.290000000000000000e+04 1.131993470657801553e-03 1.185996066469172756e-03 1.408412040872907217e-03 1.363313799733004974e-03
9.300000000000000000e+04 1.156951050674710768e-03 1.195837153851086543e-03 1.447319982750436230e-03 1.313883095293209152e-03
9.310000000000000000e+04 9.020966574868399465e-04 1.149431042630953475e-03 2.205668743253908545e-03 1.269224680238214284e-03
9.320000000000000000e+04 7.425155609461771104e-04 1.173093743752716802e-03 2.707140504245283356e-03 1.131767666146749410e-03
9.330000000000000000e+04 7.735393501651804428e-04 1.164431229635421849e-03 2.200293202543325728e-03 1.085845796085838522e-03
9.340000000000000000e+04 8.982260350318248959e-04 1.204069385331056879e-03 1.643773482336795136e-03 1.153162254782600076e-03
9.350000000000000000e+04 8.725154312650007385e-04 1.219981781260643175e-03 1.143054931229502700e-03 1.073479087532507297e-03
9.360000000000000000e+04 9.375181828174605292e-04 1.161565029726538975e-03 1.087342496756949200e-03 9.678916778029339170e-04
9.370000000000000000e+04 1.172696596374384753e-03 1.178907999256374349e-03 1.145163482682581228e-03 1.064675834576277614e-03
9.380000000000000000e+04 1.160785154058776051e-03 1.284339896099952498e-03 1.143895968141394335e-03 1.152488505240305012e-03
9.390000000000000000e+04 1.235588788489851023e-03 1.259761740121999578e-03 1.147090702679506944e-03 1.132044620036599123e-03
9.400000000000000000e+04 1.115604029882328891e-03 1.160165325870400437e-03 1.065195438568531869e-03 1.179408250206462382e-03
9.410000000000000000e+04 1.062186310908118164e-03 1.434437920980057186e-03 9.903584190497222162e-04 1.143386834119856010e-03
9.420000000000000000e+04 1.014617420254362769e-03 1.251099294252708228e-03 1.013260393283673408e-03 1.095626460225997004e-03
9.430000000000000000e+04 1.113681619289381107e-03 1.065727555814398450e-03 1.007845541098608896e-03 1.059650163919394856e-03
9.440000000000000000e+04 9.327730768961859471e-04 1.058468742035593253e-03 9.869303127374468455e-04 1.014231725081949980e-03
9.450000000000000000e+04 8.726411116758846405e-04 1.014255000827469317e-03 1.001962962412033869e-03 1.033563595033520867e-03
9.460000000000000000e+04 8.520522256094656324e-04 1.018799504747916994e-03 1.015120520149427434e-03 1.049076697893881055e-03
9.470000000000000000e+04 8.555129172159080470e-04 1.004675082717878132e-03 1.024289095854597322e-03 1.015227557888100356e-03
9.480000000000000000e+04 8.779074772629686567e-04 1.030471143578225732e-03 1.001027899512543914e-03 9.789440953023443963e-04
9.490000000000000000e+04 8.165381423664939270e-04 1.049915310208759294e-03 9.747119786591658180e-04 9.740940141920209324e-04
9.500000000000000000e+04 7.702628968547059170e-04 1.031011054241261085e-03 9.613032092010938886e-04 1.007415979434780244e-03
9.510000000000000000e+04 7.318408395842432605e-04 1.035413698990138125e-03 9.984891479456470265e-04 1.018135382562187314e-03
9.520000000000000000e+04 7.481050063188550469e-04 1.092075504744512105e-03 1.028243708562508229e-03 1.067110586364662141e-03
9.530000000000000000e+04 7.835944543371464429e-04 1.101290771277591484e-03 1.072403253363007208e-03 1.130113823328814712e-03
9.540000000000000000e+04 7.966399944665926523e-04 1.130274509424648854e-03 1.126395692840752305e-03 1.212113058187918582e-03
9.550000000000000000e+04 7.999940079079219824e-04 1.164114163614152989e-03 1.120550078091853835e-03 1.306925573274055194e-03
9.560000000000000000e+04 8.534328197485383611e-04 1.148865951529556536e-03 1.181441045971187015e-03 1.305070127689542071e-03
9.570000000000000000e+04 9.015707928961457429e-04 1.197396645651158933e-03 1.236305436355226951e-03 1.267620693549485755e-03
9.580000000000000000e+04 9.744691254788891577e-04 1.224937027019350894e-03 1.297014253219691072e-03 1.263879622182395319e-03
9.590000000000000000e+04 9.920890332001598873e-04 1.206514730189595964e-03 1.308650754180561929e-03 1.226190305440275118e-03
9.600000000000000000e+04 1.070417287350461724e-03 1.177534681413388434e-03 1.385427522795080503e-03 1.191369148119303129e-03
9.610000000000000000e+04 1.139341426035367019e-03 1.285626351126232907e-03 1.549244895891155067e-03 1.163302975801479072e-03
9.620000000000000000e+04 1.163441732507858057e-03 1.610059186143058272e-03 1.680795184100530078e-03 1.214971854509057066e-03
9.630000000000000000e+04 1.268047060555532604e-03 1.607570048054755710e-03 1.642065343712999963e-03 1.384964876928575141e-03
9.640000000000000000e+04 1.533752229283869874e-03 1.604668811379864187e-03 1.617721431280744323e-03 1.451605715403218345e-03
9.650000000000000000e+04 1.491399006339434426e-03 1.738973310683151075e-03 1.632204044680851630e-03 1.515520954666020950e-03
9.660000000000000000e+04 1.429557296428578652e-03 1.761855670310692691e-03 1.431338691154842441e-03 1.672028402868890474e-03
9.670000000000000000e+04 1.429239642606115138e-03 1.666092127136021206e-03 1.404223718582361165e-03 1.696767443106280901e-03
9.680000000000000000e+04 1.264147956869184335e-03 1.541930277228004175e-03 1.338449931620040679e-03 1.585274174373285791e-03
9.690000000000000000e+04 1.281476729816746459e-03 1.466865274347303912e-03 1.313243579325141857e-03 1.491107722124525086e-03
9.700000000000000000e+04 1.324311175984117794e-03 1.404111832944745933e-03 1.260087705831272565e-03 1.413666647270722101e-03
9.710000000000000000e+04 1.161706731864682119e-03 1.381226732844182629e-03 1.200104756668239148e-03 1.329786465921657711e-03
9.720000000000000000e+04 1.068117740634622146e-03 1.336553915665535238e-03 1.201637279309650036e-03 1.276743050945326188e-03
9.730000000000000000e+04 1.082848044418719324e-03 1.305841253186785849e-03 1.223578910552095000e-03 1.206790389306610072e-03
9.740000000000000000e+04 1.089454702186840040e-03 1.192439508734144003e-03 1.153254238634319811e-03 1.190427735057443493e-03
9.750000000000000000e+04 1.040654483048568391e-03 1.123637336585105086e-03 1.095427027145467677e-03 1.197381790685748829e-03
9.760000000000000000e+04 1.115292890543177762e-03 1.113343730514259906e-03 1.032398378232610506e-03 1.152995837254289311e-03
9.770000000000000000e+04 1.111235280802382128e-03 1.120736637579886888e-03 1.039892396135857567e-03 1.052883088912706742e-03
9.780000000000000000e+04 9.946958298966141875e-04 1.243833566339107733e-03 1.059198322664034507e-03 1.075360370094278605e-03
9.790000000000000000e+04 9.754867718551364641e-04 1.311840253277630737e-03 1.069811193809014783e-03 1.131457979290320052e-03
9.800000000000000000e+04 1.082660422855866037e-03 1.470229834843000917e-03 1.068778575826080440e-03 1.134802248840993894e-03
9.810000000000000000e+04 1.185720601461380834e-03 1.303948610448476576e-03 1.089965236997218539e-03 1.187492715976562821e-03
9.820000000000000000e+04 1.145406437715041368e-03 1.380695039167321222e-03 1.131483719627665802e-03 1.296627178693068004e-03
9.830000000000000000e+04 1.098099547329856084e-03 1.379361675424164687e-03 1.179273195239606596e-03 1.334163638515352543e-03
9.840000000000000000e+04 1.039886847224170225e-03 1.393188678965595834e-03 1.265092308069904001e-03 1.317222558103936384e-03
9.850000000000000000e+04 1.143057208569359324e-03 1.533988482860548655e-03 1.278092119730718816e-03 1.290015960482196640e-03
9.860000000000000000e+04 1.241364423702076255e-03 1.685920612207979013e-03 1.340319250841166170e-03 1.295064044343855912e-03
9.870000000000000000e+04 1.271818401469531094e-03 1.842086243237872276e-03 1.507130638513531733e-03 1.340371534616548654e-03
9.880000000000000000e+04 1.407988919826321439e-03 1.873552712925838923e-03 1.792319417158517699e-03 1.483648353181387519e-03
9.890000000000000000e+04 1.519897009532879132e-03 1.830026005920756078e-03 1.862143215380064392e-03 1.693097705116905580e-03
9.900000000000000000e+04 1.524770262536299069e-03 1.967442878071787391e-03 1.621866415453742391e-03 1.793746243581773817e-03
9.910000000000000000e+04 1.716128690049346147e-03 1.786707990311338801e-03 1.524724606999500231e-03 1.707492255555679607e-03
9.920000000000000000e+04 1.738318213415751849e-03 2.018197298471347250e-03 1.534976500954538447e-03 1.612228173483106191e-03
9.930000000000000000e+04 1.768207997955237917e-03 2.047073520774667695e-03 1.493085895775534159e-03 1.531879424470420931e-03
9.940000000000000000e+04 1.671294462627384569e-03 1.954669606610691824e-03 1.479210100231597011e-03 1.523403984143215052e-03
9.950000000000000000e+04 1.568132102249659987e-03 2.089011215546852495e-03 1.419818850092536937e-03 1.588643259586936841e-03
9.960000000000000000e+04 1.698034531729613640e-03 1.741955352689264838e-03 1.329317043676200242e-03 1.596916214569117556e-03
9.970000000000000000e+04 1.798998158980767573e-03 1.796224837763079523e-03 1.308245418487527382e-03 1.581701735642750519e-03
9.980000000000000000e+04 1.786244696376979501e-03 2.229593633356119486e-03 1.413566969587821921e-03 1.488624597497501152e-03
9.990000000000000000e+04 1.817379719466502910e-03 1.885253955982704819e-03 1.500279003313321818e-03 1.429601874788915964e-03
1.000000000000000000e+05 1.758762569194807258e-03 1.891300936284813624e-03 1.675875337369731391e-03 1.494018316252989243e-03
1.001000000000000000e+05 1.767706822239112482e-03 2.047317399745340015e-03 1.585060216480333557e-03 1.486279626800764576e-03
1.002000000000000000e+05 1.781888769854201790e-03 1.734537322970061907e-03 1.521661442717350517e-03 1.527074691879174188e-03
1.003000000000000000e+05 1.586520249136350990e-03 1.592644307134494751e-03 1.736438417691677340e-03 1.620927547385581828e-03
1.004000000000000000e+05 1.521969765880951510e-03 1.630485971278000396e-03 1.666748385166500271e-03 1.689192937280586211e-03
1.005000000000000000e+05 1.439009556011006975e-03 4.349398638843263859e-03 1.566895644247755411e-03 1.557944743005368077e-03
1.006000000000000000e+05 1.454329520974247765e-03 3.618947093110580406e-03 1.616158406229225740e-03 1.622308295457995349e-03
1.007000000000000000e+05 1.609704379887893708e-03 3.384028406009865781e-03 1.737369625249761363e-03 1.654023867916484467e-03
1.008000000000000000e+05 1.792841685338399842e-03 1.669012745231937891e-03 1.716610381672028108e-03 1.752925452915822697e-03
1.009000000000000000e+05 1.790226809054130562e-03 1.650083883417004585e-03 1.609933817151529842e-03 1.729546387177422493e-03
1.010000000000000000e+05 1.847229026143685018e-03 1.665230147765535233e-03 1.641545330835927343e-03 1.648448237737858537e-03
1.011000000000000000e+05 1.879909487283177921e-03 1.721234240227901462e-03 1.749985767472913688e-03 1.626540188699109610e-03
1.012000000000000000e+05 1.819669002371675226e-03 1.909248196745973137e-03 1.794058900499234058e-03 1.606301679107253804e-03
1.013000000000000000e+05 2.065451822279939283e-03 1.853527013370159142e-03 1.792264945008415931e-03 1.637227990610253545e-03
1.014000000000000000e+05 1.863647498353003138e-03 1.922791738956284701e-03 1.768134280686967140e-03 1.793996521499283819e-03
1.015000000000000000e+05 1.969664158643710025e-03 1.955586517249793821e-03 1.943746762333216404e-03 1.848930659172174458e-03
1.016000000000000000e+05 2.002854167382375847e-03 1.914173863487709419e-03 1.894736460178701081e-03 1.893418919894439712e-03
1.017000000000000000e+05 1.840184996552213280e-03 1.796674278910785584e-03 1.772138008984369814e-03 1.972571446827732587e-03
1.018000000000000000e+05 2.034466098526129061e-03 1.800323325069521372e-03 1.853541874149525768e-03 1.866458601792884498e-03
1.019000000000000000e+05 2.080635460924405798e-03 1.882403204400930584e-03 1.666809515086266173e-03 1.869404790674974786e-03
1.020000000000000000e+05 2.053625359701249584e-03 1.732298548258503221e-03 1.577654970093602836e-03 1.823110910373497906e-03
1.021000000000000000e+05 1.843082433287654464e-03 1.605956310507546071e-03 1.706790722781242973e-03 1.852504407983740584e-03
1.022000000000000000e+05 1.773438328901154153e-03 1.787669559038117207e-03 1.708902024115517950e-03 1.918858993618896861e-03
1.023000000000000000e+05 1.802612256113575754e-03 1.800803388723938147e-03 1.706093229082572896e-03 1.907945592002769806e-03
1.024000000000000000e+05 2.137731589763883482e-03 1.785275670829323960e-03 1.598137201961810031e-03 1.732780657455772720e-03
1.025000000000000000e+05 1.887961711794693348e-03 1.751452666226302555e-03 1.600855084655885153e-03 1.643432514683347816e-03
1.026000000000000000e+05 1.914774664273506590e-03 1.743101967387354406e-03 1.628461612398552326e-03 1.640464426087188433e-03
1.027000000000000000e+05 2.000391981267747414e-03 1.887237882414693124e-03 1.645485226889636336e-03 1.628132463954202113e-03
1.028000000000000000e+05 2.099258286274168980e-03 1.788537421955320060e-03 1.573462969783643228e-03 1.595103064448959683e-03
1.029000000000000000e+05 2.226422163246125855e-03 1.631364448151792750e-03 1.608134286545719223e-03 1.704145886381236647e-03
1.030000000000000000e+05 1.967707516664949936e-03 1.742122005940358693e-03 1.664001395106903163e-03 1.820790721642207011e-03
1.031000000000000000e+05 1.789139491964106309e-03 1.802391547929997140e-03 1.636941443442938666e-03 1.629520091172628011e-03
1.032000000000000000e+05 1.903596163937131252e-03 1.712537282331642310e-03 1.617119491977634174e-03 1.559428317190335919e-03
1.033000000000000000e+05 1.916033559009229460e-03 1.601038449414773565e-03 1.614262931486844677e-03 1.627327804604957774e-03
1.034000000000000000e+05 2.009764692916366034e-03 1.691443829175395602e-03 1.634153778502378399e-03 1.661866921659783773e-03
1.035000000000000000e+05 2.132988058644447529e-03 1.756522669124836213e-03 1.690673362474527349e-03 1.637980387984058327e-03
1.036000000000000000e+05 1.915132382971160155e-03 1.754774511017765824e-03 1.641755653659044594e-03 1.615071256385838599e-03
1.037000000000000000e+05 1.846667256553023370e-03 1.797267685098417628e-03 1.431113271452922990e-03 1.558762862483821553e-03
1.038000000000000000e+05 2.295757681599849744e-03 1.769244075474336094e-03 1.463827491612696742e-03 1.510194514419703309e-03
1.039000000000000000e+05 2.217354722165581181e-03 1.774647982685085938e-03 1.628771969309128617e-03 1.483030109180683356e-03
1.040000000000000000e+05 1.994828278838540938e-03 1.949032988738650697e-03 1.724620303222521803e-03 1.501325193764634081e-03
1.041000000000000000e+05 2.354706640988671242e-03 2.140346878635152050e-03 1.659931103416287159e-03 1.610041217382519527e-03
1.042000000000000000e+05 2.763116716242785056e-03 2.038819228790668143e-03 1.718689790332632045e-03 1.547912795324666831e-03
1.043000000000000000e+05 2.385303612381205716e-03 1.914532468276002215e-03 1.786274849952432676e-03 1.507945858767775326e-03
1.044000000000000000e+05 2.654598265568700044e-03 2.212843773716971930e-03 1.663325745607466830e-03 1.536563737710728563e-03
1.045000000000000000e+05 2.825336244247071693e-03 2.408719702926476278e-03 1.562178335591708506e-03 1.631277089071431641e-03
1.046000000000000000e+05 2.632126714841902509e-03 2.202113406764712525e-03 1.696533801609992863e-03 1.548538789289291822e-03
1.047000000000000000e+05 2.510776824778230675e-03 2.326665547134850777e-03 1.658421778115157794e-03 1.522165580220194827e-03
1.048000000000000000e+05 2.805054779492628832e-03 2.600658701396468299e-03 1.608666439785786696e-03 1.675400332724537441e-03
1.049000000000000000e+05 2.805625049124117060e-03 2.745348487957995944e-03 1.630931615356029547e-03 1.780763291411097604e-03
1.050000000000000000e+05 3.135126068937306183e-03 3.105390103691571795e-03 1.666509408731853964e-03 1.769091763506685806e-03
1.051000000000000000e+05 3.491931377925573850e-03 3.450279466333037396e-03 1.820419467920190862e-03 1.674142239171366297e-03
1.052000000000000000e+05 3.694552322520594685e-03 3.407623037853460633e-03 1.756398752279170975e-03 1.598219641317992316e-03
1.053000000000000000e+05 3.662691970659943085e-03 3.190385707490588692e-03 1.664299261125600036e-03 1.566080263194507931e-03
1.054000000000000000e+05 3.226772611766814004e-03 2.843772255365575527e-03 1.704108855642260572e-03 1.645930559980949941e-03
1.055000000000000000e+05 2.768112699487186579e-03 2.662751097700107646e-03 1.796533684795512727e-03 1.665257117959762466e-03
1.056000000000000000e+05 2.733237715820779293e-03 2.958825376124183879e-03 1.947371297815981119e-03 1.585734199996014209e-03
1.057000000000000000e+05 2.953215177033946884e-03 3.441660964931095995e-03 2.141215799790467059e-03 1.521001127195342273e-03
1.058000000000000000e+05 3.316524819931904872e-03 3.646595612626350128e-03 2.158398642530359821e-03 1.563186606546176612e-03
1.059000000000000000e+05 3.583037949487011872e-03 3.518400019868618556e-03 2.070424195160615061e-03 1.672901832712711144e-03
1.060000000000000000e+05 3.444864734952320963e-03 3.240834217042180398e-03 1.942823379057334772e-03 1.693886989831409028e-03
1.061000000000000000e+05 3.130189934704925240e-03 2.809715978052185203e-03 1.823002886292361333e-03 1.763954404573344096e-03
1.062000000000000000e+05 2.918719742202417755e-03 2.409226481094098576e-03 1.703638673814724010e-03 1.830637270439275334e-03
1.063000000000000000e+05 2.539209643816938734e-03 2.268266136245825505e-03 1.751654413001611918e-03 1.844798377869062570e-03
1.064000000000000000e+05 2.352848866357521579e-03 2.447558492323547667e-03 1.955090599659178256e-03 1.800633905704746279e-03
1.065000000000000000e+05 2.526716489177141100e-03 2.765407671815638384e-03 2.135761182407512181e-03 1.785038089244324463e-03
1.066000000000000000e+05 2.753151018785455519e-03 3.021273716673399546e-03 2.098231351118359095e-03 1.830785257332680042e-03
1.067000000000000000e+05 2.882151672523728878e-03 3.049111701768246561e-03 2.026721495863657418e-03 1.887564247889685553e-03
1.068000000000000000e+05 2.768614442527178501e-03 2.801534673075745802e-03 2.078931231623724549e-03 1.963353163914055219e-03
1.069000000000000000e+05 2.657482829810602250e-03 2.589740233077753376e-03 2.134988466293987353e-03 1.868002840479239708e-03
1.070000000000000000e+05 2.502706933410874576e-03 2.632294341642041780e-03 2.257275240616728358e-03 1.854678631720761868e-03
1.071000000000000000e+05 2.528801213679989293e-03 2.863245019039429261e-03 2.562709792420644981e-03 2.120894388150080991e-03
1.072000000000000000e+05 2.734975309882436284e-03 3.284739979120674790e-03 2.718471830365026820e-03 2.400517347240537121e-03
1.073000000000000000e+05 3.013871033270619764e-03 3.550606464789359332e-03 2.590717668948038649e-03 2.505170502354517499e-03
1.074000000000000000e+05 3.082873729351930277e-03 3.538797971618824235e-03 2.442482796331303576e-03 2.452792925117896431e-03
1.075000000000000000e+05 2.915210488223759708e-03 3.328010755604514457e-03 2.461933405564022386e-03 2.185382648308436052e-03
1.076000000000000000e+05 2.866600955590035884e-03 3.131871488415300005e-03 2.462783834157693513e-03 2.023242664612687983e-03
1.077000000000000000e+05 3.653400357117610013e-03 3.090473034273862225e-03 2.465267824406653339e-03 2.008522539995109824e-03
1.078000000000000000e+05 3.044696997837495738e-03 2.940838796083774295e-03 2.265077445125348796e-03 2.136613808302742328e-03
1.079000000000000000e+05 3.210508701897251196e-03 2.403834034692682413e-03 1.915545480349717302e-03 2.096943825912685015e-03
1.080000000000000000e+05 2.783248537575024311e-03 1.929676255322726030e-03 1.760063419836840285e-03 1.952278013743367555e-03
1.081000000000000000e+05 2.080374821257466398e-03 1.717158880515312017e-03 1.775137827992400753e-03 1.837096846969838099e-03
1.082000000000000000e+05 1.745825583689645123e-03 1.750385518575810900e-03 1.669164387980361921e-03 1.771610360740878427e-03
1.083000000000000000e+05 1.692368605578596251e-03 1.696631486472318685e-03 1.678116965633558036e-03 1.742724581531839142e-03
1.084000000000000000e+05 1.718080500726417012e-03 1.743092426078147929e-03 1.779428231098301953e-03 1.799038221956354971e-03
1.085000000000000000e+05 1.803169971734352355e-03 1.730968531996944807e-03 1.811251028811667295e-03 1.724201174268566884e-03
1.086000000000000000e+05 1.743435859298256676e-03 1.729701279176108818e-03 1.803503410085473962e-03 1.659613437355288157e-03
1.087000000000000000e+05 1.789153569756703329e-03 1.836396726298197271e-03 1.789506044054485490e-03 1.670566850943663471e-03
1.088000000000000000e+05 1.751548671293848758e-03 1.924580242535438735e-03 1.930314306886716375e-03 1.801048531331632526e-03
1.089000000000000000e+05 1.798902153489018380e-03 2.018596836449366039e-03 2.030009339412396779e-03 1.858213815472344217e-03
1.090000000000000000e+05 1.985741003783351739e-03 2.033433728571538025e-03 2.157906845315829721e-03 1.874398297601744239e-03
1.091000000000000000e+05 1.876591124761633903e-03 1.926568435114371864e-03 2.265741816487846453e-03 2.000265274029080012e-03
1.092000000000000000e+05 1.767092987171971392e-03 1.878320124271699648e-03 2.241753987919575981e-03 2.071041537481868502e-03
1.093000000000000000e+05 1.639902863175884224e-03 1.899561575529675481e-03 2.114318584306175940e-03 1.985622391434920322e-03
1.094000000000000000e+05 1.596215557607597035e-03 1.796014901577341937e-03 1.921767712147680893e-03 1.901065104304495773e-03
1.095000000000000000e+05 1.546470544588994002e-03 1.770094663152425385e-03 1.817707582299218829e-03 1.836830169944785908e-03
1.096000000000000000e+05 1.534844866335686184e-03 1.704399895041110993e-03 1.881713441183367752e-03 1.872071394410590017e-03
1.097000000000000000e+05 1.485038381749104056e-03 1.599711133877529910e-03 1.872472646723018263e-03 1.902510913156650607e-03
1.098000000000000000e+05 1.456922984575265752e-03 1.533435010770493748e-03 1.828249138762239436e-03 1.974414153892956394e-03
1.099000000000000000e+05 1.426708462798500316e-03 1.460796263477142113e-03 1.766205714428838430e-03 1.893571596222263760e-03
1.100000000000000000e+05 1.340409605061698966e-03 1.490028216598797504e-03 1.731277376519270005e-03 1.831214249486926189e-03
1.101000000000000000e+05 1.348594018825318959e-03 1.584528267886953700e-03 1.658500810539527892e-03 1.842814225017074111e-03
1.102000000000000000e+05 1.405795050540884460e-03 1.633185209854970095e-03 1.530855061180386298e-03 1.861859371860602854e-03
1.103000000000000000e+05 1.427096784384825415e-03 1.603685261315509255e-03 1.565092355911881046e-03 1.796431962975051071e-03
1.104000000000000000e+05 1.437848509021802390e-03 1.585236505288240786e-03 1.689220011684171600e-03 1.776135521554636368e-03
1.105000000000000000e+05 1.414765061826115311e-03 1.484292255663134446e-03 1.807537511164654560e-03 1.722608139931750687e-03
1.106000000000000000e+05 1.399205324358195838e-03 1.440206868875356077e-03 1.772325392244933958e-03 1.664537857456148406e-03
1.107000000000000000e+05 1.558593401709729327e-03 1.557403432123187449e-03 1.726946268587550241e-03 1.698364816925570326e-03
1.108000000000000000e+05 1.536018011151096645e-03 1.635541211214101886e-03 1.648660545382169473e-03 1.825793487469507936e-03
1.109000000000000000e+05 1.498786528120416538e-03 1.594544108710878230e-03 1.735108741614307904e-03 2.000484645731762622e-03
1.110000000000000000e+05 1.505057211351816223e-03 1.533021752971621765e-03 1.766002320589781741e-03 1.970296047589234056e-03
1.111000000000000000e+05 1.562600209550594468e-03 1.620693646210092905e-03 1.609828964776568528e-03 1.792493846349540185e-03
1.112000000000000000e+05 1.633844064804389250e-03 1.610150627559407514e-03 1.587910515840418660e-03 1.708724532374954240e-03
1.113000000000000000e+05 1.529795932634954751e-03 1.632719057353643243e-03 1.695926237060471891e-03 1.581977910728169564e-03
1.114000000000000000e+05 1.496594706804329437e-03 1.623482948532028623e-03 1.850488905504611790e-03 1.595838072224687633e-03
1.115000000000000000e+05 1.491098732568736087e-03 1.694842330494144862e-03 1.921457506620306583e-03 1.686955658844935821e-03
1.116000000000000000e+05 1.610654508196107150e-03 1.642193991247682802e-03 1.785855254028908623e-03 1.681033001677420102e-03
1.117000000000000000e+05 1.654855692573293634e-03 1.614318842888342893e-03 1.711685802329055307e-03 1.752505388398926641e-03
1.118000000000000000e+05 1.601540042160378525e-03 1.826434219777937863e-03 1.853991247122513354e-03 1.735383948628012795e-03
1.119000000000000000e+05 1.592046732645299636e-03 1.841595106530106692e-03 1.871860337556780201e-03 1.756021115644248488e-03
1.120000000000000000e+05 1.730933926634468413e-03 1.911961869872608188e-03 2.033023289153486866e-03 1.887559402970560591e-03
1.121000000000000000e+05 1.870929848250763158e-03 1.971027340551558503e-03 2.284871723632877528e-03 2.047841353314012493e-03
1.122000000000000000e+05 1.823816641748767214e-03 1.943366368348408606e-03 2.223807219039946725e-03 2.194401781949447371e-03
1.123000000000000000e+05 1.933825037030701983e-03 1.857144042952379309e-03 1.961504837882118053e-03 2.175782910663985863e-03
1.124000000000000000e+05 1.854922580153997927e-03 1.821847240565162979e-03 1.963886810624995271e-03 1.946486516354584834e-03
1.125000000000000000e+05 1.748863557109265644e-03 1.907601926585451900e-03 1.873780536120867772e-03 1.762939460437763046e-03
1.126000000000000000e+05 1.768705992040092408e-03 1.826838949819822953e-03 1.794302791474745558e-03 1.651807390950802692e-03
1.127000000000000000e+05 1.953802258279122624e-03 1.670299862448194981e-03 1.877912752000259399e-03 1.544239650757461791e-03
1.128000000000000000e+05 1.820772759082005384e-03 1.784074563513056823e-03 1.962087964631629294e-03 1.548697466063063714e-03
1.129000000000000000e+05 1.752577981739194234e-03 1.733022990301779026e-03 1.879625083354600785e-03 1.639372816380045431e-03
1.130000000000000000e+05 1.844318203164560218e-03 1.723538476390138645e-03 1.798538000950231346e-03 1.831641572335824522e-03
1.131000000000000000e+05 1.765584328786554569e-03 1.991281097953994435e-03 1.786561072250959651e-03 1.892121159075244160e-03
1.132000000000000000e+05 1.822939644092732257e-03 1.935408312316061691e-03 1.722951398267972114e-03 1.955832126409925726e-03
1.133000000000000000e+05 1.785072765470126915e-03 1.938542779326694237e-03 1.755739693742090334e-03 2.036862064672033314e-03
1.134000000000000000e+05 1.682968521365710334e-03 1.837091011439933533e-03 1.850908819964792312e-03 1.690370515659204639e-03
1.135000000000000000e+05 1.749884275975889004e-03 1.574704470143064141e-03 1.796035439568649137e-03 1.488519705041874705e-03
1.136000000000000000e+05 1.753455787338064871e-03 1.469261696823472105e-03 1.539262763496304816e-03 1.511996209751138810e-03
1.137000000000000000e+05 1.559405665179152464e-03 1.641235033393715096e-03 1.547218807971915012e-03 1.556615683927294481e-03
1.138000000000000000e+05 1.586275209515492900e-03 1.702133252888319648e-03 1.618538229351197200e-03 1.573943495997326501e-03
1.139000000000000000e+05 1.779778329879896709e-03 1.700755716137328667e-03 1.617177058059623973e-03 1.567357271155819061e-03
1.140000000000000000e+05 1.794699115403738075e-03 1.673657540133608465e-03 1.645323944782257821e-03 1.529964982534758391e-03
1.141000000000000000e+05 1.630201782329015981e-03 1.557674075422701716e-03 1.609007878017208173e-03 1.501173558464745112e-03
1.142000000000000000e+05 1.710640406703518336e-03 1.740278220625146241e-03 1.708891430410665801e-03 1.582767180676165333e-03
1.143000000000000000e+05 1.685142437434357767e-03 1.703243397127077651e-03 1.754626225783721162e-03 1.482846090652111155e-03
1.144000000000000000e+05 1.744491835955761785e-03 1.710096148146822426e-03 1.637174472094552607e-03 1.758619049194286342e-03
1.145000000000000000e+05 1.734331575896156481e-03 1.646703949258300449e-03 1.689477113363124436e-03 2.015365289274520869e-03
1.146000000000000000e+05 1.541118020746893962e-03 1.678694885737652383e-03 1.695694670748961776e-03 1.815018011358744514e-03
1.147000000000000000e+05 1.536923689699387597e-03 1.666544274240372653e-03 1.701833486880198303e-03 1.622010183860551034e-03
1.148000000000000000e+05 1.578878712682264688e-03 1.679544611183705471e-03 1.779341975430386892e-03 1.611933534967996190e-03
1.149000000000000000e+05 1.619788164406097070e-03 1.741583169135478950e-03 1.736058796301686658e-03 1.626877327668185434e-03
1.150000000000000000e+05 1.788396239776934458e-03 1.713991480004253571e-03 1.826689849551898278e-03 1.694589607763552410e-03
1.151000000000000000e+05 1.784470530587569780e-03 1.741626889644758494e-03 1.975375353934819955e-03 1.696645917502240079e-03
1.152000000000000000e+05 1.877544489259014250e-03 1.870751676869623426e-03 2.108982525845100667e-03 1.870960245143189239e-03
1.153000000000000000e+05 1.974287589569983462e-03 2.128730919931898138e-03 2.315915609971735001e-03 1.686806657226711317e-03
1.154000000000000000e+05 1.970666758724131957e-03 2.211391752352844138e-03 2.212362052246442685e-03 1.631697269440601653e-03
1.155000000000000000e+05 2.019835197324851110e-03 1.965431426169859507e-03 1.965995448769197046e-03 1.858248468776739709e-03
1.156000000000000000e+05 2.023342652586996183e-03 1.851456304462634163e-03 1.821847289183868611e-03 2.002782606343303951e-03
1.157000000000000000e+05 1.880047872877506961e-03 1.930193991541717625e-03 1.936724795106300806e-03 2.061471520104418784e-03
1.158000000000000000e+05 1.889121206181419059e-03 2.086860911508463604e-03 2.174600054166661665e-03 2.083040693627537764e-03
1.159000000000000000e+05 2.051165353210034330e-03 2.257601233374795322e-03 2.279024240155103857e-03 2.157646024694245390e-03
1.160000000000000000e+05 1.936536434475644251e-03 2.283041682056749164e-03 2.318968943428701291e-03 2.254841927186759711e-03
1.161000000000000000e+05 2.034442220616710251e-03 2.139476924584948064e-03 2.259883265559979246e-03 2.197979531193773074e-03
1.162000000000000000e+05 2.025186821661336192e-03 1.996865782514638168e-03 2.053008522242355961e-03 2.156811981600965239e-03
1.163000000000000000e+05 2.124778895233734276e-03 2.055694989901818773e-03 1.991778898173577218e-03 2.010199876360968443e-03
1.164000000000000000e+05 2.040121890347413626e-03 1.887145791254372148e-03 2.060352200310005665e-03 2.267823169972604542e-03
1.165000000000000000e+05 1.983462194148903190e-03 1.934918673012625545e-03 2.073125192411777364e-03 2.299405035964299706e-03
1.166000000000000000e+05 2.038990182887957456e-03 2.033736178977388429e-03 2.198689307858091649e-03 2.279503538415061665e-03
1.167000000000000000e+05 2.094739438216746286e-03 2.279715983893790092e-03 2.213150262688579322e-03 2.076681324620172249e-03
1.168000000000000000e+05 2.288069175682154802e-03 2.216556543444537369e-03 2.141484549450983332e-03 2.096306774256883904e-03
1.169000000000000000e+05 2.146076705875923484e-03 2.189443697014050328e-03 2.155881120984427021e-03 2.010288446601070627e-03
1.170000000000000000e+05 2.044817831940978770e-03 2.147375819407827159e-03 2.009996935195984026e-03 2.020114246584676660e-03
1.171000000000000000e+05 2.026646461039627485e-03 2.030661214163727562e-03 2.214801667565367751e-03 2.039915920079835021e-03
1.172000000000000000e+05 1.881355278170159136e-03 2.173010775505198212e-03 2.588271251894456310e-03 2.104524802377450918e-03
1.173000000000000000e+05 1.915788577501008685e-03 2.397538876285458531e-03 2.557579796538174757e-03 2.151453795192809389e-03
1.174000000000000000e+05 2.186807112456625422e-03 2.455103992483309659e-03 2.404685549326907468e-03 2.124872586724922859e-03
1.175000000000000000e+05 2.177083555365557158e-03 3.085624306085937765e-03 3.166993838345127151e-03 2.175628780828470655e-03
1.176000000000000000e+05 2.436796125582955681e-03 2.738638120581488641e-03 3.086190827179336252e-03 2.232047639297438796e-03
1.177000000000000000e+05 2.144024986697738288e-03 1.926976681343369477e-03 2.136875924894215788e-03 2.822815871649864920e-03
1.178000000000000000e+05 1.773743614018797330e-03 2.011075490624938868e-03 2.036294998417288640e-03 3.120657795182347257e-03
1.179000000000000000e+05 1.774730543789112235e-03 2.145974137651873118e-03 1.995038607236561141e-03 2.163783263305158345e-03
1.180000000000000000e+05 2.278254012505249396e-03 1.622632840290499229e-03 1.536114492097656560e-03 1.864410090095940629e-03
1.181000000000000000e+05 1.893943821913946337e-03 1.439983155154882146e-03 1.488780087939120273e-03 1.812070410872367423e-03
1.182000000000000000e+05 1.624896652163079205e-03 1.418766182760207700e-03 1.452839123767545298e-03 1.465483478814050538e-03
1.183000000000000000e+05 1.470431762576469327e-03 1.386105887398197565e-03 1.381868707138222616e-03 1.258503110203858417e-03
1.184000000000000000e+05 1.490295839698429050e-03 1.438839778958759608e-03 1.263379578451821403e-03 1.246108460022294674e-03
1.185000000000000000e+05 1.318640196417515545e-03 1.417660251393047495e-03 1.268118305406554583e-03 1.395843436532584296e-03
1.186000000000000000e+05 1.335958667778908496e-03 1.350144123035501229e-03 1.291494211199014893e-03 1.267047908443156515e-03
1.187000000000000000e+05 1.381254597656878793e-03 1.276936408053955642e-03 1.371878100211085293e-03 1.179966128866536323e-03
1.188000000000000000e+05 1.294977114525678544e-03 1.336414344750397462e-03 1.437200339422895629e-03 1.209571114104150387e-03
1.189000000000000000e+05 1.470732940660396566e-03 1.343571606273645221e-03 1.489642405903899907e-03 1.231250141553589085e-03
1.190000000000000000e+05 1.399139730742391275e-03 1.504564221724222651e-03 1.523980762944696869e-03 1.271199573911761197e-03
1.191000000000000000e+05 1.423846825019066831e-03 1.460292710899272145e-03 1.404054751685961588e-03 1.340879097762221177e-03
1.192000000000000000e+05 1.545236161859638935e-03 1.306356741749089721e-03 1.299580479118427707e-03 1.455310355908870324e-03
1.193000000000000000e+05 1.409732352381720720e-03 1.251254665644510903e-03 1.272918436030685352e-03 1.348058541807268390e-03
1.194000000000000000e+05 1.272821447738387967e-03 1.181594663564447317e-03 1.184480039328974447e-03 1.236840857187857055e-03
1.195000000000000000e+05 1.178757241411318782e-03 1.168902357202317947e-03 1.218445496858390010e-03 1.222710832525983381e-03
1.196000000000000000e+05 1.209845334739977681e-03 1.314635247968808443e-03 1.459086324634845328e-03 1.177742005502684314e-03
1.197000000000000000e+05 1.226186654751531624e-03 1.813798012287589278e-03 1.892950049263493906e-03 1.279795859864269001e-03
1.198000000000000000e+05 1.553402095328305747e-03 1.813509897258864904e-03 1.640495440805379455e-03 1.386060357398572699e-03
1.199000000000000000e+05 1.907325943318082364e-03 1.777551953077633569e-03 1.604538768180553861e-03 1.626533198280357730e-03
