9.000000000000000000e+04 1.327520902000658195e-05 5.629593428102625395e-06 3.110908834325649235e-06 3.155378429810330475e-06 1.024769134328379605e-06
9.010000000000000000e+04 1.384804921180681341e-05 9.508601011579357267e-06 3.912913112658910711e-06 3.093467661161621097e-06 1.082401297613880720e-06
9.020000000000000000e+04 1.415609158214861282e-05 8.943701398231659075e-06 1.664729878158354511e-05 3.345340797303488566e-06 1.063636878149067864e-06
9.030000000000000000e+04 1.359475121008901775e-05 7.223012091629138856e-06 2.484997637445273587e-05 4.090605242007223092e-06 1.082792068756556124e-06
9.040000000000000000e+04 1.111855830051403770e-05 7.879891384711631996e-06 1.617068071128249316e-05 5.150927765418884811e-06 1.011966153826283336e-06
9.050000000000000000e+04 1.178360074324890230e-05 7.533448337625970959e-06 1.338952094239288801e-05 4.324501060523452689e-06 9.730443786791951513e-08
9.060000000000000000e+04 1.182272943487775923e-05 7.797959621433550091e-06 1.144352418303364749e-05 3.826855301244463984e-06 4.139708428123778636e-06
9.070000000000000000e+04 1.081946236026560430e-05 7.885514008593975211e-06 1.108939670587110677e-05 3.885524265688704424e-06 6.223389904437464783e-06
9.080000000000000000e+04 8.650554161333229406e-06 6.765191278114960961e-06 1.193189095733665682e-05 4.117698448124927051e-06 6.120661518695228619e-06
9.090000000000000000e+04 8.972809545380732932e-06 7.254635969526824316e-06 7.826757549999707489e-06 3.240279456654063741e-06 4.979641844996087346e-06
9.100000000000000000e+04 1.036085496073125738e-05 7.408123459849057283e-06 7.815733504521875599e-06 2.158807811992737483e-06 5.784400547179480796e-06
9.110000000000000000e+04 1.193278307599939134e-05 6.676216396950389918e-06 7.720246131699010501e-06 2.181239452484997447e-06 2.979198945782993954e-06
9.120000000000000000e+04 9.197160702757138792e-06 4.324190276072954014e-06 6.927854086643340878e-06 2.914403936366126903e-06 1.119127574161064881e-06
9.130000000000000000e+04 8.701653225920054910e-06 4.035067204448493525e-06 9.388864227254927218e-06 3.642431792683063649e-06 1.088137611813514759e-06
9.140000000000000000e+04 8.942803737877378389e-06 3.633657132387853389e-06 9.978600081311466118e-06 5.139957390423140958e-06 1.018920116569675839e-06
9.150000000000000000e+04 9.003030329459480897e-06 3.364869189954994182e-06 8.994069405661294584e-06 7.116245158340556649e-06 1.411008172483085250e-06
9.160000000000000000e+04 9.853350896742731996e-06 3.863694868509743131e-06 7.670606362185312049e-06 7.164808497863080204e-06 3.614144323995943669e-06
9.170000000000000000e+04 1.038646514851134764e-05 4.963252287367420673e-06 9.205130717661041143e-06 4.525894695006946591e-06 6.924373783343816195e-06
9.180000000000000000e+04 1.060006443760006187e-05 4.244754259657317671e-06 1.211852495176753264e-05 4.098409313569859011e-06 9.871700795562760530e-06
9.190000000000000000e+04 1.044498583080256245e-05 2.917851467002146242e-06 1.239883304510727005e-05 4.112895670187611662e-06 7.642652734432933329e-06
9.200000000000000000e+04 9.607599002426395231e-06 3.663744229517878906e-06 9.445597369488200907e-06 3.687145502264718887e-06 5.197922627461305843e-06
9.210000000000000000e+04 9.591650755714291221e-06 4.375060017890334077e-06 3.130698889268242671e-06 2.917900599877359901e-06 3.799023280127515014e-06
9.220000000000000000e+04 1.019041318794271163e-05 4.913375372669587448e-06 1.728882193419702676e-06 2.694210274753353404e-06 3.281314849980198603e-06
9.230000000000000000e+04 1.021911341107155117e-05 5.228620866722145028e-06 1.873650711345190262e-06 3.211548402317255881e-06 2.977321241940316828e-06
9.240000000000000000e+04 1.110594100336557902e-05 5.226784492747928131e-06 3.064578617793607293e-06 3.852407843544756880e-06 3.987938658149738289e-06
9.250000000000000000e+04 1.123236351208166246e-05 5.040841280577739055e-06 4.912450525158332452e-06 4.379724510850007668e-06 3.892787499922424696e-06
9.260000000000000000e+04 1.033820751949396953e-05 5.462188834157658165e-06 1.480849397928828856e-05 4.535862469651113561e-06 3.036381358442845962e-06
9.270000000000000000e+04 1.065146716791201098e-05 5.998457279408058940e-06 1.705934856687680920e-05 2.499009596697162536e-06 1.996910322891393607e-06
9.280000000000000000e+04 1.123294040141507830e-05 5.095021830226734752e-06 1.563950023432123104e-05 2.679173694525361367e-06 2.017971414904633151e-06
9.290000000000000000e+04 1.179373748178315667e-05 5.275960445973602912e-06 1.401539443283405452e-05 3.715588077238210123e-06 3.587062037726372857e-06
9.300000000000000000e+04 1.214233612895297936e-05 5.452875803950505986e-06 1.310112703370041995e-05 4.719756986675549153e-06 3.085180742368115795e-06
9.310000000000000000e+04 1.247419966778682044e-05 5.819022002309865490e-06 1.336004672353630247e-05 5.285718865648407312e-06 2.354772910593820577e-06
9.320000000000000000e+04 1.239654851068258809e-05 7.522787065914373105e-06 1.322376313149171502e-05 4.718640641157002171e-06 3.190087278555905578e-06
9.330000000000000000e+04 1.201370533551794819e-05 6.611919920974449159e-06 1.203960471600238827e-05 4.447387363165791432e-06 1.381220465627965262e-06
9.340000000000000000e+04 1.144103917266911413e-05 5.713349925983502392e-06 1.146445726618517991e-05 4.366475154897320352e-06 9.991092135534231192e-07
9.350000000000000000e+04 1.112001281783538080e-05 5.374070693167149483e-06 1.001270852541348187e-05 3.395680658898327868e-06 9.764603768395379075e-07
9.360000000000000000e+04 1.087046607727873823e-05 5.688556802887513338e-06 9.628513785888227273e-06 3.430796874346894011e-06 1.010333559534625770e-06
9.370000000000000000e+04 1.052026640850127325e-05 7.008689219468971101e-06 1.054720507153559150e-05 3.239334422503228398e-06 1.153759628949830722e-06
9.380000000000000000e+04 9.543444937196952769e-06 7.320000354868994415e-06 1.070312940698527911e-05 3.307051005052979478e-06 1.368441237576442850e-06
9.390000000000000000e+04 9.286254170877437103e-06 6.737230807401414102e-06 9.671032990983823531e-06 4.177305247288277379e-06 2.066818214306429899e-06
9.400000000000000000e+04 9.491499201481107571e-06 7.759308469100206215e-06 9.695128504188851707e-06 4.107310733896010420e-06 5.902009354632405214e-06
9.410000000000000000e+04 1.009888454493930939e-05 6.636822936680126703e-06 1.083821354840219270e-05 3.415105765351658198e-06 1.186922774699549015e-05
9.420000000000000000e+04 1.109745866715779476e-05 5.537645456969803457e-06 1.186106719104790218e-05 3.093570558343781073e-06 7.399111776370936443e-06
9.430000000000000000e+04 1.268057906095149587e-05 4.847458138994482900e-06 1.128109188106684780e-05 4.909896870690471686e-06 7.833121602787434677e-06
9.440000000000000000e+04 1.262849864133147780e-05 3.456543827132961851e-06 1.153321959710805833e-05 1.508400351602024532e-05 8.767523621157542564e-06
9.450000000000000000e+04 9.331208307515507933e-06 2.855210652774673772e-06 1.196308061329004414e-05 1.125256640234419898e-05 8.859928803697423270e-06
9.460000000000000000e+04 9.246577169926372186e-06 2.972879402544935659e-06 1.081213727956168154e-05 8.410082324459531466e-06 7.754838882864490372e-06
9.470000000000000000e+04 9.898314664471483522e-06 3.581024839874448967e-06 7.969745310105804943e-06 7.734854050931898258e-06 1.304468241287115301e-05
9.480000000000000000e+04 1.067732439943633412e-05 3.374100461585538944e-06 1.098069062573713714e-05 4.582199230652657417e-06 7.078050354398713816e-06
9.490000000000000000e+04 1.067364124083966742e-05 3.033302237924811111e-06 1.329354845078490230e-05 5.525913574979570954e-06 1.402873494811142821e-06
9.500000000000000000e+04 1.188870685244082058e-05 2.879425124087590820e-06 6.577148581094831305e-06 4.096205730973101188e-06 3.751787448653874615e-07
9.510000000000000000e+04 1.264455578945914486e-05 3.190654043557718311e-06 6.143555361217031119e-06 6.281111525442136878e-06 2.138518845732554334e-06
9.520000000000000000e+04 1.273828306780543957e-05 5.068967602121820368e-06 6.561239636827093962e-06 1.665541612695116725e-05 2.086694645699734574e-06
9.530000000000000000e+04 1.203155620063770534e-05 4.145219172731171775e-06 7.650913292053250660e-06 6.914371332663531738e-06 9.796784309896144442e-07
9.540000000000000000e+04 1.015650568220687186e-05 5.796719389136673685e-06 9.067193305805205556e-06 3.894728888172497338e-06 6.925122366403482492e-310
9.550000000000000000e+04 8.619613515201976305e-06 1.108419217793369501e-05 7.750403775114635089e-06 2.634708148095943281e-06 7.882125820326559104e-08
9.560000000000000000e+04 7.959576872909615927e-06 6.914167355537058772e-06 1.264344155207003766e-05 1.126838813279613020e-06 8.197410853138975182e-07
9.570000000000000000e+04 8.894665523927766329e-06 5.348985648641493181e-06 1.419499972847259982e-05 1.150866733430753724e-06 9.653173347225253324e-07
9.580000000000000000e+04 9.335259347095551486e-06 4.585716040393593916e-06 8.933107041489159506e-06 1.146708728382261384e-06 1.011966818066872113e-06
9.590000000000000000e+04 9.874943446159063835e-06 3.758008058078464119e-06 1.073090936793321667e-05 1.148698731182694695e-06 1.054000769583063307e-06
9.600000000000000000e+04 1.091254775881711145e-05 3.330526221445858512e-06 1.061969077330557352e-05 1.164864922951092298e-06 1.034965622076750989e-06
9.610000000000000000e+04 1.198808681333138635e-05 3.861531160164865389e-06 1.274330308799027417e-05 1.196992679963427931e-06 9.316975079031480009e-07
9.620000000000000000e+04 1.149564233987406775e-05 5.408498846788886061e-06 1.684404786027737319e-05 1.195960147961778834e-06 8.960392076053165354e-07
9.630000000000000000e+04 1.042289987869686201e-05 7.978193603077106145e-06 1.522933222907023931e-05 1.215183760058376439e-06 1.031142425300189975e-06
9.640000000000000000e+04 1.019200435003272078e-05 1.045144641161539179e-05 1.102491188230989442e-05 1.220392761895364112e-06 1.242872382468527774e-06
9.650000000000000000e+04 9.911689041185942219e-06 9.435304304414630726e-06 8.561227113845060917e-06 1.252590130292510616e-06 9.535180713547167204e-07
9.660000000000000000e+04 1.003108783874294330e-05 7.207104036376557627e-06 8.818961229667643693e-06 2.304090794663942490e-06 1.119863001481835967e-06
9.670000000000000000e+04 1.090820221177803078e-05 5.414539124518108497e-06 1.176823606951103246e-05 3.781451463652909019e-06 1.080036529879918879e-06
9.680000000000000000e+04 1.367757635788124442e-05 7.117637583904905528e-06 1.015677526295587175e-05 5.252597409771929641e-06 9.435915066850354124e-07
9.690000000000000000e+04 1.522559725598993022e-05 6.974625416606061365e-06 8.642280490319763822e-06 6.457971777577418388e-06 9.343594291710647659e-07
9.700000000000000000e+04 1.502368621028563941e-05 5.733174856298937268e-06 8.429198754738712727e-06 7.118236519289505596e-06 9.432012656852496129e-07
9.710000000000000000e+04 1.317163569980496699e-05 4.012777268554883720e-06 1.056998997919660120e-05 5.566262215337629255e-06 1.025936566074800074e-06
9.720000000000000000e+04 1.256043187266347715e-05 5.028920112620025091e-06 1.031472740852924228e-05 4.856712512551949628e-06 1.001958311193929644e-06
9.730000000000000000e+04 1.176417182216535652e-05 3.959129144931091413e-06 1.004626646047982696e-05 5.084640530281990660e-06 8.944961188925375385e-07
9.740000000000000000e+04 1.154244099242325332e-05 3.023036463784654401e-06 9.557169408422774200e-06 5.467290069344144002e-06 9.111432477104016798e-07
9.750000000000000000e+04 1.244757944558221056e-05 4.271447535416950746e-06 8.438467315271848334e-06 3.957286025495422604e-06 8.840372907109535938e-07
9.760000000000000000e+04 1.354717324779915580e-05 3.701885677237098609e-06 1.032240665688766517e-05 3.505103753805871879e-06 8.731417407255619184e-07
9.770000000000000000e+04 1.446129991827161875e-05 3.122550816847577445e-06 1.075513425656751241e-05 3.926538544832195967e-06 8.709120003174025254e-07
9.780000000000000000e+04 1.429455071265000656e-05 3.497949755613419742e-06 1.068621011319143200e-05 4.838713008369340783e-06 8.716696110024890472e-07
9.790000000000000000e+04 1.152808241914915453e-05 5.899492582078882905e-06 1.073961973250239351e-05 4.883305442558135791e-06 8.912732773941373363e-07
9.800000000000000000e+04 2.492010942517150496e-05 4.294305553567019776e-06 7.806769793930996314e-06 5.064175937894349902e-06 8.855001328127167678e-07
9.810000000000000000e+04 3.151286654261493177e-05 3.966933089885585806e-06 1.067070651552525210e-05 5.035328903189966001e-06 1.042078691321444809e-06
9.820000000000000000e+04 3.270023391111104326e-05 4.304142313007168095e-06 1.360568857183078873e-05 5.061742034781448008e-06 1.227110764917912399e-06
9.830000000000000000e+04 4.112004522883410502e-05 4.444545348868466412e-06 1.333748372577545690e-05 6.544916091077724418e-06 1.191641010619861523e-06
9.840000000000000000e+04 2.181625274082813639e-05 4.236627902700726653e-06 9.208256464029626712e-06 7.778106469594844744e-06 1.324274826960699179e-06
9.850000000000000000e+04 1.443983192172500205e-05 7.023204429132862011e-06 1.186231705324847186e-05 6.851376033152467565e-06 1.348154456394049921e-06
9.860000000000000000e+04 2.808423047093667801e-05 9.154238542846141662e-06 1.369840787463651940e-05 5.477724522727249674e-06 2.770327802326091829e-06
9.870000000000000000e+04 3.487875252781598830e-05 5.135324527973894256e-06 1.280254262609659825e-05 6.767809865050159092e-06 7.329358252017409325e-06
9.880000000000000000e+04 3.830700382702496436e-05 5.755861729617057365e-06 1.290274294883560021e-05 4.535352251500751826e-06 1.824500847828357844e-05
9.890000000000000000e+04 3.967739883897280720e-05 5.701773497791837827e-06 1.058393339561615773e-05 4.517858665284159078e-06 1.133257631900492200e-05
9.900000000000000000e+04 3.965566053293547593e-05 5.550539010410441990e-06 1.047137171868194149e-05 5.886178556527134226e-06 6.895719950793398451e-06
9.910000000000000000e+04 2.642335414300478862e-05 6.791392529365860003e-06 1.219707104777297620e-05 7.263189387905120684e-06 5.371743560902634944e-06
9.920000000000000000e+04 2.135336031097328130e-05 7.055466083404411155e-06 1.183938287986760307e-05 3.058556185573495109e-06 4.906928157607145538e-06
9.930000000000000000e+04 2.015251216330922964e-05 8.343382665679437032e-06 1.171554574949955265e-05 1.905694866671385243e-06 5.009568852153614033e-06
9.940000000000000000e+04 1.683157622858964640e-05 8.620222620084105674e-06 1.423384136360382713e-05 4.243460006150538173e-06 1.980506906879902263e-06
9.950000000000000000e+04 1.124900508547885559e-05 3.565965525593263168e-06 1.774060947766824080e-05 8.320310420512557303e-06 7.328052250720939374e-07
9.960000000000000000e+04 8.639130376715328723e-06 5.637815522622594439e-06 1.869078175411597272e-05 8.173430855950587144e-06 1.420232145870118412e-06
9.970000000000000000e+04 1.087853797940209324e-05 9.178441898108358616e-06 1.917876913058172498e-05 7.974164154084072273e-06 1.275880595939199821e-06
9.980000000000000000e+04 2.294399115166308008e-05 1.217169536499990417e-05 1.761333766819499910e-05 1.801682956281601831e-05 1.025599293374188506e-06
9.990000000000000000e+04 2.524055944521269205e-05 1.144387195631660244e-05 1.581408906770448002e-05 2.351569954409190482e-05 9.776526027495229231e-07
1.000000000000000000e+05 2.711648719179224869e-05 7.470452317132630559e-06 1.607107712488844840e-05 2.131819189857035252e-06 1.020615055994014655e-06
1.001000000000000000e+05 3.097356426639909140e-05 7.946897448662625560e-06 1.513430852912264276e-05 2.816116895194192474e-06 1.083886503460792667e-06
1.002000000000000000e+05 3.363946150834576826e-05 1.079178326910286615e-05 1.723776748255079666e-05 2.872470327101008746e-06 1.231632743489592318e-06
1.003000000000000000e+05 2.711209651266566800e-05 8.011086157993144350e-06 1.928960217832716563e-05 2.348793982807099416e-06 1.933037321966354611e-06
1.004000000000000000e+05 1.969117787247451275e-05 7.996784316881605970e-06 1.883225806915040206e-05 1.659791800066647815e-06 1.998694503530080513e-06
1.005000000000000000e+05 1.673961869783475537e-05 7.969277553507693205e-06 1.810085831963369996e-05 3.545272097695497130e-06 1.781928016129793001e-06
1.006000000000000000e+05 1.930819855556060283e-05 7.988885637310203118e-06 1.995040438505887276e-05 5.217573084205704503e-06 1.999348286701117224e-06
1.007000000000000000e+05 1.964837960697873696e-05 9.649214970049318249e-06 2.027292750196125283e-05 1.230870858749831320e-05 2.196065351383845494e-06
1.008000000000000000e+05 2.006229831516074323e-05 9.091910250629345325e-06 1.738373084108606751e-05 2.110084242140317169e-05 1.834325133795270938e-06
1.009000000000000000e+05 2.406850609861117062e-05 8.235816385240080081e-06 1.581514114143622583e-05 1.605686132839043715e-05 1.594803439153577074e-06
1.010000000000000000e+05 1.903316776362661824e-05 8.049047744233673424e-06 1.669404914043851374e-05 1.401873983727206668e-05 1.531562809419798803e-06
1.011000000000000000e+05 1.839091906297366975e-05 1.063788503365379727e-05 1.764822832825334938e-05 1.060769049301204674e-05 9.898746228895555828e-07
1.012000000000000000e+05 2.053755797999269532e-05 7.754852964056132151e-06 1.718298552048904765e-05 7.009227823006027886e-06 9.324671709450142137e-07
1.013000000000000000e+05 1.536952525338152820e-05 6.520428404817038223e-06 1.256909126466578837e-05 5.403967776567091365e-06 1.137640614597990086e-06
1.014000000000000000e+05 2.192419356109695554e-05 7.589286783048161800e-06 1.148752060461658949e-05 7.456692204521594628e-06 1.236027924658480632e-06
1.015000000000000000e+05 3.088054727379396639e-05 6.605136366071075035e-06 1.222929209969328396e-05 7.615300865927678768e-06 9.971835722034362176e-07
1.016000000000000000e+05 3.957367317393756153e-05 7.140312197399730247e-06 1.315779648172555390e-05 6.530689369173451043e-06 9.742421097761863651e-07
1.017000000000000000e+05 4.807483218031685841e-05 7.929294306841138374e-06 1.086806794174332460e-05 5.280969551050158861e-06 9.389848171988208788e-07
1.018000000000000000e+05 4.079386457248126871e-05 8.113241127279245899e-06 1.383417328366265696e-05 7.942986810763689377e-06 9.184378733403865667e-07
1.019000000000000000e+05 3.669731683446089351e-05 5.159860450441911309e-06 1.550421906541245312e-05 1.081208105317550436e-05 9.110868389636135384e-07
1.020000000000000000e+05 4.853052445920251170e-05 6.742166004009272825e-06 1.590164870688844757e-05 1.241296337476547035e-05 9.018369867325561331e-07
1.021000000000000000e+05 3.894401953540154739e-05 7.127542396023977808e-06 1.663415336106052181e-05 1.434314368834030060e-05 9.180879873334861765e-07
1.022000000000000000e+05 4.288367946382556537e-05 4.948303520809202526e-06 1.637831443955605588e-05 2.172612344767804252e-05 9.143140092606062797e-07
1.023000000000000000e+05 5.037903703155254090e-05 3.439335355243439675e-06 1.671621072106709133e-05 7.641466150674281263e-06 8.988025745286948788e-07
1.024000000000000000e+05 4.674495614831584192e-05 6.504883994300568299e-06 1.733672072597077776e-05 2.961091078064416373e-06 8.927339615170809997e-07
1.025000000000000000e+05 4.595351972491903129e-05 8.788693227715883784e-06 1.774974755754162855e-05 3.631298618498141063e-06 9.573299319302115542e-07
1.026000000000000000e+05 3.894790449784619432e-05 8.518796187230300113e-06 1.834197113086766327e-05 1.399638828298358609e-06 9.214290756364113154e-07
1.027000000000000000e+05 3.056949096620977679e-05 7.937807474955184921e-06 1.795504630426502505e-05 1.671907015166503561e-06 8.930068617687800955e-07
1.028000000000000000e+05 4.038264725025487171e-05 7.427671511912750574e-06 1.974619834043249783e-05 3.901521928912564251e-06 9.009188713424092348e-07
1.029000000000000000e+05 4.105396905907669796e-05 6.666985403114381171e-06 2.556323194362210063e-05 1.146849405717652877e-05 9.544257612973878474e-07
1.030000000000000000e+05 5.108403840466933132e-05 5.753073532133278245e-06 2.269211005028398876e-05 2.287699394054390964e-05 9.870864099052719450e-07
1.031000000000000000e+05 7.318927653459601020e-05 6.975061010197701885e-06 2.197779564696474212e-05 1.890045020178323084e-05 1.048502194857636651e-06
1.032000000000000000e+05 7.936300679934075921e-05 9.510017047738060579e-06 2.098117467793079552e-05 1.737368570645264913e-05 1.124893134816926746e-06
1.033000000000000000e+05 8.232687888043305484e-05 1.092806086966720432e-05 1.902793479152770583e-05 1.636851015290841197e-05 1.170308882443180631e-06
1.034000000000000000e+05 8.226163986498231939e-05 9.963653000114541482e-06 2.124563764412854921e-05 1.574164212367870272e-05 1.091758488754734783e-06
1.035000000000000000e+05 7.900192586360347484e-05 7.023453337041214291e-06 1.860037003093402975e-05 1.628577358130474444e-05 1.187724374732322222e-06
1.036000000000000000e+05 7.710711135410035753e-05 5.903488181400605612e-06 1.441793057082525424e-05 1.826040331454061673e-05 1.071823973743261125e-06
1.037000000000000000e+05 7.526979513896333955e-05 5.667492119471310572e-06 1.148372607044161055e-05 1.799070422846848382e-05 9.355244493357800011e-07
1.038000000000000000e+05 7.403788199915609309e-05 5.712939959903883018e-06 1.663124711941759109e-05 1.740063692686434483e-05 9.232672197821901450e-07
1.039000000000000000e+05 7.433276061167094285e-05 4.777693547057210727e-06 1.399683792879264233e-05 1.861770419514406223e-05 9.273498850786082661e-07
1.040000000000000000e+05 6.998638290995625550e-05 6.417245793116515033e-06 1.397999262285641268e-05 1.511306637781815134e-05 9.472816738451373174e-07
1.041000000000000000e+05 6.829292888915213617e-05 7.858641665298235506e-06 1.606139843690933806e-05 1.527060005629669547e-05 9.473984962857528880e-07
1.042000000000000000e+05 6.954969669360204119e-05 7.233007584057074369e-06 1.225246511035126527e-05 1.604044564238601574e-05 1.031535308336508148e-06
1.043000000000000000e+05 7.239352779044376485e-05 6.060977445179170653e-06 1.263966000880867089e-05 1.619477362521818878e-05 1.346491408206937886e-06
1.044000000000000000e+05 7.176079451541304594e-05 6.327377217207450671e-06 1.083361757033368092e-05 1.776030249264725277e-05 1.354711295897285001e-06
1.045000000000000000e+05 7.255385202240493495e-05 6.557187589636055950e-06 8.310901969557152189e-06 1.375051368218357679e-05 1.207845383494353932e-06
1.046000000000000000e+05 7.568598830757497032e-05 5.619834080225240382e-06 9.253005912114310085e-06 1.060059958462925396e-05 1.057084847534547240e-06
1.047000000000000000e+05 7.582858466525800025e-05 6.184600708348093767e-06 1.086508503197878127e-05 9.315200433441262200e-06 9.742674183011332416e-07
1.048000000000000000e+05 7.548907601273196534e-05 5.198080009478924342e-06 1.046554271619423434e-05 8.915710085142607405e-06 9.418877112922465174e-07
1.049000000000000000e+05 7.309386891153339563e-05 4.013932512655366336e-06 9.967841262022490053e-06 9.572345499049936623e-06 1.170841277119582835e-06
1.050000000000000000e+05 6.741757093810713019e-05 3.875898702608039400e-06 1.184697066598053723e-05 9.326110450268190914e-06 1.231287895097046891e-06
1.051000000000000000e+05 6.490670324986358062e-05 4.904145625178014134e-06 1.219122190458266814e-05 9.648193397121076464e-06 1.158291118188208772e-06
1.052000000000000000e+05 6.810550372285422609e-05 6.556073953811580028e-06 1.212155360939756325e-05 1.206422786295452492e-05 1.044348674663636191e-06
1.053000000000000000e+05 7.231710767979616992e-05 6.924381756303938748e-06 1.061687663856739106e-05 1.595432247291792628e-05 9.489570499060534463e-07
1.054000000000000000e+05 7.052907420539367622e-05 3.906700917756448756e-06 7.315365070242217550e-06 1.671739463655844019e-05 9.545478037324069486e-07
1.055000000000000000e+05 6.771577308805051061e-05 1.027417002646820777e-06 1.005615652088635835e-05 1.458552947151795664e-05 9.776424507383274965e-07
1.056000000000000000e+05 6.660372908236643244e-05 6.294288930945274886e-306 9.526985423509442638e-06 1.078031439107077907e-05 9.719613903537714524e-07
1.057000000000000000e+05 6.673716156199816321e-05 0.000000000000000000e+00 1.108705144007901053e-05 1.006981199513351878e-05 8.988111807077129468e-07
1.058000000000000000e+05 6.571104869072737524e-05 0.000000000000000000e+00 1.688062912409747060e-05 8.722146921528859580e-06 9.089692519286987309e-07
1.059000000000000000e+05 6.959615505616447090e-05 -1.580003731812620533e+304 2.059192318361432512e-05 9.056165108970457359e-06 9.393674455638915610e-07
1.060000000000000000e+05 7.193587425586685995e-05 -1.170373134675939394e+304 2.081325952763799590e-05 1.155548581648799935e-05 9.493336240555963394e-07
1.061000000000000000e+05 7.098920365938889425e-05 3.056762815203100124e-05 1.846499640929849973e-05 1.619695858436879878e-05 9.352835709252079219e-07
1.062000000000000000e+05 6.881986572115165990e-05 3.204668221069546466e-05 1.539093804047845019e-05 1.952479929075492192e-05 1.001929640323480232e-06
1.063000000000000000e+05 6.794875984038862790e-05 2.703071702072625424e-05 1.815823283392033099e-05 2.064474806373670887e-05 1.287377603412160215e-06
1.064000000000000000e+05 6.601999561735339176e-05 nan 1.772754010841519809e-05 2.076613838979443678e-05 1.221547665061604365e-06
1.065000000000000000e+05 6.138836450762355013e-05 nan 1.667327364534207097e-05 2.095587246350016293e-05 1.105399583654301725e-06
1.066000000000000000e+05 6.290686284818651985e-05 nan 1.591021816542507192e-05 1.961268648488928036e-05 1.436768070787217553e-06
1.067000000000000000e+05 6.457628553667050663e-05 2.744521118938650375e-05 1.632003875980141526e-05 1.869264446577120848e-05 1.767976860623695953e-06
1.068000000000000000e+05 6.682478211281728221e-05 2.804000369749489870e-05 1.877172381063009845e-05 1.842103785991929641e-05 1.574017207054118353e-06
1.069000000000000000e+05 7.038749576399511198e-05 2.691054954945347450e-05 1.550556767403754609e-05 1.758174475652328074e-05 1.195826343698724470e-06
1.070000000000000000e+05 6.558854597216764570e-05 2.958518588858828020e-05 9.248472135059667416e-06 1.103582869297587573e-05 8.812158796462051731e-07
1.071000000000000000e+05 6.489787021837710684e-05 2.955711078756383399e-05 6.749524086616895627e-06 8.173370110358635186e-06 8.935990233574318738e-07
1.072000000000000000e+05 6.721076005855819392e-05 3.436602325130260578e-05 8.880126774665221388e-06 6.561380006321178883e-06 9.326112836494125703e-07
1.073000000000000000e+05 6.449804363784788380e-05 3.903967598638892521e-05 9.036433691350076098e-06 6.399561520635228825e-06 1.071725254038809321e-06
1.074000000000000000e+05 6.469191758960769778e-05 3.060914757245083913e-05 8.714331680843407944e-06 8.703469939938696402e-06 1.105304000922562805e-06
1.075000000000000000e+05 6.453696806297940826e-05 4.169402299622568269e-05 1.017603624669448575e-05 9.575072524161791645e-06 9.116964221927050070e-07
1.076000000000000000e+05 6.343945381032674682e-05 4.660352696982356606e-05 1.101161781217226911e-05 1.096909535022308985e-05 9.244901104791386033e-07
1.077000000000000000e+05 6.485308169801083471e-05 4.502680247340931570e-05 1.003926761200158776e-05 1.196884552094325465e-05 9.660324586431958959e-07
1.078000000000000000e+05 6.614479554039729336e-05 4.485256794655495587e-05 8.794318832576640061e-06 1.200861796697054629e-05 9.601235375417608601e-07
1.079000000000000000e+05 6.582008177189827025e-05 3.763819296637353306e-05 8.428390336673595483e-06 1.368996107208852896e-05 9.334292273213813100e-07
1.080000000000000000e+05 6.274662577657572516e-05 4.264487796799654949e-05 6.548313122904978901e-06 1.203282097161109972e-05 9.650677432217465193e-07
1.081000000000000000e+05 6.457846895404388218e-05 5.432844480320526043e-05 8.613261531618759769e-06 1.141898616301345782e-05 1.129514376978839108e-06
1.082000000000000000e+05 6.434353389104681387e-05 4.643153014319102777e-05 9.879649070442029805e-06 1.283588073117820206e-05 1.195297813246141657e-06
1.083000000000000000e+05 6.267420242005352770e-05 4.598678546627579171e-05 8.388812306552273536e-06 1.371382516981204628e-05 1.093985887148515978e-06
1.084000000000000000e+05 6.032919022749277265e-05 4.543477176866052053e-05 9.261708766001372636e-06 1.411584929435875054e-05 8.773413504421275015e-07
1.085000000000000000e+05 6.670948071598153516e-05 4.427671483445582334e-05 8.425413100752567942e-06 1.177842017678946275e-05 8.792979286815764895e-07
1.086000000000000000e+05 6.771623503835143905e-05 4.610957387473482364e-05 7.864328016169303478e-06 8.407902179974884065e-06 8.710205981013575231e-07
1.087000000000000000e+05 6.510850295303138272e-05 4.999380631605753584e-05 8.135768514686864968e-06 7.212819831768810559e-06 8.801992959432473575e-07
1.088000000000000000e+05 6.965833116144313293e-05 4.943136684272199279e-05 8.515522361585956373e-06 5.948421656654153674e-06 8.907022856819490107e-07
1.089000000000000000e+05 6.721472448859897963e-05 4.570497890087598920e-05 7.128008155265785622e-06 6.875173230337202471e-06 8.807557597547912990e-07
1.090000000000000000e+05 6.611580256568394065e-05 5.072863124550697602e-05 7.461178721065179210e-06 9.145579215885486375e-06 8.626279559599323632e-07
1.091000000000000000e+05 6.838023465966239429e-05 4.977288671090563939e-05 8.828903507408720068e-06 1.171608716754355976e-05 8.776866144654853868e-07
1.092000000000000000e+05 6.949283024006925789e-05 4.517058351202120239e-05 7.150546199962560577e-06 1.178825987141654040e-05 9.014575479808764571e-07
1.093000000000000000e+05 9.043645801778114500e-05 3.936656647469589546e-05 8.880378333924305006e-06 9.278975626947665443e-06 1.001296023627101186e-06
1.094000000000000000e+05 1.079952912945202824e-04 4.147537830612678649e-05 8.872149998577285603e-06 8.072483118823177285e-06 1.350888987140224001e-06
1.095000000000000000e+05 1.066166193150672306e-04 5.884417798879542239e-05 8.365623271187668861e-06 9.137606035003413072e-06 1.024442897011443793e-06
1.096000000000000000e+05 1.075781482004495310e-04 7.037393461319874847e-05 1.081969160055902730e-05 1.119314886416923109e-05 1.153443984245418198e-06
1.097000000000000000e+05 1.093456562555892360e-04 7.047894886633175105e-05 1.049104428371363016e-05 1.408822396897151691e-05 1.311846979030006285e-06
1.098000000000000000e+05 1.110543878003112295e-04 6.790096210769339721e-05 1.116973474416431826e-05 1.435451364256171635e-05 1.173379466004706232e-06
1.099000000000000000e+05 1.113782232490498380e-04 6.651744994922428259e-05 1.175701851867968029e-05 1.311853894038624455e-05 1.001934738645904664e-06
1.100000000000000000e+05 1.108169330961071531e-04 6.638555699520407830e-05 1.067770015035361442e-05 1.266886326158059490e-05 1.373838998451329532e-06
1.101000000000000000e+05 1.117751503150052816e-04 6.723591425709234419e-05 1.314463402501585516e-05 1.493682928321979097e-05 1.251906209022910128e-06
1.102000000000000000e+05 1.132609578292221561e-04 6.670453813938779131e-05 1.776839973063993220e-05 1.855109049005427465e-05 8.726394837112265548e-07
1.103000000000000000e+05 1.110908469273412958e-04 6.740095492392187662e-05 1.997993433471643757e-05 1.684896919334659944e-05 9.133044731538223797e-07
1.104000000000000000e+05 1.127914958862187908e-04 6.880951400955812719e-05 1.657985161013166182e-05 8.730821188439697879e-06 8.723699089317208956e-07
1.105000000000000000e+05 1.129803005658149999e-04 7.058923172230455038e-05 1.732229417921693731e-05 2.065444108446186540e-05 1.184154025208713380e-06
1.106000000000000000e+05 1.107040823518531226e-04 7.151785969742047047e-05 1.746410958973304111e-05 1.709231880039212991e-05 1.391605083693140040e-06
1.107000000000000000e+05 1.122417928490454753e-04 7.167329259075167901e-05 1.629191401819626733e-05 1.373873287423147366e-05 1.278287738170751989e-06
1.108000000000000000e+05 1.128322154794731249e-04 7.237957053943437440e-05 1.413069424059465052e-05 1.442730819636573062e-05 8.914326766391346413e-07
1.109000000000000000e+05 1.143649405760110163e-04 7.394595647185219812e-05 1.641318995140550295e-05 1.583448962340240071e-05 1.064934849663487109e-06
1.110000000000000000e+05 1.181683526508067609e-04 7.161203204322125779e-05 1.883542476660647597e-05 1.481401069943250595e-05 1.019048708547116985e-06
1.111000000000000000e+05 1.101256519441755046e-04 7.729564615709848740e-05 2.539767132315302010e-05 1.414683957837452326e-05 9.526064947183926166e-07
1.112000000000000000e+05 1.114353299413400704e-04 8.114628393563304699e-05 3.371230320049950941e-05 1.426839914555335330e-05 1.092428577727223441e-06
1.113000000000000000e+05 1.161919778277648572e-04 7.832276085964545644e-05 2.706040949886625517e-05 1.521623442302680027e-05 9.207710313320331964e-07
1.114000000000000000e+05 1.158893016797579175e-04 8.772137030416722202e-05 2.757942887337844562e-05 1.044171837369895376e-05 8.812519712696937910e-07
1.115000000000000000e+05 1.137156628532309674e-04 8.424111753857103447e-05 1.989269206580620474e-05 1.034050693198745511e-05 8.962045346265433103e-07
1.116000000000000000e+05 1.126995006858087442e-04 8.074801670051787433e-05 9.835949208124591684e-06 1.082514448087359199e-05 9.161123450060417789e-07
1.117000000000000000e+05 1.132909055809578453e-04 8.563484548785311036e-05 2.312395420806124125e-05 9.681820819424557923e-06 8.909887494683597491e-07
1.118000000000000000e+05 1.160742137815893552e-04 8.553841763921915379e-05 1.919234910615026033e-05 9.875244848258194245e-06 1.087312115789685173e-06
1.119000000000000000e+05 1.163429049992942461e-04 8.564427098761542617e-05 1.818937332173891763e-05 9.312908650278332542e-06 1.029542014597589996e-06
1.120000000000000000e+05 1.167564086106247923e-04 8.499390905160306739e-05 2.029222180614244467e-05 8.717465232791593002e-06 1.053716379346036235e-06
1.121000000000000000e+05 1.176477275757095671e-04 8.291954297367068775e-05 2.100228425036153643e-05 8.530320985275768181e-06 1.275984308565067304e-06
1.122000000000000000e+05 1.148738060670227365e-04 8.611947390304804974e-05 3.267979766267755125e-05 9.344021330908062415e-06 1.150738699591344126e-06
1.123000000000000000e+05 1.141509044859661284e-04 8.589499710893914541e-05 1.934739010710305029e-05 7.519835874054697037e-06 8.335974435236498388e-07
1.124000000000000000e+05 1.140529480990339994e-04 8.592886332349032781e-05 2.104719651283710278e-321 8.641087469577404061e-06 9.537241512581018604e-07
1.125000000000000000e+05 1.137026639743117740e-04 8.962462124720589466e-05 2.109660307742122744e-321 9.776147856385871199e-06 1.203789374481035954e-06
1.126000000000000000e+05 1.100152654318761004e-04 8.988727784047411318e-05 8.799829917283341846e-06 7.083902918864040364e-06 1.060468975023560916e-06
1.127000000000000000e+05 1.125634705677665964e-04 9.017278674823820241e-05 2.930488348283148863e-05 9.099445250327315658e-06 9.860458683144975215e-07
1.128000000000000000e+05 1.152965970958158537e-04 9.026038977820747882e-05 4.725006697076101884e-05 8.833032984106719556e-06 1.209739764579682531e-06
1.129000000000000000e+05 1.090209750645460284e-04 8.990541768018045488e-05 5.086236805720278638e-05 8.676164157134059416e-06 1.841563777454489580e-06
1.130000000000000000e+05 1.104117461425632729e-04 9.158320890280559736e-05 4.217602796201570261e-05 9.954754021914992876e-06 2.896004565787725640e-06
1.131000000000000000e+05 1.127465439113377164e-04 9.225467420058327530e-05 4.295305205502030833e-05 1.222778116192596012e-05 4.290081930234529134e-06
1.132000000000000000e+05 1.145716972751406327e-04 9.222841132426749160e-05 4.717896405266456991e-05 1.380082882679819242e-05 3.440289763933299168e-06
1.133000000000000000e+05 1.134382481422169865e-04 9.193115522045835130e-05 5.064073463337460295e-05 1.522780749287273679e-05 2.094311378525188366e-06
1.134000000000000000e+05 1.135266564719858179e-04 9.190737281440948384e-05 4.679952183805311276e-05 1.583946391027325228e-05 1.017802939822831511e-06
1.135000000000000000e+05 1.124141606753163524e-04 9.259868998774950912e-05 4.239432768662804342e-05 1.378985832103235475e-05 7.752058607329148271e-07
1.136000000000000000e+05 1.097405351843801192e-04 9.281806662008893968e-05 4.394585149001081119e-05 1.194977568953237856e-05 1.493438165210696718e-06
1.137000000000000000e+05 1.091247488352175426e-04 9.080013551405310198e-05 5.081849782651264561e-05 1.383910401329982873e-05 1.713410109337593994e-06
1.138000000000000000e+05 1.108674236388840174e-04 9.344509585225440782e-05 4.988016518054101526e-05 1.641340524133529387e-05 1.288909652450463477e-06
1.139000000000000000e+05 1.101341006290883272e-04 9.433001942693204091e-05 4.820689883195327600e-05 1.600360389500997955e-05 6.434887923341032115e-07
1.140000000000000000e+05 1.035200413141881527e-04 9.378568696684774374e-05 4.720989730578436432e-05 1.155356486291916080e-05 5.657711243424395561e-07
1.141000000000000000e+05 1.080060989402836959e-04 9.291437734822934915e-05 4.949780033109534569e-05 1.286235108160759259e-05 1.342933991391672740e-06
1.142000000000000000e+05 1.042219586710289040e-04 9.419298675153380354e-05 6.135662641510654012e-05 1.668794741739927130e-05 9.957963363187170111e-07
1.143000000000000000e+05 9.984329310274223102e-05 9.425150840201309112e-05 5.070462364173278637e-05 2.046035700422659328e-05 5.664451303993549740e-07
1.144000000000000000e+05 1.064814330537709969e-04 9.324469594846738379e-05 4.566046453694826211e-05 2.014859383302138892e-05 5.661007695558503406e-07
1.145000000000000000e+05 1.011568655718390354e-04 9.193876492829283916e-05 4.892548581883336716e-05 2.187764392473687638e-05 5.587517701188805569e-07
1.146000000000000000e+05 9.900020439411330933e-05 9.244197045516366234e-05 5.864363463361631657e-05 2.107854451516287224e-05 6.861411487050999347e-07
1.147000000000000000e+05 9.952245952919136474e-05 9.312742601239406724e-05 6.033239752234912192e-05 1.847739828762048439e-05 6.916485357921810612e-07
1.148000000000000000e+05 9.573417414375382179e-05 9.324036172667141120e-05 5.114904581797897597e-05 1.776496315748855360e-05 1.075415334110070918e-06
1.149000000000000000e+05 9.887483086590448161e-05 9.144746262221749181e-05 4.229978038573029632e-05 2.157563399910125085e-05 2.198378151647667688e-06
1.150000000000000000e+05 9.775643438451344334e-05 9.276322335941129501e-05 4.735172161732909105e-05 1.847789384996568254e-05 9.813474144619396606e-07
1.151000000000000000e+05 9.112340421726962945e-05 9.329066635584984878e-05 4.710296542531558218e-05 1.469482957951225603e-05 9.176375518584015723e-07
1.152000000000000000e+05 9.892985458757259693e-05 9.274238597736790643e-05 4.636176431790007982e-05 1.671242763578439046e-05 8.565101873086390873e-07
1.153000000000000000e+05 9.678474966410467880e-05 9.168390648742586293e-05 4.670024286390158681e-05 1.715192366496102699e-05 5.886264830059130291e-07
1.154000000000000000e+05 9.551918537294854991e-05 9.201323914844921411e-05 4.938016171870048833e-05 1.719066128691712489e-05 6.136167305809520074e-07
1.155000000000000000e+05 1.023235253498791888e-04 9.246467465728926420e-05 5.387689539387292809e-05 1.736729405349160020e-05 5.956333324644453809e-07
1.156000000000000000e+05 9.873559129559603240e-05 9.292208878322490140e-05 5.425672465154286327e-05 1.768620237057037429e-05 6.122063793742985601e-07
1.157000000000000000e+05 9.608070640732390018e-05 9.367396863408005900e-05 5.396902735534376378e-05 1.702611245725740665e-05 6.267868970258654049e-07
1.158000000000000000e+05 9.474971056773507391e-05 9.212883474394202848e-05 5.493436598395880948e-05 1.666751883033868188e-05 6.119535933393999950e-07
1.159000000000000000e+05 9.552729631928500885e-05 9.211410847962252127e-05 5.716782643628347211e-05 1.269780899851518199e-05 5.883266940867537494e-07
1.160000000000000000e+05 9.677416238966461410e-05 9.259902420291626782e-05 4.414384380603280538e-05 8.928717944061924497e-06 5.913508481533267975e-07
1.161000000000000000e+05 9.683791977312599742e-05 8.718833404974060685e-05 2.838276639211848935e-05 1.398223517908225406e-05 6.042912232936738496e-07
1.162000000000000000e+05 9.557161456529780503e-05 8.598422763874106372e-05 1.904538862096159799e-05 1.325549142652901654e-05 7.450899711909554361e-07
1.163000000000000000e+05 9.293266539217133135e-05 8.539217411987366899e-05 3.607703587770540898e-05 1.187593798563225771e-05 1.181753448993636739e-06
1.164000000000000000e+05 9.704148576097553294e-05 8.471206665796431610e-05 5.467183764917179887e-05 1.263690242301294444e-05 1.786544131278000725e-06
1.165000000000000000e+05 9.765329257332799981e-05 8.458242946565228799e-05 5.804699423478006917e-05 1.703241826811033150e-05 1.200570747243422730e-06
1.166000000000000000e+05 9.328639741600025590e-05 8.322354520506701882e-05 4.813668522261936936e-05 1.444825369272496402e-05 1.846888984775936082e-06
1.167000000000000000e+05 9.909069735111259358e-05 8.261433198963363843e-05 4.076136643743312948e-05 1.344666705216234473e-05 3.597838721068318132e-06
1.168000000000000000e+05 1.003960595150347519e-04 8.342810263152270736e-05 3.925558492686881146e-05 1.974830525631448628e-05 2.141445150081386351e-06
1.169000000000000000e+05 9.988384458577998111e-05 8.622642944134858154e-05 5.837096630423008507e-05 3.045599529440997109e-05 2.391127790734679613e-06
1.170000000000000000e+05 9.914329765581027384e-05 8.936929856932975945e-05 6.650921013542777211e-05 2.461411723012981413e-05 2.685581789510941784e-06
1.171000000000000000e+05 9.714748818433109146e-05 8.910301054178962669e-05 3.325460506769096873e-06 2.031041924122140022e-05 2.253982631590800960e-06
1.172000000000000000e+05 9.849633554343441429e-05 8.485194405975761899e-05 5.343061026863266761e-05 2.033504455171066281e-05 8.123936073690017961e-07
1.173000000000000000e+05 9.892271783060727812e-05 8.092317871645703607e-05 3.858877408290062002e-05 2.205516967860440681e-05 1.062284881213263286e-06
1.174000000000000000e+05 9.179257332697793868e-05 8.525257963061375933e-05 1.137315670447137752e-05 2.009913928190300579e-05 1.247496364464095770e-06
1.175000000000000000e+05 9.726499896704311548e-05 5.926398725771519338e-05 4.738815293529042281e-05 2.031052492129707972e-05 1.359790400799908690e-06
1.176000000000000000e+05 9.881355199234886054e-05 0.000000000000000000e+00 1.137315670447138090e-05 2.518743203050585397e-05 1.417228281798156132e-06
1.177000000000000000e+05 9.645913937148540077e-05 0.000000000000000000e+00 2.302345909620208896e-321 2.964845541073213018e-05 1.462505319195325690e-06
1.178000000000000000e+05 9.598186745209358285e-05 8.552230705109506231e-155 2.307286566078621361e-321 2.988030623907780622e-05 3.414760207638658259e-07
1.179000000000000000e+05 9.750654885881859444e-05 1.014334339443182648e-154 2.312227222537033827e-321 3.160091304940243077e-05 8.755324515978254383e-06
1.180000000000000000e+05 1.046303580534784200e-04 1.129744167092652633e-305 2.312227222537033827e-321 2.451540383259928965e-05 1.598912433273248668e-05
1.181000000000000000e+05 1.166545984237795492e-04 2.259488334185304760e-306 2.317167878995446292e-321 2.295712283007213332e-05 1.538206480972625643e-05
1.182000000000000000e+05 1.158321592982570651e-04 0.000000000000000000e+00 2.322108535453858758e-321 2.864338963367620084e-05 1.036136034997041480e-05
1.183000000000000000e+05 1.168936862769272072e-04 -6.729645524387529693e+303 2.327049191912271223e-321 2.790274329588305274e-05 1.792791437503344601e-05
1.184000000000000000e+05 1.096992356868511063e-04 -2.077412314049905264e+304 2.327049191912271223e-321 1.933907058142716291e-05 1.968716987981804732e-05
1.185000000000000000e+05 8.682047159558941500e-05 -4.388899255034474888e+303 2.331989848370683689e-321 8.442414930799913776e-06 1.301319072660674305e-05
1.186000000000000000e+05 7.825882356846901842e-05 3.964861426259350895e-310 2.336930504829096154e-321 0.000000000000000000e+00 6.925122459962174110e-310
1.187000000000000000e+05 9.438820905754040835e-05 0.000000000000000000e+00 2.341871161287508619e-321 0.000000000000000000e+00 6.925122460367307940e-310
1.188000000000000000e+05 1.243817844563889941e-04 nan 2.341871161287508619e-321 0.000000000000000000e+00 6.925122460770070254e-310
1.189000000000000000e+05 1.537221009232861836e-04 nan 2.346811817745921085e-321 0.000000000000000000e+00 9.586228573823365156e-07
1.190000000000000000e+05 5.212980080675919049e-05 nan 2.351752474204333550e-321 0.000000000000000000e+00 2.309994292157118212e-06
1.191000000000000000e+05 6.925041239301033347e-310 2.459817520900184627e-312 2.356693130662746016e-321 0.000000000000000000e+00 1.413417648694771739e-06
1.192000000000000000e+05 6.925041239702165245e-310 0.000000000000000000e+00 2.356693130662746016e-321 0.000000000000000000e+00 1.624916525869519146e-06
1.193000000000000000e+05 6.925041240102358418e-310 0.000000000000000000e+00 2.361633787121158481e-321 0.000000000000000000e+00 2.601221456300006453e-06
1.194000000000000000e+05 6.925041240503440909e-310 nan 2.366574443579570947e-321 0.000000000000000000e+00 8.714107023053569635e-06
1.195000000000000000e+05 6.925041240904572807e-310 nan 2.371515100037983412e-321 0.000000000000000000e+00 2.017858687307901583e-05
1.196000000000000000e+05 6.925041241305655298e-310 1.316742595722741380e-314 2.371515100037983412e-321 0.000000000000000000e+00 1.189581301622154770e-05
1.197000000000000000e+05 6.925041241705848471e-310 3.202887188294879097e-315 2.376455756496395877e-321 0.000000000000000000e+00 1.084266913111441584e-05
1.198000000000000000e+05 6.925041242106980369e-310 0.000000000000000000e+00 1.289250214181294530e-04 0.000000000000000000e+00 9.982018117350292027e-06
1.199000000000000000e+05 6.925041242508062861e-310 nan 2.711576654020757845e-04 0.000000000000000000e+00 8.261125207601996529e-06
