9.000000000000000000e+04 5.906496569514274597e-02 6.421767920255661011e-02 6.086742505431175232e-02 5.729274451732635498e-02 7.839310914278030396e-02 7.690438628196716309e-02 9.447987377643585205e-02
9.010000000000000000e+04 8.723078399896838642e-02 8.325239395102033979e-02 7.834360301494661116e-02 8.512886298199580370e-02 1.121926514804355568e-01 1.060399498045435374e-01 1.085182079176095910e-01
9.020000000000000000e+04 7.444169121484210672e-02 7.851515462001402990e-02 7.095919623970770029e-02 6.567653174201680544e-02 9.300227463245699933e-02 8.409910365939364529e-02 1.106331121921527438e-01
9.030000000000000000e+04 5.508100144565121481e-02 5.755906924605369568e-02 5.682704076170888574e-02 5.588886089623031073e-02 7.224638760090074108e-02 7.323551148176124514e-02 8.487505450844767818e-02
9.040000000000000000e+04 1.088485101858818194e-01 1.024283816417089488e-01 9.745525419711915938e-02 1.061550714572261495e-01 1.395092231035243713e-01 1.340762111544651358e-01 1.315031341711672963e-01
9.050000000000000000e+04 1.412837331493691784e-01 1.379631037513407710e-01 1.250039637088775635e-01 1.301644511520858305e-01 1.784413844347003675e-01 1.626587778329852407e-01 1.765551870067918472e-01
9.060000000000000000e+04 9.642848238348854240e-02 1.035826578736305237e-01 9.290566593408423890e-02 8.742099240422412931e-02 1.242035165429149352e-01 1.113908658921708289e-01 1.447443151474010758e-01
9.070000000000000000e+04 5.960434392094602490e-02 6.361459319790170597e-02 6.081334613263589262e-02 5.821187157183858873e-02 7.775877714157085341e-02 7.532852590084089528e-02 9.273118471105848415e-02
9.080000000000000000e+04 6.091322844227142069e-02 6.233605990807196406e-02 5.990949869155864915e-02 5.977696771423007122e-02 7.826530605554586628e-02 7.575536370277392850e-02 8.419184784094502216e-02
9.090000000000000000e+04 6.583037398755564595e-02 6.696331873536109924e-02 6.425260305404649486e-02 6.445869505405443789e-02 8.409626632928850209e-02 8.114076361060114373e-02 8.969984099268896172e-02
9.100000000000000000e+04 7.163185750444710231e-02 7.252436131238963746e-02 6.931614875793457031e-02 6.973969290653846131e-02 9.114255905151348591e-02 8.757698535919226923e-02 9.674429247776709928e-02
9.110000000000000000e+04 7.667740737398456852e-02 7.781976958115868759e-02 7.413157373666778849e-02 7.468262761831297170e-02 9.758451297879257302e-02 9.363491475582154389e-02 1.040997691452504453e-01
9.120000000000000000e+04 8.268021017313025023e-02 8.378846943378448486e-02 7.956011146307023774e-02 8.034617215394945777e-02 1.052516251802445846e-01 1.006031608581545028e-01 1.118916422128675148e-01
9.130000000000000000e+04 8.848121660451063741e-02 8.969084049264616776e-02 8.498120158910744959e-02 8.564420223236091090e-02 1.125850449502469319e-01 1.073519007861614694e-01 1.197462545335296891e-01
9.140000000000000000e+04 9.337353239456808174e-02 9.475810577472028318e-02 8.940524905920016474e-02 9.011233786741866536e-02 1.186633139848708440e-01 1.130071283876895039e-01 1.267349074284236099e-01
9.150000000000000000e+04 9.807931222021598616e-02 9.928023815155029297e-02 9.369179978966712952e-02 9.422404803335669710e-02 1.244472742080686145e-01 1.179942127317188255e-01 1.323258340358734186e-01
9.160000000000000000e+04 1.022591814398763482e-01 1.036161060134571793e-01 9.738087356090556479e-02 9.819494992494581798e-02 1.297169470787049583e-01 1.228801345825192709e-01 1.382470983266833320e-01
9.170000000000000000e+04 1.066418164471785307e-01 1.078920078774291136e-01 1.013455957174301814e-01 1.020577696462472150e-01 1.349445369839667730e-01 1.278826810419561588e-01 1.444232539335886523e-01
9.180000000000000000e+04 1.116588887572291661e-01 1.130489483475685120e-01 1.063754171133037968e-01 1.068729846179483356e-01 1.415383571386337747e-01 1.341347911953929273e-01 1.517822837829592708e-01
9.190000000000000000e+04 1.238851932932921313e-01 1.250894678135728022e-01 1.183138206601137832e-01 1.190962427606183371e-01 1.591785064339627520e-01 1.515914496779447729e-01 1.698800464471177940e-01
9.200000000000000000e+04 1.738130489985154625e-01 1.713415185610422109e-01 1.591634154319763184e-01 1.644233763217958499e-01 2.227571666240716897e-01 2.084778338670730535e-01 2.230204482873273664e-01
9.210000000000000000e+04 2.292578132450603379e-01 2.253204211592674255e-01 2.080359771847732353e-01 2.139680744707580240e-01 2.893156623840330011e-01 2.654908253252497019e-01 2.907283836603139493e-01
9.220000000000000000e+04 2.483372449874873544e-01 2.470236271619803414e-01 2.272004872560507149e-01 2.307260337471964684e-01 3.121518623828891115e-01 2.872862505912774367e-01 3.211633523305260085e-01
9.230000000000000000e+04 2.542268339792888021e-01 2.538106640179950690e-01 2.340304657816886513e-01 2.365008426705995648e-01 3.193603885173797452e-01 2.938286539912221551e-01 3.315336209535598155e-01
9.240000000000000000e+04 2.543795132637023948e-01 2.544963657855987549e-01 2.343983143568039440e-01 2.362599909305572454e-01 3.200446820259094660e-01 2.944306612014769842e-01 3.344239711761473610e-01
9.250000000000000000e+04 2.545038908720017035e-01 2.541182885567346283e-01 2.334281280636787415e-01 2.357642824451129659e-01 3.202734589576721191e-01 2.940147444605826776e-01 3.335456798473994122e-01
9.260000000000000000e+04 2.511016444365182787e-01 2.512608468532562811e-01 2.302672833204268688e-01 2.319574717680612796e-01 3.170020449161528586e-01 2.908484607934951338e-01 3.314861345291137962e-01
9.270000000000000000e+04 2.492588056623936954e-01 2.497045844793319702e-01 2.280909076333045571e-01 2.293657451868059693e-01 3.139650267362594227e-01 2.875526991486549999e-01 3.306961607933044944e-01
9.280000000000000000e+04 2.435414739449819066e-01 2.463239580392837524e-01 2.243443012237549272e-01 2.257195593913396692e-01 3.091320347785949108e-01 2.835402953624724942e-01 3.257915484905242742e-01
9.290000000000000000e+04 2.482476452986399629e-01 2.495108619332312150e-01 2.273411005735396784e-01 2.293313404917716181e-01 3.127024716138839810e-01 2.865530908107756236e-01 3.292071878910062255e-01
9.300000000000000000e+04 2.478647261857990225e-01 2.499236762523651123e-01 2.271489650011062622e-01 2.285106688737868763e-01 3.117434382438660778e-01 2.852899461984637064e-01 3.299031376838684193e-01
9.310000000000000000e+04 2.415387550493081625e-01 2.447122534116107362e-01 2.218702748417852866e-01 2.229190303881965762e-01 3.048866033554076260e-01 2.787098777294156338e-01 3.236900413036346014e-01
9.320000000000000000e+04 2.326243599255873318e-01 2.372647921244308566e-01 2.141434997320169897e-01 2.140174808104832460e-01 2.937754750251770908e-01 2.682081699371334227e-01 3.160975885391240081e-01
9.330000000000000000e+04 2.285389584302900678e-01 2.324543967843055725e-01 2.097927466034888999e-01 2.107707619667053556e-01 2.882063341140746471e-01 2.639432907104492521e-01 3.078753346204757269e-01
9.340000000000000000e+04 2.274681718150774468e-01 2.304591933886206423e-01 2.084506154060365990e-01 2.089891432722409959e-01 2.841266500949862772e-01 2.599766105413438555e-01 3.059140511353810599e-01
9.350000000000000000e+04 2.227849356830124417e-01 2.272255917390185176e-01 2.054024934768676758e-01 2.059996075928211823e-01 2.813085138797764007e-01 2.580434173345563242e-01 3.013341257969539000e-01
9.360000000000000000e+04 2.298070335388180396e-01 2.335100620985031128e-01 2.111437916755678212e-01 2.117103743553160888e-01 2.899501585960388983e-01 2.654489243030542789e-01 3.096037745475773151e-01
9.370000000000000000e+04 2.412765832742056749e-01 2.436749587456390198e-01 2.208968415856362999e-01 2.225051217277851656e-01 3.035743331909176446e-01 2.775574797391893167e-01 3.206384011109669196e-01
9.380000000000000000e+04 2.450486070911086223e-01 2.479098588228228484e-01 2.244455754756929100e-01 2.256427528460821508e-01 3.067467057704926781e-01 2.803850460052487725e-01 3.263042767842610492e-01
9.390000000000000000e+04 2.348404474556450849e-01 2.396738603711128235e-01 2.167185351252558789e-01 2.167665952444070288e-01 2.951044714450843931e-01 2.702143767476078984e-01 3.184544062614437232e-01
9.400000000000000000e+04 2.311254670222600283e-01 2.352183014154434204e-01 2.124565839767456055e-01 2.128958294788996231e-01 2.905972838401794656e-01 2.658695161342620739e-01 3.124790906906128041e-01
9.410000000000000000e+04 2.345847143729536122e-01 2.379943951964374471e-01 2.165517017245296993e-01 2.178865147133672020e-01 2.953299516439437666e-01 2.721927350759502651e-01 3.148995067675909310e-01
9.420000000000000000e+04 2.459725561738014543e-01 2.481273412704467773e-01 2.256340533494947953e-01 2.266222786903382136e-01 3.069483852386474254e-01 2.809143245220184770e-01 3.248270940780640936e-01
9.430000000000000000e+04 2.406148639321324945e-01 2.443396300077436412e-01 2.210658326745034152e-01 2.214853798846402599e-01 3.016321289539340977e-01 2.756284075975422576e-01 3.234310044844947440e-01
9.440000000000000000e+04 2.331375380357111615e-01 2.369910230239241633e-01 2.132740855216984366e-01 2.139447351296751842e-01 2.911037421226493893e-01 2.645588827133167342e-01 3.128728334108981102e-01
9.450000000000000000e+04 2.142844066023828487e-01 2.202784642577171326e-01 1.986216753721237183e-01 1.982903987169264415e-01 2.684369981288907692e-01 2.469036117196079516e-01 2.933294981718062022e-01
9.460000000000000000e+04 2.127238594492276702e-01 2.165788759787877493e-01 1.955489128828048762e-01 1.960289121667543599e-01 2.656434309482574307e-01 2.432632201910018832e-01 2.866601840655009226e-01
9.470000000000000000e+04 2.135034398734568795e-01 2.174715474247932157e-01 1.960210323333740345e-01 1.967156538367271501e-01 2.666788947582244274e-01 2.440118959546088984e-01 2.872219355901083349e-01
9.480000000000000000e+04 2.142081493139267045e-01 2.176827043294906616e-01 1.963715463876724299e-01 1.972671800851821811e-01 2.673300552368164662e-01 2.442601919174194336e-01 2.883545339107513317e-01
9.490000000000000000e+04 2.139921266337235506e-01 2.174956922729810171e-01 1.963399425148964206e-01 1.970305564999580428e-01 2.670169246196746893e-01 2.441406501829624376e-01 2.883561780055364232e-01
9.500000000000000000e+04 2.136482397715250836e-01 2.174915621678034650e-01 1.962573975324630737e-01 1.969241499900817871e-01 2.664085924625396729e-01 2.437516823410987854e-01 2.875869075457254675e-01
9.510000000000000000e+04 2.138869118690490678e-01 2.175412029027938843e-01 1.964489579200744962e-01 1.970450715720653556e-01 2.669803023338316872e-01 2.442419786751271193e-01 2.883248347043991244e-01
9.520000000000000000e+04 2.159533298015593739e-01 2.190610915422439853e-01 1.980931192636490867e-01 1.986478561162949297e-01 2.692217826843260609e-01 2.462339133024215865e-01 2.908550298213959384e-01
9.530000000000000000e+04 2.218701641758274168e-01 2.252354398369782740e-01 2.046760082244870604e-01 2.047258084515727605e-01 2.778568643331540966e-01 2.561435952782632475e-01 2.991589593887336584e-01
9.540000000000000000e+04 2.461709079146387480e-01 2.474939972162246704e-01 2.237000316381450304e-01 2.259388920664790190e-01 3.078814351558687434e-01 2.795451617240903297e-01 3.237326753139493363e-01
9.550000000000000000e+04 2.504763205846146090e-01 2.532513340314225814e-01 2.288228720426559448e-01 2.297206506133081250e-01 3.127073615789414673e-01 2.844010934233668353e-01 3.337541997432706964e-01
9.560000000000000000e+04 2.428612434864046432e-01 2.460606296857202058e-01 2.223705053329465831e-01 2.226613732179002214e-01 3.032888686656957100e-01 2.763527870178227874e-01 3.275195201237993681e-01
9.570000000000000000e+04 2.396603241562844655e-01 2.428077757358551025e-01 2.200794398784637895e-01 2.205019959807394125e-01 2.994280803203586139e-01 2.737839660048488333e-01 3.225296688079832830e-01
9.580000000000000000e+04 2.426237350702287188e-01 2.460694760084153609e-01 2.220531940460204468e-01 2.224345413843791808e-01 3.042824292182922941e-01 2.767047441005707764e-01 3.271356244881951092e-01
9.590000000000000000e+04 2.436876698335013192e-01 2.470660408337911895e-01 2.223374560475349926e-01 2.222258879244329022e-01 3.050465255975722823e-01 2.767860391736029491e-01 3.284578718741734682e-01
9.600000000000000000e+04 2.408767849206925604e-01 2.451344877481460571e-01 2.199784815311431885e-01 2.202473133802414773e-01 3.030956864356992853e-01 2.751532912254333607e-01 3.282987773418426514e-01
9.610000000000000000e+04 2.446515583495299240e-01 2.475717614094413155e-01 2.220338299870488752e-01 2.228894767661889209e-01 3.064839893579479058e-01 2.763281148672105392e-01 3.285926731427512015e-01
9.620000000000000000e+04 2.282811214526497545e-01 2.338867932558069129e-01 2.092600762844075701e-01 2.083098459243770406e-01 2.887817633152003904e-01 2.609935474395760346e-01 3.159471420447029222e-01
9.630000000000000000e+04 2.215794518589978279e-01 2.265867814421653748e-01 2.018749415874479813e-01 2.007194519042961034e-01 2.801858526468279931e-01 2.544331607222555802e-01 3.073467594385145829e-01
9.640000000000000000e+04 2.411118884881321145e-01 2.445430060227724300e-01 2.199864149093620491e-01 2.204630045096082624e-01 3.023561918735500620e-01 2.751141190528886282e-01 3.239555652936296770e-01
9.650000000000000000e+04 2.616606752077738074e-01 2.636639873186741312e-01 2.402886301279067993e-01 2.411571323871618266e-01 3.271473824977866873e-01 2.978688642382628093e-01 3.468415896097820084e-01
9.660000000000000000e+04 2.762509453296665973e-01 2.767616808414459229e-01 2.526277959346773239e-01 2.547372895479202426e-01 3.411489176750183150e-01 3.112403291463852195e-01 3.610140240192413197e-01
9.670000000000000000e+04 2.633183953166021163e-01 2.658484925826377632e-01 2.420552328228947059e-01 2.423704175154367535e-01 3.249621915817247353e-01 2.966354513168337204e-01 3.509986466169352504e-01
9.680000000000000000e+04 2.390581518411636353e-01 2.440281858046853825e-01 2.207484275102623850e-01 2.207538537184397798e-01 2.986468827724456099e-01 2.731126022338870030e-01 3.267107939720154119e-01
9.690000000000000000e+04 2.315256491303437358e-01 2.351028621196746826e-01 2.123137027025225609e-01 2.122756162285808768e-01 2.872934639453891825e-01 2.621617710590368189e-01 3.125479251146321968e-01
9.700000000000000000e+04 2.249878178040186916e-01 2.284053613742191569e-01 2.064626514911651611e-01 2.064926082889239345e-01 2.799991130828857200e-01 2.554996103048325362e-01 3.043635825316108878e-01
9.710000000000000000e+04 2.262614978353182926e-01 2.295091127355891880e-01 2.074033662676813272e-01 2.074369496603808427e-01 2.823576885461806518e-01 2.577009680867199393e-01 3.066253223021824237e-01
9.720000000000000000e+04 2.387701827287685152e-01 2.411809414625167847e-01 2.164005905389790041e-01 2.180058759450909378e-01 2.964661800861361773e-01 2.688167679309846902e-01 3.169306993484494184e-01
9.730000000000000000e+04 2.365834646423660981e-01 2.405942430098850227e-01 2.168487668037414884e-01 2.165517950554688431e-01 2.959071111679077437e-01 2.687124937772750743e-01 3.218433364232380911e-01
9.740000000000000000e+04 2.391280808051427231e-01 2.414869169394173731e-01 2.179899811744689109e-01 2.181826039155323749e-01 2.975468337535857044e-01 2.706095868349074895e-01 3.218260061740874090e-01
9.750000000000000000e+04 2.444750405848026553e-01 2.459752783179283142e-01 2.223166748881340027e-01 2.230956703424454013e-01 3.035166263580322266e-01 2.757690101861953180e-01 3.271449506282806396e-01
9.760000000000000000e+04 2.465635089079535602e-01 2.494570066531503760e-01 2.256769418716433051e-01 2.258896476030345102e-01 3.080328357219691005e-01 2.799967980384820976e-01 3.318494991461438115e-01
9.770000000000000000e+04 2.502184825142221847e-01 2.526966780424120262e-01 2.281232401728629511e-01 2.280379559596377725e-01 3.116045838594436179e-01 2.824958112835886936e-01 3.365087117751440760e-01
9.780000000000000000e+04 2.470934921503066539e-01 2.505804002285003662e-01 2.254134416580199918e-01 2.255546241998671597e-01 3.089796805381774258e-01 2.799708265066147561e-01 3.347057592868805664e-01
9.790000000000000000e+04 2.484915903707345386e-01 2.511603782574335919e-01 2.264241769909858815e-01 2.262873512506484996e-01 3.100176072120666704e-01 2.807267117500304998e-01 3.358002249399821282e-01
9.800000000000000000e+04 2.475499063730241811e-01 2.511697113513944868e-01 2.260123044252395630e-01 2.258288304011026870e-01 3.104276299476622647e-01 2.814112484455108532e-01 3.370901207129158861e-01
9.810000000000000000e+04 2.558708906173708941e-01 2.576697170734405518e-01 2.329995021224023910e-01 2.330352573096752811e-01 3.190524047613146341e-01 2.891894006729124333e-01 3.431244432926182086e-01
9.820000000000000000e+04 2.617929301659266406e-01 2.620948851108549915e-01 2.378059238195414371e-01 2.396911028027537971e-01 3.233021306991577526e-01 2.929188060760504753e-01 3.463622570037842019e-01
9.830000000000000000e+04 2.425269303222489792e-01 2.460651273528742800e-01 2.239982187747956432e-01 2.217713279028733497e-01 3.031568962335591810e-01 2.765876677632331804e-01 3.329873214165372519e-01
9.840000000000000000e+04 2.510999643802636072e-01 2.528757452964782715e-01 2.280992388725278097e-01 2.290162461996073373e-01 3.120905005931851051e-01 2.832116973400120585e-01 3.358692872524267070e-01
9.850000000000000000e+04 2.556868622700372851e-01 2.573247899611789125e-01 2.323714941740036011e-01 2.324856626490752198e-01 3.168578565120696022e-01 2.873848035931585443e-01 3.429108897844950210e-01
9.860000000000000000e+04 2.534885579347622708e-01 2.573921779791507602e-01 2.333386182785031349e-01 2.327228809396428566e-01 3.173078227043153454e-01 2.886461484432223390e-01 3.447034756342570727e-01
9.870000000000000000e+04 2.691887834668160173e-01 2.694020569324493408e-01 2.460672229528428068e-01 2.465846249461173811e-01 3.322639048099516601e-01 3.027993991971015819e-01 3.551502418518069915e-01
9.880000000000000000e+04 2.714496982097627242e-01 2.727564175923669065e-01 2.497100919485087944e-01 2.501348479588832996e-01 3.371204400062559059e-01 3.075596022605892044e-01 3.617071986198424072e-01
9.890000000000000000e+04 2.837626064817106997e-01 2.821857084830597939e-01 2.610719472169872879e-01 2.615661091605819832e-01 3.496720188856119460e-01 3.202518177032465108e-01 3.714605027437204998e-01
9.900000000000000000e+04 2.955227613449092350e-01 2.925111651420593262e-01 2.724482715129852295e-01 2.739831745624548565e-01 3.611321091651920612e-01 3.322398841381066781e-01 3.786550700664520486e-01
9.910000000000000000e+04 3.005123159289356805e-01 2.967007259527836838e-01 2.773892015218731855e-01 2.781563253204029640e-01 3.644621807336807517e-01 3.361462289094919731e-01 3.844077316919963794e-01
9.920000000000000000e+04 2.919143017133082330e-01 2.915602525075270957e-01 2.722144126892097615e-01 2.718780879179636956e-01 3.591934347152709872e-01 3.317468237876896597e-01 3.819429330031071657e-01
9.930000000000000000e+04 3.084108889102935569e-01 3.053211718797683716e-01 2.860601931810379250e-01 2.890980973839753498e-01 3.726332312822337456e-01 3.453639429807662808e-01 3.908475875854494630e-01
9.940000000000000000e+04 3.009654484192529345e-01 3.013464013735452363e-01 2.815679430961608998e-01 2.811510338385900254e-01 3.664077806472775256e-01 3.405561107397079290e-01 3.918916380405426669e-01
9.950000000000000000e+04 3.093676959474875865e-01 3.093055784702294364e-01 2.882240265607833862e-01 2.889485140641522287e-01 3.738611102104189010e-01 3.478657349944110910e-01 3.969093869129811658e-01
9.960000000000000000e+04 3.130086159706116922e-01 3.106783032417297363e-01 2.912560343742373603e-01 2.923411083221432727e-01 3.768535995483399681e-01 3.500355470180518958e-01 3.997796189785002841e-01
9.970000000000000000e+04 3.040357980132105120e-01 3.019337753454845452e-01 2.831217885017394686e-01 2.839565360546112971e-01 3.707553261518478083e-01 3.431251156330111796e-01 3.932475519180299028e-01
9.980000000000000000e+04 3.093572527170185826e-01 3.069836397965745589e-01 2.869218707084653097e-01 2.886616182327271241e-01 3.742424559593203193e-01 3.477655059099198365e-01 3.960799602667490205e-01
9.990000000000000000e+04 3.033829563856125788e-01 3.007018864154815674e-01 2.808931976556783283e-01 2.804148870706559826e-01 3.683224946260446608e-01 3.396502226591104900e-01 3.919332969188689675e-01
1.000000000000000000e+05 2.909449140230822572e-01 2.895491520563764909e-01 2.678244411945343018e-01 2.695171236991882324e-01 3.581542372703552246e-01 3.292536139488220215e-01 3.828302721182503809e-01
1.001000000000000000e+05 3.071329976121580652e-01 3.011633455753322530e-01 2.831124901771546742e-01 2.846828678250308831e-01 3.726664757728575528e-01 3.433261981606481328e-01 3.870477120081584066e-01
1.002000000000000000e+05 3.079396867752074995e-01 3.021439015865325928e-01 2.846236586570738969e-01 2.858769059181213712e-01 3.739028048515321001e-01 3.449572533369064664e-01 3.899165928363800271e-01
1.003000000000000000e+05 3.069143117467563742e-01 3.013729055722554895e-01 2.836395204067230225e-01 2.849823673566181936e-01 3.734886604547501543e-01 3.446610453724860967e-01 3.899082976579664184e-01
1.004000000000000000e+05 3.070618975162506814e-01 3.017233312129974920e-01 2.832621634006500799e-01 2.846654991308848470e-01 3.736722123622894243e-01 3.444539022445677889e-01 3.911870268980661702e-01
1.005000000000000000e+05 3.060624599456787109e-01 3.002168089151382446e-01 2.823201566934585571e-01 2.835677936673164368e-01 3.726222634315490834e-01 3.433120042085647250e-01 3.898011177778244463e-01
1.006000000000000000e+05 3.071723204851149469e-01 3.007920980453492321e-01 2.831874907016753706e-01 2.845432841777800759e-01 3.733036017417906138e-01 3.441946309804916893e-01 3.902022083600361069e-01
1.007000000000000000e+05 3.108272148172059324e-01 3.050135622421897841e-01 2.873470544815064365e-01 2.889085024595263729e-01 3.772671943902972669e-01 3.485757106542586858e-01 3.931815721591314650e-01
1.008000000000000000e+05 3.173472094535828014e-01 3.109592795372009277e-01 2.939508497714993229e-01 2.951898694038390114e-01 3.828774023056030207e-01 3.542779755592345148e-01 3.984003543853759099e-01
1.009000000000000000e+05 3.193389405806860704e-01 3.137648453315100006e-01 2.959956020116805697e-01 2.977177491784097074e-01 3.843323510885238714e-01 3.562001451849936551e-01 4.021655191977818733e-01
1.010000000000000000e+05 3.090671787659330927e-01 3.060661951700853201e-01 2.877231538295745850e-01 2.876228461662936886e-01 3.746838271617892180e-01 3.461815923452368216e-01 3.967296560605365063e-01
1.011000000000000000e+05 3.091443192958834851e-01 3.039153367280960083e-01 2.853900402784348977e-01 2.864175820350648993e-01 3.756449991464617111e-01 3.466113975644113943e-01 3.952169120311735950e-01
1.012000000000000000e+05 3.109533524513243274e-01 3.079064190387730271e-01 2.892633616924295548e-01 2.896249981721240596e-01 3.799832177162173474e-01 3.510504519939424695e-01 4.006605215867362624e-01
1.013000000000000000e+05 3.331127100189524293e-01 3.264939586321504716e-01 3.072924494743345947e-01 3.104887772599859153e-01 3.970466625690460272e-01 3.675512292981149010e-01 4.136800589164098541e-01
1.014000000000000000e+05 3.218001759052272481e-01 3.193654119968414307e-01 3.016471624374393867e-01 3.018295753002174231e-01 3.893134546279908847e-01 3.597630006074907238e-01 4.107230818271641049e-01
1.015000000000000000e+05 3.068568110465987875e-01 3.044377317031210506e-01 2.837595343589782715e-01 2.846696853637692981e-01 3.717564582824720576e-01 3.417916536331185862e-01 3.964237560828517415e-01
1.016000000000000000e+05 2.831759091218312707e-01 2.838905652364097087e-01 2.618956625461580923e-01 2.607462632656099011e-01 3.505858767032623002e-01 3.206425809860235510e-01 3.793522071838378862e-01
1.017000000000000000e+05 2.894992521405228558e-01 2.889295220375061035e-01 2.666687995195390903e-01 2.664341047406196261e-01 3.580359303951273220e-01 3.273908051848403167e-01 3.818357050418851317e-01
1.018000000000000000e+05 3.145229128996522849e-01 3.073257009188340438e-01 2.879457592964161927e-01 2.892253444592158829e-01 3.800486719608307529e-01 3.487592524290091811e-01 3.969790017604834520e-01
1.019000000000000000e+05 3.106707130869230116e-01 3.075673083464305901e-01 2.888567775487900224e-01 2.899821783105532291e-01 3.805310505628584083e-01 3.502939268946647644e-01 4.029592961072921420e-01
1.020000000000000000e+05 3.244168102741247783e-01 3.185572326183319092e-01 2.994701862335205078e-01 3.007754981517799520e-01 3.917676389217371047e-01 3.612035691738128551e-01 4.098814249038696400e-01
1.021000000000000000e+05 3.272839691241584137e-01 3.215004205703733686e-01 3.036030024290083396e-01 3.041797117392222582e-01 3.941949290037155551e-01 3.645685532689095232e-01 4.150668229659398856e-01
1.022000000000000000e+05 3.232902083794275128e-01 3.190611998240153180e-01 2.998264551162718172e-01 3.004832512140272471e-01 3.911911129951476385e-01 3.614874184131623425e-01 4.157334494590758656e-01
1.023000000000000000e+05 3.213559898734094089e-01 3.176081180572509766e-01 2.978948712348938321e-01 2.982497969269753413e-01 3.899320352077484397e-01 3.596519064903260787e-01 4.157369500398636064e-01
1.024000000000000000e+05 3.249581352869665984e-01 3.211951951185866849e-01 2.997766315937039350e-01 3.013795101642612884e-01 3.918572413921357911e-01 3.615638589859010432e-01 4.175743734836579457e-01
1.025000000000000000e+05 3.235112006465596379e-01 3.227571447690327777e-01 3.025276213884353638e-01 3.022056296467778846e-01 3.910141140222549438e-01 3.619047626852989752e-01 4.193984518448511944e-01
1.026000000000000000e+05 3.255360943078990377e-01 3.229508996009826660e-01 3.020826816558839778e-01 3.029210615158077213e-01 3.898320317268375579e-01 3.607695168256758733e-01 4.164758408069604290e-01
1.027000000000000000e+05 3.071249296267830053e-01 3.058385650316869930e-01 2.872066885232922862e-01 2.864783781766896964e-01 3.736513549089430786e-01 3.459336805343629084e-01 4.040864505370455606e-01
1.028000000000000000e+05 3.146176354090382543e-01 3.121995925903307545e-01 2.908736944198597740e-01 2.913859371344255100e-01 3.838917577266686698e-01 3.533229947090142931e-01 4.072103404998776988e-01
1.029000000000000000e+05 3.332057222723960876e-01 3.259029537439346313e-01 3.068470507860182050e-01 3.075670510530470469e-01 3.980351215600966830e-01 3.660917454957962613e-01 4.172046422958376466e-01
1.030000000000000000e+05 3.076421638329827069e-01 3.067551851272573016e-01 2.863142788410186768e-01 2.867011060317353754e-01 3.769254028797155986e-01 3.471403270959870779e-01 4.067937850952146883e-01
1.031000000000000000e+05 3.099446522196138143e-01 3.075743367274597073e-01 2.851961374282839801e-01 2.859148258964219202e-01 3.796453607082370674e-01 3.476956951618200287e-01 4.062631537516912528e-01
1.032000000000000000e+05 3.178681313991553736e-01 3.149894773960113525e-01 2.941085100173956302e-01 2.948430728912354026e-01 3.878350257873534601e-01 3.562139058113100720e-01 4.137323987483980670e-01
1.033000000000000000e+05 3.233777852853139123e-01 3.189081648985538364e-01 2.979569196701051248e-01 2.985063817103706940e-01 3.906229716539386110e-01 3.580265015363692793e-01 4.155737316608428822e-01
1.034000000000000000e+05 3.097843656937275814e-01 3.074192802111309630e-01 2.866432249546053135e-01 2.859928808609644713e-01 3.787054765224458497e-01 3.476200729608536766e-01 4.085767324765520736e-01
1.035000000000000000e+05 3.160956352949136350e-01 3.109171688556671143e-01 2.895489037036895752e-01 2.903458371758466106e-01 3.861632108688360376e-01 3.519651427865024829e-01 4.085961580276490368e-01
1.036000000000000000e+05 3.153935980796812033e-01 3.074182669321687822e-01 2.882605552673344063e-01 2.896162172158561754e-01 3.808007955551144796e-01 3.479432177543650417e-01 4.046612222989401375e-01
1.037000000000000000e+05 2.986149367690092427e-01 2.950789680083593658e-01 2.744028836488723311e-01 2.742427046100301413e-01 3.673752272129058305e-01 3.362863308191299527e-01 3.950464324156443552e-01
1.038000000000000000e+05 3.127678811550134719e-01 3.055178523063659668e-01 2.845956623554220521e-01 2.857975685596463311e-01 3.807054567337033735e-01 3.467201477289205691e-01 3.981857538223267934e-01
1.039000000000000000e+05 3.134304956595100333e-01 3.043964207172384362e-01 2.855029433965685648e-01 2.864365330338480842e-01 3.791865140199667805e-01 3.459245401620861804e-01 3.981060739358266432e-01
1.040000000000000000e+05 2.905874292055773966e-01 2.856826980908714897e-01 2.645443081855773926e-01 2.656037867069249159e-01 3.599418640136713976e-01 3.280442476272583119e-01 3.852146069208771673e-01
1.041000000000000000e+05 3.049371770024291162e-01 2.968949973583221436e-01 2.750254154205328816e-01 2.766286188364039389e-01 3.739824074506759022e-01 3.385721054673189734e-01 3.917929542064670367e-01
1.042000000000000000e+05 3.179389937718708481e-01 3.082038164138794500e-01 2.890989959239959051e-01 2.903609510262805671e-01 3.852260589599609264e-01 3.509110563993453336e-01 4.022789847850798406e-01
1.043000000000000000e+05 3.116615913311635566e-01 3.021912326415384653e-01 2.836321353912354959e-01 2.842503725488977340e-01 3.797661811113361985e-01 3.462656939029699066e-01 3.996206720670065216e-01
1.044000000000000000e+05 3.114268720149991343e-01 3.030172288417816162e-01 2.828112900257107043e-01 2.837746322154995893e-01 3.812714838981632881e-01 3.470748913288122517e-01 4.014850711822510743e-01
1.045000000000000000e+05 3.216871480147045492e-01 3.123609522978465503e-01 2.932197004556655884e-01 2.947658429543177361e-01 3.899702668190003219e-01 3.557812929153443826e-01 4.069639553626377415e-01
1.046000000000000000e+05 3.205227235953014842e-01 3.108951350053155149e-01 2.918835937976838601e-01 2.933891785144810416e-01 3.886909615993500156e-01 3.548429638147353460e-01 4.080284408728281353e-01
1.047000000000000000e+05 3.128160500526429022e-01 3.051587343215942383e-01 2.858051866292953269e-01 2.860989904403686834e-01 3.837677496671677568e-01 3.502920007705688232e-01 4.052429896593094383e-01
1.048000000000000000e+05 3.218767682711286549e-01 3.124827941258752073e-01 2.930363774299615809e-01 2.941459087530766681e-01 3.910194993019109333e-01 3.563550055027006058e-01 4.097693876425423376e-01
1.049000000000000000e+05 3.246712472041445863e-01 3.147762517134349292e-01 2.959998130798340288e-01 2.970762549837430155e-01 3.931506508588790694e-01 3.595083558559418746e-01 4.118784461418788512e-01
1.050000000000000000e+05 3.234268128871917725e-01 3.140158951282501221e-01 2.948322296142578125e-01 2.963002771139144897e-01 3.935387730598449707e-01 3.595870435237884521e-01 4.140888750553131104e-01
1.051000000000000000e+05 3.298490144809087532e-01 3.201698114474614276e-01 3.013063102960586437e-01 3.023540743192036917e-01 3.990269362926483487e-01 3.646260273456573553e-01 4.180006152391432250e-01
1.052000000000000000e+05 3.282964154084524466e-01 3.189547061920166571e-01 3.005450665950774591e-01 3.012990709145862978e-01 3.971856081485747869e-01 3.638978850841522172e-01 4.170813369750976385e-01
1.053000000000000000e+05 3.302365747094154758e-01 3.215093016624450684e-01 3.025368124246596291e-01 3.036826777458190296e-01 3.995399504899980192e-01 3.659304475784301847e-01 4.192636984586715632e-01
1.054000000000000000e+05 3.319368992249164263e-01 3.214483161767320296e-01 3.031855285167696645e-01 3.046535575389859307e-01 3.995549976825712446e-01 3.657502609491349310e-01 4.190038867791494037e-01
1.055000000000000000e+05 3.201702957352005607e-01 3.099826474984492264e-01 2.917211949825286865e-01 2.919811055064204242e-01 3.898860543966293779e-01 3.562203317880632825e-01 4.132035394509632198e-01
1.056000000000000000e+05 3.224653863906861706e-01 3.129759132862091064e-01 2.926621019840238147e-01 2.936939048767092664e-01 3.927335572242734441e-01 3.574254167079921607e-01 4.137797868251799627e-01
1.057000000000000000e+05 3.266831963260967697e-01 3.170895526806514209e-01 2.979466587305069636e-01 2.988025280833243591e-01 3.964442479610443271e-01 3.617286351323127924e-01 4.162592470645904430e-01
1.058000000000000000e+05 3.287399125099181862e-01 3.191122512022653845e-01 3.001932859420775035e-01 3.012146562337876254e-01 3.974912023544311945e-01 3.636377102136612582e-01 4.180556913216909587e-01
1.059000000000000000e+05 3.298244801163673912e-01 3.202187865972518921e-01 3.016313254833221102e-01 3.025983071327209006e-01 3.984129220247268899e-01 3.647889882326126321e-01 4.189157885313034013e-01
1.060000000000000000e+05 3.308498024940491056e-01 3.210165103276570453e-01 3.025332987308502197e-01 3.033897240956624497e-01 3.991579115390778143e-01 3.653357505798339733e-01 4.196216364701588208e-01
1.061000000000000000e+05 3.291163872679075397e-01 3.188911974430085894e-01 3.008092910051344271e-01 3.015412970383961611e-01 3.972933357954022693e-01 3.633810156583787143e-01 4.172268944978713701e-01
1.062000000000000000e+05 3.231028699874876065e-01 3.127507865428924561e-01 2.944480121135709116e-01 2.951403099298475774e-01 3.925022661685943492e-01 3.580693501234056275e-01 4.136385095119477495e-01
1.063000000000000000e+05 3.230779454112052140e-01 3.123354415098825720e-01 2.927498131990433072e-01 2.938510203361511253e-01 3.923425555229186901e-01 3.568267825245857172e-01 4.129619085788726607e-01
1.064000000000000000e+05 3.175671497980754321e-01 3.072964747746782521e-01 2.884772300720213067e-01 2.885535319646198582e-01 3.883952939510346147e-01 3.527675330638886941e-01 4.103507053852081254e-01
1.065000000000000000e+05 3.197316765785221393e-01 3.099313527345657349e-01 2.895628362894058228e-01 2.904603868722910875e-01 3.907321482896801146e-01 3.546244874596598540e-01 4.118668496608731688e-01
1.066000000000000000e+05 3.272428025801979445e-01 3.172059853871666557e-01 2.976638972759244606e-01 2.981465307871500880e-01 3.976137733459474410e-01 3.620072239637375788e-01 4.189204720656075076e-01
1.067000000000000000e+05 3.352153911193211933e-01 3.256234377622599929e-01 3.060782849788666882e-01 3.066188819209738625e-01 4.047490388154986185e-01 3.698757839202880260e-01 4.258069696029027074e-01
1.068000000000000000e+05 3.406937003135683262e-01 3.307351171970367432e-01 3.121944844722745471e-01 3.125233149528503507e-01 4.095181667804718151e-01 3.751007568836211559e-01 4.302661395072934214e-01
1.069000000000000000e+05 3.396549165248871627e-01 3.293106158574421460e-01 3.114932179450989325e-01 3.118957607944805588e-01 4.094293844699860019e-01 3.750948661565781661e-01 4.314507365226745716e-01
1.070000000000000000e+05 3.377508044242858998e-01 3.271148701508839185e-01 3.090325295925140381e-01 3.096633533636729552e-01 4.083821475505829968e-01 3.732764780521392045e-01 4.307465215524037827e-01
1.071000000000000000e+05 3.380894452333451650e-01 3.275207430124282837e-01 3.088285028934479870e-01 3.092280369997024159e-01 4.088681060075759488e-01 3.735952785611154070e-01 4.314085245132444069e-01
1.072000000000000000e+05 3.421613578001655998e-01 3.321693738301598198e-01 3.131003618240360553e-01 3.132625420888263679e-01 4.134521567821504151e-01 3.777705812454225653e-01 4.359140582879385550e-01
1.073000000000000000e+05 3.497514850894611893e-01 3.404613087574636099e-01 3.221070259809492575e-01 3.220885796348258445e-01 4.206812512874602561e-01 3.855858099460602317e-01 4.420724833011625554e-01
1.074000000000000000e+05 3.585167229175565407e-01 3.487819433212280273e-01 3.311046421527863437e-01 3.315332251787183604e-01 4.274912416934967818e-01 3.937431883811950417e-01 4.496618533134457696e-01
1.075000000000000000e+05 3.526297459999723216e-01 3.414466381072991941e-01 3.250782489776611328e-01 3.253637850284571975e-01 4.223252832889556885e-01 3.882360085844998032e-01 4.451994548241295924e-01
1.076000000000000000e+05 3.413083187739053281e-01 3.306554853916165437e-01 3.125257134437563478e-01 3.123154064019522669e-01 4.134797430038453792e-01 3.775389981269837714e-01 4.379752941926322585e-01
1.077000000000000000e+05 3.409502309560778488e-01 3.301566690206527710e-01 3.111590832471847756e-01 3.110766685009003774e-01 4.130480295419693415e-01 3.763866513967512595e-01 4.354168230295181186e-01
1.078000000000000000e+05 3.439832651615142289e-01 3.330712417761486077e-01 3.145822346210478404e-01 3.146011592944464308e-01 4.152858603000640358e-01 3.790080606937407115e-01 4.368846841653188373e-01
1.079000000000000000e+05 3.444735999902088786e-01 3.331162929534913220e-01 3.150346696376801203e-01 3.153281449278195203e-01 4.150998908281325894e-01 3.791416886448859547e-01 4.363219557205836319e-01
1.080000000000000000e+05 3.398379385471348435e-01 3.278927206993103027e-01 3.094119131565093994e-01 3.094536125659949066e-01 4.106007277965540991e-01 3.737011194229126199e-01 4.332895338535308616e-01
1.081000000000000000e+05 3.268911575277647086e-01 3.156537016232807136e-01 2.963595807552336092e-01 2.968005251884459628e-01 4.007782799005506491e-01 3.630013602972032016e-01 4.266310367981592799e-01
1.082000000000000000e+05 3.301396244764331356e-01 3.186698754628501939e-01 2.978982508182529410e-01 2.983800854285557635e-01 4.031776261329650390e-01 3.640456974506375842e-01 4.256882349650064068e-01
1.083000000000000000e+05 3.321929049491881281e-01 3.199367374181747437e-01 3.003638923168182595e-01 3.003758335113525524e-01 4.048943006992340443e-01 3.663348641991615584e-01 4.280304706096649259e-01
1.084000000000000000e+05 3.332843144734700669e-01 3.215939005215964208e-01 3.015353798866273194e-01 3.016205294926963543e-01 4.062212550640105779e-01 3.676504850387574685e-01 4.299930568536122766e-01
1.085000000000000000e+05 3.375153894225759177e-01 3.262027502059933748e-01 3.060667663812637329e-01 3.061320672432581436e-01 4.101229876279833264e-01 3.717285320162774798e-01 4.334254533052442349e-01
1.086000000000000000e+05 3.410395783185958818e-01 3.289094269275665283e-01 3.093016982078552468e-01 3.100319629907606900e-01 4.127678406238555753e-01 3.748541307449340665e-01 4.363313579559326971e-01
1.087000000000000000e+05 3.411897848049800230e-01 3.297886252403263163e-01 3.100981175899506503e-01 3.098377133409180861e-01 4.154368412494660601e-01 3.765583691000937705e-01 4.393295725186665557e-01
1.088000000000000000e+05 3.476713581879934956e-01 3.358139495054882073e-01 3.164838075637814163e-01 3.161199605464936058e-01 4.209294462203977405e-01 3.823542344570158846e-01 4.447387647628783802e-01
1.089000000000000000e+05 3.494368705153464982e-01 3.374446034431457520e-01 3.184316962957381980e-01 3.184108379483222562e-01 4.229242312908171875e-01 3.847719654440878712e-01 4.485034096240999024e-01
1.090000000000000000e+05 3.550293743610384301e-01 3.446871538956965408e-01 3.249354958534240723e-01 3.246029337247218205e-01 4.287431657314302869e-01 3.905601620674126750e-01 4.543667693932849638e-01
1.091000000000000000e+05 3.643178815642991175e-01 3.536701401074724971e-01 3.358856022357941118e-01 3.350116534034409677e-01 4.357369703054427834e-01 3.994169065356253934e-01 4.594602322578430487e-01
1.092000000000000000e+05 3.619299793243409558e-01 3.500147163867950439e-01 3.330450594425195532e-01 3.325735735893246559e-01 4.334173703193665017e-01 3.972366690635678599e-01 4.578242719173430397e-01
1.093000000000000000e+05 3.519073824087777802e-01 3.402667889992394556e-01 3.226823747158051869e-01 3.221804424126942235e-01 4.254359769821170478e-01 3.881384655833244324e-01 4.523859892288845108e-01
1.094000000000000000e+05 3.530569849411649419e-01 3.413021961847941821e-01 3.222772419452668569e-01 3.219741113980612579e-01 4.261053109169003483e-01 3.880245864391326793e-01 4.508180852731069055e-01
1.095000000000000000e+05 3.533427357673645242e-01 3.407031595706939697e-01 3.225672841072082520e-01 3.222465604543686690e-01 4.259490191936492476e-01 3.876881659030915750e-01 4.499323666095733087e-01
1.096000000000000000e+05 3.484061817328132915e-01 3.354745308558142458e-01 3.174525976181032383e-01 3.171515095233916059e-01 4.211166441440583053e-01 3.832168328762057818e-01 4.458642613887788264e-01
1.097000000000000000e+05 3.449062507351238760e-01 3.324220081170399799e-01 3.130949705839157216e-01 3.124484171470005567e-01 4.181667023897171487e-01 3.790358111262321361e-01 4.435937871535618471e-01
1.098000000000000000e+05 3.430898827314377009e-01 3.301598727703094482e-01 3.112587988376619430e-01 3.109852939844131026e-01 4.164695763587949462e-01 3.771378213167188576e-01 4.409770011901855136e-01
1.099000000000000000e+05 3.397416802247363865e-01 3.265824119249978175e-01 3.074582606554032149e-01 3.070887309312819169e-01 4.131081736087798273e-01 3.734183365106581998e-01 4.379834278424580840e-01
1.100000000000000000e+05 3.376848399639130749e-01 3.252486089865367913e-01 3.054852187633514404e-01 3.052356243133544922e-01 4.111264348030090332e-01 3.713370859622955322e-01 4.362302223841348914e-01
1.101000000000000000e+05 3.393353918194770835e-01 3.262568861246109009e-01 3.071567654609679843e-01 3.065924209356307717e-01 4.120069366693496771e-01 3.723975765705108687e-01 4.355492347478866488e-01
1.102000000000000000e+05 3.380575720469155554e-01 3.248804012934365937e-01 3.055482983589171142e-01 3.052012278636296871e-01 4.107422459125520398e-01 3.710027611255646285e-01 4.346834619839985980e-01
1.103000000000000000e+05 3.347785586118700030e-01 3.209474434455238390e-01 3.017807841300965688e-01 3.015185299515725781e-01 4.072415101528165104e-01 3.675022891163829408e-01 4.318201031287508540e-01
1.104000000000000000e+05 3.271301782131194602e-01 3.138186335563659668e-01 2.941040396690366987e-01 2.938579225540162154e-01 4.005008530616759321e-01 3.600019586086279366e-01 4.257914030551910867e-01
1.105000000000000000e+05 3.215909113486604687e-01 3.089842498302458051e-01 2.885871380567550659e-01 2.883627270658808417e-01 3.945559859275818426e-01 3.541976496577260991e-01 4.218186597029366380e-01
1.106000000000000000e+05 3.190754930178325566e-01 3.073002994060517468e-01 2.862356722354889027e-01 2.855694198608398904e-01 3.921328651905058305e-01 3.514852666854857977e-01 4.191745134194692635e-01
1.107000000000000000e+05 3.230785840749741400e-01 3.104701787233352661e-01 2.894091755151749212e-01 2.892370188236237372e-01 3.958174479007720015e-01 3.547091820836066889e-01 4.206420379877090499e-01
1.108000000000000000e+05 3.229733010133108428e-01 3.097504079341887873e-01 2.895497679710389294e-01 2.889772514502207956e-01 3.954311442375182950e-01 3.545831358432770530e-01 4.209359590212504165e-01
1.109000000000000000e+05 3.206291819612185900e-01 3.079472134510676806e-01 2.876828640699387041e-01 2.871275698145230870e-01 3.936955028772354259e-01 3.529493063688278753e-01 4.201522394021351969e-01
1.110000000000000000e+05 3.241731554269792759e-01 3.115816116333007812e-01 2.903683483600616455e-01 2.899602711200717775e-01 3.976278603076932594e-01 3.561560302972796577e-01 4.233745574951172097e-01
1.111000000000000000e+05 3.299517019589746081e-01 3.164577086766563463e-01 2.959055215120316995e-01 2.954673171043397106e-01 4.032529550790789341e-01 3.617113861441613731e-01 4.279865982135139246e-01
1.112000000000000000e+05 3.344034508864084376e-01 3.209006786346436657e-01 3.005098223686220038e-01 2.999743211269376708e-01 4.074426245689392601e-01 3.664087033271791194e-01 4.319406716028850179e-01
1.113000000000000000e+05 3.339553797245023437e-01 3.194450885057449341e-01 3.000320613384250268e-01 2.994880649447440035e-01 4.065818178653717863e-01 3.657560461759566950e-01 4.323607212305068392e-01
1.114000000000000000e+05 3.296721533934275361e-01 3.172945578893027752e-01 2.963822185993195135e-01 2.958446824550628462e-01 4.044833123683928555e-01 3.629535192251205356e-01 4.319991377989452763e-01
1.115000000000000000e+05 3.352367714047431724e-01 3.211209575335184363e-01 3.003563880920410156e-01 2.997686371207237133e-01 4.085889875888824574e-01 3.665471062064170060e-01 4.351877421140670776e-01
1.116000000000000000e+05 3.353779351711277945e-01 3.232727646827697754e-01 3.024213552474973588e-01 3.015051364898684860e-01 4.099537420272828525e-01 3.682954657077787131e-01 4.378818285465242433e-01
1.117000000000000000e+05 3.408847845594086268e-01 3.283043354749676235e-01 3.077177733182906993e-01 3.074577001730600667e-01 4.130429106950758156e-01 3.718855988979339888e-01 4.394656068086623124e-01
1.118000000000000000e+05 3.323775263627369858e-01 3.183211783568057895e-01 2.984103143215187104e-01 2.980879054466895051e-01 4.057890701293944691e-01 3.640888196229929985e-01 4.339883891741435074e-01
1.119000000000000000e+05 3.195603141188615437e-01 3.064170777797698975e-01 2.850056290626529210e-01 2.845108774304391241e-01 3.945381200313570758e-01 3.515392869710919355e-01 4.235710364580150822e-01
1.120000000000000000e+05 3.160388092199959975e-01 3.044898112614952135e-01 2.804495692253112793e-01 2.801142911116283885e-01 3.929937422275537884e-01 3.484235882759094127e-01 4.231290717919669042e-01
1.121000000000000000e+05 3.286014446616174478e-01 3.162118444840107401e-01 2.930636733770374258e-01 2.921138314406074299e-01 4.046553295850753296e-01 3.602273425459858736e-01 4.320775407552719938e-01
1.122000000000000000e+05 3.406767445802696415e-01 3.286295831203460693e-01 3.065486073493965402e-01 3.054490125179297744e-01 4.150898647308351452e-01 3.724495810270304075e-01 4.429966127872475012e-01
1.123000000000000000e+05 3.511930561065677026e-01 3.386450111865998980e-01 3.181540042161938309e-01 3.169607013463972001e-01 4.225349199771880615e-01 3.825582948327068133e-01 4.505710575977962540e-01
1.124000000000000000e+05 3.524202891190846287e-01 3.385270734628038070e-01 3.186218380928038107e-01 3.177411484718321022e-01 4.233520758152006236e-01 3.836486983299254860e-01 4.498761383692421179e-01
1.125000000000000000e+05 3.372104763984689613e-01 3.215466588735580444e-01 3.036101311445236206e-01 3.025928512215614319e-01 4.097018390893936157e-01 3.694148212671279907e-01 4.396149665117263794e-01
1.126000000000000000e+05 3.231127011775970503e-01 3.134386936823532199e-01 2.908408820629118652e-01 2.889039822419484094e-01 4.015285491943355600e-01 3.579009658098221136e-01 4.337142054239910283e-01
1.127000000000000000e+05 3.455023629466694723e-01 3.322637627522143089e-01 3.089387714862826262e-01 3.090085706114758524e-01 4.182440197467804932e-01 3.742629551887510786e-01 4.432762295007704467e-01
1.128000000000000000e+05 3.399669766426070550e-01 3.252148330211639404e-01 3.065474212169655432e-01 3.055468630790706963e-01 4.130730295181277989e-01 3.714512968063358178e-01 4.429454076290129660e-01
1.129000000000000000e+05 3.370390937725700753e-01 3.261455943187084872e-01 3.037468224763867908e-01 3.024508705735198255e-01 4.136116564273835117e-01 3.697609671950334853e-01 4.428246539831162121e-01
1.130000000000000000e+05 3.494079222281775698e-01 3.361233870188396478e-01 3.160300552845001221e-01 3.144475758075714888e-01 4.226523935794832543e-01 3.801873326301570266e-01 4.502161920070647527e-01
1.131000000000000000e+05 3.490813741087915867e-01 3.336287140846252441e-01 3.152202963829036642e-01 3.137893727421757206e-01 4.205807739496228992e-01 3.790613204240802503e-01 4.476761555671688320e-01
1.132000000000000000e+05 3.274199970563254070e-01 3.130404551823922632e-01 2.949732661247240206e-01 2.940563559532163862e-01 4.009747874736787066e-01 3.601039850711815204e-01 4.324994802474975142e-01
1.133000000000000000e+05 3.215108068784088280e-01 3.119439582029971958e-01 2.880264520645131610e-01 2.869901774326970578e-01 3.985278636217111647e-01 3.546603605151177341e-01 4.305696483453114176e-01
1.134000000000000000e+05 3.419291621446614582e-01 3.300037086009979248e-01 3.066976845264438589e-01 3.053324747085570667e-01 4.140413916110989856e-01 3.708059602975843361e-01 4.400835835933681328e-01
1.135000000000000000e+05 3.339140683412550881e-01 3.196488320827473584e-01 3.012253195047378540e-01 3.000047306219745247e-01 4.047675043344488577e-01 3.650847926735885096e-01 4.363875816265742613e-01
1.136000000000000000e+05 3.180510993798570940e-01 3.070719440778097997e-01 2.847529411315919412e-01 2.833307313919068426e-01 3.937068009376525346e-01 3.509104359149936014e-01 4.286995553970338602e-01
1.137000000000000000e+05 3.278130078315729112e-01 3.162729889154434204e-01 2.940878093242647595e-01 2.933360794186601894e-01 4.027399712800981968e-01 3.587312057614328031e-01 4.333972603082654751e-01
1.138000000000000000e+05 3.316809648275374500e-01 3.174180885155993281e-01 2.977363884449008014e-01 2.967221113046011327e-01 4.065437316894533470e-01 3.627356261014938466e-01 4.367715525627136053e-01
1.139000000000000000e+05 3.360342809557926302e-01 3.248873253663373539e-01 3.013964921236034766e-01 2.997658974925684894e-01 4.110816967487329054e-01 3.671616300940516719e-01 4.415723530451451939e-01
1.140000000000000000e+05 3.468367457389831543e-01 3.328450024127960205e-01 3.124599754810333252e-01 3.106361389160156583e-01 4.182608664035797341e-01 3.752086520195007102e-01 4.452617645263671764e-01
1.141000000000000000e+05 3.338880549867941916e-01 3.191433151562997894e-01 3.002711534500114299e-01 2.987829677263896810e-01 4.043068248033523937e-01 3.624168679118161540e-01 4.357707468668622908e-01
1.142000000000000000e+05 3.172438540061315315e-01 3.084214528401697519e-01 2.840538203716282961e-01 2.829781426986057169e-01 3.930338013172149370e-01 3.490571624040602061e-01 4.288974308967584692e-01
1.143000000000000000e+05 3.365493074059481837e-01 3.235171288251876831e-01 2.992180615663519450e-01 2.975485834479337233e-01 4.098996120691291156e-01 3.638469061255443782e-01 4.381124806404115835e-01
1.144000000000000000e+05 3.421310448646544544e-01 3.272413313388823353e-01 3.063710510730743297e-01 3.045150446891785045e-01 4.128513193130494696e-01 3.709073877334594926e-01 4.426431425412495346e-01
1.145000000000000000e+05 3.385344639420506119e-01 3.235695014397305114e-01 3.039243370294570923e-01 3.023047169049580263e-01 4.095662117004394420e-01 3.687747180461882213e-01 4.408691565195720918e-01
1.146000000000000000e+05 3.294132292270661733e-01 3.151624500751495361e-01 2.966510236263278366e-01 2.949998033046725143e-01 4.038496553897858998e-01 3.617527788877485939e-01 4.357164573669433105e-01
1.147000000000000000e+05 3.243885136644045208e-01 3.116729259490968462e-01 2.902583837509155051e-01 2.885459613800048229e-01 4.004265934228897761e-01 3.560319375991821134e-01 4.331193812688191036e-01
1.148000000000000000e+05 3.313162700335178790e-01 3.181753456592563700e-01 2.946582376956934923e-01 2.930578958988195870e-01 4.074783039093023973e-01 3.611479985713956231e-01 4.373736441135405717e-01
1.149000000000000000e+05 3.391915619373321311e-01 3.233395516872406006e-01 3.020443528890607854e-01 3.003103029727935969e-01 4.145982331037523227e-01 3.684724512696263554e-01 4.420951801538467452e-01
1.150000000000000000e+05 3.413859854141871875e-01 3.251958092053731098e-01 3.044666945934295654e-01 3.026503076155979688e-01 4.172887504100799561e-01 3.714744895696640015e-01 4.440614680449168072e-01
1.151000000000000000e+05 3.412727978825567665e-01 3.240160395701727203e-01 3.035984158515928621e-01 3.022300155957540202e-01 4.163185667991640138e-01 3.705607131123543341e-01 4.412376316388447739e-01
1.152000000000000000e+05 3.321676003932951815e-01 3.138925433158874512e-01 2.951479792594901008e-01 2.937962985038755637e-01 4.059594321250928339e-01 3.604589927196497623e-01 4.322497940063477206e-01
1.153000000000000000e+05 3.109257539113352564e-01 2.989878654479984355e-01 2.819799870252610585e-01 2.802113783359528321e-01 3.896701031923298086e-01 3.441043144464492332e-01 4.240820441643393113e-01
1.154000000000000000e+05 3.297469786802914582e-01 3.185135324796052880e-01 2.961945593357093731e-01 2.940035905440663289e-01 4.092067062854770620e-01 3.588549506664271971e-01 4.364644527435309063e-01
1.155000000000000000e+05 3.516488000750542797e-01 3.360344171524047852e-01 3.152697533369064331e-01 3.129234924912450144e-01 4.266385704278944924e-01 3.800973832607265068e-01 4.518500328063962956e-01
1.156000000000000000e+05 3.576359510421753818e-01 3.410407602787018377e-01 3.224342346191405584e-01 3.202545189857484709e-01 4.325178921222685990e-01 3.870839154720304709e-01 4.589474769433338208e-01
1.157000000000000000e+05 3.579633407791454336e-01 3.407914092143377593e-01 3.221452146768569724e-01 3.197637456655502697e-01 4.327609342336656839e-01 3.879085645079612399e-01 4.601638485987981086e-01
1.158000000000000000e+05 3.526584535837171130e-01 3.344331383705139160e-01 3.149962842464453794e-01 3.132263356447216318e-01 4.271721220016477805e-01 3.814421659708017720e-01 4.541633093357088091e-01
1.159000000000000000e+05 3.410158224900566304e-01 3.256782690684003057e-01 3.028977513313296233e-01 2.997029958168663799e-01 4.173014366626739413e-01 3.698622921109198658e-01 4.495805648962656331e-01
1.160000000000000000e+05 3.497181355953213333e-01 3.370547990004229555e-01 3.151298165321350098e-01 3.122406264146175281e-01 4.247899413108822131e-01 3.780183494091033936e-01 4.553392926851910216e-01
1.161000000000000000e+05 3.633300366997719300e-01 3.485182374715805054e-01 3.322385787963867965e-01 3.288564285635945939e-01 4.347995769977571201e-01 3.916052252054212923e-01 4.632080078124998779e-01
1.162000000000000000e+05 3.632079776128130377e-01 3.474490642547605757e-01 3.316985309123989811e-01 3.288029390573500299e-01 4.352300941944122203e-01 3.933492016792298762e-01 4.644233584403991144e-01
1.163000000000000000e+05 3.594881475965182593e-01 3.425164421399436443e-01 3.261548727750781529e-01 3.236242999633152095e-01 4.355554080009459983e-01 3.903101533651351929e-01 4.633693403005599842e-01
1.164000000000000000e+05 3.592596817016601718e-01 3.408527970314025879e-01 3.214980959892271839e-01 3.198798894882201593e-01 4.352505350112915727e-01 3.891451823711395974e-01 4.624029874801638407e-01
1.165000000000000000e+05 3.514388988415407256e-01 3.312168667713792369e-01 3.118516802787780762e-01 3.101462095975872080e-01 4.233625739812860722e-01 3.792662084102622622e-01 4.536112447579695450e-01
1.166000000000000000e+05 3.301894396543503252e-01 3.173634906609852924e-01 2.953822672367099056e-01 2.931200742721556951e-01 4.030598783493041237e-01 3.597739958763121471e-01 4.418056186040242306e-01
1.167000000000000000e+05 3.365308827161790362e-01 3.226238638162612915e-01 2.967252194881440652e-01 2.944254776835437681e-01 4.097606468200686303e-01 3.622422975301741732e-01 4.426367229223250321e-01
1.168000000000000000e+05 3.341918547948198870e-01 3.196033636728919380e-01 2.993211567401887208e-01 2.981624794006347834e-01 4.082424604892730402e-01 3.659102630615236329e-01 4.417085866133370620e-01
1.169000000000000000e+05 3.277850206693012636e-01 3.121103147665663657e-01 2.852294474840170180e-01 2.846610068281473227e-01 4.007371872663501589e-01 3.496345198154464651e-01 4.256427480777106309e-01
1.170000000000000000e+05 3.084893554449067432e-01 2.992914617061614990e-01 2.583120167255401611e-01 2.567341789603236335e-01 3.783154845237750030e-01 3.216755062341684068e-01 3.963296473026275413e-01
1.171000000000000000e+05 2.689749850829459832e-01 2.721723020076733945e-01 2.363626420497883796e-01 2.360414926707727068e-01 3.403013700246813045e-01 2.963150802254673200e-01 3.679186830917983708e-01
1.172000000000000000e+05 2.445705302556352434e-01 2.406057119369497399e-01 1.982488036155685140e-01 1.972545262177792247e-01 3.094976258277886694e-01 2.480198782682408454e-01 3.402327207724257230e-01
1.173000000000000000e+05 2.243301211297500930e-01 2.275076135993003845e-01 1.852844223380088751e-01 1.838422964513301838e-01 2.835333228111269199e-01 2.305454944074153689e-01 3.205538469552987602e-01
1.174000000000000000e+05 2.070996310313537869e-01 2.190998991330462276e-01 1.855224072933194523e-01 1.866575896739959550e-01 2.475073730945569483e-01 2.306400796771050088e-01 2.832878239949523924e-01
1.175000000000000000e+05 1.782505462566992827e-01 1.912330240011241855e-01 1.362917274236679077e-01 1.429249476641381855e-01 1.323907226324081421e-01 2.054298222064995239e-01 1.772410571575200877e-01
1.176000000000000000e+05 4.385027498007137980e-02 7.223078608512878418e-02 4.108987599611469560e-02 4.321751877665810926e-02 2.920296743512258361e-02 1.193223446607652866e-01 5.505496457218871098e-02
1.177000000000000000e+05 2.391774897774049530e-02 3.612083507080984801e-02 2.040059305727486352e-02 1.960004949942222713e-02 3.606658507138525011e-02 4.173460707068552683e-02 3.234320277969036234e-02
1.178000000000000000e+05 4.402316751579353482e-02 4.139897723992567308e-02 3.977394290268276844e-02 4.250513659169171538e-02 5.471591830253654670e-02 4.604300230741389943e-02 5.308297067880581727e-02
1.179000000000000000e+05 4.037209521979422816e-02 4.575617797672748566e-02 4.448820464313023304e-02 4.497628185898061570e-02 5.557445093989396567e-02 5.632751092314766672e-02 7.552256613969941801e-02
1.180000000000000000e+05 7.140852808952317943e-02 6.894773493210530624e-02 6.129416078329086304e-02 6.272082279125905380e-02 8.994491100311384491e-02 7.765618860721587580e-02 9.636376301447566184e-02
1.181000000000000000e+05 7.092247051497264920e-02 6.632724528511406425e-02 6.188389472663372720e-02 6.376167353242626068e-02 8.859394714236329404e-02 7.870759665966063634e-02 9.566746294498433556e-02
1.182000000000000000e+05 5.801325432956268291e-02 5.179920047521591187e-02 4.878594204783390231e-02 5.008221007883614101e-02 7.273149043321620877e-02 6.146939523518125947e-02 8.041559815406726375e-02
1.183000000000000000e+05 5.199611888577541224e-02 4.916477824250867212e-02 4.542288556694978885e-02 4.670310181876023703e-02 6.642309397459031373e-02 5.803515449166285478e-02 7.450858627756436203e-02
1.184000000000000000e+05 5.454332381486906578e-02 5.194379513462393794e-02 4.705618172883982431e-02 4.846522932251295240e-02 6.930013328790655958e-02 6.075775057077414248e-02 7.527458329995471986e-02
1.185000000000000000e+05 5.301330927759348444e-02 4.793754406273365021e-02 4.519304446876049042e-02 4.713677708059554189e-02 6.534385979175515169e-02 5.870165955275254144e-02 7.067070677876428897e-02
1.186000000000000000e+05 4.223611911137899189e-02 4.157069325447099867e-02 3.829549849033361819e-02 3.914776864151140595e-02 5.497301310300826277e-02 4.897741205990321228e-02 6.422276407480237426e-02
1.187000000000000000e+05 5.048510665694914273e-02 4.812349999944347256e-02 4.311404973268517099e-02 4.462167451779037314e-02 6.409317791461929814e-02 5.561990156769749949e-02 6.906157324711492684e-02
1.188000000000000000e+05 5.053563892841349964e-02 4.646534100174903870e-02 4.290671572089217040e-02 4.483319416642174426e-02 6.269493967294727244e-02 5.541692227125190329e-02 6.735598713159531015e-02
1.189000000000000000e+05 3.915705014020203628e-02 3.765757692356925396e-02 3.555632904171966702e-02 3.653328961382325268e-02 5.064025945961533187e-02 4.640650548040872736e-02 6.050338342785840234e-02
1.190000000000000000e+05 4.765616667767436088e-02 4.638728623588915523e-02 4.067681729793548584e-02 4.210085533559351084e-02 6.140029579401062865e-02 5.244019329547826291e-02 6.772640099128167390e-02
1.191000000000000000e+05 5.355053585022707952e-02 5.092716030776500702e-02 4.579519666731364513e-02 4.715882748365393673e-02 6.830853193998336070e-02 5.906630706042020895e-02 7.494624122977271152e-02
1.192000000000000000e+05 5.694178362687434686e-02 5.340023214618367514e-02 4.794474765658376242e-02 4.964189524451893126e-02 7.207637280225751009e-02 6.238289728760715303e-02 7.632839212814963858e-02
1.193000000000000000e+05 5.142705108970447442e-02 4.553183726966446992e-02 4.341676458716458437e-02 4.553137615323117615e-02 6.278851658105925881e-02 5.664791472256171939e-02 6.630117798844865906e-02
1.194000000000000000e+05 3.643948242068310861e-02 3.337153792381286621e-02 3.239938616752646022e-02 3.400827199220637226e-02 4.567975178361044497e-02 4.209681428968917866e-02 5.216687843203525465e-02
1.195000000000000000e+05 3.163339880605536836e-02 2.995734754949806386e-02 2.789966389536857605e-02 2.949089342728253987e-02 4.014948271214957565e-02 3.632439598441128403e-02 4.548988603055462848e-02
1.196000000000000000e+05 3.123198240995398237e-02 2.938195876777166538e-02 2.711654417216779675e-02 2.871679790318010933e-02 3.939057588577271618e-02 3.530774757266053748e-02 4.306469316283845911e-02
1.197000000000000000e+05 2.926488934084775853e-02 2.702773176133632660e-02 2.538847886025901585e-02 2.718562304973615867e-02 3.639465913176552492e-02 3.299788931384650681e-02 3.878808483481401004e-02
1.198000000000000000e+05 2.248038611064306219e-02 1.964263555904178365e-02 2.012282907962842024e-02 2.193752883623037095e-02 2.676526576280512451e-02 2.581774633377744224e-02 3.084331221878483173e-02
1.199000000000000000e+05 1.382760967127989044e-02 1.661876573537762400e-02 1.563563998788594991e-02 1.568215756677106276e-02 1.769060228019942935e-02 1.845788590610060453e-02 3.468082423011610571e-02
