9.000000000000000000e+04 4.260480031371116638e-02 4.065461084246635437e-02 3.962470963597297668e-02 4.959294572472572327e-02 6.195892766118049622e-02
9.010000000000000000e+04 4.186703632275264736e-02 3.952378649264577659e-02 3.783356698850780936e-02 4.845185374220216390e-02 6.271545775234696474e-02
9.020000000000000000e+04 4.223872517546016503e-02 3.945394083857543116e-02 3.677727652092784710e-02 4.837418829401335385e-02 6.343946640690169281e-02
9.030000000000000000e+04 4.472940772771829415e-02 4.223133251070965849e-02 4.033683203160750436e-02 5.104349374771117998e-02 6.446009643375873177e-02
9.040000000000000000e+04 4.745961825052894684e-02 4.534313529729842862e-02 4.434963231285417307e-02 5.440602252880735734e-02 6.539512405792874405e-02
9.050000000000000000e+04 4.865064000089964341e-02 4.663274995982646942e-02 4.597710513820254391e-02 5.577428812781971834e-02 6.607458665966986500e-02
9.060000000000000000e+04 4.876179106533527763e-02 4.652676582336427724e-02 4.545137532055381485e-02 5.580273464322089982e-02 6.653501838445663452e-02
9.070000000000000000e+04 4.936754277596877571e-02 4.712642673403028004e-02 4.565087011704840186e-02 5.642065823078149661e-02 6.679110522071519951e-02
9.080000000000000000e+04 5.061961119373638990e-02 4.838353991508479585e-02 4.690717279911044840e-02 5.764723340670271229e-02 6.692248831192652847e-02
9.090000000000000000e+04 5.196277022361760894e-02 4.979598373174662362e-02 4.841441459953785276e-02 5.910362273454666110e-02 6.684397786855697521e-02
9.100000000000000000e+04 5.319796937207377230e-02 5.115229822695255280e-02 4.993441626429551139e-02 6.059527123967810985e-02 6.675744404395422826e-02
9.110000000000000000e+04 5.439058429251111826e-02 5.241372622549538701e-02 5.127488923569519658e-02 6.189458782474194926e-02 6.648675826688606183e-02
9.120000000000000000e+04 5.544313296675678487e-02 5.354108437895777756e-02 5.239608287811282905e-02 6.301381111145019920e-02 6.596002280712127963e-02
9.130000000000000000e+04 5.626664763937395258e-02 5.446623172610995378e-02 5.344901910672590628e-02 6.399758438269294303e-02 6.523079171776768881e-02
9.140000000000000000e+04 5.692742345233756107e-02 5.519056208431724619e-02 5.423744432628152534e-02 6.479505618413292090e-02 6.462083165844283161e-02
9.150000000000000000e+04 5.750102438032628216e-02 5.579757411032915115e-02 5.487692337483168065e-02 6.532314866781234464e-02 6.407781541347504217e-02
9.160000000000000000e+04 5.784338717659314594e-02 5.615822821855544905e-02 5.539564609527589806e-02 6.570849527915320620e-02 6.379198720057804861e-02
9.170000000000000000e+04 5.795715279877185905e-02 5.631344579160213470e-02 5.564025258024533210e-02 6.594124356905618767e-02 6.373087565104167129e-02
9.180000000000000000e+04 5.771073155105112262e-02 5.605843923985959210e-02 5.536102883517743378e-02 6.573115944862366333e-02 6.372326269745826055e-02
9.190000000000000000e+04 5.678819056600330206e-02 5.501904226839537948e-02 5.430753222356237558e-02 6.480298459529879040e-02 6.363700337707996202e-02
9.200000000000000000e+04 5.562562917669620910e-02 5.356074869632720947e-02 5.253414784868556259e-02 6.337675948937726567e-02 6.350215673446654718e-02
9.210000000000000000e+04 5.550451405346393946e-02 5.354819335043428663e-02 5.236296702176328199e-02 6.279177248477935125e-02 6.348457306623458973e-02
9.220000000000000000e+04 5.575016515950362295e-02 5.398138500750065266e-02 5.312752470374106778e-02 6.276967157920201879e-02 6.357344930370649461e-02
9.230000000000000000e+04 5.559662174433469689e-02 5.397622194141150215e-02 5.323092887798944184e-02 6.262297103802362541e-02 6.377707496285438260e-02
9.240000000000000000e+04 5.506745487451553817e-02 5.345755591988563676e-02 5.276178687810900020e-02 6.222473412752151795e-02 6.405492454767226784e-02
9.250000000000000000e+04 5.439495698859294487e-02 5.279660131782293320e-02 5.200001845757169783e-02 6.159783651431401802e-02 6.435573349396388199e-02
9.260000000000000000e+04 5.383466752866902100e-02 5.221288166940215442e-02 5.121310206751028549e-02 6.101503287752466781e-02 6.463244309027987855e-02
9.270000000000000000e+04 5.351737696677446449e-02 5.181454680860041878e-02 5.080272085964680079e-02 6.078585907816886486e-02 6.496615231037139448e-02
9.280000000000000000e+04 5.338861058155695838e-02 5.171219483017921309e-02 5.080630784233411412e-02 6.074973608056703778e-02 6.536085446675617139e-02
9.290000000000000000e+04 5.343532480299472559e-02 5.180108472704886974e-02 5.083910847703615454e-02 6.079451287786166030e-02 6.578826611240706779e-02
9.300000000000000000e+04 5.357596725225447637e-02 5.195826664566993713e-02 5.101964026689529558e-02 6.096979007124900957e-02 6.619505137205122791e-02
9.310000000000000000e+04 5.377761085828144938e-02 5.218830965459345106e-02 5.136075476805371243e-02 6.129771605134010787e-02 6.651840669413405793e-02
9.320000000000000000e+04 5.412426501512527383e-02 5.253350064158439359e-02 5.181340629855788610e-02 6.165707742174468542e-02 6.683917472759882961e-02
9.330000000000000000e+04 5.453972466289996185e-02 5.293101798743008596e-02 5.240546539425849221e-02 6.203303977847100109e-02 6.732565261423588410e-02
9.340000000000000000e+04 5.486191863814990355e-02 5.335361734032631476e-02 5.287563818196456406e-02 6.231726641456284549e-02 6.791946187615395536e-02
9.350000000000000000e+04 5.477447590480248596e-02 5.334505811333656311e-02 5.289307975520690652e-02 6.246758997440338135e-02 6.839300493399300129e-02
9.360000000000000000e+04 5.449698358774184709e-02 5.314161702990531644e-02 5.258477643132211665e-02 6.246645987033844216e-02 6.872819930315017534e-02
9.370000000000000000e+04 5.444463029503822382e-02 5.314306262880563736e-02 5.237192629526058602e-02 6.256380389134089115e-02 6.894923463463782654e-02
9.380000000000000000e+04 5.482831274469695398e-02 5.340143665671347878e-02 5.255022910734018921e-02 6.283872832854588142e-02 6.910109023253123428e-02
9.390000000000000000e+04 5.532981034368274903e-02 5.377996303141118623e-02 5.304480250924822199e-02 6.318431764841080100e-02 6.942871324717998782e-02
9.400000000000000000e+04 5.575370068351427622e-02 5.418612435460090637e-02 5.358535970250764141e-02 6.351624627908070142e-02 6.962607602278392260e-02
9.410000000000000000e+04 5.603718144198257395e-02 5.441072396934032440e-02 5.385873871544996638e-02 6.381616095701854452e-02 6.956190650661786545e-02
9.420000000000000000e+04 5.629402458667756570e-02 5.458987466990949250e-02 5.381329223513603432e-02 6.396835088729857510e-02 6.923027366399764349e-02
9.430000000000000000e+04 5.691542948285735481e-02 5.528002940118309505e-02 5.430394570032753832e-02 6.456263959407801400e-02 6.870891494055587911e-02
9.440000000000000000e+04 5.801352257529896611e-02 5.656537711620331088e-02 5.558208430806793610e-02 6.565631786982216445e-02 6.814320335785549465e-02
9.450000000000000000e+04 5.913345739245415289e-02 5.779001396149396896e-02 5.712063927203418767e-02 6.700839102268218994e-02 6.757106296718121130e-02
9.460000000000000000e+04 5.971411528686682707e-02 5.845050886273381319e-02 5.794186013440292410e-02 6.801465511322020430e-02 6.699675083160401556e-02
9.470000000000000000e+04 5.988915031154951052e-02 5.872612036764622567e-02 5.825256551305452168e-02 6.849917203187944059e-02 6.643062211573121101e-02
9.480000000000000000e+04 5.996561288833618386e-02 5.887039229273795943e-02 5.835689529776573459e-02 6.866322517395019587e-02 6.589872926473616666e-02
9.490000000000000000e+04 6.003648492197194431e-02 5.884600225836037618e-02 5.839835165689388763e-02 6.848396499951682481e-02 6.558091240624587537e-02
9.500000000000000000e+04 5.983537932236989570e-02 5.865906178951263428e-02 5.830383921662966873e-02 6.806733955939610337e-02 6.557326267162959244e-02
9.510000000000000000e+04 5.935647249221803756e-02 5.826005898416045103e-02 5.794396787881852390e-02 6.736079543828964178e-02 6.578366287052631045e-02
9.520000000000000000e+04 5.849236860871315918e-02 5.746384263038635531e-02 5.694616258144377663e-02 6.631788969039915937e-02 6.595019718011220500e-02
9.530000000000000000e+04 5.722476840019225658e-02 5.608494896441702099e-02 5.546297075847776703e-02 6.496442258357994215e-02 6.608389730254808636e-02
9.540000000000000000e+04 5.608250804245473037e-02 5.478630140423771527e-02 5.404360957443712227e-02 6.371281564235685424e-02 6.632360041141510676e-02
9.550000000000000000e+04 5.557307011137404412e-02 5.433675367385149002e-02 5.349744725972414156e-02 6.305144180854162228e-02 6.665493274728456763e-02
9.560000000000000000e+04 5.554059381286303304e-02 5.427676811814308167e-02 5.342883348464965571e-02 6.304151842991510823e-02 6.694998045762377836e-02
9.570000000000000000e+04 5.531017165631053889e-02 5.407522059977053208e-02 5.338145755231379908e-02 6.286543935537337868e-02 6.732166461646556244e-02
9.580000000000000000e+04 5.493327029049396848e-02 5.371847823262215771e-02 5.289916031062603941e-02 6.257259895404179706e-02 6.769997472564377727e-02
9.590000000000000000e+04 5.478209995975097391e-02 5.349539965391158364e-02 5.268733048190673424e-02 6.254097054402033007e-02 6.792134376863639966e-02
9.600000000000000000e+04 5.473648458719253956e-02 5.345001071691513062e-02 5.264027044177055359e-02 6.260714083909987848e-02 6.815969496965408603e-02
9.610000000000000000e+04 5.488734247783819825e-02 5.359270647168157958e-02 5.275168551752964369e-02 6.267626394828160197e-02 6.840213529765606926e-02
9.620000000000000000e+04 5.525111759702363429e-02 5.390591546893120506e-02 5.309089578688143407e-02 6.277499198913574774e-02 6.857346604267755552e-02
9.630000000000000000e+04 5.554468054324389337e-02 5.418774262070655268e-02 5.335740879178046958e-02 6.295609772205353061e-02 6.862694106996058974e-02
9.640000000000000000e+04 5.582614322503406945e-02 5.446917191147804260e-02 5.354192192355793078e-02 6.326168109973273612e-02 6.852681030829747832e-02
9.650000000000000000e+04 5.626939553767444646e-02 5.483767203986644745e-02 5.388048763076467434e-02 6.387996921936668626e-02 6.826844265063605754e-02
9.660000000000000000e+04 5.696022301912309627e-02 5.545126833021636614e-02 5.457425065338609299e-02 6.472875684499740379e-02 6.777953281998634616e-02
9.670000000000000000e+04 5.779304074744385372e-02 5.635648947209122989e-02 5.555239285031955687e-02 6.573060641686119532e-02 6.720303768912953835e-02
9.680000000000000000e+04 5.875937437017764164e-02 5.746163651347156731e-02 5.672825555006669879e-02 6.682379831870402520e-02 6.665896236896513838e-02
9.690000000000000000e+04 5.954979989677668811e-02 5.842835102230307942e-02 5.786640562117097153e-02 6.754999190568923562e-02 6.631681852042675684e-02
9.700000000000000000e+04 5.979553225139778994e-02 5.872655101120471954e-02 5.817512695988018984e-02 6.781886766354242035e-02 6.595995351672173657e-02
9.710000000000000000e+04 5.929229265699782758e-02 5.830793976783756050e-02 5.783137101680038000e-02 6.754727373520533207e-02 6.564837249616782555e-02
9.720000000000000000e+04 5.854400172829628962e-02 5.759604498744010787e-02 5.689700573682782841e-02 6.702075213193893488e-02 6.538748323917388527e-02
9.730000000000000000e+04 5.800998702645301236e-02 5.709563922137023129e-02 5.624286212027074933e-02 6.645101696252822543e-02 6.516045014063516494e-02
9.740000000000000000e+04 5.754011402527490354e-02 5.654648989439006734e-02 5.577889832357565969e-02 6.575217872858044044e-02 6.490604316194853451e-02
9.750000000000000000e+04 5.706390365958213806e-02 5.595215037465095520e-02 5.520284827798602884e-02 6.508324295282363892e-02 6.469474360346794128e-02
9.760000000000000000e+04 5.656709134578702391e-02 5.547706410288810730e-02 5.461183021465940840e-02 6.456843247016272325e-02 6.459288269281387995e-02
9.770000000000000000e+04 5.612789435933034088e-02 5.503310970962046328e-02 5.417129560063283639e-02 6.421296487251917928e-02 6.455551261703172672e-02
9.780000000000000000e+04 5.583687208592893331e-02 5.466888658702374199e-02 5.382859461009502355e-02 6.398466616868972445e-02 6.458581626415252352e-02
9.790000000000000000e+04 5.554413620382547823e-02 5.437714904546736561e-02 5.360165168841680289e-02 6.384350428978602388e-02 6.461280251542726727e-02
9.800000000000000000e+04 5.544496377309163226e-02 5.431029945611953735e-02 5.348461320002873692e-02 6.377564668655395785e-02 6.467638115088145123e-02
9.810000000000000000e+04 5.544354472309350607e-02 5.432454608380794109e-02 5.351828806102276043e-02 6.374280095100402777e-02 6.477355062961578924e-02
9.820000000000000000e+04 5.577231235802174170e-02 5.451032072305680293e-02 5.380286102493604672e-02 6.380315234263737867e-02 6.498998721440633897e-02
9.830000000000000000e+04 5.562940895557404175e-02 5.458329580724239488e-02 5.392838402340806997e-02 6.370716253916421101e-02 6.532107594112554483e-02
9.840000000000000000e+04 5.517945230007169355e-02 5.429028049111365994e-02 5.348273232579233566e-02 6.322159945964812844e-02 6.583327293395996316e-02
9.850000000000000000e+04 5.469876093169053627e-02 5.386174563318490982e-02 5.297913569957018315e-02 6.268485287825265040e-02 6.645357931653657346e-02
9.860000000000000000e+04 5.412334131697810885e-02 5.328453257679943017e-02 5.244052010277904657e-02 6.201152463754014410e-02 6.711335256695750984e-02
9.870000000000000000e+04 5.355315443128345898e-02 5.246321745216844107e-02 5.152178861200811671e-02 6.109152495861049775e-02 6.765323095023631494e-02
9.880000000000000000e+04 5.319737056891122445e-02 5.172978341579437256e-02 5.068352376421295102e-02 6.042972306410473310e-02 6.806862453619637321e-02
9.890000000000000000e+04 5.330539767940838114e-02 5.154346227645877077e-02 5.030562837918599317e-02 6.020549411575001897e-02 6.837376184761524700e-02
9.900000000000000000e+04 5.392565578222276168e-02 5.234956741333007812e-02 5.112425237894061003e-02 6.089748591184616228e-02 6.838761940598488132e-02
9.910000000000000000e+04 5.485354115565613253e-02 5.323588754981752047e-02 5.208564247936004615e-02 6.183167854944868896e-02 6.825840922693410251e-02
9.920000000000000000e+04 5.592060705025993228e-02 5.439952239394187788e-02 5.334463636080419291e-02 6.290624727805452232e-02 6.808514346679052365e-02
9.930000000000000000e+04 5.691938038915395071e-02 5.580506473779674181e-02 5.488762717694045667e-02 6.409643650054931696e-02 6.794472001492976587e-02
9.940000000000000000e+04 5.769294269382954643e-02 5.664450824260715278e-02 5.564533141752087131e-02 6.502732495466866103e-02 6.783129543066024336e-02
9.950000000000000000e+04 5.821941656370958895e-02 5.713391583412885666e-02 5.621534207214910067e-02 6.548255085945131615e-02 6.780214160680771152e-02
9.960000000000000000e+04 5.849947124719619834e-02 5.699380934238433560e-02 5.588639527559281089e-02 6.539184063673020297e-02 6.789778918027877808e-02
9.970000000000000000e+04 5.857949157555897984e-02 5.684409923851490437e-02 5.546240088840326266e-02 6.508586257696151456e-02 6.799116611480712780e-02
9.980000000000000000e+04 5.857986792922020153e-02 5.695629008114337644e-02 5.546190445621807658e-02 6.491702049970626831e-02 6.815654416879018962e-02
9.990000000000000000e+04 5.853073261678218980e-02 5.617526620626445838e-02 5.459655437618499835e-02 6.434301286935806274e-02 6.836195379495620117e-02
1.000000000000000000e+05 5.856081222494443489e-02 5.568876117467880249e-02 5.398010338346163201e-02 6.390715390443801880e-02 6.857438385486604171e-02
1.001000000000000000e+05 5.871931022653976984e-02 5.610443390905857364e-02 5.415510361393293531e-02 6.395732372999192450e-02 6.882903635501860795e-02
1.002000000000000000e+05 5.896702371537685533e-02 5.610568188130855838e-02 5.426001556217669580e-02 6.396335691213607400e-02 6.917491331696509760e-02
1.003000000000000000e+05 5.922316213448843014e-02 5.624799523502587578e-02 5.434507096807161819e-02 6.394220819075902007e-02 6.942852882047494123e-02
1.004000000000000000e+05 5.944873377680778143e-02 5.636404901742934903e-02 5.437503218650817371e-02 6.408526053031285419e-02 6.944357593854268151e-02
1.005000000000000000e+05 5.973556097596886133e-02 5.650373175740242004e-02 5.441973675042392766e-02 6.434501260519027988e-02 6.933959126472473422e-02
1.006000000000000000e+05 6.010128751397133401e-02 5.706260055303569861e-02 5.510259809593359703e-02 6.481462051471074959e-02 6.943364128470420893e-02
1.007000000000000000e+05 6.045383345335723219e-02 5.801569633185865715e-02 5.622066148867208013e-02 6.556413322687153211e-02 6.973669874171417593e-02
1.008000000000000000e+05 6.062146574258803905e-02 5.862344652414321761e-02 5.699688851833344810e-02 6.628730952739717019e-02 7.010338842868804599e-02
1.009000000000000000e+05 6.056387003511190525e-02 5.843722205609079567e-02 5.686770645280674746e-02 6.645037531852722446e-02 7.000171077748137960e-02
1.010000000000000000e+05 6.044640528659026013e-02 5.784060433506965637e-02 5.608316188057265589e-02 6.587441017230349916e-02 6.963437572121621011e-02
1.011000000000000000e+05 6.045002173632383485e-02 5.769249275326727294e-02 5.598168019205331664e-02 6.566425830125809104e-02 6.947743728756904102e-02
1.012000000000000000e+05 6.060772478580474937e-02 5.864204689860343794e-02 5.703112820784256298e-02 6.643795837958658967e-02 6.985091944535573583e-02
1.013000000000000000e+05 6.065152827650308054e-02 6.010898910462851574e-02 5.840988032519813661e-02 6.749811331431068706e-02 7.043588685492671586e-02
1.014000000000000000e+05 6.045421965420245958e-02 5.934044234454620426e-02 5.788030266761783754e-02 6.731285989284514770e-02 7.076199606060981639e-02
1.015000000000000000e+05 6.014812737703322670e-02 5.761612392961978912e-02 5.588806283970673000e-02 6.608695238828662943e-02 7.083879957596460331e-02
1.016000000000000000e+05 6.001744995514551873e-02 5.693904384970664700e-02 5.501904179652532256e-02 6.528835912545523368e-02 7.090315004189809422e-02
1.017000000000000000e+05 6.024229351431131113e-02 5.738994497805836870e-02 5.543845888227229290e-02 6.566572368144986405e-02 7.082935884594918075e-02
1.018000000000000000e+05 6.067776004473365847e-02 5.827360972762105767e-02 5.657282886405784472e-02 6.657206088304516711e-02 7.073826894164085555e-02
1.019000000000000000e+05 6.112341025223335528e-02 5.887959171086551424e-02 5.727009575814009934e-02 6.731039136648177268e-02 7.068369247019290480e-02
1.020000000000000000e+05 6.145112663507460576e-02 5.985696986317634583e-02 5.830382779240601138e-02 6.814333200454711359e-02 7.046091854572296420e-02
1.021000000000000000e+05 6.173120625317096710e-02 6.012510135769844055e-02 5.866516917943953580e-02 6.858167727788289092e-02 6.999034330248830871e-02
1.022000000000000000e+05 6.196092747151851765e-02 6.023641899228097257e-02 5.873461914559205410e-02 6.884181787570319011e-02 6.931361883878710273e-02
1.023000000000000000e+05 6.213519793003797337e-02 6.069803982973096673e-02 5.921778157353403682e-02 6.917043298482894453e-02 6.887582615017891208e-02
1.024000000000000000e+05 6.220003883043925125e-02 6.141046136617660245e-02 6.017174522082011784e-02 6.970089246829354324e-02 6.863193581501643437e-02
1.025000000000000000e+05 6.207714385042587685e-02 6.161361001431941986e-02 6.048726476728917556e-02 6.992411116758982803e-02 6.813458104928331316e-02
1.026000000000000000e+05 6.180422559380528702e-02 6.074132882058626975e-02 5.946268454194068853e-02 6.933605909347534402e-02 6.768509343266487788e-02
1.027000000000000000e+05 6.146542632331451067e-02 5.955022629350424646e-02 5.823166970163579093e-02 6.847940494616826246e-02 6.749367867906888585e-02
1.028000000000000000e+05 6.114016031225523451e-02 5.977836623787879944e-02 5.852316364645959723e-02 6.835553914308549472e-02 6.731746296087900983e-02
1.029000000000000000e+05 6.078890860080719133e-02 5.975391808897250606e-02 5.851517170667651369e-02 6.834298372268676758e-02 6.707297608256340693e-02
1.030000000000000000e+05 6.038926852246125077e-02 5.882701463997364044e-02 5.746135053535301324e-02 6.743832329909009438e-02 6.682443122069040009e-02
1.031000000000000000e+05 5.997017742445072408e-02 5.833975244313480135e-02 5.681063933918874265e-02 6.681970079739887880e-02 6.665977470576762987e-02
1.032000000000000000e+05 5.955928474664686639e-02 5.801956504583358903e-02 5.643113598227502553e-02 6.648401021957398016e-02 6.658320754766464122e-02
1.033000000000000000e+05 5.915729911377032996e-02 5.746280532330276525e-02 5.587295180807511780e-02 6.593479474385577355e-02 6.670969851315021459e-02
1.034000000000000000e+05 5.875670075416563470e-02 5.697330199182032429e-02 5.535183163980641335e-02 6.532855739196144484e-02 6.679149811466535136e-02
1.035000000000000000e+05 5.837893374264241375e-02 5.663613323122262955e-02 5.504423137754198281e-02 6.488230079412460327e-02 6.689039282500744421e-02
1.036000000000000000e+05 5.805261497696241613e-02 5.566197857260703902e-02 5.406985014677052892e-02 6.404875268538796906e-02 6.708490083614983279e-02
1.037000000000000000e+05 5.780372101813553709e-02 5.498384796082973064e-02 5.328388914465904264e-02 6.324220726887386235e-02 6.745458838840326377e-02
1.038000000000000000e+05 5.765698298811912370e-02 5.518855825066565357e-02 5.349388830363752123e-02 6.333285480737686768e-02 6.758291780948638694e-02
1.039000000000000000e+05 5.762176426748434610e-02 5.468536391854283280e-02 5.283092970649405640e-02 6.291938503583267839e-02 6.764116838574410484e-02
1.040000000000000000e+05 5.767594849069913876e-02 5.395466461777687073e-02 5.204012369116149672e-02 6.236796875794728412e-02 6.786033809185026966e-02
1.041000000000000000e+05 5.783869933336972802e-02 5.465246476233003026e-02 5.286909744143486467e-02 6.273605763912204480e-02 6.812984526157378484e-02
1.042000000000000000e+05 5.809796651204427592e-02 5.515649169683455727e-02 5.336258836090564117e-02 6.294998228549956998e-02 6.814169595638910892e-02
1.043000000000000000e+05 5.842273672421773728e-02 5.493109114468098381e-02 5.301271452258032174e-02 6.268180966377256969e-02 6.822624636193115599e-02
1.044000000000000000e+05 5.877453267574311163e-02 5.536717101931572238e-02 5.339570760726927018e-02 6.301096409559249489e-02 6.844082444906235407e-02
1.045000000000000000e+05 5.912715606391431844e-02 5.613258015364408493e-02 5.427009736498198539e-02 6.363981117804846932e-02 6.846636421978473386e-02
1.046000000000000000e+05 5.946925684809685475e-02 5.604774318635465102e-02 5.418846234679219886e-02 6.371472865343094649e-02 6.820637156565982628e-02
1.047000000000000000e+05 5.980123702436683508e-02 5.587928611785174943e-02 5.385352410376069432e-02 6.367638438940048662e-02 6.771381042897700597e-02
1.048000000000000000e+05 6.017972782254218944e-02 5.647815391421318054e-02 5.446702137589454207e-02 6.402921805779139552e-02 6.725188513596851159e-02
1.049000000000000000e+05 6.056200804809728361e-02 5.703487452119592599e-02 5.510747427741688464e-02 6.459581087032956193e-02 6.697893922527631272e-02
1.050000000000000000e+05 6.090413779020309448e-02 5.786586739122867584e-02 5.601012893021106720e-02 6.520638614892959595e-02 6.686953082680702209e-02
1.051000000000000000e+05 6.115482033540805412e-02 5.855669043958184466e-02 5.681706332912046103e-02 6.584490418434141290e-02 6.698547047873337767e-02
1.052000000000000000e+05 6.127153307199478122e-02 5.869035348296165744e-02 5.695940757791201348e-02 6.608525613943735944e-02 6.710764527320861594e-02
1.053000000000000000e+05 6.126375440508127074e-02 5.871862247586250028e-02 5.696095325052738523e-02 6.594127267599106390e-02 6.706025928258896318e-02
1.054000000000000000e+05 6.112783767282962966e-02 5.802925452589981908e-02 5.619188065330195381e-02 6.525704791148502493e-02 6.745295464992522028e-02
1.055000000000000000e+05 6.095636369039616337e-02 5.708493851125240326e-02 5.509454781810443208e-02 6.453191488981244173e-02 6.797600587209068346e-02
1.056000000000000000e+05 6.079244822263717152e-02 5.695954784750938138e-02 5.494401231408119896e-02 6.433301240205764604e-02 6.851092636585234819e-02
1.057000000000000000e+05 6.066618507107097991e-02 5.708675347268581807e-02 5.517779879271984822e-02 6.439724415540694358e-02 6.918353008727229358e-02
1.058000000000000000e+05 6.052548604706923380e-02 5.713081955909728865e-02 5.530233529706796158e-02 6.454653213421503166e-02 6.990021049976348488e-02
1.059000000000000000e+05 6.034483537077903192e-02 5.705130062997340601e-02 5.528922080993652066e-02 6.452991098165511419e-02 7.055660754442215354e-02
1.060000000000000000e+05 6.011409883697828305e-02 5.677303671836853027e-02 5.498330071568487826e-02 6.425813684860863517e-02 7.109490285317103531e-02
1.061000000000000000e+05 5.989489325632650629e-02 5.629456583410503284e-02 5.448110659917193566e-02 6.372670263051984085e-02 7.142401794592538600e-02
1.062000000000000000e+05 5.975094385445117728e-02 5.587050542235373618e-02 5.398355104029180229e-02 6.310871183872221457e-02 7.156559437513351773e-02
1.063000000000000000e+05 5.977376357962688180e-02 5.559433642774821299e-02 5.365366147210200859e-02 6.268618027369182721e-02 7.151720742384592988e-02
1.064000000000000000e+05 5.999601821104686566e-02 5.553114935755729814e-02 5.362164343396823296e-02 6.281685014565788205e-02 7.133305470148723626e-02
1.065000000000000000e+05 6.041806321591140089e-02 5.600801575928926468e-02 5.421368908137079445e-02 6.348725110292434415e-02 7.109590061008930206e-02
1.066000000000000000e+05 6.099677748978134945e-02 5.685032606124872795e-02 5.517817229032513648e-02 6.453261027733490918e-02 7.078776041666663688e-02
1.067000000000000000e+05 6.163275754700105191e-02 5.792320016771558555e-02 5.622808819015822496e-02 6.573326736688610283e-02 7.044737321635087535e-02
1.068000000000000000e+05 6.228085532784467804e-02 5.923524498939514160e-02 5.756452068686493395e-02 6.696060866117477250e-02 7.004867076873778908e-02
1.069000000000000000e+05 6.287528681258361396e-02 6.031135972589257710e-02 5.880160747716826203e-02 6.798727730909981393e-02 6.961982135971385433e-02
1.070000000000000000e+05 6.338124622901281091e-02 6.055499985814094543e-02 5.906864951054255353e-02 6.852914293607077767e-02 6.917751431465150869e-02
1.071000000000000000e+05 6.376884140074252916e-02 6.044399365782737732e-02 5.881993677467107356e-02 6.861424893140792569e-02 6.879183053970336359e-02
1.072000000000000000e+05 6.401328941186269772e-02 6.080576553940773149e-02 5.909720609585441403e-02 6.890654345353440513e-02 6.851518650849661163e-02
1.073000000000000000e+05 6.410112629334131784e-02 6.144754011183975462e-02 5.988586333890753843e-02 6.959613362948099957e-02 6.839145680268605976e-02
1.074000000000000000e+05 6.403328001499176969e-02 6.166683323681352441e-02 6.015781231224537340e-02 6.994439810514449518e-02 6.851292774081230164e-02
1.075000000000000000e+05 6.380902292827764222e-02 6.121115200221538544e-02 5.964667008568840662e-02 6.964658945798873901e-02 6.878260771433510057e-02
1.076000000000000000e+05 6.340546578168865244e-02 6.055761948227884883e-02 5.903497452537219414e-02 6.914385815461474016e-02 6.911586950222652070e-02
1.077000000000000000e+05 6.282245118170977360e-02 6.033041104674339433e-02 5.891643133014440314e-02 6.885271906852721835e-02 6.937975056469440627e-02
1.078000000000000000e+05 6.209808051586152011e-02 6.003340072929860133e-02 5.871337634821732765e-02 6.853212604920062845e-02 6.953162208199500927e-02
1.079000000000000000e+05 6.128980079044899637e-02 5.894635077565903852e-02 5.752696006248384647e-02 6.756077071030933134e-02 6.950693160295486062e-02
1.080000000000000000e+05 6.049702763557431723e-02 5.709173530340194702e-02 5.543952882289874401e-02 6.588528752326965054e-02 6.928347200155257624e-02
1.081000000000000000e+05 5.983712771286568005e-02 5.552997495979073578e-02 5.366634809722505006e-02 6.429442584514614978e-02 6.884755373001098799e-02
1.082000000000000000e+05 5.942603662610053405e-02 5.482914336025714042e-02 5.284056040147939309e-02 6.341595252354936818e-02 6.821094567577049017e-02
1.083000000000000000e+05 5.933675147593021199e-02 5.468194447457790097e-02 5.272920325398444685e-02 6.322335749864578525e-02 6.742116950452327340e-02
1.084000000000000000e+05 5.950324272116026825e-02 5.493957698345184465e-02 5.310684631268181022e-02 6.344924201567966882e-02 6.653234114249552411e-02
1.085000000000000000e+05 5.988200319310028191e-02 5.571549572050571442e-02 5.388030577450990399e-02 6.432156413793567451e-02 6.559656634926792906e-02
1.086000000000000000e+05 6.036270566284655803e-02 5.678310319781296883e-02 5.499983534216884573e-02 6.550519943237304021e-02 6.469717442989349199e-02
1.087000000000000000e+05 6.083130316187941589e-02 5.790643710643054998e-02 5.618443428228301478e-02 6.663355032602949479e-02 6.385110708574449900e-02
1.088000000000000000e+05 6.121167620023092865e-02 5.846178606152534207e-02 5.684807439645130772e-02 6.726219008366265961e-02 6.307798961798351256e-02
1.089000000000000000e+05 6.145208325237035835e-02 5.849517080932856855e-02 5.682851132005452971e-02 6.731009453535080622e-02 6.236851178109645982e-02
1.090000000000000000e+05 6.149101269741853032e-02 5.878161080181598663e-02 5.715623771150909332e-02 6.750394056240716090e-02 6.174747434755165770e-02
1.091000000000000000e+05 6.135405372828244691e-02 5.895712226629257202e-02 5.769430367896958428e-02 6.775310506423311285e-02 6.121536721785866136e-02
1.092000000000000000e+05 6.104352995753287159e-02 5.854540839791298051e-02 5.708370104432109599e-02 6.704553812742235219e-02 6.078116476535797008e-02
1.093000000000000000e+05 6.055718230704469629e-02 5.764155779033901944e-02 5.575911831110714340e-02 6.597351223230367434e-02 6.043183499326310049e-02
1.094000000000000000e+05 5.991376198828220895e-02 5.678317286074156811e-02 5.487853072583675357e-02 6.499605784813558551e-02 6.020255429049332224e-02
1.095000000000000000e+05 5.915236882865422541e-02 5.597831867635250092e-02 5.406398773193363955e-02 6.401235163211815848e-02 6.005634292960167209e-02
1.096000000000000000e+05 5.834928378462790610e-02 5.513540655374531835e-02 5.300267393390339227e-02 6.293184737364451720e-02 5.999988198280334362e-02
1.097000000000000000e+05 5.750060832748812856e-02 5.434329099953177228e-02 5.221527108301717013e-02 6.198176483313238422e-02 6.000343023488918792e-02
1.098000000000000000e+05 5.666084617376326849e-02 5.366237834095956977e-02 5.149044498801227249e-02 6.123306483030319103e-02 6.006263844668865287e-02
1.099000000000000000e+05 5.585180186976988759e-02 5.306249540299175227e-02 5.090356317659221197e-02 6.056896140178040511e-02 6.015061439325412179e-02
1.100000000000000000e+05 5.508295074105262756e-02 5.253102630376815796e-02 5.047557130455970764e-02 5.995894844333330559e-02 6.025742615262667107e-02
1.101000000000000000e+05 5.434688556939360621e-02 5.204651318490507300e-02 5.010811906307936769e-02 5.944306239485740856e-02 6.036602370440959792e-02
1.102000000000000000e+05 5.365547172725201180e-02 5.154430568218229536e-02 4.973165790239968825e-02 5.902827888727187750e-02 6.048826088507969906e-02
1.103000000000000000e+05 5.305327735841271208e-02 5.103295538574458695e-02 4.929053458074728750e-02 5.864894181489942876e-02 6.060682034740844104e-02
1.104000000000000000e+05 5.254627540707589028e-02 5.055832490324974060e-02 4.890696674585341686e-02 5.835696563124656566e-02 6.074654623866081182e-02
1.105000000000000000e+05 5.213951685776314210e-02 5.016950145363807678e-02 4.859873360643783557e-02 5.814579501748085716e-02 6.086524749795596545e-02
1.106000000000000000e+05 5.183333667616048246e-02 4.990257583558560528e-02 4.832765981554986573e-02 5.795502061645189246e-02 6.097726099193095939e-02
1.107000000000000000e+05 5.165430217981337863e-02 4.973514005541801453e-02 4.815132122486830146e-02 5.780122980475425887e-02 6.105296943336725041e-02
1.108000000000000000e+05 5.158908749620119694e-02 4.970086589455604414e-02 4.810405830542246325e-02 5.778494273622830635e-02 6.108928422133128033e-02
1.109000000000000000e+05 5.161568580816189300e-02 4.978387430310250023e-02 4.815966290732225097e-02 5.785797650615373544e-02 6.108725712945063668e-02
1.110000000000000000e+05 5.168845988810061992e-02 4.998837411403656006e-02 4.829397648572921614e-02 5.801189765334129056e-02 6.106179878115654269e-02
1.111000000000000000e+05 5.176922753453255116e-02 5.023888126015661759e-02 4.877729676663875025e-02 5.825278277198476379e-02 6.101544546584288659e-02
1.112000000000000000e+05 5.183344090978304203e-02 5.042303726077079773e-02 4.928736954927444291e-02 5.852595458428065667e-02 6.095790510376294935e-02
1.113000000000000000e+05 5.187793519347905918e-02 5.049819033592939377e-02 4.929911438375713523e-02 5.862946748733520452e-02 6.091222751885652653e-02
1.114000000000000000e+05 5.192166112363338915e-02 5.055970959365368306e-02 4.915779866278171401e-02 5.866342057784398878e-02 6.083073015014330703e-02
1.115000000000000000e+05 5.197658352553844591e-02 5.068138334900140762e-02 4.945639564345280514e-02 5.884189903736115890e-02 6.074413862079381526e-02
1.116000000000000000e+05 5.204836443066596791e-02 5.081841349601744912e-02 5.009800359606746134e-02 5.918671667575838014e-02 6.063713878393173218e-02
1.117000000000000000e+05 5.213065877556800898e-02 5.086485315114259997e-02 5.033857514460880755e-02 5.934355109930038175e-02 6.053264884899059450e-02
1.118000000000000000e+05 5.222557944556076998e-02 5.081086307764053761e-02 4.989065314332644802e-02 5.925561745961506477e-02 6.041722190876801929e-02
1.119000000000000000e+05 5.232555344700813571e-02 5.073216091841459274e-02 4.946484059095381663e-02 5.911637231707572715e-02 6.029825121164322094e-02
1.120000000000000000e+05 5.243267292777697292e-02 5.070618167519569397e-02 4.912113746007282233e-02 5.898648376266160676e-02 6.015783424178759720e-02
1.121000000000000000e+05 5.255162409196297707e-02 5.080258976668118598e-02 4.915787837157647305e-02 5.893124928077062008e-02 6.000085240850847046e-02
1.122000000000000000e+05 5.267269894480705594e-02 5.099143832921982505e-02 4.980590172111987179e-02 5.919799268245697077e-02 5.981904886662960108e-02
1.123000000000000000e+05 5.279204220821460264e-02 5.121358539909123819e-02 5.061773038158816351e-02 5.956949060161908366e-02 5.963081881403924089e-02
1.124000000000000000e+05 5.287996600071588615e-02 5.135673731565475186e-02 5.077863191564880446e-02 5.968291526039441741e-02 5.942205374439556848e-02
1.125000000000000000e+05 5.292088445276021957e-02 5.140441376715898514e-02 5.051271524280309677e-02 5.967644229531288147e-02 5.922615900635719299e-02
1.126000000000000000e+05 5.290240707496801642e-02 5.139009207487106601e-02 5.056803412735462466e-02 5.976504370570182717e-02 5.906586358944574539e-02
1.127000000000000000e+05 5.282362731794516125e-02 5.132540017366409024e-02 5.066079010566074819e-02 5.980285738905270765e-02 5.896071801582972172e-02
1.128000000000000000e+05 5.269533738493919345e-02 5.118612945079803467e-02 5.026274278759957498e-02 5.971075966954231262e-02 5.893919095396995406e-02
1.129000000000000000e+05 5.254322857906421063e-02 5.103524345904587867e-02 5.020454457650581903e-02 5.962422018249829286e-02 5.900220962862173790e-02
1.130000000000000000e+05 5.237070110936958844e-02 5.088862963020801544e-02 5.033937841653823159e-02 5.962749272584914884e-02 5.919424767295518308e-02
1.131000000000000000e+05 5.220399741083384115e-02 5.075164828449488241e-02 5.002522505819794602e-02 5.945618003606796542e-02 5.950042746961117096e-02
1.132000000000000000e+05 5.201973175009092648e-02 5.062661990523338595e-02 4.959455420573551099e-02 5.912427574396133395e-02 5.996829082568484043e-02
1.133000000000000000e+05 5.182972336808839425e-02 5.048655364662409106e-02 4.969406630843876960e-02 5.915242056051890629e-02 6.058990420152746831e-02
1.134000000000000000e+05 5.161424703896044797e-02 5.024794824421403849e-02 5.012310966849328059e-02 5.930575460195541132e-02 6.139953143894672644e-02
1.135000000000000000e+05 5.137895587831736027e-02 4.992278572171926498e-02 4.960962440818552505e-02 5.893424501021701095e-02 6.235563624650245634e-02
1.136000000000000000e+05 5.112381512920061155e-02 4.956333562731744802e-02 4.859388897816344088e-02 5.836502055327094651e-02 6.342019299666086518e-02
1.137000000000000000e+05 5.085444752126933032e-02 4.923004470765592056e-02 4.815340116620063504e-02 5.805386736989020385e-02 6.458800897002220376e-02
1.138000000000000000e+05 5.057938851416109854e-02 4.897349551320076544e-02 4.831822477281094014e-02 5.793980355064074633e-02 6.579333682854972276e-02
1.139000000000000000e+05 5.032958341141541975e-02 4.880822990089654645e-02 4.846899619946877513e-02 5.783563107252120278e-02 6.701368711888783247e-02
1.140000000000000000e+05 5.013094395399093212e-02 4.866248741745948792e-02 4.838251397013664662e-02 5.766034051775932590e-02 6.818857640028000433e-02
1.141000000000000000e+05 5.002156984061002787e-02 4.850385691970587193e-02 4.803095761686563409e-02 5.740461374322572419e-02 6.930841063459709794e-02
1.142000000000000000e+05 5.003808317085107343e-02 4.834699481725692610e-02 4.768292918801306235e-02 5.729835410912832022e-02 7.031848226984332983e-02
1.143000000000000000e+05 5.022787369787691525e-02 4.831083379685878476e-02 4.753764387220144050e-02 5.729440301656722745e-02 7.118030831217765642e-02
1.144000000000000000e+05 5.061546107133230166e-02 4.853947833180427551e-02 4.750049422184626086e-02 5.744324505329131969e-02 7.181641727685930676e-02
1.145000000000000000e+05 5.123988899091885818e-02 4.911945760250091553e-02 4.781911124785742651e-02 5.784783909718197586e-02 7.217278480529784601e-02
1.146000000000000000e+05 5.202679827809334606e-02 5.002379380166525197e-02 4.882130548357961619e-02 5.861223325133322476e-02 7.219029679894446716e-02
1.147000000000000000e+05 5.293014095475275654e-02 5.111272968351843887e-02 5.003853727132076545e-02 5.966236447294546996e-02 7.180396872262158336e-02
1.148000000000000000e+05 5.387262632449468791e-02 5.217918530106544633e-02 5.114634667833645176e-02 6.084593082467720793e-02 7.094252904256188874e-02
1.149000000000000000e+05 5.483254887163641761e-02 5.312905292958026299e-02 5.208901066333057606e-02 6.193162977695471777e-02 6.955713808536528875e-02
1.150000000000000000e+05 5.579542244474092888e-02 5.395116098225116730e-02 5.271523756285510787e-02 6.278156737486521866e-02 6.769645959138874403e-02
1.151000000000000000e+05 5.677190682540329825e-02 5.476804841309781263e-02 5.307375021278857435e-02 6.333899905284248733e-02 6.540114618837854221e-02
1.152000000000000000e+05 5.779733657836915589e-02 5.573467910289764404e-02 5.342464208602905329e-02 6.387415736913681918e-02 6.288832485675813211e-02
1.153000000000000000e+05 5.885069350401567201e-02 5.689504183828827250e-02 5.464497933785112532e-02 6.511907756328598473e-02 6.033343152453513741e-02
1.154000000000000000e+05 5.991423082848388454e-02 5.812865942716605172e-02 5.679698159297320165e-02 6.700770507256191555e-02 5.789729185402390371e-02
1.155000000000000000e+05 6.094337739050387920e-02 5.920529644936323166e-02 5.847433954477308099e-02 6.864876002073287686e-02 5.562967360019684115e-02
1.156000000000000000e+05 6.189127609133718982e-02 6.002412140369411259e-02 5.886595989267030815e-02 6.935670733451843040e-02 5.352556854486459348e-02
1.157000000000000000e+05 6.275971281031769711e-02 6.072556171566245720e-02 5.866018444299697654e-02 6.935947358608245128e-02 5.148969847708947251e-02
1.158000000000000000e+05 6.347130790352820129e-02 6.148336827754972284e-02 5.878072232007977571e-02 6.949211359024048962e-02 4.942679286003112682e-02
1.159000000000000000e+05 6.389837237695852878e-02 6.234198063611987722e-02 6.005168832838533172e-02 7.054361919562016081e-02 4.726029184957348389e-02
1.160000000000000000e+05 6.384745885928470865e-02 6.301799416542053223e-02 6.245307226975766596e-02 7.237060765425368247e-02 4.503818899393099290e-02
1.161000000000000000e+05 6.309446010738606336e-02 6.290020812302830888e-02 6.372767932713037375e-02 7.344088971614837202e-02 4.289615642279386715e-02
1.162000000000000000e+05 6.153747531274961213e-02 6.161096505820744945e-02 6.271945642928293541e-02 7.258146087328586071e-02 4.107691672941055777e-02
1.163000000000000000e+05 5.928473416715862587e-02 5.917141996324071229e-02 5.962943484385807569e-02 6.987078537543627010e-02 3.980917777866123386e-02
1.164000000000000000e+05 5.660296723246551615e-02 5.601558834314346313e-02 5.558998510241513341e-02 6.595705121755600364e-02 3.919665783643722784e-02
1.165000000000000000e+05 5.387652243177087907e-02 5.281988065689802170e-02 5.118284771839806679e-02 6.161489188671125106e-02 3.924443610012532530e-02
1.166000000000000000e+05 5.142209500074392675e-02 5.019461438059821118e-02 4.802502222359186085e-02 5.832905545830720934e-02 3.978598212202388157e-02
1.167000000000000000e+05 4.932997494935985328e-02 4.834504630416627813e-02 4.752238314598798696e-02 5.721307978034020220e-02 4.061045188456773730e-02
1.168000000000000000e+05 4.748449842135109983e-02 4.701797813177108903e-02 4.757417286435763198e-02 5.690381919344268680e-02 4.144955262541770435e-02
1.169000000000000000e+05 4.559689434866107116e-02 4.563911817967882673e-02 4.659918367862707356e-02 5.615046535929039268e-02 4.212411993493632434e-02
1.170000000000000000e+05 4.343632757663740129e-02 4.382306523621082306e-02 4.533800221979620432e-02 5.485716015100470383e-02 4.251861236989498000e-02
1.171000000000000000e+05 4.085796874016526387e-02 4.134865943342463240e-02 4.305368849386763397e-02 5.263359506924950026e-02 4.268337853252887615e-02
1.172000000000000000e+05 3.793516640861805539e-02 3.819233328104019304e-02 3.935001909732792347e-02 4.924498543143254747e-02 4.263946940501530530e-02
1.173000000000000000e+05 3.480835113674400627e-02 3.447064422070991035e-02 3.507705155760053317e-02 4.525191575288772805e-02 4.248650763183832446e-02
1.174000000000000000e+05 3.189844598372785361e-02 3.054869417101120990e-02 2.925460552175841722e-02 3.959808776775945727e-02 4.223629847168920703e-02
1.175000000000000000e+05 2.955455472692847252e-02 2.670799428597092628e-02 1.918314599121601072e-02 3.385140001773834229e-02 4.190273831288020279e-02
1.176000000000000000e+05 2.813894934952258439e-02 2.472569905221463915e-02 1.606921851634982371e-02 3.161593496799468966e-02 4.146191194653511131e-02
1.177000000000000000e+05 2.785113078852494498e-02 2.504811938852068154e-02 1.690264927223314798e-02 3.055694935222466602e-02 4.091805352518955441e-02
1.178000000000000000e+05 2.854416613777482209e-02 2.622020542621608663e-02 2.141722432027265768e-02 3.201117895543586361e-02 4.026541421810789917e-02
1.179000000000000000e+05 2.982408981770275427e-02 2.807010589167483264e-02 2.659491507336519955e-02 3.553181961178784182e-02 3.953812617808580288e-02
1.180000000000000000e+05 3.118756388624515860e-02 2.988931909203529358e-02 3.017309804757423858e-02 3.833538169662152606e-02 3.879223590095840640e-02
1.181000000000000000e+05 3.225225285937387276e-02 3.098669061437247033e-02 3.028704307973387883e-02 3.925744131207466181e-02 3.813465838630998583e-02
1.182000000000000000e+05 3.293114222586153439e-02 3.153093978762627758e-02 2.904041871428490393e-02 3.942267671227454862e-02 3.772058129310607716e-02
1.183000000000000000e+05 3.328008489062390246e-02 3.181418497115372918e-02 2.959989990418161396e-02 3.961041316390038342e-02 3.769108487914007988e-02
1.184000000000000000e+05 3.341301247477531516e-02 3.198319673538208008e-02 3.000993644197781293e-02 3.972594196597734745e-02 3.808900356292724276e-02
1.185000000000000000e+05 3.341722246259450774e-02 3.204207494854927063e-02 2.929367357864976623e-02 3.968089148402213773e-02 3.897386286407709260e-02
1.186000000000000000e+05 3.336825229227542711e-02 3.201570734381675720e-02 2.926035143435002858e-02 3.970332865913709514e-02 4.060459449887279110e-02
1.187000000000000000e+05 3.326517451554537180e-02 3.194326758384704451e-02 3.007664222891125866e-02 3.975087821483611755e-02 4.271280128508796181e-02
1.188000000000000000e+05 3.312098756432532709e-02 3.186445236206054965e-02 2.958424836397174559e-02 3.968075573444366372e-02 4.513845026493072676e-02
1.189000000000000000e+05 3.286403474708397832e-02 3.173554446548222663e-02 2.894567702586452532e-02 3.966765090823173856e-02 4.765136542419585314e-02
1.190000000000000000e+05 3.245346310238041848e-02 3.150409460067749023e-02 2.963214516639713428e-02 3.968708788355191502e-02 5.021703653037524334e-02
1.191000000000000000e+05 3.182692620903249808e-02 3.105822512879970881e-02 3.003664458170533097e-02 3.948355644941328735e-02 5.270871076732871335e-02
1.192000000000000000e+05 3.095622683564819635e-02 3.030947111546993325e-02 2.943318009376528002e-02 3.876984596252443238e-02 5.503077020247766626e-02
1.193000000000000000e+05 2.989166407535479020e-02 2.921434137970212522e-02 2.780603566517429737e-02 3.751641516884161864e-02 5.716612326602142635e-02
1.194000000000000000e+05 2.873804658651350069e-02 2.790403664112083362e-02 2.595788512378923926e-02 3.593763545155525402e-02 5.903201535344124173e-02
1.195000000000000000e+05 2.772026943663757556e-02 2.663140883669257164e-02 2.466244747241330346e-02 3.437283510963113492e-02 6.064056698232893339e-02
1.196000000000000000e+05 2.702497571706771393e-02 2.560884319245820134e-02 2.334389552474023730e-02 3.296903332074484910e-02 6.197220976154005356e-02
1.197000000000000000e+05 2.685389449819922808e-02 2.506981967017055460e-02 2.136187022551887249e-02 3.197361439466476357e-02 6.307020645588636010e-02
1.198000000000000000e+05 2.735682364553213702e-02 2.523443568497894807e-02 2.073702583710350378e-02 3.184907928109168701e-02 6.395256320635475666e-02
1.199000000000000000e+05 2.857171396414446424e-02 2.627734597772364566e-02 2.270497132713586441e-02 3.290617600083357852e-02 6.466267493863894766e-02
