9.000000000000000000e+04 6.539035588502883911e-02 7.356114685535430908e-02 7.140609622001647949e-02
9.010000000000000000e+04 9.482397104302969781e-02 9.697627156973064044e-02 9.499116353690627290e-02
9.020000000000000000e+04 8.254765585065101940e-02 8.932579338550612758e-02 6.843218848109253183e-02
9.030000000000000000e+04 6.118521045893264565e-02 6.724338315427348667e-02 7.151169113814788425e-02
9.040000000000000000e+04 1.170475474993434434e-01 1.190069071451811122e-01 1.269498676061626141e-01
9.050000000000000000e+04 1.513140899439652520e-01 1.559842559198538758e-01 1.435132533311849201e-01
9.060000000000000000e+04 1.055048175156093615e-01 1.155671691894550324e-01 9.471211567521164998e-02
9.070000000000000000e+04 6.596502043306816387e-02 7.334148148695560088e-02 6.871741101145746600e-02
9.080000000000000000e+04 6.651108751694356780e-02 7.178700755039837955e-02 7.015338540077198370e-02
9.090000000000000000e+04 7.174528315663321332e-02 7.672891736030595933e-02 7.525476731359943827e-02
9.100000000000000000e+04 7.778666540980311295e-02 8.274952570597306212e-02 8.095334097743019097e-02
9.110000000000000000e+04 8.330881029367417923e-02 8.862779965003346472e-02 8.649142280220965817e-02
9.120000000000000000e+04 8.984255105257073215e-02 9.516801595687829352e-02 9.294553458690621439e-02
9.130000000000000000e+04 9.618079716960610537e-02 1.016842409968377048e-01 9.880506090819815568e-02
9.140000000000000000e+04 1.013770121335984264e-01 1.071945021549857574e-01 1.037376499176023426e-01
9.150000000000000000e+04 1.062717594206333133e-01 1.122262969613075645e-01 1.085289265960452942e-01
9.160000000000000000e+04 1.109412670135497131e-01 1.168420902887979951e-01 1.128871938586233081e-01
9.170000000000000000e+04 1.155404666562873106e-01 1.214562085270881608e-01 1.175332567840812054e-01
9.180000000000000000e+04 1.209848670661446135e-01 1.272414225339887073e-01 1.236971858143801062e-01
9.190000000000000000e+04 1.332993666579337377e-01 1.406357389688489834e-01 1.430102343857264924e-01
9.200000000000000000e+04 1.871831576029494848e-01 1.931239604949989974e-01 1.959504932165110347e-01
9.210000000000000000e+04 2.465535384416588094e-01 2.527044823765749459e-01 2.435835181176647657e-01
9.220000000000000000e+04 2.661661159992219083e-01 2.735973707834882807e-01 2.613812512159341961e-01
9.230000000000000000e+04 2.727298203110694597e-01 2.807906909783680627e-01 2.669047278165816439e-01
9.240000000000000000e+04 2.730498552322387917e-01 2.811807930469512606e-01 2.669133126735687145e-01
9.250000000000000000e+04 2.730494315425555096e-01 2.808050587773323614e-01 2.661558017134668663e-01
9.260000000000000000e+04 2.695222328106561260e-01 2.779670574267704697e-01 2.629706126451493153e-01
9.270000000000000000e+04 2.673481696844097755e-01 2.761245799064638295e-01 2.596367499232287712e-01
9.280000000000000000e+04 2.622172764937082401e-01 2.717799838383992417e-01 2.571309304237368032e-01
9.290000000000000000e+04 2.664774832129478965e-01 2.754755706588426500e-01 2.599908027052879600e-01
9.300000000000000000e+04 2.658317297697067039e-01 2.750889867544173972e-01 2.580056965351101295e-01
9.310000000000000000e+04 2.592672942082088205e-01 2.692939217885338410e-01 2.518820223212238640e-01
9.320000000000000000e+04 2.500568334261581427e-01 2.609667750199635150e-01 2.425305026769633832e-01
9.330000000000000000e+04 2.451777245104311831e-01 2.555051499605178744e-01 2.395582628250121915e-01
9.340000000000000000e+04 2.428362800677617839e-01 2.532596909006437080e-01 2.356484800577159644e-01
9.350000000000000000e+04 2.394760241111124344e-01 2.492947528759639209e-01 2.351313509047034123e-01
9.360000000000000000e+04 2.465996253490450041e-01 2.567101252079009299e-01 2.421430337429050506e-01
9.370000000000000000e+04 2.587039519349735306e-01 2.677666483322786450e-01 2.530661016702655530e-01
9.380000000000000000e+04 2.622981689373652392e-01 2.712599668900173011e-01 2.540734571218488114e-01
9.390000000000000000e+04 2.521771097183230226e-01 2.623900043964379480e-01 2.448496107757089091e-01
9.400000000000000000e+04 2.478589097658793206e-01 2.577826559543610063e-01 2.416705846786499357e-01
9.410000000000000000e+04 2.516817592084400479e-01 2.602783299485844637e-01 2.488181212544445242e-01
9.420000000000000000e+04 2.631507241725920543e-01 2.716779035329818792e-01 2.551481795310973633e-01
9.430000000000000000e+04 2.579295532902079469e-01 2.672632418076196226e-01 2.499636673927305985e-01
9.440000000000000000e+04 2.495486565430955483e-01 2.590684163570414200e-01 2.387118566036220690e-01
9.450000000000000000e+04 2.301529116928577312e-01 2.404429294168947129e-01 2.238744452595709811e-01
9.460000000000000000e+04 2.277290164430935959e-01 2.370628152290979451e-01 2.216836437582969666e-01
9.470000000000000000e+04 2.285908948878446756e-01 2.376448384424050819e-01 2.220687183737754811e-01
9.480000000000000000e+04 2.288717013597488525e-01 2.383386725187301713e-01 2.224039316177368053e-01
9.490000000000000000e+04 2.290384897092977989e-01 2.380761674046516507e-01 2.221913762390613500e-01
9.500000000000000000e+04 2.285564218958218707e-01 2.376472453276316510e-01 2.219792902469635010e-01
9.510000000000000000e+04 2.288773369789124101e-01 2.379186324775219019e-01 2.226235818862914995e-01
9.520000000000000000e+04 2.308058039347330725e-01 2.399875338872274055e-01 2.245344114303588767e-01
9.530000000000000000e+04 2.378064426779745166e-01 2.464515426754948224e-01 2.354023382067678416e-01
9.540000000000000000e+04 2.627805745601647924e-01 2.708358556032184339e-01 2.560594105720518376e-01
9.550000000000000000e+04 2.677064746618273983e-01 2.762641429901124823e-01 2.580452322959900791e-01
9.560000000000000000e+04 2.598977418740586742e-01 2.686086658636724911e-01 2.509391880035401479e-01
9.570000000000000000e+04 2.567961803078654404e-01 2.653951105475423899e-01 2.499284900724887126e-01
9.580000000000000000e+04 2.596220262845357896e-01 2.691435984770458312e-01 2.519956094026565285e-01
9.590000000000000000e+04 2.608203726013499923e-01 2.700315667192142444e-01 2.512600666284562356e-01
9.600000000000000000e+04 2.579959988594054954e-01 2.683581411838532049e-01 2.506064951419829101e-01
9.610000000000000000e+04 2.616774235169093688e-01 2.712572366992632156e-01 2.503457157313825898e-01
9.620000000000000000e+04 2.462280532717714132e-01 2.561025424798325512e-01 2.348154026269918815e-01
9.630000000000000000e+04 2.376303534209723012e-01 2.474669189751140252e-01 2.321583086252208827e-01
9.640000000000000000e+04 2.579918944835666306e-01 2.670038731892906969e-01 2.533163291215885238e-01
9.650000000000000000e+04 2.793065473437315593e-01 2.882331276933357556e-01 2.732189252972595517e-01
9.660000000000000000e+04 2.941893631219867355e-01 3.003011375665664562e-01 2.841952151060103682e-01
9.670000000000000000e+04 2.808238605658210929e-01 2.884180841843286824e-01 2.677114355564130799e-01
9.680000000000000000e+04 2.556889454523722516e-01 2.657437841097514686e-01 2.482580429315572323e-01
9.690000000000000000e+04 2.474418501555923078e-01 2.558660486340527118e-01 2.380908976495272056e-01
9.700000000000000000e+04 2.405050242940584837e-01 2.491133963068326573e-01 2.329338759183884611e-01
9.710000000000000000e+04 2.421488764385381076e-01 2.502995369335017650e-01 2.355606158077713230e-01
9.720000000000000000e+04 2.543692243099220374e-01 2.631306374073024701e-01 2.457441198825830175e-01
9.730000000000000000e+04 2.536071194211639290e-01 2.620823374390601201e-01 2.447531685233118592e-01
9.740000000000000000e+04 2.551225062211355255e-01 2.636963474750518288e-01 2.469190588593480895e-01
9.750000000000000000e+04 2.609946653246879578e-01 2.685650959610939581e-01 2.516093924641610857e-01
9.760000000000000000e+04 2.637202008565265321e-01 2.716158040364578530e-01 2.563594055175787978e-01
9.770000000000000000e+04 2.673360039790473319e-01 2.755934105316795724e-01 2.566951712965961918e-01
9.780000000000000000e+04 2.643973553180693492e-01 2.732459241151808382e-01 2.554720479249955045e-01
9.790000000000000000e+04 2.652534324924151199e-01 2.738702996571859005e-01 2.557778105139732472e-01
9.800000000000000000e+04 2.653422753016155267e-01 2.739461680253346687e-01 2.567241311073304999e-01
9.810000000000000000e+04 2.729789406061174928e-01 2.809927999973297896e-01 2.641902771592144483e-01
9.820000000000000000e+04 2.785742406050363829e-01 2.860420433680217478e-01 2.664812898635861571e-01
9.830000000000000000e+04 2.599222684899967217e-01 2.671663937966028968e-01 2.518791070580477243e-01
9.840000000000000000e+04 2.675448441505428598e-01 2.754079186916344457e-01 2.590813517570500490e-01
9.850000000000000000e+04 2.722032283743223147e-01 2.797732402880986902e-01 2.616296112537383478e-01
9.860000000000000000e+04 2.706441217660907061e-01 2.799257596333823983e-01 2.649827736616139351e-01
9.870000000000000000e+04 2.873086157441145927e-01 2.927371862530708246e-01 2.767232617735864708e-01
9.880000000000000000e+04 2.890935373306280365e-01 2.963748220602676620e-01 2.823771905899051249e-01
9.890000000000000000e+04 3.020941236615182768e-01 3.062270882725713905e-01 2.936010560393336744e-01
9.900000000000000000e+04 3.134493410587310680e-01 3.165513008832936959e-01 3.058630108833316763e-01
9.910000000000000000e+04 3.181542834639551343e-01 3.199757962425551772e-01 3.073176878690718206e-01
9.920000000000000000e+04 3.116129354635870929e-01 3.151469012101491551e-01 3.056379652023316629e-01
9.930000000000000000e+04 3.265458983182903951e-01 3.299610263109202246e-01 3.175316122174264288e-01
9.940000000000000000e+04 3.195942461490629549e-01 3.246845553318660205e-01 3.123031234741210360e-01
9.950000000000000000e+04 3.272778938213991573e-01 3.318360120058053142e-01 3.209242835640909175e-01
9.960000000000000000e+04 3.312931764125821577e-01 3.336652266979214798e-01 3.210333728790282226e-01
9.970000000000000000e+04 3.221268111467361916e-01 3.260081192851067566e-01 3.151215907931327886e-01
9.980000000000000000e+04 3.258418879906335719e-01 3.298687807718913567e-01 3.194396126270294678e-01
9.990000000000000000e+04 3.219448778033265901e-01 3.242280545830728000e-01 3.089357820153235679e-01
1.000000000000000000e+05 3.092831075191487256e-01 3.141336441040039062e-01 3.029603362083435059e-01
1.001000000000000000e+05 3.255031255880996288e-01 3.255037883917487607e-01 3.154010191559791232e-01
1.002000000000000000e+05 3.266930693387984364e-01 3.264062654972076372e-01 3.166009998321533403e-01
1.003000000000000000e+05 3.262482128540675208e-01 3.260734885931015348e-01 3.160386428236961476e-01
1.004000000000000000e+05 3.262794121106465384e-01 3.260315128167470267e-01 3.155834496021270863e-01
1.005000000000000000e+05 3.249357387423515431e-01 3.247885406017302912e-01 3.146762192249297763e-01
1.006000000000000000e+05 3.258604804674783972e-01 3.253521414597828620e-01 3.158049392700194580e-01
1.007000000000000000e+05 3.296383393804229178e-01 3.295605306824051506e-01 3.206451237201689008e-01
1.008000000000000000e+05 3.359630608558653586e-01 3.350581240653990878e-01 3.263058269023894620e-01
1.009000000000000000e+05 3.377755072712897433e-01 3.375581732392312073e-01 3.277657932043077094e-01
1.010000000000000000e+05 3.280004193385433475e-01 3.288858304421113932e-01 3.177421718835832243e-01
1.011000000000000000e+05 3.277296000719073232e-01 3.285082119703294223e-01 3.183821445703505781e-01
1.012000000000000000e+05 3.310488831996918346e-01 3.322919042905169706e-01 3.234700369834893063e-01
1.013000000000000000e+05 3.496322452028591266e-01 3.498496609926226020e-01 3.396405166387559404e-01
1.014000000000000000e+05 3.406045740842823522e-01 3.428874886035924718e-01 3.308169418573385090e-01
1.015000000000000000e+05 3.261598492662122206e-01 3.278570314248400730e-01 3.122112274169934754e-01
1.016000000000000000e+05 3.013390274842569494e-01 3.076531092325847649e-01 2.927944719791412131e-01
1.017000000000000000e+05 3.077716994285599750e-01 3.131842201948165649e-01 3.011898809671390009e-01
1.018000000000000000e+05 3.327367675304414574e-01 3.318528435627620121e-01 3.208441537618635375e-01
1.019000000000000000e+05 3.314286952217420645e-01 3.325475172201792229e-01 3.222206208109850700e-01
1.020000000000000000e+05 3.431108713150024525e-01 3.426965355873113905e-01 3.330974698066707096e-01
1.021000000000000000e+05 3.461716290314993394e-01 3.456237316131592352e-01 3.352381688356401712e-01
1.022000000000000000e+05 3.423910691340765755e-01 3.431103642781574425e-01 3.322354847192764971e-01
1.023000000000000000e+05 3.406466034054758119e-01 3.420366251468658914e-01 3.303910920023919728e-01
1.024000000000000000e+05 3.433007868131006668e-01 3.454891157150271619e-01 3.329204285144803932e-01
1.025000000000000000e+05 3.410432885090508015e-01 3.445477535327273744e-01 3.340872004628178127e-01
1.026000000000000000e+05 3.437084525823588810e-01 3.450744110345836391e-01 3.324994629621515485e-01
1.027000000000000000e+05 3.252941260735193185e-01 3.294397751490278914e-01 3.178805950284008808e-01
1.028000000000000000e+05 3.329761532942450697e-01 3.363465782006587745e-01 3.259969103336314289e-01
1.029000000000000000e+05 3.510732820630076967e-01 3.492520675063131019e-01 3.369395238161098649e-01
1.030000000000000000e+05 3.285188347101223316e-01 3.307994117339449480e-01 3.181786030530938669e-01
1.031000000000000000e+05 3.287636321783076743e-01 3.320351782441137711e-01 3.196497040987020255e-01
1.032000000000000000e+05 3.374524235725407939e-01 3.397284126281738814e-01 3.278794550895696158e-01
1.033000000000000000e+05 3.420802141229308813e-01 3.424170499046647054e-01 3.290175765752786918e-01
1.034000000000000000e+05 3.286675510803855893e-01 3.312122013171514001e-01 3.185727155208586958e-01
1.035000000000000000e+05 3.354816228151321633e-01 3.367365509271624258e-01 3.230345010757449398e-01
1.036000000000000000e+05 3.338892141977952144e-01 3.319515923659009382e-01 3.174005579948416811e-01
1.037000000000000000e+05 3.159738820791239688e-01 3.187947797775272929e-01 3.065984079241755311e-01
1.038000000000000000e+05 3.312315464019767175e-01 3.295404773950574850e-01 3.180220472812656518e-01
1.039000000000000000e+05 3.323588280876482171e-01 3.283531223734222348e-01 3.158610025048250169e-01
1.040000000000000000e+05 3.108384450276685529e-01 3.109497368335726875e-01 2.987655282020567626e-01
1.041000000000000000e+05 3.233902722597130630e-01 3.225116938352594054e-01 3.108898234367376001e-01
1.042000000000000000e+05 3.366472486654917828e-01 3.330329535404840668e-01 3.215748840570449851e-01
1.043000000000000000e+05 3.307776307066283006e-01 3.273375000556307257e-01 3.162745711207388122e-01
1.044000000000000000e+05 3.308013486862179664e-01 3.286048960685726827e-01 3.180700504779817583e-01
1.045000000000000000e+05 3.411573087175683860e-01 3.372272883852323044e-01 3.264815747737884744e-01
1.046000000000000000e+05 3.399677596489582565e-01 3.357909140984220997e-01 3.247799789905547185e-01
1.047000000000000000e+05 3.335252934694292737e-01 3.305234038829804044e-01 3.201799237728119030e-01
1.048000000000000000e+05 3.410331932703656865e-01 3.375544770558670526e-01 3.271212685108185192e-01
1.049000000000000000e+05 3.439180358250935043e-01 3.398992665608723818e-01 3.293109962344169528e-01
1.050000000000000000e+05 3.431321233510971069e-01 3.397547602653503418e-01 3.299343287944793701e-01
1.051000000000000000e+05 3.491228710611661290e-01 3.448837328950564163e-01 3.347402662038803101e-01
1.052000000000000000e+05 3.477814523379008094e-01 3.438066959381102516e-01 3.338572561740875133e-01
1.053000000000000000e+05 3.495606964826581398e-01 3.461385273933410001e-01 3.363479220867156561e-01
1.054000000000000000e+05 3.510985704263049345e-01 3.458780203262962205e-01 3.352758753299713845e-01
1.055000000000000000e+05 3.392826343576111903e-01 3.356980875134470410e-01 3.253546893596649947e-01
1.056000000000000000e+05 3.418020749092103849e-01 3.383862447738649193e-01 3.274795806407927445e-01
1.057000000000000000e+05 3.460143177707989959e-01 3.422157291571298887e-01 3.316777005791663457e-01
1.058000000000000000e+05 3.476485198736190552e-01 3.435557790597280614e-01 3.336927068233489502e-01
1.059000000000000000e+05 3.490509873628616089e-01 3.447926795482635365e-01 3.349819856882095270e-01
1.060000000000000000e+05 3.496714452902475734e-01 3.455711881319681877e-01 3.355401217937469260e-01
1.061000000000000000e+05 3.479491470257438102e-01 3.434163448214530012e-01 3.331715831160547148e-01
1.062000000000000000e+05 3.423075234889980667e-01 3.382818287611006891e-01 3.278104674816132991e-01
1.063000000000000000e+05 3.420174283782642100e-01 3.375519058108329418e-01 3.264573055505752830e-01
1.064000000000000000e+05 3.371099158128100792e-01 3.331383371353148770e-01 3.221572792530061902e-01
1.065000000000000000e+05 3.392458155751228444e-01 3.357887372374530055e-01 3.245412528514858841e-01
1.066000000000000000e+05 3.463872589667637003e-01 3.428357160091400346e-01 3.320254850387570067e-01
1.067000000000000000e+05 3.541831061244007928e-01 3.502636573712034629e-01 3.400982332229610106e-01
1.068000000000000000e+05 3.595878517627714155e-01 3.551196110248565629e-01 3.451438188552854447e-01
1.069000000000000000e+05 3.589056036869684996e-01 3.547174243132271698e-01 3.444614061713219821e-01
1.070000000000000000e+05 3.571316589911777140e-01 3.526795049508413271e-01 3.425663113594056286e-01
1.071000000000000000e+05 3.575146275758743775e-01 3.532613211870193060e-01 3.428035175800322465e-01
1.072000000000000000e+05 3.615638776620229700e-01 3.573752474784849809e-01 3.471740114688875445e-01
1.073000000000000000e+05 3.691274809837340465e-01 3.652251713474595207e-01 3.557942935824401909e-01
1.074000000000000000e+05 3.781336385011670465e-01 3.729307591915129172e-01 3.633048748970034714e-01
1.075000000000000000e+05 3.721837227543199900e-01 3.664484570423757748e-01 3.563922569155684172e-01
1.076000000000000000e+05 3.613519859313961691e-01 3.561969506740571001e-01 3.464074301719660687e-01
1.077000000000000000e+05 3.606779903173448210e-01 3.560644918680191950e-01 3.452700269222260809e-01
1.078000000000000000e+05 3.637564561764399795e-01 3.586715410153071826e-01 3.483371645212174905e-01
1.079000000000000000e+05 3.640711104869842063e-01 3.585690876841544639e-01 3.481755495071410245e-01
1.080000000000000000e+05 3.594249129295349343e-01 3.529991626739507615e-01 3.419971346855158467e-01
1.081000000000000000e+05 3.478476362427077584e-01 3.429886677861213040e-01 3.312596225738520528e-01
1.082000000000000000e+05 3.503078196446097192e-01 3.453807801008224043e-01 3.333680385351184272e-01
1.083000000000000000e+05 3.519570681452752203e-01 3.466006419062614419e-01 3.349473354220389720e-01
1.084000000000000000e+05 3.532978614171343734e-01 3.481280231475832321e-01 3.363436412811280918e-01
1.085000000000000000e+05 3.574674109617871909e-01 3.523904701073963808e-01 3.409024804830553257e-01
1.086000000000000000e+05 3.608332628011702292e-01 3.547732853889465354e-01 3.435099196434021063e-01
1.087000000000000000e+05 3.615388051668803615e-01 3.567560779054958497e-01 3.454644221067430521e-01
1.088000000000000000e+05 3.676584561665852680e-01 3.620987474918366256e-01 3.508966159820558484e-01
1.089000000000000000e+05 3.697015920281409573e-01 3.642955902218817932e-01 3.530540433526039856e-01
1.090000000000000000e+05 3.752921889225646068e-01 3.709101716677352667e-01 3.597114324569704591e-01
1.091000000000000000e+05 3.841178677479430981e-01 3.787250912189482621e-01 3.687830471992494252e-01
1.092000000000000000e+05 3.821560728549954211e-01 3.751944160461422872e-01 3.655301511287687433e-01
1.093000000000000000e+05 3.720951895912484320e-01 3.665989192326862822e-01 3.558314150571821322e-01
1.094000000000000000e+05 3.735084734360377134e-01 3.677012358109157386e-01 3.562501221895218451e-01
1.095000000000000000e+05 3.734407246112823597e-01 3.667237505316735535e-01 3.561281830072402510e-01
1.096000000000000000e+05 3.686462235450745917e-01 3.619246784845986942e-01 3.510558128356933150e-01
1.097000000000000000e+05 3.650658951203027969e-01 3.585871021946271386e-01 3.472425457835197071e-01
1.098000000000000000e+05 3.634894919395449953e-01 3.566269099712371382e-01 3.452938246726989791e-01
1.099000000000000000e+05 3.598547738790514594e-01 3.531764665246008850e-01 3.417845979332923556e-01
1.100000000000000000e+05 3.584307829538981860e-01 3.521850009759266986e-01 3.401589095592498779e-01
1.101000000000000000e+05 3.594869658350944297e-01 3.528883582353591342e-01 3.408224031329155079e-01
1.102000000000000000e+05 3.582031488418578880e-01 3.513603009780247866e-01 3.395353394746780662e-01
1.103000000000000000e+05 3.551876600583394605e-01 3.476093281308811900e-01 3.356995543837548168e-01
1.104000000000000000e+05 3.475532233715059038e-01 3.412000894546509677e-01 3.283560788631439964e-01
1.105000000000000000e+05 3.421033551295599162e-01 3.362955758968986797e-01 3.231919273734093490e-01
1.106000000000000000e+05 3.392095603545508542e-01 3.343540449937184578e-01 3.207837140560149680e-01
1.107000000000000000e+05 3.431019386649133973e-01 3.374832996726036538e-01 3.238389906287192921e-01
1.108000000000000000e+05 3.429231774806975608e-01 3.364785349369049938e-01 3.234969007968903076e-01
1.109000000000000000e+05 3.411107274889945695e-01 3.352440725763639051e-01 3.221555104851722140e-01
1.110000000000000000e+05 3.443441778421402200e-01 3.388199925422671899e-01 3.253018766641614934e-01
1.111000000000000000e+05 3.501229491829871421e-01 3.435326430201531833e-01 3.306553190946577292e-01
1.112000000000000000e+05 3.548529148101804420e-01 3.476720861593880496e-01 3.348956024646758123e-01
1.113000000000000000e+05 3.542841219902042593e-01 3.467284855246542952e-01 3.341581621766092636e-01
1.114000000000000000e+05 3.500841794411336805e-01 3.450403682390848492e-01 3.312885576486585548e-01
1.115000000000000000e+05 3.552212809522946046e-01 3.484247252345085144e-01 3.353145375847816356e-01
1.116000000000000000e+05 3.561864495277407006e-01 3.510997211933140072e-01 3.373902833461758233e-01
1.117000000000000000e+05 3.609054578344026987e-01 3.545171314477920665e-01 3.413911473751071179e-01
1.118000000000000000e+05 3.526678329706193216e-01 3.456847727298745787e-01 3.324271529912956047e-01
1.119000000000000000e+05 3.405232232809070059e-01 3.347282123565674672e-01 3.199239149689678818e-01
1.120000000000000000e+05 3.370639185110730907e-01 3.333377003669740768e-01 3.174551010131830275e-01
1.121000000000000000e+05 3.494879681865385446e-01 3.443746138612426844e-01 3.292120391130439194e-01
1.122000000000000000e+05 3.609011900424963226e-01 3.556767100095754586e-01 3.417608529329291822e-01
1.123000000000000000e+05 3.713015364607176738e-01 3.642923261721927597e-01 3.518238729238507001e-01
1.124000000000000000e+05 3.720628980795541163e-01 3.644108859697975933e-01 3.522345435619359533e-01
1.125000000000000000e+05 3.582402914762496948e-01 3.484609276056289673e-01 3.373327478766457443e-01
1.126000000000000000e+05 3.452430315812426431e-01 3.414413909117382517e-01 3.270176351070394061e-01
1.127000000000000000e+05 3.646924486756319417e-01 3.596000251173965823e-01 3.437604433298104278e-01
1.128000000000000000e+05 3.600610375404368346e-01 3.519390821456907514e-01 3.406589329242716846e-01
1.129000000000000000e+05 3.576804310083377958e-01 3.536648482084266965e-01 3.392063042521464844e-01
1.130000000000000000e+05 3.696968545516334803e-01 3.627968758344650713e-01 3.495259344577785754e-01
1.131000000000000000e+05 3.696574953198431546e-01 3.599224054813380813e-01 3.474870464205752629e-01
1.132000000000000000e+05 3.485410722096758396e-01 3.413863054911294714e-01 3.284225702285786253e-01
1.133000000000000000e+05 3.423976413408912900e-01 3.400773779551199971e-01 3.235431155562384919e-01
1.134000000000000000e+05 3.614239561557767710e-01 3.553970032930374168e-01 3.397532552480689860e-01
1.135000000000000000e+05 3.550800412893296842e-01 3.463699916998552730e-01 3.334136143326781321e-01
1.136000000000000000e+05 3.395120143890381081e-01 3.360379731655120938e-01 3.197993111610412664e-01
1.137000000000000000e+05 3.500156477093706031e-01 3.460954126715667378e-01 3.277780291438107119e-01
1.138000000000000000e+05 3.531864353020982561e-01 3.464070640007654855e-01 3.317591667175291970e-01
1.139000000000000000e+05 3.566399239500366303e-01 3.519321280717855327e-01 3.360788947343830713e-01
1.140000000000000000e+05 3.661902189254760964e-01 3.583818733692170633e-01 3.444952845573424627e-01
1.141000000000000000e+05 3.527939126888915422e-01 3.448815910021464926e-01 3.323039996623986525e-01
1.142000000000000000e+05 3.369011787573490402e-01 3.362514283259705472e-01 3.195826053619386653e-01
1.143000000000000000e+05 3.553788357973091672e-01 3.501770952343944421e-01 3.340724694728854360e-01
1.144000000000000000e+05 3.611589539051057729e-01 3.533777856826783026e-01 3.395812106132506947e-01
1.145000000000000000e+05 3.583705842494964156e-01 3.509512469172477167e-01 3.363788411021231828e-01
1.146000000000000000e+05 3.521277272701260341e-01 3.442541968822481202e-01 3.293414402008055797e-01
1.147000000000000000e+05 3.463322723905245537e-01 3.405291739106178217e-01 3.252132850885391391e-01
1.148000000000000000e+05 3.515508190790811449e-01 3.462321356932328564e-01 3.301353180408478361e-01
1.149000000000000000e+05 3.594451501965520990e-01 3.513363382220268116e-01 3.363090032339096092e-01
1.150000000000000000e+05 3.623123417298000359e-01 3.536367863416671753e-01 3.391464799642562866e-01
1.151000000000000000e+05 3.618684659401574799e-01 3.523196258147557880e-01 3.385508045554161405e-01
1.152000000000000000e+05 3.528900563716876326e-01 3.419736981391904851e-01 3.301597797870636786e-01
1.153000000000000000e+05 3.329860578974089269e-01 3.313281570871670634e-01 3.177523285150528620e-01
1.154000000000000000e+05 3.525282478332524838e-01 3.489853874842338555e-01 3.310125762224194745e-01
1.155000000000000000e+05 3.718808174133300670e-01 3.638084694743154435e-01 3.492691174149511468e-01
1.156000000000000000e+05 3.783162442843118756e-01 3.687116579214732570e-01 3.561756944656371271e-01
1.157000000000000000e+05 3.785545123616854690e-01 3.687352993090947662e-01 3.562751692533493442e-01
1.158000000000000000e+05 3.728492903709417772e-01 3.619533652067181140e-01 3.497337341308596192e-01
1.159000000000000000e+05 3.600048623482393628e-01 3.532658781607942444e-01 3.401990067958833297e-01
1.160000000000000000e+05 3.704909324646004642e-01 3.644575138886773646e-01 3.485172033309931749e-01
1.161000000000000000e+05 3.832865077257159303e-01 3.748700684309004827e-01 3.623204642534253450e-01
1.162000000000000000e+05 3.827517990271250281e-01 3.735056094328561560e-01 3.626541745662690275e-01
1.163000000000000000e+05 3.801596246163050363e-01 3.700710336367288855e-01 3.580317303538324558e-01
1.164000000000000000e+05 3.795808708667756104e-01 3.684023773670195845e-01 3.557780683040619452e-01
1.165000000000000000e+05 3.689905290802318327e-01 3.571177298823988155e-01 3.469576716423041218e-01
1.166000000000000000e+05 3.484448772668830574e-01 3.414366888999939009e-01 3.306359624862676427e-01
1.167000000000000000e+05 3.530267223715790603e-01 3.469415715336794936e-01 3.339055874943729352e-01
1.168000000000000000e+05 3.583049190044401699e-01 3.508624275525411007e-01 3.356899213790894287e-01
1.169000000000000000e+05 3.422766270240143460e-01 3.357597450415274465e-01 3.246690124273311495e-01
1.170000000000000000e+05 3.129398465156555398e-01 3.081739485263827460e-01 2.874582678079631859e-01
1.171000000000000000e+05 2.921264343460410196e-01 2.875277375181500283e-01 2.425543887913252372e-01
1.172000000000000000e+05 2.397895741462718056e-01 2.574508432547255588e-01 2.253333508968355658e-01
1.173000000000000000e+05 2.282218967378141505e-01 2.483057460188866084e-01 2.173001833260064242e-01
1.174000000000000000e+05 2.293973502516747087e-01 2.420225719610855364e-01 2.086853182315822619e-01
1.175000000000000000e+05 2.056446882585657721e-01 1.999681244293822491e-01 1.951910480856879626e-01
1.176000000000000000e+05 1.046883839368778907e-01 8.342144191265636610e-02 1.178667002916257700e-01
1.177000000000000000e+05 2.611740060771480451e-02 2.757113844777115547e-02 3.932126771658411846e-02
1.178000000000000000e+05 4.359308066467413451e-02 4.382994537552131753e-02 4.577646933496116316e-02
1.179000000000000000e+05 4.985667947679717910e-02 5.645162094384465618e-02 5.115447152406028125e-02
1.180000000000000000e+05 7.828268061081769535e-02 7.842445522546787062e-02 7.050728648901086193e-02
1.181000000000000000e+05 7.815789724389601845e-02 7.428765495618167014e-02 7.140367493033375479e-02
1.182000000000000000e+05 5.838285505771588502e-02 5.716576978564299333e-02 5.936206050217075064e-02
1.183000000000000000e+05 5.603488899767403164e-02 5.567883599549532103e-02 5.342672526836388103e-02
1.184000000000000000e+05 5.894089822967853165e-02 5.818207765618960831e-02 5.514742925763142095e-02
1.185000000000000000e+05 5.687455255538224896e-02 5.328880343586215457e-02 5.280442964285585183e-02
1.186000000000000000e+05 4.627696608503659159e-02 4.667353381713259391e-02 4.418054901063418749e-02
1.187000000000000000e+05 5.442810263484690325e-02 5.384885339687260630e-02 5.023344516754177369e-02
1.188000000000000000e+05 5.422736689448381248e-02 5.130014628171886831e-02 5.004536300897586415e-02
1.189000000000000000e+05 4.279499943057796935e-02 4.215337689965974188e-02 4.184934627264710189e-02
1.190000000000000000e+05 5.190393440425476734e-02 5.239858130613986309e-02 4.766728915274175138e-02
1.191000000000000000e+05 5.785092461854231954e-02 5.721435058861957385e-02 5.361273452639590126e-02
1.192000000000000000e+05 6.159592057267824355e-02 5.970943967501311789e-02 5.615932792425159387e-02
1.193000000000000000e+05 5.522118738542017985e-02 5.047414387265912461e-02 5.082204323261958062e-02
1.194000000000000000e+05 3.963458292186285148e-02 3.760709539055805822e-02 3.803306713700274622e-02
1.195000000000000000e+05 3.444533000389731620e-02 3.369751324256259339e-02 3.290990255773063033e-02
1.196000000000000000e+05 3.383883362015082524e-02 3.283964509765304601e-02 3.204014971852301580e-02
1.197000000000000000e+05 3.155282571911791761e-02 2.987549172714378323e-02 2.986737942323086301e-02
1.198000000000000000e+05 2.403421199570056344e-02 2.142538844297319986e-02 2.351520124822850319e-02
1.199000000000000000e+05 1.449946482665824890e-02 1.918497021620438683e-02 1.827926198020576876e-02
