9.000000000000000000e+04 2.435136958956718445e-02 2.550359629094600677e-02 3.337720781564712524e-02
9.010000000000000000e+04 3.739162671069138494e-02 4.197340026497874133e-02 4.628094539046398448e-02
9.020000000000000000e+04 3.245551367600665177e-02 3.056612573563984372e-02 4.616182416677296063e-02
9.030000000000000000e+04 2.125318743288502968e-02 2.352722149342339683e-02 2.899330835789441091e-02
9.040000000000000000e+04 4.702549527088970699e-02 4.842047497630221076e-02 5.447673752903915700e-02
9.050000000000000000e+04 6.296955992778131839e-02 6.019740216434010804e-02 7.623674198985125328e-02
9.060000000000000000e+04 4.282755196094301109e-02 3.885705478489352022e-02 5.719107329845453391e-02
9.070000000000000000e+04 2.558057285845279083e-02 2.619605392217636344e-02 3.412581339478495956e-02
9.080000000000000000e+04 2.729958350459717881e-02 2.774943709373467113e-02 3.521264478564259393e-02
9.090000000000000000e+04 2.972322210669523651e-02 3.016550209373225835e-02 3.815624445676801119e-02
9.100000000000000000e+04 3.260885675748176338e-02 3.286229446530334469e-02 4.144411906600017903e-02
9.110000000000000000e+04 3.476660867532103266e-02 3.504789471626277436e-02 4.426538154482852205e-02
9.120000000000000000e+04 3.776004835963243239e-02 3.787841022014615949e-02 4.752220928668971639e-02
9.130000000000000000e+04 4.058033302426348327e-02 4.057062778621913640e-02 5.094352543354039448e-02
9.140000000000000000e+04 4.287197937568029693e-02 4.272849023342135955e-02 5.365355804562577796e-02
9.150000000000000000e+04 4.494491145014751360e-02 4.466599151492123970e-02 5.615506283938881404e-02
9.160000000000000000e+04 4.690273423989618079e-02 4.649369344115264480e-02 5.844878613948817359e-02
9.170000000000000000e+04 4.870672588547063364e-02 4.822306968271743155e-02 6.059394016861918697e-02
9.180000000000000000e+04 5.093221455812465409e-02 5.038293808698663528e-02 6.308560252189632234e-02
9.190000000000000000e+04 5.515025118986752184e-02 5.606141224503543435e-02 6.768005713820357538e-02
9.200000000000000000e+04 7.793740332126704307e-02 7.893434613943099698e-02 9.109710305929277774e-02
9.210000000000000000e+04 1.071615961194039568e-01 1.046332616358992690e-01 1.238626298308373591e-01
9.220000000000000000e+04 1.175225950280819887e-01 1.148054431378838364e-01 1.371427947282795323e-01
9.230000000000000000e+04 1.211106892426809245e-01 1.177360553294419659e-01 1.421200177073479454e-01
9.240000000000000000e+04 1.199510461091996827e-01 1.162897056341171409e-01 1.414466524124146363e-01
9.250000000000000000e+04 1.200867195924123082e-01 1.156672853976488113e-01 1.409951969981193542e-01
9.260000000000000000e+04 1.161474367976188943e-01 1.117340432107448711e-01 1.367328298091888272e-01
9.270000000000000000e+04 1.166721501946448858e-01 1.114676202088593776e-01 1.366481587290764299e-01
9.280000000000000000e+04 1.133048402269681565e-01 1.095842948555947882e-01 1.329291111230848643e-01
9.290000000000000000e+04 1.170412973562875991e-01 1.123871517181396634e-01 1.366205477714538541e-01
9.300000000000000000e+04 1.175862357020378279e-01 1.125737808644769328e-01 1.371273219585418535e-01
9.310000000000000000e+04 1.144012163082758216e-01 1.097290001809596849e-01 1.335724034905431401e-01
9.320000000000000000e+04 1.099731746315952136e-01 1.044763603806493496e-01 1.290707629919050636e-01
9.330000000000000000e+04 1.088469433784484408e-01 1.040211742371320858e-01 1.266438332200049977e-01
9.340000000000000000e+04 1.097627161939938450e-01 1.038759216666222812e-01 1.278360933065414151e-01
9.350000000000000000e+04 1.066573152939479241e-01 1.021783124655483987e-01 1.240679331123829554e-01
9.360000000000000000e+04 1.096838477253912203e-01 1.048556411266326344e-01 1.274482131004332219e-01
9.370000000000000000e+04 1.157457017898562285e-01 1.113157904893159467e-01 1.337653765082357782e-01
9.380000000000000000e+04 1.186462515592576622e-01 1.128432933986186770e-01 1.379188454151153154e-01
9.390000000000000000e+04 1.137444862723344802e-01 1.074276060611008693e-01 1.327281945943836194e-01
9.400000000000000000e+04 1.113077754775682882e-01 1.059816211462021179e-01 1.291788250207900612e-01
9.410000000000000000e+04 1.134557204445202222e-01 1.107272820174700217e-01 1.318844848871231767e-01
9.420000000000000000e+04 1.203581362962722195e-01 1.143459238111973891e-01 1.396868270635604203e-01
9.430000000000000000e+04 1.161892324686052413e-01 1.103179747611284234e-01 1.350515386462208534e-01
9.440000000000000000e+04 1.143813629945115706e-01 1.073557472229009907e-01 1.326122707128524203e-01
9.450000000000000000e+04 1.046365812420845670e-01 9.903239719569674471e-02 1.223321408033371666e-01
9.460000000000000000e+04 1.044752720991770911e-01 9.868973076343534601e-02 1.215313023328781078e-01
9.470000000000000000e+04 1.050742125511169439e-01 9.914323091506957453e-02 1.221160876750946034e-01
9.480000000000000000e+04 1.054583477973937977e-01 9.946174919605253739e-02 1.224442145228385737e-01
9.490000000000000000e+04 1.054192559917767891e-01 9.941418059170245569e-02 1.224939398467540796e-01
9.500000000000000000e+04 1.053300475080807957e-01 9.936755523085594177e-02 1.224288567900657654e-01
9.510000000000000000e+04 1.053886318206787437e-01 9.947211422026158711e-02 1.224809522926807448e-01
9.520000000000000000e+04 1.063742521405220409e-01 1.001025122404098355e-01 1.233303540945052956e-01
9.530000000000000000e+04 1.079088590542481296e-01 1.031987487524748531e-01 1.251383826136588939e-01
9.540000000000000000e+04 1.208572953939437422e-01 1.149285280704501894e-01 1.379718691110610462e-01
9.550000000000000000e+04 1.229073127110801578e-01 1.156009081751110390e-01 1.415363177657126548e-01
9.560000000000000000e+04 1.184171626965204172e-01 1.115154632925990374e-01 1.364397758245468328e-01
9.570000000000000000e+04 1.173076483607287807e-01 1.117957323789592478e-01 1.347082293033597111e-01
9.580000000000000000e+04 1.177790434161822553e-01 1.115293462574481614e-01 1.358009296655655063e-01
9.590000000000000000e+04 1.186683070659638739e-01 1.112994398176671840e-01 1.362650310993195057e-01
9.600000000000000000e+04 1.160219505429270492e-01 1.097366556525229131e-01 1.335583090782166138e-01
9.610000000000000000e+04 1.185711116592089581e-01 1.113877936452627448e-01 1.357664021849631364e-01
9.620000000000000000e+04 1.090123003721243516e-01 1.007100972533226807e-01 1.265285211801530640e-01
9.630000000000000000e+04 1.042074966430665550e-01 9.758095473051076052e-02 1.205135500431061546e-01
9.640000000000000000e+04 1.186214898029958192e-01 1.133087301254276091e-01 1.340621143579490693e-01
9.650000000000000000e+04 1.292546292146048714e-01 1.231494765728715218e-01 1.477986827492713262e-01
9.660000000000000000e+04 1.408353948593138449e-01 1.347063776850701555e-01 1.595353770256040804e-01
9.670000000000000000e+04 1.331899617115641921e-01 1.240035881102086734e-01 1.532913944125173233e-01
9.680000000000000000e+04 1.174542110164960157e-01 1.110245689749717324e-01 1.363713335990906217e-01
9.690000000000000000e+04 1.152464634180063036e-01 1.075205299258234631e-01 1.332507067918781984e-01
9.700000000000000000e+04 1.121066311995188303e-01 1.048988953232765781e-01 1.292992889881133811e-01
9.710000000000000000e+04 1.122262039780616005e-01 1.051989709585904320e-01 1.292629513144493147e-01
9.720000000000000000e+04 1.192776429653170239e-01 1.116940832138059586e-01 1.352798271179203315e-01
9.730000000000000000e+04 1.162436076005300134e-01 1.089418064057827013e-01 1.343663072586058493e-01
9.740000000000000000e+04 1.188639805714286068e-01 1.105381464958190979e-01 1.354287761449813055e-01
9.750000000000000000e+04 1.228258684277534485e-01 1.143653299659490585e-01 1.383483484387397766e-01
9.760000000000000000e+04 1.217337761322663803e-01 1.155402848124505166e-01 1.389664304256441607e-01
9.770000000000000000e+04 1.235620245337484546e-01 1.152612868696449994e-01 1.414375713467599660e-01
9.780000000000000000e+04 1.217508751153945495e-01 1.141803236305714148e-01 1.387652641534804498e-01
9.790000000000000000e+04 1.223372386892636055e-01 1.143679692596197006e-01 1.394509655237197998e-01
9.800000000000000000e+04 1.211686924099922291e-01 1.139167204499244718e-01 1.385402739048004483e-01
9.810000000000000000e+04 1.265028893947603983e-01 1.187844004482030147e-01 1.435336491465572240e-01
9.820000000000000000e+04 1.340492711464564279e-01 1.248019590973859227e-01 1.499533665180207143e-01
9.830000000000000000e+04 1.174491013089805497e-01 1.103522632271056597e-01 1.366348320245743264e-01
9.840000000000000000e+04 1.261512589454653055e-01 1.176116648316381658e-01 1.420388031005861418e-01
9.850000000000000000e+04 1.278195897738138853e-01 1.187670994549991088e-01 1.444444134831427973e-01
9.860000000000000000e+04 1.253658696015678975e-01 1.192114591598507217e-01 1.424629467725752607e-01
9.870000000000000000e+04 1.384422057867050748e-01 1.293770746886730438e-01 1.555481800436974149e-01
9.880000000000000000e+04 1.365650796890264806e-01 1.300444519519806386e-01 1.538739770650865146e-01
9.890000000000000000e+04 1.454051878054936908e-01 1.382667107880116708e-01 1.634499853849414319e-01
9.900000000000000000e+04 1.561689049005517416e-01 1.499939978122715456e-01 1.741389542818060077e-01
9.910000000000000000e+04 1.605111428101854976e-01 1.518512921035282126e-01 1.802075147628783569e-01
9.920000000000000000e+04 1.499952181180315425e-01 1.457696783542636598e-01 1.702950054407121327e-01
9.930000000000000000e+04 1.735442072153093873e-01 1.644368390738963626e-01 1.925818806886681611e-01
9.940000000000000000e+04 1.584951901435852351e-01 1.530234599113463878e-01 1.799919629096984608e-01
9.950000000000000000e+04 1.698948105176303902e-01 1.649592481553548151e-01 1.891921594738954493e-01
9.960000000000000000e+04 1.723848116397856123e-01 1.630639815330516273e-01 1.938960975408552945e-01
9.970000000000000000e+04 1.614577649037046148e-01 1.550446382164953341e-01 1.814310896396637007e-01
9.980000000000000000e+04 1.650970902045570121e-01 1.603239098191257817e-01 1.862109380960461635e-01
9.990000000000000000e+04 1.607944929599778583e-01 1.500064145028595919e-01 1.830529278516749014e-01
1.000000000000000000e+05 1.485260675350839610e-01 1.436817348003387451e-01 1.659420579671859741e-01
1.001000000000000000e+05 1.649638464053471698e-01 1.573851388692856235e-01 1.842706805467607123e-01
1.002000000000000000e+05 1.640805548429488114e-01 1.564841201901435441e-01 1.842592978477477217e-01
1.003000000000000000e+05 1.623519378900528110e-01 1.548679229617119235e-01 1.825383043289184604e-01
1.004000000000000000e+05 1.617008074124653139e-01 1.537684547901153331e-01 1.819577622413635354e-01
1.005000000000000000e+05 1.615686446428298839e-01 1.536722362041473278e-01 1.812080189585685563e-01
1.006000000000000000e+05 1.624198549985885198e-01 1.546388211846351779e-01 1.819130164384841764e-01
1.007000000000000000e+05 1.663509498039885681e-01 1.593713662028312106e-01 1.858045679330821431e-01
1.008000000000000000e+05 1.734587794542312433e-01 1.662389588356018022e-01 1.935860490798949618e-01
1.009000000000000000e+05 1.757259595394142782e-01 1.691715998947616872e-01 1.957619136571883411e-01
1.010000000000000000e+05 1.645401954650875520e-01 1.555414646863945427e-01 1.860388517379743256e-01
1.011000000000000000e+05 1.658814626932146319e-01 1.575687734782695026e-01 1.838260897994044296e-01
1.012000000000000000e+05 1.632745838165287344e-01 1.574038863182066483e-01 1.828014349937439054e-01
1.013000000000000000e+05 1.917280177275336173e-01 1.851017467677592843e-01 2.095508766174319359e-01
1.014000000000000000e+05 1.771831214427940504e-01 1.698082262277600119e-01 1.988539254665370737e-01
1.015000000000000000e+05 1.655134181181593112e-01 1.537171356379975762e-01 1.850822061300281263e-01
1.016000000000000000e+05 1.416575564940772691e-01 1.344775271415710738e-01 1.597356379032135176e-01
1.017000000000000000e+05 1.469404250383379573e-01 1.407036931812778446e-01 1.640320095419884883e-01
1.018000000000000000e+05 1.717239175240199422e-01 1.626699140667919319e-01 1.885767358541492744e-01
1.019000000000000000e+05 1.638040618101757329e-01 1.564907984435559285e-01 1.831279817223543938e-01
1.020000000000000000e+05 1.783832520246502185e-01 1.700921207666397095e-01 1.966795235872273173e-01
1.021000000000000000e+05 1.794000256061548393e-01 1.701167768239976175e-01 1.997406545281409651e-01
1.022000000000000000e+05 1.752625328302383767e-01 1.664453563094140109e-01 1.950574338436125155e-01
1.023000000000000000e+05 1.736072862148273499e-01 1.632068198919299218e-01 1.929362344741818447e-01
1.024000000000000000e+05 1.776879709959032771e-01 1.694706928730009554e-01 1.958417004346842960e-01
1.025000000000000000e+05 1.747750192880630493e-01 1.685256846249103546e-01 1.957450881600379944e-01
1.026000000000000000e+05 1.816432422399519020e-01 1.732172486186026317e-01 2.010207152366636218e-01
1.027000000000000000e+05 1.623674249649053325e-01 1.536828689277173754e-01 1.825104039907462505e-01
1.028000000000000000e+05 1.679848611354852472e-01 1.628938895463957204e-01 1.852106463909175826e-01
1.029000000000000000e+05 1.880789387226105558e-01 1.771765376627454092e-01 2.070259946584701582e-01
1.030000000000000000e+05 1.602720856666547400e-01 1.504970252513880558e-01 1.810084283351906242e-01
1.031000000000000000e+05 1.652466861406964305e-01 1.567957814037788944e-01 1.817914259433756896e-01
1.032000000000000000e+05 1.702449870109555841e-01 1.627346736192707422e-01 1.888307690620424084e-01
1.033000000000000000e+05 1.755177936951312356e-01 1.645383074879654961e-01 1.942514619231226203e-01
1.034000000000000000e+05 1.609483887751898268e-01 1.521032896637916632e-01 1.791335642337796574e-01
1.035000000000000000e+05 1.671286165714272187e-01 1.584633462131020132e-01 1.835934937000276435e-01
1.036000000000000000e+05 1.665185809135438233e-01 1.537800657749179845e-01 1.837352561950689189e-01
1.037000000000000000e+05 1.503726341327039084e-01 1.410838612914085133e-01 1.669410115480422230e-01
1.038000000000000000e+05 1.664411413669589224e-01 1.562099626660347906e-01 1.816766411066057241e-01
1.039000000000000000e+05 1.667223626375203549e-01 1.539481346309180543e-01 1.832689371705046311e-01
1.040000000000000000e+05 1.399708817402519623e-01 1.294406056404113770e-01 1.578264921903616003e-01
1.041000000000000000e+05 1.596620732545846466e-01 1.494609923660766559e-01 1.729708683490756016e-01
1.042000000000000000e+05 1.694794676701227298e-01 1.579982349276543574e-01 1.858390951156616011e-01
1.043000000000000000e+05 1.608049366871516228e-01 1.475888600945463591e-01 1.774980369210236164e-01
1.044000000000000000e+05 1.608196270465868105e-01 1.505684828758226401e-01 1.761102259159089134e-01
1.045000000000000000e+05 1.733011583487192586e-01 1.614817246794700845e-01 1.894802242517471258e-01
1.046000000000000000e+05 1.706980141003930640e-01 1.577837470173840961e-01 1.869635039567947021e-01
1.047000000000000000e+05 1.588198000192647119e-01 1.480640485882758206e-01 1.761899924278259311e-01
1.048000000000000000e+05 1.719685806830722474e-01 1.605554610490796397e-01 1.875884252786630402e-01
1.049000000000000000e+05 1.734405755996697440e-01 1.604350528120995489e-01 1.898247405886646366e-01
1.050000000000000000e+05 1.689268052577972412e-01 1.586425602436065674e-01 1.852438449859619141e-01
1.051000000000000000e+05 1.790475775798161528e-01 1.666585852205752782e-01 1.952578514814376498e-01
1.052000000000000000e+05 1.759176894028981197e-01 1.640363782644271851e-01 1.926860803365706976e-01
1.053000000000000000e+05 1.790627205371853603e-01 1.681062564253807678e-01 1.957001072168350064e-01
1.054000000000000000e+05 1.818114576737082100e-01 1.683532127737992490e-01 1.983493721485138639e-01
1.055000000000000000e+05 1.637688587109251415e-01 1.509302243590357751e-01 1.805032894015306810e-01
1.056000000000000000e+05 1.704833745956429725e-01 1.579807347059255240e-01 1.846977275609969493e-01
1.057000000000000000e+05 1.749482723077138424e-01 1.623136416077612665e-01 1.906433150172232305e-01
1.058000000000000000e+05 1.771892118453981257e-01 1.648144555091856922e-01 1.930281424522399536e-01
1.059000000000000000e+05 1.785577666759491366e-01 1.662344063818454176e-01 1.945027509331702931e-01
1.060000000000000000e+05 1.795684218406676802e-01 1.671860843896865456e-01 1.957399725914002186e-01
1.061000000000000000e+05 1.779790874322252914e-01 1.649069827795029419e-01 1.938933098316190373e-01
1.062000000000000000e+05 1.694775724411012319e-01 1.562503686547279669e-01 1.850842148065568182e-01
1.063000000000000000e+05 1.712271338701250867e-01 1.573488751053810086e-01 1.853947374224663158e-01
1.064000000000000000e+05 1.628803614775339303e-01 1.488367074728010608e-01 1.784270161390301423e-01
1.065000000000000000e+05 1.675006300210961085e-01 1.542148023843767923e-01 1.808892995119092961e-01
1.066000000000000000e+05 1.742631214857102706e-01 1.610949724912644210e-01 1.888952398300169366e-01
1.067000000000000000e+05 1.840360309680298678e-01 1.707605613768105601e-01 1.984754207730296816e-01
1.068000000000000000e+05 1.897586584091189299e-01 1.756784951686858887e-01 2.042922383546830756e-01
1.069000000000000000e+05 1.856631481647491588e-01 1.723591762781143399e-01 2.015019711852074069e-01
1.070000000000000000e+05 1.828694065411881897e-01 1.690910428762439355e-01 1.987388491630552589e-01
1.071000000000000000e+05 1.825703108310699485e-01 1.687072880566121424e-01 1.973681303858757230e-01
1.072000000000000000e+05 1.869861036539080812e-01 1.733009439706799382e-01 2.016827178001406318e-01
1.073000000000000000e+05 1.962320341666541901e-01 1.834977851808071991e-01 2.115875285863879351e-01
1.074000000000000000e+05 2.077943849563596845e-01 1.942810180783270946e-01 2.233509892225263305e-01
1.075000000000000000e+05 1.967756946881602520e-01 1.820246241986751556e-01 2.133574932813644409e-01
1.076000000000000000e+05 1.828959359725317313e-01 1.683546358346938443e-01 1.981655150651930042e-01
1.077000000000000000e+05 1.845494097471241102e-01 1.702836638689042281e-01 1.988279664516447443e-01
1.078000000000000000e+05 1.885492042700449844e-01 1.743004548549653143e-01 2.034177935123445968e-01
1.079000000000000000e+05 1.893807288010914136e-01 1.747826527059077595e-01 2.042224141955375771e-01
1.080000000000000000e+05 1.834436953067776210e-01 1.675243139266967829e-01 1.975990802049640560e-01
1.081000000000000000e+05 1.669166314601901735e-01 1.513496528565884680e-01 1.804195359349239913e-01
1.082000000000000000e+05 1.747093021869665364e-01 1.592220813035963023e-01 1.863614535331728217e-01
1.083000000000000000e+05 1.736527413129806963e-01 1.578076130151750966e-01 1.867915067076683089e-01
1.084000000000000000e+05 1.754884243011477496e-01 1.598683524131773170e-01 1.880937671661377930e-01
1.085000000000000000e+05 1.806596308946610274e-01 1.654460541903970128e-01 1.934908792376519304e-01
1.086000000000000000e+05 1.832885932922360128e-01 1.664158564805986451e-01 1.964769333600993872e-01
1.087000000000000000e+05 1.821959290901823403e-01 1.670491291582583693e-01 1.952864888310430758e-01
1.088000000000000000e+05 1.890019522110620576e-01 1.732075548171997104e-01 2.023563706874847712e-01
1.089000000000000000e+05 1.889886093139648282e-01 1.729372064769268136e-01 2.025187316536902760e-01
1.090000000000000000e+05 1.981305629014966652e-01 1.830046519637113789e-01 2.107367247343051864e-01
1.091000000000000000e+05 2.104815530776978083e-01 1.951116436719893543e-01 2.239170855283737493e-01
1.092000000000000000e+05 2.044228506088255626e-01 1.881187361478802167e-01 2.186945408582685879e-01
1.093000000000000000e+05 1.897307564814884329e-01 1.737421873211860146e-01 2.038764154911034132e-01
1.094000000000000000e+05 1.953382255633673847e-01 1.791071096062659684e-01 2.080820047855377608e-01
1.095000000000000000e+05 1.944085448980332198e-01 1.779690518975259317e-01 2.081045910716057823e-01
1.096000000000000000e+05 1.882316629091892735e-01 1.711997461318974512e-01 2.017121118307113048e-01
1.097000000000000000e+05 1.852781603733698046e-01 1.690240351855753220e-01 1.980648577213289241e-01
1.098000000000000000e+05 1.835451483726495414e-01 1.663178741931916893e-01 1.966165608167651513e-01
1.099000000000000000e+05 1.807753678162892230e-01 1.636064739525318612e-01 1.929345887899397705e-01
1.100000000000000000e+05 1.788882215817769461e-01 1.623624265193939209e-01 1.911626458168029785e-01
1.101000000000000000e+05 1.814894998073576793e-01 1.642789496481419087e-01 1.938314110040663951e-01
1.102000000000000000e+05 1.799975725015005024e-01 1.627949455380439392e-01 1.923739683628081232e-01
1.103000000000000000e+05 1.760678325096761698e-01 1.582832738757139202e-01 1.881182047724724027e-01
1.104000000000000000e+05 1.680466812849044922e-01 1.505885910987852239e-01 1.801169204711914329e-01
1.105000000000000000e+05 1.641170531511303987e-01 1.467821516096595447e-01 1.756884187459944457e-01
1.106000000000000000e+05 1.624743962287903132e-01 1.455703580379486273e-01 1.740399873256683327e-01
1.107000000000000000e+05 1.677878302335739091e-01 1.503891332447527818e-01 1.788109469413758368e-01
1.108000000000000000e+05 1.663428676128386186e-01 1.488880449533463435e-01 1.775937414169311834e-01
1.109000000000000000e+05 1.639196177323659354e-01 1.467330133914948043e-01 1.755110943317413352e-01
1.110000000000000000e+05 1.673008054494861674e-01 1.501796111464498706e-01 1.786478757858279698e-01
1.111000000000000000e+05 1.721162017186482485e-01 1.548584999144076435e-01 1.837758064270016978e-01
1.112000000000000000e+05 1.770689560969673226e-01 1.594820076227188022e-01 1.887525248527526234e-01
1.113000000000000000e+05 1.745856642723081498e-01 1.564976124465465024e-01 1.863845634460447598e-01
1.114000000000000000e+05 1.688431493441261422e-01 1.523203498125075550e-01 1.812900310754779198e-01
1.115000000000000000e+05 1.756987233956651961e-01 1.571725614368914004e-01 1.868440747261047585e-01
1.116000000000000000e+05 1.757178556919093693e-01 1.595769190788259295e-01 1.880258560180660676e-01
1.117000000000000000e+05 1.854057671626400949e-01 1.668361811339848511e-01 1.964308363199233354e-01
1.118000000000000000e+05 1.711231770118077922e-01 1.525137463212025701e-01 1.830316966772072562e-01
1.119000000000000000e+05 1.577477806806555638e-01 1.394619333744046841e-01 1.694766026735311792e-01
1.120000000000000000e+05 1.544440090656283293e-01 1.375712931156151675e-01 1.668439239263536933e-01
1.121000000000000000e+05 1.687780992190038576e-01 1.510761211812493288e-01 1.801279392838478766e-01
1.122000000000000000e+05 1.823909902572639075e-01 1.650422698259348120e-01 1.939321827888495220e-01
1.123000000000000000e+05 1.958578650156656553e-01 1.770936350524424385e-01 2.070907810330392118e-01
1.124000000000000000e+05 1.965716177225108885e-01 1.770156097412109997e-01 2.082835710048675792e-01
1.125000000000000000e+05 1.740349084138870239e-01 1.545301415026187897e-01 1.872108206152915955e-01
1.126000000000000000e+05 1.602184659242637532e-01 1.437742474675182125e-01 1.730193245410928671e-01
1.127000000000000000e+05 1.923256250222529218e-01 1.723948054015635167e-01 2.012742573022837378e-01
1.128000000000000000e+05 1.770866173505795116e-01 1.575571405887594423e-01 1.898412710428221406e-01
1.129000000000000000e+05 1.797625168164583287e-01 1.617692029476154036e-01 1.904527592658995239e-01
1.130000000000000000e+05 1.922558059295017829e-01 1.735145017504693687e-01 2.034212589263915127e-01
1.131000000000000000e+05 1.915059608221050258e-01 1.719223046302801039e-01 2.025403496623036093e-01
1.132000000000000000e+05 1.632062701384225656e-01 1.447943139076224017e-01 1.764320695400232453e-01
1.133000000000000000e+05 1.634428924322143817e-01 1.461911436915384888e-01 1.738906171917912469e-01
1.134000000000000000e+05 1.894694507122045013e-01 1.701780956983565130e-01 1.984554809331898761e-01
1.135000000000000000e+05 1.747139900922790035e-01 1.550258062779913126e-01 1.869270727038378488e-01
1.136000000000000000e+05 1.569272389014561564e-01 1.393341910839080433e-01 1.688684988021847688e-01
1.137000000000000000e+05 1.755463665723796252e-01 1.569525836408137420e-01 1.851449674367901532e-01
1.138000000000000000e+05 1.702377849817262589e-01 1.513065242767333285e-01 1.824815279245375621e-01
1.139000000000000000e+05 1.784995581706365908e-01 1.600023812055591244e-01 1.882263979315769442e-01
1.140000000000000000e+05 1.914737641811373459e-01 1.713162094354629406e-01 2.011795550584793424e-01
1.141000000000000000e+05 1.751547541220973836e-01 1.547394260764108076e-01 1.857217541337010391e-01
1.142000000000000000e+05 1.577229938904442241e-01 1.411251774430268002e-01 1.699362134933473378e-01
1.143000000000000000e+05 1.818921619653710853e-01 1.625325377285485873e-01 1.913503152132044194e-01
1.144000000000000000e+05 1.842967416842779260e-01 1.649672454595567384e-01 1.944640487432479636e-01
1.145000000000000000e+05 1.823041598002116959e-01 1.622992873191832497e-01 1.919304624199868747e-01
1.146000000000000000e+05 1.697585624456404707e-01 1.516009789705280997e-01 1.816544055938714985e-01
1.147000000000000000e+05 1.650729664166767918e-01 1.464165239036083199e-01 1.766822054982185308e-01
1.148000000000000000e+05 1.718916986385984058e-01 1.514352822303769996e-01 1.815714800357814684e-01
1.149000000000000000e+05 1.777097374200819757e-01 1.568919137120246554e-01 1.879251688718797386e-01
1.150000000000000000e+05 1.791475514570872174e-01 1.585797294974327087e-01 1.903811395168304443e-01
1.151000000000000000e+05 1.783861186107000008e-01 1.581056867539882282e-01 1.901897671818732483e-01
1.152000000000000000e+05 1.708101284503927286e-01 1.499236637353894008e-01 1.818911153078072163e-01
1.153000000000000000e+05 1.556159166495004742e-01 1.410891869664192000e-01 1.679941287636756986e-01
1.154000000000000000e+05 1.774185109138496919e-01 1.583582824468621753e-01 1.871599978208540460e-01
1.155000000000000000e+05 1.921375334262850898e-01 1.717661738395687976e-01 2.037104412913325890e-01
1.156000000000000000e+05 1.961271740992864276e-01 1.756551247835158591e-01 2.071718430519104148e-01
1.157000000000000000e+05 1.941912649075188957e-01 1.736505493521691978e-01 2.058148983120915709e-01
1.158000000000000000e+05 1.864681094884874102e-01 1.655970633029930639e-01 1.978682571649553190e-01
1.159000000000000000e+05 1.729216402769089278e-01 1.536182032525536811e-01 1.849959647655486372e-01
1.160000000000000000e+05 1.936265220244728358e-01 1.740917533636093251e-01 2.053012877702730110e-01
1.161000000000000000e+05 2.123584747314453958e-01 1.933367896080015469e-01 2.234854784607887557e-01
1.162000000000000000e+05 2.086902624368665304e-01 1.886500820517540422e-01 2.203087407350540761e-01
1.163000000000000000e+05 1.966319805383686947e-01 1.743617197871207281e-01 2.081599867343900401e-01
1.164000000000000000e+05 1.917751598358152509e-01 1.691986453533171897e-01 2.030586475133893953e-01
1.165000000000000000e+05 1.837855786085129950e-01 1.619411267340179206e-01 1.930639386177065153e-01
1.166000000000000000e+05 1.750854891538620728e-01 1.501569557189940396e-01 1.791340494155883867e-01
1.167000000000000000e+05 1.796017527580261175e-01 1.539570318162441220e-01 1.839723911881448459e-01
1.168000000000000000e+05 1.726690951983132771e-01 1.559742164611815918e-01 1.868640136718752176e-01
1.169000000000000000e+05 1.647754377126691150e-01 1.465267525613322686e-01 1.787671369314216829e-01
1.170000000000000000e+05 1.510898798704151669e-01 1.200383625924599656e-01 1.438160479068747721e-01
1.171000000000000000e+05 1.344825130701046700e-01 1.060787233710293737e-01 1.185819306969641829e-01
1.172000000000000000e+05 1.013323392470678458e-01 9.164354056119955461e-02 1.100642979145047967e-01
1.173000000000000000e+05 9.989415645599325488e-02 8.759956285357468897e-02 1.046680079400541113e-01
1.174000000000000000e+05 1.036220502853394676e-01 9.054580792784691634e-02 1.068346187472345166e-01
1.175000000000000000e+05 1.052817379434903416e-01 5.563640128821134567e-02 7.290084660053253174e-02
1.176000000000000000e+05 1.959371402859553385e-02 9.563148450106260037e-03 1.328571889549451032e-02
1.177000000000000000e+05 1.353675492107794809e-02 6.952877440489932392e-03 8.532665111124453430e-03
1.178000000000000000e+05 2.132420825461356709e-02 2.301604110747586598e-02 2.692746452987270986e-02
1.179000000000000000e+05 2.014121927320942917e-02 1.925393683835866995e-02 2.642846945673225575e-02
1.180000000000000000e+05 3.418686365087848095e-02 2.864874005317687850e-02 3.717314302921285313e-02
1.181000000000000000e+05 3.197047079602877151e-02 2.758867362514147090e-02 3.563058950006937203e-02
1.182000000000000000e+05 2.230871275067329226e-02 1.916840903460980544e-02 2.645395599305618711e-02
1.183000000000000000e+05 2.270925208926200325e-02 1.961779220029711765e-02 2.536286029964684649e-02
1.184000000000000000e+05 2.436010956764217070e-02 2.082083582878106395e-02 2.710159026086335354e-02
1.185000000000000000e+05 2.300018779933401050e-02 1.990486569702641650e-02 2.556254509836422550e-02
1.186000000000000000e+05 1.734871529042716909e-02 1.526348184794178338e-02 1.970663577318201506e-02
1.187000000000000000e+05 2.277719788253307343e-02 1.948475979268549790e-02 2.487131852656600944e-02
1.188000000000000000e+05 2.197208523750296752e-02 1.887855850160120863e-02 2.421908780932420166e-02
1.189000000000000000e+05 1.508176915347571312e-02 1.407044357620174969e-02 1.791447740048149329e-02
1.190000000000000000e+05 2.241259540120764393e-02 1.861398536711910551e-02 2.396071366965752195e-02
1.191000000000000000e+05 2.320237770676607941e-02 1.977935073897247112e-02 2.562576398253442120e-02
1.192000000000000000e+05 2.516069474319615473e-02 2.123498775064931732e-02 2.750314444303513309e-02
1.193000000000000000e+05 2.153069590528808308e-02 1.878785027191038140e-02 2.386817343533003191e-02
1.194000000000000000e+05 1.518354076892116343e-02 1.355555236339582408e-02 1.705540262162683757e-02
1.195000000000000000e+05 1.369438289354245851e-02 1.206842865794896351e-02 1.547262584790587078e-02
1.196000000000000000e+05 1.383234463632108772e-02 1.214272905141115626e-02 1.545457340776919090e-02
1.197000000000000000e+05 1.295291576534503622e-02 1.152845812030139742e-02 1.454925123602145154e-02
1.198000000000000000e+05 9.380037114024320291e-03 8.876724448055151040e-03 1.057741474360256693e-02
1.199000000000000000e+05 5.613418029000664076e-03 5.953300716355414135e-03 7.246741577983067777e-03
