9.000000000000000000e+04 1.631847955286502838e-02 2.266236580908298492e-02 2.005373500287532806e-02
9.010000000000000000e+04 2.816476469238684069e-02 2.898124838247952140e-02 2.864485941206467226e-02
9.020000000000000000e+04 1.863260472814060043e-02 3.244986943900655951e-02 2.796098557611147867e-02
9.030000000000000000e+04 1.427686775103181871e-02 1.931864693760865920e-02 1.701662346720677482e-02
9.040000000000000000e+04 3.257574851314168352e-02 3.356414847075939178e-02 3.372121689220163032e-02
9.050000000000000000e+04 4.099976308643817763e-02 4.855109564960012614e-02 4.745789232353366666e-02
9.060000000000000000e+04 2.576937660574822597e-02 3.949053417891106033e-02 3.551593400537927242e-02
9.070000000000000000e+04 1.735653373102346436e-02 2.337186001241226344e-02 2.098867467915018631e-02
9.080000000000000000e+04 1.883936616281656207e-02 2.405277453362941742e-02 2.227971357603883776e-02
9.090000000000000000e+04 2.060125153511759011e-02 2.607531640678651189e-02 2.434689735993732923e-02
9.100000000000000000e+04 2.273924052715303040e-02 2.831526100635528564e-02 2.665845279892279859e-02
9.110000000000000000e+04 2.420900507519648664e-02 3.023109771311276867e-02 2.851147415116429829e-02
9.120000000000000000e+04 2.623849935829625224e-02 3.239656761288643022e-02 3.074331566691406586e-02
9.130000000000000000e+04 2.812313561638188700e-02 3.479587733745582306e-02 3.315624804546445092e-02
9.140000000000000000e+04 2.958046227693555963e-02 3.656981661915769538e-02 3.486608395973830876e-02
9.150000000000000000e+04 3.093600980937483147e-02 3.819106239825481586e-02 3.648339025676244907e-02
9.160000000000000000e+04 3.216310044129695039e-02 3.964775279164314131e-02 3.797641669710476175e-02
9.170000000000000000e+04 3.334995016455643418e-02 4.098031017929320424e-02 3.932182140648367297e-02
9.180000000000000000e+04 3.466141298413271538e-02 4.257724359631542832e-02 4.091466687619693676e-02
9.190000000000000000e+04 3.751537774999929437e-02 4.527173191308947464e-02 4.390619918704041780e-02
9.200000000000000000e+04 5.106943572560983940e-02 5.777842923998832703e-02 5.758538246154693702e-02
9.210000000000000000e+04 6.914047956466640166e-02 7.744621336460179306e-02 7.781171984970541855e-02
9.220000000000000000e+04 7.680487026770860259e-02 8.733953908085802242e-02 8.700984433293346143e-02
9.230000000000000000e+04 7.902992929021510071e-02 9.117152020335192453e-02 9.031869488457842932e-02
9.240000000000000000e+04 7.729576647281649615e-02 9.073824137449264249e-02 8.924582600593540527e-02
9.250000000000000000e+04 7.714207097887990083e-02 8.963990025222297320e-02 8.861256018280988522e-02
9.260000000000000000e+04 7.305083562930428376e-02 8.622497394680966876e-02 8.478138933579133785e-02
9.270000000000000000e+04 7.385840103030208437e-02 8.612102866172789695e-02 8.464928619563581724e-02
9.280000000000000000e+04 7.131783515214901170e-02 8.336873501539229792e-02 8.188240428765623802e-02
9.290000000000000000e+04 7.405095453063646749e-02 8.610538020730021391e-02 8.474427943428360088e-02
9.300000000000000000e+04 7.463737875223160068e-02 8.650853484869003296e-02 8.524490892887112703e-02
9.310000000000000000e+04 7.249008814493806963e-02 8.432608321309091604e-02 8.285305629173918274e-02
9.320000000000000000e+04 6.929314643144635077e-02 8.172881752252578180e-02 7.967408190170935378e-02
9.330000000000000000e+04 6.938160926103592585e-02 8.049435727298263898e-02 7.896553605794907893e-02
9.340000000000000000e+04 7.088689267635345237e-02 8.206279948353754905e-02 8.037544717391320592e-02
9.350000000000000000e+04 6.848520065347357688e-02 7.968518510460849413e-02 7.817474404970811697e-02
9.360000000000000000e+04 6.956293314695354002e-02 8.081863671541214544e-02 7.928551316261280013e-02
9.370000000000000000e+04 7.346361562609640683e-02 8.424697406590006543e-02 8.328156895935516502e-02
9.380000000000000000e+04 7.543879350026459762e-02 8.765505105257051510e-02 8.607575252652169273e-02
9.390000000000000000e+04 7.231094613671294746e-02 8.526021316647551529e-02 8.303911156952366313e-02
9.400000000000000000e+04 7.068973481655120572e-02 8.216553181409835815e-02 8.057964295148854761e-02
9.410000000000000000e+04 7.371782933672234306e-02 8.458565212786214871e-02 8.399289761980395508e-02
9.420000000000000000e+04 7.659286051988607735e-02 8.959676250815405696e-02 8.797828271985072557e-02
9.430000000000000000e+04 7.364347477753960258e-02 8.612178824841990044e-02 8.416909009218218052e-02
9.440000000000000000e+04 7.349723239739731906e-02 8.504513800144195002e-02 8.366169621547062119e-02
9.450000000000000000e+04 6.790906041860580999e-02 8.023254387080663852e-02 7.833981588482848146e-02
9.460000000000000000e+04 6.790726105372110744e-02 7.984440103173257031e-02 7.820339908202490753e-02
9.470000000000000000e+04 6.817265927791595070e-02 8.010772578418254297e-02 7.846725754439828893e-02
9.480000000000000000e+04 6.840518295764923262e-02 8.030350655317305963e-02 7.867743521928786954e-02
9.490000000000000000e+04 6.850427453716595450e-02 8.047353886067867834e-02 7.888014751176039563e-02
9.500000000000000000e+04 6.857817620038986206e-02 8.046843484044075012e-02 7.892975956201553345e-02
9.510000000000000000e+04 6.858439683914184515e-02 8.061979226768016538e-02 7.906566679477693149e-02
9.520000000000000000e+04 6.897483547528586445e-02 8.089099824428558350e-02 7.933740456899009141e-02
9.530000000000000000e+04 6.960926115512845735e-02 8.164261355996148273e-02 8.032163163026161123e-02
9.540000000000000000e+04 7.670438379049315802e-02 8.752710595726929943e-02 8.674174830317488150e-02
9.550000000000000000e+04 7.800208454330762042e-02 8.984881639480597759e-02 8.835818208754056546e-02
9.560000000000000000e+04 7.513316045204801452e-02 8.681236803531647284e-02 8.530324389537168039e-02
9.570000000000000000e+04 7.520281627774219602e-02 8.638776354491725651e-02 8.547852963209175148e-02
9.580000000000000000e+04 7.436241934696832812e-02 8.619074076414116881e-02 8.468698446949324277e-02
9.590000000000000000e+04 7.469479863842325151e-02 8.607260026037701073e-02 8.469611446062726146e-02
9.600000000000000000e+04 7.252496033906936923e-02 8.399820327758789062e-02 8.271952867507934015e-02
9.610000000000000000e+04 7.415026128292089014e-02 8.522810377180577157e-02 8.386816911399359864e-02
9.620000000000000000e+04 6.772053341070841115e-02 8.006196171045364129e-02 7.784016182025223218e-02
9.630000000000000000e+04 6.319283142685891419e-02 7.547245956957335244e-02 7.396796539425824768e-02
9.640000000000000000e+04 7.355070124069906790e-02 8.371982872486113947e-02 8.382972975571884033e-02
9.650000000000000000e+04 8.176203419764836722e-02 9.350242465734487363e-02 9.256984318296108960e-02
9.660000000000000000e+04 9.172097265720335901e-02 1.017924085259441364e-01 1.025875931978227351e-01
9.670000000000000000e+04 8.638340880473499572e-02 9.901632405817553662e-02 9.660846394797098502e-02
9.680000000000000000e+04 7.476593633492788216e-02 8.744864165782928467e-02 8.615871012210850333e-02
9.690000000000000000e+04 7.411788463592516862e-02 8.666979707777487663e-02 8.526821769773978987e-02
9.700000000000000000e+04 7.227955311536789218e-02 8.466587215662002563e-02 8.350035150845847021e-02
9.710000000000000000e+04 7.203533838192621719e-02 8.436490669846533064e-02 8.330274348457654410e-02
9.720000000000000000e+04 7.542609781026830829e-02 8.655426800251006525e-02 8.609830617904670746e-02
9.730000000000000000e+04 7.383762588103606750e-02 8.610382340848439509e-02 8.466573881606262453e-02
9.740000000000000000e+04 7.552096823851252305e-02 8.677603229880323510e-02 8.580751041571299531e-02
9.750000000000000000e+04 7.779078930616378784e-02 8.837173506617525265e-02 8.813127316534499767e-02
9.760000000000000000e+04 7.735555986563345809e-02 8.890143334865570346e-02 8.863882283369695081e-02
9.770000000000000000e+04 7.794977252682057378e-02 8.969294391572459058e-02 8.845146271089704415e-02
9.780000000000000000e+04 7.636276930570604082e-02 8.772033303976052576e-02 8.704706043004993565e-02
9.790000000000000000e+04 7.668262099226313966e-02 8.796689435839656623e-02 8.717370589574172102e-02
9.800000000000000000e+04 7.582984914382298602e-02 8.715784549713134766e-02 8.657612750927594358e-02
9.810000000000000000e+04 7.928085967898364228e-02 9.026369899511349493e-02 8.983269289135928370e-02
9.820000000000000000e+04 8.560830245415365636e-02 9.524885192513413146e-02 9.570777550339701345e-02
9.830000000000000000e+04 7.452386205395040986e-02 8.787415772676501757e-02 8.619165457785106510e-02
9.840000000000000000e+04 7.988676488399502895e-02 9.013992398977280218e-02 9.014716506004347152e-02
9.850000000000000000e+04 8.058828165133793964e-02 9.137592650949949435e-02 9.079778542121244578e-02
9.860000000000000000e+04 7.790710220734270441e-02 9.002691060304700288e-02 9.043238977591151750e-02
9.870000000000000000e+04 8.962233796715739220e-02 9.989955313503727508e-02 9.948315240442758001e-02
9.880000000000000000e+04 8.681388735771200516e-02 9.743006378412247259e-02 9.782298674186080956e-02
9.890000000000000000e+04 9.448897649844502367e-02 1.041866805404426527e-01 1.048871170729401003e-01
9.900000000000000000e+04 1.044847130775451716e-01 1.134784705936908722e-01 1.159236505627636860e-01
9.910000000000000000e+04 1.114021602272993183e-01 1.207703132182363498e-01 1.203308607389535767e-01
9.920000000000000000e+04 9.814603418111803035e-02 1.099451273679733221e-01 1.114275368054704896e-01
9.930000000000000000e+04 1.240410119295124458e-01 1.318920060992239129e-01 1.329281774163245389e-01
9.940000000000000000e+04 1.069706339637438858e-01 1.195141650736338129e-01 1.195895008742809684e-01
9.950000000000000000e+04 1.175279942651589749e-01 1.266541425138706101e-01 1.297222952047995259e-01
9.960000000000000000e+04 1.228974416852006007e-01 1.329822391271591187e-01 1.318350619077694463e-01
9.970000000000000000e+04 1.093264592687289427e-01 1.207967441529037150e-01 1.221959994733332056e-01
9.980000000000000000e+04 1.108922750751178132e-01 1.240995667874807140e-01 1.257772408425807398e-01
9.990000000000000000e+04 1.116996219754203545e-01 1.247070271521820706e-01 1.206356087326994342e-01
1.000000000000000000e+05 9.607153385877609253e-02 1.066287532448768616e-01 1.103760277231547737e-01
1.001000000000000000e+05 1.138245320816834716e-01 1.246769148856403941e-01 1.261932698885599446e-01
1.002000000000000000e+05 1.127074503898620461e-01 1.245179213583470501e-01 1.255521899461746749e-01
1.003000000000000000e+05 1.105668715139229291e-01 1.227807153016329256e-01 1.236751623451709942e-01
1.004000000000000000e+05 1.092234338323274240e-01 1.217128306627273532e-01 1.223737327257791857e-01
1.005000000000000000e+05 1.097006939351558297e-01 1.215205080807209154e-01 1.226712889969348991e-01
1.006000000000000000e+05 1.105089028676350671e-01 1.222210720181466093e-01 1.236096656322479004e-01
1.007000000000000000e+05 1.134954529503982568e-01 1.253357619047163196e-01 1.276387386023993264e-01
1.008000000000000000e+05 1.213674294948579868e-01 1.329165220260620228e-01 1.346892929077148082e-01
1.009000000000000000e+05 1.219894919296109770e-01 1.343431547284127947e-01 1.365095876157283450e-01
1.010000000000000000e+05 1.134782299399375860e-01 1.274744756519794464e-01 1.244118059674891308e-01
1.011000000000000000e+05 1.130834694206713925e-01 1.231683198362585469e-01 1.258967623114591317e-01
1.012000000000000000e+05 1.079827903707823306e-01 1.219411581754684393e-01 1.242854116360344319e-01
1.013000000000000000e+05 1.384748622775093252e-01 1.468665920197966823e-01 1.499961103002225293e-01
1.014000000000000000e+05 1.244022616744053095e-01 1.376429423689854714e-01 1.368450334668161461e-01
1.015000000000000000e+05 1.155505664646632180e-01 1.260064318776136782e-01 1.239779096096750022e-01
1.016000000000000000e+05 9.110702693462370549e-02 1.030725359916686984e-01 1.031723719835281605e-01
1.017000000000000000e+05 9.357040062546766179e-02 1.057787138968711294e-01 1.079894289374369459e-01
1.018000000000000000e+05 1.189821149905533060e-01 1.278700083494181128e-01 1.309343830744421344e-01
1.019000000000000000e+05 1.090549914042155399e-01 1.221558228135108115e-01 1.235965003321568417e-01
1.020000000000000000e+05 1.225787296891212436e-01 1.336958706378936768e-01 1.369383782148361206e-01
1.021000000000000000e+05 1.246105702221393524e-01 1.368972726166245713e-01 1.374207941194372784e-01
1.022000000000000000e+05 1.193326624234515437e-01 1.314436987042429950e-01 1.326085120439528531e-01
1.023000000000000000e+05 1.187584954500187640e-01 1.296074979007246775e-01 1.300710104405873868e-01
1.024000000000000000e+05 1.215081980824453539e-01 1.314279526472091619e-01 1.363403594493863835e-01
1.025000000000000000e+05 1.194939650595188418e-01 1.327712461352350548e-01 1.347820075849691657e-01
1.026000000000000000e+05 1.270445126295089711e-01 1.380254447460171618e-01 1.389735391736030001e-01
1.027000000000000000e+05 1.115208753446727263e-01 1.228184722363958037e-01 1.214477422088375558e-01
1.028000000000000000e+05 1.086338482300467367e-01 1.223137184977531461e-01 1.279690490166371097e-01
1.029000000000000000e+05 1.333869972825047212e-01 1.439716428518293956e-01 1.446278822422034926e-01
1.030000000000000000e+05 1.079586644967404363e-01 1.217015013098716736e-01 1.194687423606717730e-01
1.031000000000000000e+05 1.078282628953458472e-01 1.190043527632947407e-01 1.218603030840555990e-01
1.032000000000000000e+05 1.118609139323236829e-01 1.246524989604949896e-01 1.272192093729975215e-01
1.033000000000000000e+05 1.198746406038615070e-01 1.314265042543406037e-01 1.308968335390083282e-01
1.034000000000000000e+05 1.068036436041200771e-01 1.181266888976104101e-01 1.185709627966083091e-01
1.035000000000000000e+05 1.098327383399008150e-01 1.215965803712602405e-01 1.242378555238242699e-01
1.036000000000000000e+05 1.121897937854127308e-01 1.224408119916915866e-01 1.212309873104097935e-01
1.037000000000000000e+05 9.440741876761125917e-02 1.066989153623582182e-01 1.078628791371982754e-01
1.038000000000000000e+05 1.086182698607457142e-01 1.201386734843240267e-01 1.235739773511893014e-01
1.039000000000000000e+05 1.126782382527982546e-01 1.236241411417729752e-01 1.229957716663696854e-01
1.040000000000000000e+05 8.670230160156910948e-02 9.987583011388778687e-02 9.952366203069769324e-02
1.041000000000000000e+05 1.011888898909098639e-01 1.131680212914954603e-01 1.172505175322287874e-01
1.042000000000000000e+05 1.132091898719470024e-01 1.249951086938381056e-01 1.261418174703915762e-01
1.043000000000000000e+05 1.058264317115162056e-01 1.174117602407938332e-01 1.166182386626794520e-01
1.044000000000000000e+05 1.017891713976852575e-01 1.150696516036987249e-01 1.179494053125392794e-01
1.045000000000000000e+05 1.163520470261573542e-01 1.280735880136490423e-01 1.294135794043541066e-01
1.046000000000000000e+05 1.142297218243279316e-01 1.259985350072377885e-01 1.261233102281892893e-01
1.047000000000000000e+05 1.004016242921347835e-01 1.144940480589869691e-01 1.157133565098047434e-01
1.048000000000000000e+05 1.133971208333974107e-01 1.256732538342476002e-01 1.277217948436739081e-01
1.049000000000000000e+05 1.160516142348450713e-01 1.278939567506311159e-01 1.280246628324187008e-01
1.050000000000000000e+05 1.084881201386451721e-01 1.236341185867786407e-01 1.255921199917793274e-01
1.051000000000000000e+05 1.206461027264595920e-01 1.330341912806034532e-01 1.339601946373781827e-01
1.052000000000000000e+05 1.176074412465096392e-01 1.306182980537414495e-01 1.314487036069234283e-01
1.053000000000000000e+05 1.196994575858110060e-01 1.331636473536494947e-01 1.352031314373016990e-01
1.054000000000000000e+05 1.243808037042620357e-01 1.361919358372692124e-01 1.357253594199812896e-01
1.055000000000000000e+05 1.051288311680157322e-01 1.188053172081715014e-01 1.181992868582398548e-01
1.056000000000000000e+05 1.100106176733975233e-01 1.227271616458892878e-01 1.246464580297468872e-01
1.057000000000000000e+05 1.156294433275859984e-01 1.283736929297447926e-01 1.294142386317252424e-01
1.058000000000000000e+05 1.179652671019235100e-01 1.308025404810903847e-01 1.318536403775215082e-01
1.059000000000000000e+05 1.192444011569022827e-01 1.323776148259639129e-01 1.333515094220638630e-01
1.060000000000000000e+05 1.202345177531242565e-01 1.334180086851119995e-01 1.343223104874293194e-01
1.061000000000000000e+05 1.191673881808918145e-01 1.318503506481645826e-01 1.320500677327311190e-01
1.062000000000000000e+05 1.104705145955092449e-01 1.236648842692381484e-01 1.235331681370738788e-01
1.063000000000000000e+05 1.113711495697497084e-01 1.237324446439742182e-01 1.245178523163000400e-01
1.064000000000000000e+05 1.036483488480252624e-01 1.169265925884246798e-01 1.164229188362756323e-01
1.065000000000000000e+05 1.061798818409444706e-01 1.193403620272878718e-01 1.210459597408775484e-01
1.066000000000000000e+05 1.132574837406478685e-01 1.265927970409397307e-01 1.279741276303924535e-01
1.067000000000000000e+05 1.223187211155900428e-01 1.356014661490913265e-01 1.370770488679413368e-01
1.068000000000000000e+05 1.275140213966367009e-01 1.405157387256622259e-01 1.416284036636352994e-01
1.069000000000000000e+05 1.243337925771872410e-01 1.385480299592017628e-01 1.389549981057643935e-01
1.070000000000000000e+05 1.215905557076136234e-01 1.354978606104850769e-01 1.354437942306199183e-01
1.071000000000000000e+05 1.203978393971919525e-01 1.338510982692241169e-01 1.345953989028931541e-01
1.072000000000000000e+05 1.234862249096231879e-01 1.372546941041946356e-01 1.386348569393158203e-01
1.073000000000000000e+05 1.323971032102899681e-01 1.470107838511470477e-01 1.488285891711707276e-01
1.074000000000000000e+05 1.441790378093718850e-01 1.576274335384364733e-01 1.582200810313225126e-01
1.075000000000000000e+05 1.350942999124522259e-01 1.479894034564501470e-01 1.469565716882544615e-01
1.076000000000000000e+05 1.199030474821721065e-01 1.340653836727142278e-01 1.336379762490587098e-01
1.077000000000000000e+05 1.209807083010678436e-01 1.352790892124174360e-01 1.363781252503392105e-01
1.078000000000000000e+05 1.252222273747125303e-01 1.396564170718190556e-01 1.405311569571496555e-01
1.079000000000000000e+05 1.266965415080388291e-01 1.405485339462758665e-01 1.406461821993192918e-01
1.080000000000000000e+05 1.215828061103820801e-01 1.340418308973312378e-01 1.328221648931503240e-01
1.081000000000000000e+05 1.032280802230044620e-01 1.176987234503025920e-01 1.175632101049025185e-01
1.082000000000000000e+05 1.106381643811856497e-01 1.235777437686923358e-01 1.247827936212222988e-01
1.083000000000000000e+05 1.098088626563550330e-01 1.231705922633410805e-01 1.230992093682291705e-01
1.084000000000000000e+05 1.109181281924247892e-01 1.245421871542930631e-01 1.253551649053889772e-01
1.085000000000000000e+05 1.155392485360307031e-01 1.294458359479906673e-01 1.306323518355686497e-01
1.086000000000000000e+05 1.193581360578528788e-01 1.321764290332788361e-01 1.314828732609747419e-01
1.087000000000000000e+05 1.161142436663304134e-01 1.312410667538640163e-01 1.322135143975420590e-01
1.088000000000000000e+05 1.234206839402516021e-01 1.372879803180694636e-01 1.378374294439951853e-01
1.089000000000000000e+05 1.227594012022018150e-01 1.364433936774729905e-01 1.368688997626304193e-01
1.090000000000000000e+05 1.291908452908198113e-01 1.444088220596313477e-01 1.465216328700379156e-01
1.091000000000000000e+05 1.433566971619922858e-01 1.568242058157920393e-01 1.571566709379355053e-01
1.092000000000000000e+05 1.384258949756627111e-01 1.518413186073303278e-01 1.509996867179867475e-01
1.093000000000000000e+05 1.231415806710722538e-01 1.375873394310473674e-01 1.376833112041151441e-01
1.094000000000000000e+05 1.284622442722322122e-01 1.424821496009821831e-01 1.428468883037567749e-01
1.095000000000000000e+05 1.279703825712202869e-01 1.419429443776608624e-01 1.418370090425015995e-01
1.096000000000000000e+05 1.224166826407117742e-01 1.356362611055374201e-01 1.350331910451254280e-01
1.097000000000000000e+05 1.183869702617324493e-01 1.326573289930819133e-01 1.331417410572370286e-01
1.098000000000000000e+05 1.176154702901841265e-01 1.311002388596539392e-01 1.304887536168095608e-01
1.099000000000000000e+05 1.149629423518975790e-01 1.281332477927208946e-01 1.280526222785313140e-01
1.100000000000000000e+05 1.123383194208145142e-01 1.267974674701690674e-01 1.274431000153223581e-01
1.101000000000000000e+05 1.155519644916058325e-01 1.290420159697532043e-01 1.289979726076126432e-01
1.102000000000000000e+05 1.141738687952360276e-01 1.275404393672942560e-01 1.274733427166938604e-01
1.103000000000000000e+05 1.107102031012376642e-01 1.234469152987005963e-01 1.228807550668713777e-01
1.104000000000000000e+05 1.024883204698561340e-01 1.164770632982254084e-01 1.160540717840192887e-01
1.105000000000000000e+05 9.912750795483571409e-02 1.131091825664042455e-01 1.127837590873238816e-01
1.106000000000000000e+05 9.743545949459074540e-02 1.118940897285939928e-01 1.119929105043410839e-01
1.107000000000000000e+05 1.028173072636126700e-01 1.160807833075521850e-01 1.160799562186002609e-01
1.108000000000000000e+05 1.016068377097447822e-01 1.148402079939842280e-01 1.145670406023660826e-01
1.109000000000000000e+05 9.932802761594448915e-02 1.130521971732377784e-01 1.129487134516239111e-01
1.110000000000000000e+05 1.013613983988761874e-01 1.155635714530944824e-01 1.158183656632898739e-01
1.111000000000000000e+05 1.057698962589104091e-01 1.197809964418409812e-01 1.200435828665890464e-01
1.112000000000000000e+05 1.105547242363292826e-01 1.241305485367774908e-01 1.244206252694129849e-01
1.113000000000000000e+05 1.088924162089824482e-01 1.216521304100749296e-01 1.207588402181863224e-01
1.114000000000000000e+05 1.013078177968664284e-01 1.173233643174170227e-01 1.176582680145901172e-01
1.115000000000000000e+05 1.089633834858735467e-01 1.215887796133757470e-01 1.210993662476540778e-01
1.116000000000000000e+05 1.072527527809140485e-01 1.234518855810165378e-01 1.241430652141572721e-01
1.117000000000000000e+05 1.193206872045996375e-01 1.298409871757033041e-01 1.291201080878578988e-01
1.118000000000000000e+05 1.051287046074866061e-01 1.178046882152566505e-01 1.162698113918304993e-01
1.119000000000000000e+05 9.218491837382289389e-02 1.071236170828345352e-01 1.057589288055895277e-01
1.120000000000000000e+05 8.792494287093480243e-02 1.051354855298995972e-01 1.051785399516426689e-01
1.121000000000000000e+05 1.000155980885025359e-01 1.156848490238193555e-01 1.160680750260746075e-01
1.122000000000000000e+05 1.127271848917004715e-01 1.278129249811162105e-01 1.285776835680001451e-01
1.123000000000000000e+05 1.258426660299301891e-01 1.396150842308996332e-01 1.392963068187236253e-01
1.124000000000000000e+05 1.270498083035150605e-01 1.398014515638351385e-01 1.388578450679778253e-01
1.125000000000000000e+05 1.090933978557586670e-01 1.212414726614941957e-01 1.183031871914854011e-01
1.126000000000000000e+05 9.179078847169851174e-02 1.116609245538725259e-01 1.121947218974443661e-01
1.127000000000000000e+05 1.225852553546427220e-01 1.361939631402485640e-01 1.360778509080401988e-01
1.128000000000000000e+05 1.109385186433786696e-01 1.237280160188674871e-01 1.213806536793715224e-01
1.129000000000000000e+05 1.093054995437471172e-01 1.261208038777120177e-01 1.265311735868453469e-01
1.130000000000000000e+05 1.221856305996576880e-01 1.358559206128120422e-01 1.354294493794442056e-01
1.131000000000000000e+05 1.231698891520501132e-01 1.344530321657662064e-01 1.327901905775063507e-01
1.132000000000000000e+05 9.910890807708129524e-02 1.125418931245803777e-01 1.100392134984328335e-01
1.133000000000000000e+05 9.464757213989935525e-02 1.125694163143641097e-01 1.128180347134660477e-01
1.134000000000000000e+05 1.195744296908383825e-01 1.337129488587368853e-01 1.338757032155990234e-01
1.135000000000000000e+05 1.111430801451230715e-01 1.217851750552664813e-01 1.189631940176086033e-01
1.136000000000000000e+05 8.942254304885882688e-02 1.074483960866928073e-01 1.063353401422501426e-01
1.137000000000000000e+05 1.060839770734309517e-01 1.202642586082216247e-01 1.203360299766072505e-01
1.138000000000000000e+05 1.030508967240645612e-01 1.173986673355108534e-01 1.159653233985104143e-01
1.139000000000000000e+05 1.083105068902182611e-01 1.248587235808366058e-01 1.250759301582967387e-01
1.140000000000000000e+05 1.218165904283523560e-01 1.346110105514526367e-01 1.336701184511184803e-01
1.141000000000000000e+05 1.106679542362699470e-01 1.207095168530963603e-01 1.180248836427920389e-01
1.142000000000000000e+05 9.070328205823899315e-02 1.087588191032405477e-01 1.077806016802790590e-01
1.143000000000000000e+05 1.123708996176726455e-01 1.258113391697402161e-01 1.259395911544568258e-01
1.144000000000000000e+05 1.154643451174104940e-01 1.281972378492355347e-01 1.268824402491253445e-01
1.145000000000000000e+05 1.133130647242067413e-01 1.261082738637922807e-01 1.247968307385842329e-01
1.146000000000000000e+05 1.034916895627977784e-01 1.163393072783942828e-01 1.152057527005671267e-01
1.147000000000000000e+05 9.698168570796646126e-02 1.121665488928556970e-01 1.112684517850479338e-01
1.148000000000000000e+05 1.016844297448797618e-01 1.177298665046691839e-01 1.167416029175118858e-01
1.149000000000000000e+05 1.073628522455693374e-01 1.226335722953082463e-01 1.218720749020580363e-01
1.150000000000000000e+05 1.085913702845573425e-01 1.240252479910850525e-01 1.228539658089478764e-01
1.151000000000000000e+05 1.086986109117667326e-01 1.228229019790888915e-01 1.218288200596968213e-01
1.152000000000000000e+05 1.027853333950041331e-01 1.162870496511459323e-01 1.143832650780674393e-01
1.153000000000000000e+05 8.913761655489554903e-02 1.058524601161482531e-01 1.046537555754187554e-01
1.154000000000000000e+05 1.068330673376704509e-01 1.231922738254057625e-01 1.235961452623204476e-01
1.155000000000000000e+05 1.206535704433913253e-01 1.384108327329154897e-01 1.369252294301984696e-01
1.156000000000000000e+05 1.244140799840291467e-01 1.410818368196487538e-01 1.391261066993077777e-01
1.157000000000000000e+05 1.224506426354248917e-01 1.378225877881051054e-01 1.366854690512021020e-01
1.158000000000000000e+05 1.165314906835551029e-01 1.299065828323375527e-01 1.280270129442208915e-01
1.159000000000000000e+05 1.013206600646178179e-01 1.195460248738524217e-01 1.183125581343967975e-01
1.160000000000000000e+05 1.215370903412500980e-01 1.400844901800155640e-01 1.406211932500189277e-01
1.161000000000000000e+05 1.412134727835655246e-01 1.576565369963643104e-01 1.559776371717452870e-01
1.162000000000000000e+05 1.377566758791604340e-01 1.535633966326717947e-01 1.520357359449068246e-01
1.163000000000000000e+05 1.238169382015882614e-01 1.409068472683434881e-01 1.382482259968913496e-01
1.164000000000000000e+05 1.171831136941912238e-01 1.341799825429916271e-01 1.321339666843411864e-01
1.165000000000000000e+05 1.134883470833303737e-01 1.264427211135621121e-01 1.241293365756674094e-01
1.166000000000000000e+05 1.053037847081819967e-01 1.207385607063773819e-01 1.191601864993570431e-01
1.167000000000000000e+05 1.118292078375816567e-01 1.254419691860675090e-01 1.237392087280750480e-01
1.168000000000000000e+05 1.024588972330086334e-01 1.165915220975875799e-01 1.142809754610059486e-01
1.169000000000000000e+05 9.760588491956377621e-02 1.083402350544927228e-01 1.070510023583965825e-01
1.170000000000000000e+05 8.919104635715484342e-02 1.002559177577495575e-01 9.873473122715882566e-02
1.171000000000000000e+05 7.343246226509410335e-02 8.664676919579582248e-02 8.437589002152358353e-02
1.172000000000000000e+05 6.171606381734272978e-02 6.628024131059646884e-02 6.498113403717703518e-02
1.173000000000000000e+05 5.645092561841050238e-02 6.034223530441513300e-02 5.985969875007864788e-02
1.174000000000000000e+05 5.260205770532280778e-02 6.036715395748595142e-02 5.963871573408455889e-02
1.175000000000000000e+05 6.126470863819094559e-02 4.423011187464154920e-02 4.971136897802089227e-02
1.176000000000000000e+05 3.477310568094212767e-02 9.139125421643256447e-03 8.732071109115828456e-03
1.177000000000000000e+05 6.408816995099268950e-03 1.191844958811952640e-02 1.172904780134495159e-02
1.178000000000000000e+05 1.497649713108789929e-02 1.450899988412946567e-02 1.252594843506816755e-02
1.179000000000000000e+05 1.060650715604467657e-02 1.587160388007712725e-02 1.660764424130354439e-02
1.180000000000000000e+05 1.952264954646428310e-02 2.427774854004383087e-02 2.409127851327269587e-02
1.181000000000000000e+05 1.780969444662332604e-02 2.239925730973503157e-02 2.197084954629338269e-02
1.182000000000000000e+05 1.454257994890247215e-02 1.744120530784155215e-02 1.706655841320745340e-02
1.183000000000000000e+05 1.317835366974275807e-02 1.677307765930889996e-02 1.661958560347555694e-02
1.184000000000000000e+05 1.394788029293216221e-02 1.768789663910865645e-02 1.763565458357334650e-02
1.185000000000000000e+05 1.377792637795213250e-02 1.627576304599623325e-02 1.587165067903675841e-02
1.186000000000000000e+05 9.634575967987451736e-03 1.358443144708839680e-02 1.374605704719799627e-02
1.187000000000000000e+05 1.298527215297025708e-02 1.631505424156782028e-02 1.625940802196663981e-02
1.188000000000000000e+05 1.269092079251994513e-02 1.544328145682811668e-02 1.517671108245857541e-02
1.189000000000000000e+05 8.887265150745608799e-03 1.211203187704084153e-02 1.199782887784142833e-02
1.190000000000000000e+05 1.260103769600387676e-02 1.577102718874812126e-02 1.590857890745006262e-02
1.191000000000000000e+05 1.293411945924160741e-02 1.661748271435495306e-02 1.661163836717611392e-02
1.192000000000000000e+05 1.397406938175354239e-02 1.765835359692573617e-02 1.761448025703433312e-02
1.193000000000000000e+05 1.275426844134963135e-02 1.519512115046365609e-02 1.462965202517830035e-02
1.194000000000000000e+05 8.995026163756881035e-03 1.140785031020652603e-02 1.116594107821586301e-02
1.195000000000000000e+05 8.100546306620041992e-03 1.042310590855777611e-02 1.039191152279575654e-02
1.196000000000000000e+05 8.141575194895264711e-03 1.037019211798906326e-02 1.027720263848700896e-02
1.197000000000000000e+05 7.795969815924737312e-03 9.702343493700060426e-03 9.538209466263644631e-03
1.198000000000000000e+05 6.217200811952108830e-03 7.025522319600303010e-03 6.591571945076421697e-03
1.199000000000000000e+05 3.702330592398841991e-03 5.531620909459706442e-03 5.358817268473266282e-03
