9.000000000000000000e+04 1.667430613990701941e-04 2.067353989631074156e-04 1.756845946688528231e-04 2.205612803263195349e-04 2.030444035720404671e-04 2.114790746070831923e-04 2.169759419395438625e-04 2.196670999289956298e-04 2.191298958728725042e-04
9.010000000000000000e+04 1.747943935135298473e-04 1.980335151791856271e-04 1.845669747122384065e-04 2.031211123776225974e-04 2.051262310005072705e-04 2.119152899077450200e-04 2.165288806248656293e-04 2.273846552496489363e-04 2.201612756665206655e-04
9.020000000000000000e+04 1.986212480597112349e-04 2.066516415688505331e-04 1.975732461208116249e-04 2.075661862415664510e-04 2.201781038464464076e-04 2.032686456869884609e-04 2.229108823207058825e-04 2.453053846766642984e-04 2.519020511086897916e-04
9.030000000000000000e+04 1.916579144051335599e-04 1.721099147617083727e-04 1.961566024027921020e-04 1.926119063293634231e-04 1.878526868975425787e-04 1.989743644138527816e-04 1.998747347686398164e-04 2.011307560981427753e-04 2.232801864995846459e-04
9.040000000000000000e+04 2.130575922081715293e-04 2.141736982702186756e-04 2.337344786175669475e-04 2.330608462804637513e-04 2.271792592482177974e-04 2.488320856178564923e-04 2.313683222925077838e-04 2.347205330418244409e-04 2.197893982152622711e-04
9.050000000000000000e+04 2.237357216751618754e-04 2.359747254255192025e-04 2.179690115352815594e-04 2.739051540470562127e-04 2.171535701758666847e-04 2.775368087456517676e-04 2.583753578847366897e-04 2.482867369427152536e-04 2.600873079035263976e-04
9.060000000000000000e+04 2.067729055953184119e-04 2.002444712898310297e-04 2.082192114185407619e-04 2.083533714550356644e-04 2.134297347195476043e-04 2.317784770687423689e-04 2.327036647707388746e-04 2.574831056332007825e-04 2.500487054568627417e-04
9.070000000000000000e+04 1.974502086177236837e-04 2.027701551232626628e-04 2.078637456868223470e-04 2.134979870487699132e-04 2.080886834211654072e-04 2.240912145369612955e-04 2.134257248561982276e-04 2.212075163440659585e-04 2.229335212234686029e-04
9.080000000000000000e+04 1.835305059852121435e-04 1.858131160896618140e-04 1.751698716038041894e-04 2.076058413677684810e-04 2.293391441723946250e-04 2.185353498940278754e-04 2.118887537126701586e-04 2.275727973327385390e-04 2.254728913057186829e-04
9.090000000000000000e+04 1.988633586136479155e-04 1.914236570637680866e-04 2.087109407435031971e-04 1.997612547730231948e-04 2.126633832921355320e-04 2.240812079647200685e-04 2.421293970769211471e-04 2.463596796485551855e-04 2.231835125859738369e-04
9.100000000000000000e+04 1.953645888583297819e-04 2.221656258023183299e-04 2.197695293087164074e-04 2.173905129135272744e-04 2.130608776344645832e-04 2.246659060912381772e-04 2.284124802591785844e-04 2.307349512858424066e-04 2.432072080012206625e-04
9.110000000000000000e+04 1.992077265321173915e-04 2.239021060187357812e-04 2.216596696551351089e-04 2.095920834183281347e-04 2.351013819683027558e-04 2.603191637321456385e-04 2.180549134502015424e-04 2.384545153541585492e-04 2.544022189259773168e-04
9.120000000000000000e+04 1.956446154753609427e-04 2.176412200372066343e-04 2.256837038852732970e-04 2.139037542325510771e-04 2.479129596435959053e-04 2.366821904639517340e-04 2.315798878615034069e-04 2.487406756040507383e-04 2.463939811295102339e-04
9.130000000000000000e+04 2.297791422812030379e-04 2.281426646506200218e-04 2.132329199817795530e-04 2.299104348733391613e-04 2.449089246667800006e-04 2.265519872387860211e-04 2.348775089593526440e-04 2.590846629924584339e-04 2.595408221433358848e-04
9.140000000000000000e+04 2.010362222923160692e-04 2.177846794382997850e-04 2.283375724162471393e-04 2.351893958074871961e-04 2.375200793898827321e-04 2.419626810660361672e-04 2.770702761302576314e-04 2.685453250023768696e-04 2.666318533330122999e-04
9.150000000000000000e+04 2.236606321383725004e-04 2.299878797290234530e-04 2.174794638033257380e-04 2.289175985734565922e-04 2.461858134484296023e-04 2.515728282221102886e-04 2.674756202662192288e-04 2.714055746891146635e-04 2.381329530798601804e-04
9.160000000000000000e+04 2.232069674721408293e-04 2.209443179166549335e-04 2.192407833574755611e-04 2.234827349498118645e-04 2.342800177457050111e-04 2.465959555488171618e-04 2.428810906207378231e-04 2.568428777109964039e-04 2.824880479062153544e-04
9.170000000000000000e+04 2.274075211294367767e-04 2.289966987484124577e-04 2.357633238191803179e-04 2.391114183253176316e-04 2.589103647594105011e-04 2.463541245641896987e-04 2.578344734828347251e-04 2.659887290615344933e-04 2.719780126637152138e-04
9.180000000000000000e+04 2.179118832869174794e-04 2.425237055015354423e-04 2.640388857198299670e-04 2.562076809088281769e-04 2.420057178239683952e-04 2.575209452381802227e-04 2.515447997065765428e-04 2.744605262738127483e-04 2.946087714807976168e-04
9.190000000000000000e+04 2.328560740579238369e-04 2.486039969724374585e-04 2.558917102130044618e-04 2.446796838800570557e-04 2.575358177292398783e-04 2.690155393074930850e-04 2.732671314528741912e-04 2.775058687195909395e-04 2.488982352663317538e-04
9.200000000000000000e+04 2.292046894867043533e-04 2.104415760673835874e-04 2.157109066640943676e-04 2.494428406853590563e-04 2.632371650503283179e-04 2.474300276395435751e-04 2.745466798615717402e-04 2.746305015685956757e-04 2.672999554333642370e-04
9.210000000000000000e+04 2.397549811926565652e-04 2.395417064078887704e-04 2.467351285706885890e-04 2.749609315374119695e-04 2.728515036251586193e-04 2.641694730420756959e-04 2.679270184673227754e-04 2.819052187488497009e-04 2.937130379711552167e-04
9.220000000000000000e+04 2.204344730824169473e-04 2.605001175539083287e-04 2.722768817339855821e-04 2.641374651632308053e-04 2.502006008220515718e-04 2.765816304710737587e-04 2.612503197056616645e-04 2.884481970658854880e-04 2.925878883205644283e-04
9.230000000000000000e+04 2.413983175736631760e-04 2.473273018141011487e-04 2.557881650589264992e-04 2.599436740336616772e-04 2.808506705740395704e-04 2.707035723839853287e-04 2.763964796633146975e-04 2.722261748428765377e-04 2.966476296167210990e-04
9.240000000000000000e+04 2.470217214373558105e-04 2.609224832597616551e-04 2.664736845836299453e-04 2.732887203733155271e-04 2.886288404053411589e-04 2.713081904276093892e-04 2.674948732287856781e-04 2.860977028541431813e-04 2.840442897200829461e-04
9.250000000000000000e+04 2.523635117109309213e-04 2.616442881729066569e-04 2.455454088319186309e-04 2.636496798678170691e-04 2.986349615102298211e-04 2.735891430556102984e-04 2.771933076632269945e-04 2.913678210444263527e-04 3.274907801972150442e-04
9.260000000000000000e+04 2.292669314416685559e-04 2.662368720952688742e-04 2.522004221541286075e-04 2.619546552136141110e-04 2.784031799268722675e-04 2.573354016625693905e-04 2.939571699106810292e-04 2.799794660031040762e-04 2.980289081214513962e-04
9.270000000000000000e+04 2.358278448528179443e-04 2.477870885727185678e-04 2.572174986971631689e-04 2.737598585349767188e-04 2.628626451803259853e-04 2.451163355306185641e-04 2.852415361705341206e-04 3.130311726764938365e-04 2.971878549091963584e-04
9.280000000000000000e+04 2.483476194363285643e-04 2.602574444584899896e-04 2.576284410732050667e-04 2.604081388662151351e-04 2.807456718587692445e-04 2.651232212105756030e-04 2.688332807499866327e-04 3.191620498246033780e-04 3.196454392143620034e-04
9.290000000000000000e+04 2.537885278254866771e-04 2.608779710044155614e-04 2.505062478514332824e-04 2.644294117412939989e-04 2.636241384043721734e-04 2.803003196063289610e-04 2.880438616194317607e-04 3.301116549572609632e-04 3.260225745403712012e-04
9.300000000000000000e+04 2.585217088101231177e-04 2.654754456683079645e-04 2.683562119780708694e-04 2.814400731739692598e-04 2.566110479521004745e-04 2.671843579351408995e-04 2.915620294784175212e-04 2.686566603452667326e-04 2.897971075438998960e-04
9.310000000000000000e+04 2.491252040833035310e-04 2.583443177160616626e-04 2.755877973137794957e-04 2.743255578086550199e-04 2.717442500796905499e-04 2.973762081627416218e-04 2.891380216604243583e-04 2.699263070981712509e-04 2.844863088151459540e-04
9.320000000000000000e+04 2.545646787157401151e-04 2.676481303221315004e-04 2.528949989613555661e-04 2.766562482370451929e-04 2.708192160483485333e-04 2.951055349491895339e-04 2.983736992231051949e-04 2.851343151599049393e-04 2.747176004039996356e-04
9.330000000000000000e+04 2.531695652003065618e-04 2.466758152165186044e-04 2.701617789004049936e-04 2.809241086299885180e-04 2.689398097268990784e-04 2.885400990803845206e-04 3.032188665210986994e-04 3.018049929436758755e-04 2.661223781366215541e-04
9.340000000000000000e+04 2.610076047869449201e-04 2.734705499764466499e-04 2.616504535435870628e-04 2.816274036677370463e-04 2.861814062339313033e-04 2.720693619032627289e-04 2.618686801815268321e-04 3.168373122549290421e-04 2.931994206422521053e-04
9.350000000000000000e+04 2.586895527207264361e-04 2.691615823944970153e-04 2.606352393468092999e-04 2.596093888840372236e-04 2.702628986077168375e-04 2.741837316072388755e-04 2.965700117284036366e-04 2.736507787519782244e-04 2.972465500823908043e-04
9.360000000000000000e+04 2.459082871717106506e-04 2.667276807586846355e-04 2.483221826018577731e-04 2.688839534612327440e-04 2.714715209546819164e-04 2.794633749647718827e-04 2.710526426442083896e-04 2.997165450724721312e-04 3.048964802805752684e-04
9.370000000000000000e+04 2.616281936117324639e-04 2.641562314804532779e-04 2.709990101711716426e-04 2.827535976497984739e-04 2.770516833982347043e-04 2.817675731154182833e-04 2.887577788947951244e-04 2.892536792320223016e-04 2.912018271911061859e-04
9.380000000000000000e+04 2.463502632445042093e-04 2.922107278103718616e-04 2.626442250707728115e-04 2.909487233938100434e-04 2.521370052029419610e-04 3.074657215334675609e-04 3.026662179979955694e-04 2.690016424024281225e-04 2.994264222279970750e-04
9.390000000000000000e+04 2.520576428187624421e-04 2.684757714515008322e-04 2.629748505075725929e-04 2.734822448703041228e-04 2.696873922109769206e-04 4.041434395749010384e-04 2.931210653095117874e-04 2.953128971146117042e-04 2.888575791469273580e-04
9.400000000000000000e+04 2.431067443828940694e-04 2.589766243165670398e-04 2.724058083081993772e-04 2.636626690397897259e-04 2.691725204722276847e-04 2.825024028028934298e-04 2.698045046833657981e-04 2.940023401390253117e-04 3.015739226734302477e-04
9.410000000000000000e+04 2.712931127427352655e-04 2.624363872760657147e-04 2.786595402280925694e-04 2.821748183267662122e-04 2.952539756605214363e-04 2.880045350804584189e-04 2.817206624112548151e-04 3.075592197670641396e-04 3.172110865564530002e-04
9.420000000000000000e+04 2.589521819962436067e-04 2.493840681717946622e-04 2.604478901978347395e-04 2.659549079360683374e-04 2.895684335719016103e-04 2.796442394921691056e-04 2.975314291468558227e-04 3.043360631074192957e-04 3.163098910277236330e-04
9.430000000000000000e+04 2.744771202596981092e-04 2.729492964483004559e-04 2.713612791653296531e-04 2.741161606413450367e-04 2.652062155426239323e-04 2.969338790076571193e-04 3.011388127681405530e-04 2.945359213951762598e-04 2.975611870204767479e-04
9.440000000000000000e+04 2.559868265087296055e-04 2.904755290517656123e-04 2.765782520878427137e-04 2.649082691199932771e-04 2.890012160762413652e-04 2.982970396700693064e-04 3.151880766000630355e-04 2.986746512272166502e-04 3.315186597078151158e-04
9.450000000000000000e+04 2.510234237271225747e-04 2.856080252319390090e-04 2.517298652173435868e-04 2.808402444872944788e-04 2.724055609936241453e-04 2.855645743827291290e-04 3.017418876707748943e-04 2.898279436887506123e-04 3.117104210395084700e-04
9.460000000000000000e+04 2.554762953503300540e-04 2.521571255000006149e-04 2.747805407508431053e-04 2.621299228132384731e-04 2.730741859063122033e-04 2.695364337168553066e-04 2.825228339083581683e-04 2.883833009396752182e-04 2.939317742300714812e-04
9.470000000000000000e+04 2.470994490347181815e-04 2.584848846365874679e-04 2.860172582410288851e-04 2.752350080120878227e-04 2.790805823517276767e-04 2.742950589294567212e-04 2.997412810066927571e-04 3.024957371331336224e-04 3.141153318136634702e-04
9.480000000000000000e+04 2.618260137028933089e-04 2.667134667394870312e-04 2.610811436895525825e-04 2.648295430218493914e-04 2.875545348280441889e-04 2.831016264853850658e-04 3.091089389724650436e-04 2.854790972515497990e-04 3.046179957145033357e-04
9.490000000000000000e+04 2.763661287022018938e-04 2.590130490448950933e-04 2.763873880412113138e-04 2.740693612250547453e-04 3.392174484907127768e-04 3.041976586748901040e-04 2.855259001661389633e-04 2.844552980094809972e-04 3.000734997917153227e-04
9.500000000000000000e+04 2.591780543717213631e-04 2.666867619881356489e-04 2.706640682585927842e-04 2.623714410842958368e-04 2.840566885075212654e-04 3.267444179632489321e-04 2.892809993710439222e-04 3.034917709992859792e-04 3.108764920724790327e-04
9.510000000000000000e+04 2.654893824242709533e-04 2.785077205598103815e-04 2.720440765469241129e-04 2.747347480830272218e-04 3.216181703783042617e-04 2.960340082109782622e-04 2.955430017751275160e-04 2.829330212603851859e-04 3.213166170355306189e-04
9.520000000000000000e+04 2.611079071320575730e-04 2.920869861000069292e-04 2.690283804737395230e-04 2.544025345108127077e-04 3.059621194788932595e-04 3.010168723739494248e-04 2.942815369272713854e-04 3.450335238614955389e-04 3.027799965094176630e-04
9.530000000000000000e+04 2.445937996587071788e-04 2.668040540641587375e-04 2.583219354548082288e-04 2.829186462349782944e-04 2.880697713567699709e-04 2.681504959049283267e-04 3.000225023558909842e-04 3.623089520927697373e-04 3.210956116850470976e-04
9.540000000000000000e+04 2.515738544754963796e-04 2.517104725127859385e-04 2.656861210377762681e-04 2.954299381726656869e-04 3.025098287768674603e-04 3.006205487036045032e-04 2.858737603245786523e-04 4.094194837782823043e-04 3.216917571395372984e-04
9.550000000000000000e+04 2.601524946415830495e-04 2.632739718950818952e-04 2.673436386808775720e-04 3.156473767166081664e-04 3.058318481336097907e-04 2.800918075715996521e-04 3.197339387270393485e-04 3.371619988665732685e-04 3.416486580739848508e-04
9.560000000000000000e+04 2.598718955029860611e-04 2.593730125922895954e-04 2.683738108518245679e-04 3.001808073690066542e-04 2.990511996016325248e-04 2.762585953923626741e-04 3.057209752671205278e-04 2.874466662346123586e-04 3.177127286025704174e-04
9.570000000000000000e+04 2.623862101693654500e-04 2.720930089692325275e-04 2.634832834578274799e-04 2.857343253012003636e-04 3.090405677468855382e-04 2.856812421162040162e-04 2.944562635426809655e-04 2.921078128771810944e-04 3.144955071908595999e-04
9.580000000000000000e+04 2.716759893297397439e-04 2.497224102014481317e-04 2.620883867494038259e-04 2.664824294963399291e-04 2.765552178173878218e-04 2.860418814481778017e-04 2.915262467405297687e-04 2.881262698033703858e-04 3.089329259216215908e-04
9.590000000000000000e+04 2.491636979141004802e-04 2.598593526124896424e-04 2.872512072826569453e-04 3.293141736616471134e-04 2.734268136824938951e-04 3.220131527574320376e-04 2.875176264759505889e-04 2.848241191270496240e-04 3.141609622810239213e-04
9.600000000000000000e+04 2.636166754883399505e-04 2.416668977366704567e-04 2.693074850142982975e-04 3.009880822190853528e-04 2.865107183774399111e-04 2.920374833888166955e-04 2.727627957656279410e-04 3.301175109193190565e-04 2.993228621595639882e-04
9.610000000000000000e+04 2.422820093308996822e-04 2.672229313127907316e-04 2.734925721351914537e-04 2.770266253348667202e-04 3.115018960500570678e-04 2.822689659845742469e-04 2.951016655095991224e-04 3.652086784725528290e-04 3.061693138838920926e-04
9.620000000000000000e+04 2.573302224529630641e-04 2.481354435782252800e-04 2.631666318956257843e-04 2.682304566260671971e-04 2.683942406005549201e-04 3.022190105647305693e-04 3.005900808677658192e-04 2.916472884896222409e-04 2.807545788249061125e-04
9.630000000000000000e+04 2.499627457093892067e-04 2.726269370691895930e-04 2.562007623196671828e-04 2.533447118106285255e-04 2.787087208185786151e-04 2.697935617845707910e-04 2.870945904102880958e-04 2.804129268847560248e-04 3.084336523365092389e-04
9.640000000000000000e+04 2.517903798381280729e-04 2.802824587248617231e-04 2.620541077318804999e-04 2.583592312998396847e-04 2.798124974751932522e-04 2.851781177720454519e-04 3.001964088356474892e-04 2.806648260360650919e-04 2.902233420473448100e-04
9.650000000000000000e+04 2.598371781991110248e-04 2.894400908726598950e-04 2.812900241535033199e-04 2.652242420363329183e-04 2.683516155253686908e-04 2.847557544733962816e-04 3.001078683845367825e-04 2.893437005813315655e-04 3.213562166842293881e-04
9.660000000000000000e+04 2.670816007837006878e-04 3.087618378456734357e-04 2.714422663588355895e-04 3.194904001604648418e-04 2.889152718524306976e-04 2.981340930947266182e-04 3.238408974327692549e-04 3.210344504394010458e-04 3.465632833188901402e-04
9.670000000000000000e+04 2.753402202384703677e-04 2.729394499757413842e-04 2.677434152347742190e-04 3.040599814398959027e-04 2.951789515540065409e-04 2.955767594018967031e-04 3.033797435652695745e-04 2.913798968940867532e-04 3.438614027913996195e-04
9.680000000000000000e+04 2.640865629884966070e-04 2.692042994052517234e-04 2.802160455844983768e-04 3.044797074369958345e-04 2.966744622858924810e-04 3.026645619502855815e-04 3.085895300062968354e-04 3.112510657563584936e-04 3.272065533837237436e-04
9.690000000000000000e+04 2.798539146096733622e-04 2.648878392495219287e-04 3.108170267648478410e-04 2.875094722653084856e-04 2.809879466278112519e-04 2.923084844872311165e-04 2.940634863054158651e-04 3.163919220973783930e-04 3.177821139789610496e-04
9.700000000000000000e+04 2.845692484049535949e-04 2.559997065011503613e-04 2.666604507036560352e-04 2.780610863838381451e-04 3.015206619484667432e-04 2.836780761805624451e-04 2.976377177428532255e-04 3.144040048543249571e-04 3.000895023405327432e-04
9.710000000000000000e+04 2.720550577845555658e-04 2.592742452324675638e-04 2.736758758968499752e-04 2.880417208474751376e-04 3.130923255653247027e-04 2.928619013340631044e-04 3.024141327762239705e-04 2.911809923191347816e-04 3.260932462729269747e-04
9.720000000000000000e+04 2.583161874586130022e-04 2.591198980973132438e-04 2.576019702184350951e-04 3.138070996038026762e-04 2.856400965606492159e-04 3.121173678767756392e-04 3.102575511965086096e-04 2.993389709590315055e-04 3.117682558591887356e-04
9.730000000000000000e+04 2.852539737205851884e-04 2.763594948750637266e-04 2.684506178564163045e-04 2.944643021565140884e-04 2.817549057589846875e-04 2.996668953218516239e-04 2.946477864818246393e-04 2.989488671557467836e-04 3.123261191915400244e-04
9.740000000000000000e+04 2.555860106213904610e-04 2.717713620417121722e-04 2.725844835201547732e-04 2.418811515900229749e-04 2.857095584773673637e-04 3.000888270489619259e-04 2.858524044641045292e-04 2.929070962661408577e-04 3.280088659168876397e-04
9.750000000000000000e+04 2.647116449445258927e-04 2.829510252464076479e-04 2.775085859669319723e-04 2.905679886800900929e-04 3.060473247951992458e-04 2.869674156837270286e-04 2.853630856312123652e-04 2.957761465027364646e-04 3.503286339694140859e-04
9.760000000000000000e+04 2.697823920850141817e-04 2.643865698694839307e-04 2.857760284339841265e-04 2.715484146589171571e-04 3.079488627518637655e-04 2.933527579157879975e-04 2.958843184367475668e-04 3.236781316885057355e-04 3.049793917965898903e-04
9.770000000000000000e+04 2.505704517935377837e-04 2.610226619607430788e-04 3.241583405223861223e-04 3.219763232634822482e-04 2.895383625691909705e-04 3.060492199275324809e-04 2.684975948463485845e-04 3.303335007488357716e-04 3.163374545485192978e-04
9.780000000000000000e+04 2.806604157606748160e-04 2.869318832642647689e-04 2.917300666992485823e-04 3.964936492615506506e-04 2.929722662716479189e-04 3.035032939944779570e-04 3.030223795959843792e-04 2.910024351777159147e-04 3.205575074177723104e-04
9.790000000000000000e+04 2.731475193793927981e-04 2.905967539943099748e-04 2.708129806048384814e-04 2.835699945953515074e-04 2.961622819342176046e-04 2.977221147980913820e-04 3.230679251853591665e-04 3.115141497218190214e-04 3.471913684527387005e-04
9.800000000000000000e+04 2.663351966757073266e-04 2.563440027630745836e-04 2.829188025524664906e-04 2.853572860028366740e-04 2.998216030451577837e-04 3.297365348754546528e-04 3.304370025142445576e-04 3.198640172292840250e-04 3.686210233644313951e-04
9.810000000000000000e+04 2.723186325197561532e-04 2.785380366163645580e-04 2.728117052754535721e-04 2.846991608662337108e-04 3.064688678774881445e-04 2.755427936703203681e-04 3.001144006478674011e-04 3.107268878956671388e-04 3.408559159011819795e-04
9.820000000000000000e+04 2.825321233834523788e-04 2.881075269709449738e-04 2.774758748941312720e-04 3.249486131076957229e-04 2.749417570397239409e-04 2.988487875874879527e-04 2.983915315910698387e-04 3.232887480845453450e-04 3.107775886256393698e-04
9.830000000000000000e+04 2.704404494446025126e-04 2.788797428703224373e-04 2.786001423002523064e-04 2.893726360727239856e-04 3.141038381700558065e-04 3.230132130841856914e-04 3.040222164109683393e-04 3.224623485524602540e-04 3.309150245523111785e-04
9.840000000000000000e+04 2.772939434424568782e-04 2.720861476926162174e-04 2.697239273586247120e-04 2.902224519986260553e-04 3.706379569970228555e-04 2.971103667149878639e-04 3.016136714948832440e-04 3.177203741105074524e-04 3.805677301308167584e-04
9.850000000000000000e+04 2.791537485886636341e-04 2.625294934893119213e-04 2.911735841772039373e-04 2.859183712020675334e-04 3.197351202342382293e-04 3.120251173147643026e-04 3.121836428795702733e-04 3.115617167479882931e-04 3.931911605922358902e-04
9.860000000000000000e+04 2.691206899915458040e-04 2.889015280936100649e-04 3.224842236592932862e-04 2.955985769344375591e-04 2.940996597323786762e-04 3.238797308462848653e-04 3.117492584935521380e-04 3.119110633797725698e-04 3.231791835878953644e-04
9.870000000000000000e+04 3.135485130762484529e-04 2.731818508992668983e-04 2.982188453193320527e-04 2.894517230936917798e-04 3.051322386230535593e-04 3.210745930465673352e-04 3.102320375567361164e-04 3.328953416547604624e-04 3.167771334813283325e-04
9.880000000000000000e+04 2.745067206675043414e-04 2.936731885722870090e-04 3.007390782642966362e-04 2.980469496045493440e-04 3.237583278236232814e-04 4.214440790729814378e-04 3.117032112779817435e-04 3.010915062474223136e-04 3.173059205875951262e-04
9.890000000000000000e+04 2.826267954900754643e-04 2.916895399325270520e-04 2.887832484371742918e-04 3.016340186479118338e-04 2.946854541828159107e-04 3.305666785887979115e-04 3.088523184741784832e-04 3.165148697744244117e-04 3.352889515728864518e-04
9.900000000000000000e+04 2.772493393501626363e-04 2.779074397009797083e-04 3.197889301420515375e-04 3.022151300680385802e-04 3.118873383281075043e-04 3.349384888903918309e-04 3.174133150184500784e-04 3.063593154229537325e-04 3.051735059298667945e-04
9.910000000000000000e+04 2.955538208034625726e-04 2.847079460854600656e-04 3.203465340394061746e-04 3.346499333043390458e-04 3.098524903949739242e-04 3.178155114692752365e-04 3.490585436827514524e-04 3.316096471186966437e-04 3.718770553384955629e-04
9.920000000000000000e+04 2.975973680427891469e-04 2.888045172588333490e-04 3.065314827949814800e-04 3.284305779012380920e-04 3.065009360185042106e-04 3.482314286376579269e-04 3.411450584206212060e-04 3.443887563126931881e-04 3.665592141624339061e-04
9.930000000000000000e+04 2.926233942003461869e-04 3.148804872929809981e-04 3.322863525491273119e-04 3.064326555400669820e-04 3.221146371439665736e-04 3.264096642253408519e-04 3.400160568340989558e-04 3.444955993219962743e-04 3.888969992942434479e-04
9.940000000000000000e+04 3.014223785791685312e-04 3.214140164581955473e-04 2.901182759637322968e-04 3.008238675615717661e-04 3.521286767311380874e-04 3.322742350301736243e-04 3.285702907779161023e-04 3.437140380746320526e-04 3.528545932445664745e-04
9.950000000000000000e+04 3.202853458479613404e-04 3.273305223406800120e-04 3.348115430254262372e-04 3.282596824216399921e-04 3.300267390797603111e-04 3.712253910219689111e-04 3.631875670963072549e-04 3.591731403414008929e-04 3.629407079643233599e-04
9.960000000000000000e+04 3.199731159334329731e-04 3.285944502520922071e-04 3.112447426031928767e-04 3.271429221008566009e-04 3.666780467625059786e-04 3.411964600393417894e-04 3.531150171562473256e-04 3.699169902741391387e-04 3.803574176482087729e-04
9.970000000000000000e+04 2.899139220048102691e-04 3.130905937656906671e-04 3.230699827317746391e-04 3.169735794774580589e-04 3.426169191437139537e-04 3.299993341769631022e-04 3.495258652644852226e-04 3.315287090007340326e-04 3.588722815410989625e-04
9.980000000000000000e+04 3.131406918557738434e-04 3.050715231846509506e-04 3.413656894414675074e-04 3.254678474860937462e-04 3.221681396149367544e-04 3.466184384524271774e-04 3.348583995007249257e-04 3.554845309800058815e-04 3.543415453970615394e-04
9.990000000000000000e+04 2.961804504470812735e-04 3.164241881136204836e-04 3.062934128377288088e-04 3.180873263063651668e-04 3.428079192313412591e-04 3.518638144932526848e-04 3.615154871109574428e-04 3.545754979149619594e-04 3.465334880364288666e-04
1.000000000000000000e+05 2.976858975550290593e-04 3.018221522089488255e-04 3.275824696827698721e-04 3.099859153643470182e-04 2.996003298473286138e-04 3.237983824275851292e-04 3.463723926328065401e-04 3.392095888131733332e-04 3.323782281983395461e-04
1.001000000000000000e+05 2.787434398107116918e-04 3.007343185072988614e-04 3.473917751567917904e-04 3.245456617493351560e-04 3.208156683319194399e-04 3.204434501101887669e-04 3.301525235052019222e-04 3.347357554930476377e-04 3.182057451442412387e-04
1.002000000000000000e+05 3.017982529719102783e-04 3.080699708131394128e-04 3.660232956039005583e-04 3.111087566900509944e-04 3.150030599553750349e-04 3.375136338522670117e-04 3.419527771303165547e-04 3.210776500458863841e-04 2.949242630046203175e-04
1.003000000000000000e+05 2.907887568769798679e-04 3.152282920519240651e-04 3.511346523813850952e-04 2.939170792221356722e-04 3.247422659890716857e-04 3.400069984767938231e-04 3.339126714612597057e-04 3.227975817133504964e-04 3.424247621216536816e-04
1.004000000000000000e+05 3.307703849375568522e-04 3.004297876898194097e-04 3.202577034083501284e-04 3.059532650430957907e-04 3.194533585667102648e-04 3.242751297481180736e-04 3.378179091947119440e-04 3.288145630988898089e-04 3.294280636336169212e-04
1.005000000000000000e+05 3.030898588891700563e-04 2.918443843738322213e-04 4.182526960145858431e-04 3.198716893824360115e-04 3.135504384636430566e-04 3.386693625353945467e-04 3.100147446209069839e-04 3.316731369867243124e-04 3.507156706771246009e-04
1.006000000000000000e+05 3.144949928294152666e-04 2.879686794925346042e-04 4.057250913296588514e-04 3.194677176518480322e-04 3.263696413690441020e-04 3.514823222521688178e-04 3.367095199151188016e-04 3.258884961100738469e-04 3.412676498157131443e-04
1.007000000000000000e+05 3.533430672602482555e-04 3.224535455255841216e-04 4.531611180902605455e-04 3.320846342350820563e-04 3.458104031161628438e-04 3.389747634612965939e-04 3.138007009624904555e-04 3.669131255724522459e-04 3.380039203419127293e-04
1.008000000000000000e+05 3.398657749936219701e-04 3.217487825467915371e-04 4.828660577349429468e-04 3.234507100340525782e-04 3.417177854138275165e-04 3.450433174853510072e-04 3.411296883351010688e-04 3.491054146035178578e-04 3.921737543200801948e-04
1.009000000000000000e+05 3.712181054843873202e-04 3.371439018188122070e-04 4.064243228047476238e-04 3.211168344736358956e-04 3.458672638381318169e-04 3.331101846768884335e-04 3.385441102115474923e-04 3.614167645270246251e-04 3.714625783423130883e-04
1.010000000000000000e+05 3.450973055166806319e-04 3.018959748060852399e-04 3.368908933572465313e-04 3.361706816464462666e-04 3.422184432773034629e-04 3.693774632911196580e-04 3.625516901834396075e-04 3.291556203020248351e-04 3.805998998094320624e-04
1.011000000000000000e+05 3.372052124838417547e-04 3.009691400471191359e-04 3.521654660023020001e-04 3.464092050087949301e-04 3.134840755869113460e-04 3.479944248868922872e-04 3.831818423077293324e-04 3.341047530513502795e-04 3.432300212308602556e-04
1.012000000000000000e+05 3.602931497266288014e-04 3.336641120228766070e-04 3.761727642657682687e-04 3.333792440869533073e-04 3.293789235602807863e-04 3.329416870911577962e-04 3.502767650402647593e-04 3.388328843126915528e-04 3.632727103088268807e-04
1.013000000000000000e+05 3.887497972199710559e-04 3.302239843373297305e-04 4.011522328110947813e-04 3.663048194914353991e-04 3.533165819593313143e-04 3.608834513277701809e-04 3.755124970511474662e-04 3.742832250865115980e-04 3.618461728774941444e-04
1.014000000000000000e+05 3.487879812292417727e-04 3.271427628627670355e-04 3.671057854270617709e-04 3.620486613044362470e-04 3.448201077784160970e-04 3.822266558448606747e-04 3.753336794845880541e-04 3.841218180621941750e-04 3.990569924490431492e-04
1.015000000000000000e+05 3.160484718567658797e-04 3.109508388087750389e-04 3.372921879875419781e-04 3.175695508386132426e-04 3.238265324254372204e-04 3.613800526979700240e-04 3.464666504491774562e-04 3.508613527941741375e-04 3.469009942503794306e-04
1.016000000000000000e+05 3.240194126996771016e-04 3.120696257257104460e-04 3.066306999265892993e-04 3.128001945376723348e-04 3.415522484699001033e-04 3.186385836178479993e-04 3.499916834485592115e-04 3.464735307137487464e-04 3.254330194905298763e-04
1.017000000000000000e+05 3.426669776545470964e-04 3.149995375507741815e-04 2.958185217281359466e-04 3.054117728002811861e-04 3.176110929926672017e-04 3.418214227629870722e-04 3.573964990185430723e-04 3.679200808955362966e-04 3.676297244467531425e-04
1.018000000000000000e+05 3.699962254549110196e-04 3.219649610882824677e-04 3.302525433153273072e-04 3.281643757369549341e-04 3.263608722267579277e-04 3.531420790676168485e-04 3.558985854108479984e-04 3.439529755289755957e-04 3.787352824469832264e-04
1.019000000000000000e+05 3.839945072896347477e-04 3.276635245652673189e-04 3.657949703404782846e-04 3.108731255475228748e-04 3.629096109772279757e-04 3.452314291193773902e-04 3.394967612843012811e-04 3.739221001723445426e-04 3.864117188639978125e-04
1.020000000000000000e+05 4.639822689313711948e-04 3.106057244378080122e-04 3.713759059035243561e-04 3.418068584794717551e-04 3.668720815196984016e-04 3.700829456731105508e-04 3.319149384370832442e-04 3.507154227631547575e-04 3.769991133125127339e-04
1.021000000000000000e+05 4.115180351938086821e-04 3.406129107871059560e-04 3.584186949671191677e-04 3.216594898763236064e-04 4.040536976403036828e-04 3.525748853911642774e-04 3.601785895146097688e-04 3.469885173359709969e-04 3.530377943935293118e-04
1.022000000000000000e+05 3.452260057824753738e-04 3.215301756885392847e-04 3.199016316011943448e-04 3.303308629198904809e-04 3.594656035419182671e-04 3.510341889562043215e-04 3.687158305542983876e-04 3.720517623015236414e-04 3.471250051362015170e-04
1.023000000000000000e+05 3.253601117721489520e-04 3.211396266432487551e-04 3.317252783074468576e-04 3.333807238018342061e-04 3.354002893263148262e-04 3.458230157842247699e-04 3.636038468068391086e-04 3.674835143261854739e-04 3.526715345438412503e-04
1.024000000000000000e+05 3.151620014724662621e-04 3.415001727652898196e-04 3.177400624419027806e-04 3.315203696303178601e-04 3.495879764630273508e-04 3.436884940549829936e-04 3.768641753806016180e-04 3.589376472550045126e-04 3.786403821727069669e-04
1.025000000000000000e+05 3.422088747491111864e-04 3.315442310210073057e-04 3.327053743044628385e-04 3.470016898950305825e-04 3.136685211232387652e-04 3.707079643644049685e-04 3.584236415559357842e-04 3.695573673117680908e-04 3.836553623996731490e-04
1.026000000000000000e+05 3.212474655542024303e-04 3.198020113562575128e-04 3.404400979379450395e-04 3.421763076961113455e-04 3.424757028658768996e-04 3.751312125151835212e-04 3.669292298861550304e-04 3.711238400074576933e-04 3.640114513442311629e-04
1.027000000000000000e+05 3.150349041671719123e-04 3.420847614366360058e-04 3.138460083490134328e-04 3.180966092213686363e-04 3.463431295685837140e-04 3.300368435662237869e-04 3.533477326720292242e-04 3.618433026476150158e-04 3.464730455574266204e-04
1.028000000000000000e+05 3.091394140266484646e-04 3.327420278388767863e-04 3.218799040319304371e-04 3.209004711249441723e-04 3.328915308343660283e-04 3.292361494472402310e-04 3.615579636724027619e-04 3.697541631952789838e-04 3.607207414342418310e-04
1.029000000000000000e+05 3.579031113476200537e-04 3.426465619680015375e-04 3.377594650846789154e-04 3.227369001183634251e-04 3.285257579523599225e-04 3.704874548083533239e-04 3.695424423454054695e-04 3.739147873201972491e-04 3.911778858952164365e-04
1.030000000000000000e+05 3.250949903127366559e-04 3.284315808605969399e-04 3.195329309412523388e-04 3.264644562637359910e-04 3.559610939305333436e-04 3.592219299972503337e-04 3.572239725212076537e-04 3.485587322559277742e-04 3.784124257274895111e-04
1.031000000000000000e+05 3.416771720092303473e-04 3.418700013114624723e-04 3.209122992987040591e-04 3.269125407422526276e-04 3.202931341357610154e-04 3.466867710417838267e-04 3.207292499057043779e-04 3.394827277567220728e-04 3.792654033238125480e-04
1.032000000000000000e+05 3.149009690461005893e-04 3.236163110221754484e-04 3.292465603630275166e-04 3.438513567238665357e-04 3.242352428034192720e-04 3.460155785468912483e-04 3.446425391923806157e-04 3.431296387225313141e-04 3.881563576854239381e-04
1.033000000000000000e+05 3.854924036190749315e-04 3.036706492965331227e-04 3.097019740337665205e-04 3.419747656315233388e-04 3.354897891744369125e-04 3.473368610707511695e-04 3.733775750840430353e-04 3.566493950691380552e-04 3.458635099673655015e-04
1.034000000000000000e+05 3.437538963131716598e-04 3.147617023765706865e-04 3.170875490320176795e-04 3.057741508981513183e-04 3.390187714069334063e-04 3.372331242866257383e-04 3.646432353290489435e-04 3.331633165675404462e-04 3.500568829579111694e-04
1.035000000000000000e+05 3.020861535203012019e-04 2.935714472686422197e-04 3.135501130787375678e-04 3.124372541292999507e-04 3.239987343795106911e-04 3.236277515763566481e-04 3.484967608101708909e-04 3.416054679505449920e-04 3.978657916272146399e-04
1.036000000000000000e+05 2.965948669585968854e-04 3.040885563247814824e-04 3.089367121107652100e-04 3.001028783699964285e-04 3.505479677366783254e-04 3.186755119136358647e-04 3.365517962505944682e-04 3.343181076087364898e-04 3.575300327026160606e-04
1.037000000000000000e+05 2.799000470725506373e-04 3.153812843544962700e-04 2.994326727839713583e-04 3.096501546403506193e-04 2.989460149334219785e-04 3.163138510790971494e-04 3.332614500091634572e-04 3.176829051032793380e-04 3.534627582784169702e-04
1.038000000000000000e+05 3.055221711238757234e-04 2.894617293286497455e-04 3.045814512626190181e-04 3.367834940457236606e-04 2.993369614371789293e-04 3.145395481451936960e-04 3.281306499954556163e-04 3.360460231902210118e-04 3.289975446687067647e-04
1.039000000000000000e+05 3.058532405389841578e-04 2.833989003258048753e-04 2.966634437119884996e-04 3.081206428521295450e-04 3.183256898060521757e-04 3.082968991567500909e-04 3.391649489947443671e-04 3.393128864211485932e-04 3.578302564721506538e-04
1.040000000000000000e+05 2.910419848365603055e-04 3.045284046496849438e-04 2.922811606916415005e-04 3.110967942596089470e-04 3.299267977406335596e-04 3.308533138940673531e-04 3.393524239621497967e-04 3.181296376107050142e-04 3.543235606227332704e-04
1.041000000000000000e+05 2.903487954198102645e-04 3.117234446280199188e-04 2.946905209188591134e-04 3.245404092655841026e-04 3.162343128646625439e-04 3.235188449365694564e-04 3.164682326064379965e-04 3.274067318061857747e-04 3.574775561257986030e-04
1.042000000000000000e+05 2.875412360541713713e-04 2.937592220450394097e-04 3.098792165482545805e-04 3.207980068578257906e-04 3.419672582376325994e-04 3.258244022951539524e-04 3.366636320841855145e-04 3.296380976317326043e-04 3.377940654502234593e-04
1.043000000000000000e+05 2.952579665317094267e-04 3.046688856085931507e-04 3.223817984129862262e-04 3.134376840552906707e-04 3.052982784401315911e-04 3.143468523504960258e-04 3.348799709086864597e-04 3.208766800428727037e-04 3.379165667773728187e-04
1.044000000000000000e+05 3.003353342166971678e-04 3.224979043427890621e-04 2.955400934249604282e-04 3.254418878907954361e-04 3.267323065841647276e-04 3.276636429930584386e-04 3.356708519979402332e-04 3.369800299277825447e-04 3.523789207367014880e-04
1.045000000000000000e+05 3.130653895856927655e-04 3.507902544313072613e-04 3.220465867222314948e-04 3.056748522677676721e-04 3.212988426216879453e-04 3.615632944023829186e-04 3.488504460446380153e-04 4.035131662352181743e-04 3.616740094028133602e-04
1.046000000000000000e+05 3.148195567806870757e-04 3.471944103042416425e-04 3.167922198612581450e-04 3.097750684454985987e-04 2.941067150788569465e-04 3.270660654311268139e-04 3.414982922132726514e-04 4.104377041284380519e-04 3.499282556812756862e-04
1.047000000000000000e+05 3.221981442764031015e-04 3.275726616671618030e-04 3.438642106941443006e-04 3.271560587651336518e-04 3.163355466371574679e-04 3.298375805230198800e-04 3.821543361747176755e-04 3.893146887915076965e-04 3.429875837945600041e-04
1.048000000000000000e+05 3.306071272384986689e-04 3.672627270051676365e-04 3.072641457998263317e-04 3.279734266415023584e-04 3.290462841570083552e-04 3.170950251411876739e-04 3.562399292674337296e-04 3.993371701415124124e-04 3.574909029762622517e-04
1.049000000000000000e+05 3.394584722519929923e-04 3.745763032002862752e-04 3.322888054913309438e-04 3.237915131145943561e-04 3.371164982576186925e-04 3.242760416692226210e-04 3.845214786870254837e-04 4.435510057366923533e-04 3.677771216420711573e-04
1.050000000000000000e+05 3.281231522784209815e-04 3.714964553819647981e-04 3.186710606128322163e-04 3.437867653715245180e-04 3.315252411664559406e-04 3.590511985152704537e-04 3.704327219343937425e-04 4.569582819855304507e-04 3.632061579377445664e-04
1.051000000000000000e+05 3.863927159336310061e-04 4.524043218106344019e-04 3.271749011326695778e-04 3.261543313884250508e-04 3.346059958089200501e-04 3.388601230052919514e-04 4.227701881127485695e-04 5.493820829503432692e-04 3.527690383735765161e-04
1.052000000000000000e+05 4.534467027858886021e-04 4.698677508590559811e-04 3.132653130243769437e-04 3.124730651371066068e-04 3.258988828396804050e-04 3.764013397705885666e-04 4.814624425030427182e-04 5.892390899705462863e-04 3.779514086455838025e-04
1.053000000000000000e+05 4.688376231038111669e-04 4.934141911770055034e-04 3.126064853452450542e-04 3.134354741854896310e-04 3.700330236611014249e-04 3.583719922978414042e-04 4.934801583759341375e-04 6.111102806296866930e-04 3.338443036121587133e-04
1.054000000000000000e+05 4.843243092560698695e-04 4.384287156985274990e-04 3.030229120974885877e-04 3.310874927023507979e-04 3.530186395147922782e-04 3.569948556694500807e-04 5.455149894035005165e-04 5.563633078661381131e-04 3.971010942936316237e-04
1.055000000000000000e+05 4.462467732982537422e-04 3.664347091507978802e-04 3.100754524660031294e-04 3.504953974301829858e-04 3.454421673245500527e-04 3.522255577911608719e-04 3.861598412986100011e-04 4.765001490703596617e-04 3.815011102259082266e-04
1.056000000000000000e+05 4.609464404759448905e-04 4.080098492571353490e-04 3.099408196905656713e-04 3.599454266394036799e-04 3.494594088829357996e-04 4.036113044897198508e-04 4.305727137177586643e-04 5.240431900026606016e-04 3.284080439890452933e-04
1.057000000000000000e+05 5.766353495138579980e-04 5.357737254763796217e-04 3.143105781494238884e-04 4.021444760572172512e-04 3.499037243519466833e-04 4.099179476642969013e-04 5.154205281183453285e-04 6.052352051238447505e-04 3.539151993723436691e-04
1.058000000000000000e+05 6.579991160374122497e-04 5.861916089368947357e-04 3.188102052271245116e-04 3.760091204017122660e-04 3.499512040176773020e-04 4.468674551414009567e-04 6.081745534141626492e-04 7.006532519803853167e-04 3.507778812869981095e-04
1.059000000000000000e+05 7.649897655715263024e-04 6.520123656971680681e-04 3.291422859707392634e-04 4.277851656552492002e-04 3.714656564629269003e-04 4.484574448733121585e-04 6.669658254390592759e-04 7.176985904113203233e-04 3.566117766787510490e-04
1.060000000000000000e+05 8.383832292125411451e-04 7.158575573844099763e-04 3.048983153035766036e-04 4.494981766929324733e-04 3.834208725105645423e-04 4.848984830353490695e-04 6.969940809069400441e-04 7.920764411695335868e-04 3.713421964897647629e-04
1.061000000000000000e+05 8.438681349006008948e-04 6.448462442602128850e-04 3.254580379615636208e-04 4.362443348485025153e-04 3.807048220038632439e-04 4.990626893062693852e-04 6.277705508412696669e-04 7.248182986082379745e-04 3.741554589574866917e-04
1.062000000000000000e+05 7.334580224114653534e-04 5.283343172530264621e-04 3.208620540015585335e-04 4.504101620615138862e-04 3.432251837948393819e-04 4.789119848088704075e-04 5.910996263395508488e-04 6.249943862591735445e-04 3.836887890175172595e-04
1.063000000000000000e+05 6.843905404879380410e-04 5.031392830138078053e-04 3.126942579378619042e-04 3.923722043150916364e-04 3.211317990301516129e-04 4.316138507891355020e-04 5.531054351692036479e-04 5.724194421866154580e-04 3.540522954783735304e-04
1.064000000000000000e+05 5.585255390158122731e-04 4.113931072927994514e-04 3.088887743315437643e-04 4.159638032276177073e-04 3.229454015601289992e-04 3.932200551725650904e-04 4.826516400776736005e-04 4.940034534066879745e-04 3.547840510295329451e-04
1.065000000000000000e+05 6.500217161336230808e-04 4.735014398886209499e-04 3.075790129196492276e-04 4.652202817754394829e-04 3.192449334837280280e-04 4.050692520377612471e-04 5.649694115900233665e-04 5.643708078695314906e-04 3.401753865661323096e-04
1.066000000000000000e+05 9.623690095955249237e-04 6.791889820203308873e-04 3.263396612821294583e-04 6.553965305480809840e-04 3.591012886564636029e-04 4.687284582127368123e-04 7.850609501557404045e-04 6.795061468593538564e-04 3.721024394210261732e-04
1.067000000000000000e+05 1.139005833629934406e-03 7.787928672049647871e-04 3.175842023535829328e-04 6.778394643126723620e-04 3.618850824185675715e-04 4.919692131194818930e-04 9.919398846751240149e-04 7.725002209616686332e-04 3.988176396146032930e-04
1.068000000000000000e+05 1.122905669738879803e-03 7.324104538272631663e-04 3.191671317037988835e-04 6.650526110397444795e-04 3.209952626491165118e-04 4.634128702198599451e-04 8.696931674738932021e-04 7.256881547303526032e-04 4.246212942444405796e-04
1.069000000000000000e+05 9.022872403433788687e-04 6.187516786120491078e-04 3.296739361553216105e-04 6.444053920480526804e-04 3.414738597262174783e-04 3.932276894317242831e-04 8.610826287775702600e-04 6.246521739016484614e-04 3.777773500186831302e-04
1.070000000000000000e+05 8.238030773112156027e-04 5.504803684894601923e-04 3.053470727765039282e-04 6.089086776381708553e-04 3.723734036887102884e-04 4.189087428998257033e-04 8.530794333775407450e-04 6.011429404408669304e-04 3.759707853669142907e-04
1.071000000000000000e+05 8.985591296675127845e-04 6.025794316313901403e-04 3.349597384510813328e-04 6.960504134717162075e-04 3.411590076225151993e-04 4.489593888915466464e-04 8.496571908198417801e-04 6.251166288965991817e-04 3.606570233745825019e-04
1.072000000000000000e+05 1.179412410922763390e-03 7.808390981280374571e-04 3.441948053127537430e-04 8.683354817322285705e-04 3.571096152432873998e-04 4.376049156374884849e-04 1.085588447415024695e-03 6.982991425044549495e-04 4.041582469012927072e-04
1.073000000000000000e+05 1.459036897676370664e-03 8.679626011734736411e-04 3.370660870028828861e-04 9.719186247967224980e-04 4.182515546557885469e-04 4.680371934158907574e-04 1.471460338847429888e-03 7.389923552137089803e-04 4.782787557799143504e-04
1.074000000000000000e+05 1.595628214023641451e-03 9.165565255901612484e-04 3.786085178557977988e-04 1.027001128707682792e-03 4.169121855383018673e-04 4.367115492227091958e-04 1.559665094815919665e-03 7.683522314104296964e-04 4.447178362436238447e-04
1.075000000000000000e+05 1.504893517099247739e-03 8.797208654902715329e-04 3.366686712832263079e-04 1.003930204850815014e-03 4.256138080599148037e-04 4.020691729557022390e-04 1.403867074502255976e-03 7.165725822935474281e-04 4.325823169155482606e-04
1.076000000000000000e+05 1.181475424880626098e-03 7.280176716993953974e-04 3.118569312455749063e-04 8.614289749337908364e-04 3.860979123414729993e-04 4.084387224978969677e-04 1.191288898334814288e-03 6.559955812398775548e-04 3.955789283726900292e-04
1.077000000000000000e+05 1.256385493744875985e-03 7.142896822147081241e-04 3.154387131230968399e-04 9.332976973281264816e-04 4.036670268211678685e-04 3.882246268197197202e-04 1.334308026166254255e-03 6.787102505729586616e-04 4.327455775376255298e-04
1.078000000000000000e+05 1.439352414539488752e-03 7.622274987808848453e-04 3.309008836576280473e-04 1.004448752679765753e-03 4.298957884377105896e-04 3.677759400134477047e-04 1.553425318789710113e-03 7.650875623819628456e-04 4.466564060457278306e-04
1.079000000000000000e+05 1.370229343294247998e-03 6.203306384304393658e-04 3.185919079724813937e-04 9.809422659438188884e-04 3.913374970501910018e-04 3.628144518944171086e-04 1.567688908228021026e-03 7.132812563957257939e-04 4.419955783698215849e-04
1.080000000000000000e+05 9.178759371547439610e-04 4.237152346246717601e-04 3.043235849091535617e-04 6.794952993438585238e-04 3.454917995438784410e-04 3.708734350004987547e-04 1.134895315082977418e-03 5.349666621969656650e-04 4.123199658488306226e-04
1.081000000000000000e+05 4.402739509128570056e-04 3.182664327412101533e-04 3.146809359130133921e-04 3.976394329830145466e-04 3.483053591309286426e-04 3.445558176730754312e-04 6.108431588845845452e-04 4.020183824576608906e-04 3.471610515212963087e-04
1.082000000000000000e+05 4.837156229187116342e-04 3.506993361560468980e-04 2.867722269898874692e-04 4.336281787246540299e-04 3.380698976115209509e-04 3.495801646533325236e-04 5.716265301724386032e-04 3.655278572895473334e-04 3.476620396522781442e-04
1.083000000000000000e+05 5.092656807960341953e-04 3.745107462871829205e-04 3.086760034620887128e-04 4.376297523572066799e-04 3.558435856756836249e-04 3.373630634455101053e-04 6.400833496331570114e-04 3.736267512337872036e-04 3.652769762830114552e-04
1.084000000000000000e+05 5.743876355312472993e-04 3.600060245946998206e-04 3.162460484973769119e-04 4.569934502139611572e-04 3.286343110976020095e-04 3.779510353219208037e-04 6.887181082887240723e-04 3.853592033014715179e-04 3.842477354241788530e-04
1.085000000000000000e+05 6.947720628551009745e-04 4.414507710564477181e-04 3.392900788714654694e-04 5.285554521089338379e-04 3.380432711061173213e-04 3.716497046742937350e-04 7.977771666042506342e-04 4.429412669637631888e-04 3.493991570739875718e-04
1.086000000000000000e+05 5.931180479866562157e-04 4.041714439013541953e-04 3.210550267989810522e-04 4.548428592206273796e-04 3.482336104611336134e-04 3.491396720658681728e-04 6.355108207846994761e-04 4.334931167151061856e-04 3.641718772096250276e-04
1.087000000000000000e+05 5.569338513446043127e-04 3.673114829064488720e-04 3.373762672649954710e-04 4.541037557278006231e-04 3.717188390896233527e-04 3.584416169159228933e-04 6.796734841629231824e-04 4.377245631058031554e-04 3.745222736560892881e-04
1.088000000000000000e+05 5.827980233095777238e-04 3.968021279201348526e-04 3.279321579308566693e-04 4.782484794407237407e-04 3.737055675307411531e-04 3.749903918263663418e-04 7.911008107135339418e-04 5.007030264853349960e-04 3.751006951927047910e-04
1.089000000000000000e+05 5.882104531919086230e-04 3.912488244915692751e-04 3.398103032063146708e-04 4.588251866728589728e-04 3.410268181800679374e-04 3.835272717434319990e-04 8.185033244508761524e-04 5.046596805434148828e-04 3.882600829056154505e-04
1.090000000000000000e+05 7.576442638181893254e-04 4.460052384077243040e-04 3.429122172496590847e-04 5.511649095668693429e-04 3.788927993606251406e-04 3.758014647116027381e-04 9.975027966422833278e-04 5.597029205262159376e-04 3.999265453651258272e-04
1.091000000000000000e+05 9.689748368258705846e-04 5.833215506644336829e-04 3.985303620749883939e-04 6.231171719088034536e-04 4.067059456618693307e-04 3.844728502954166652e-04 1.251563980301648909e-03 6.832236689635960529e-04 3.905470748291135405e-04
1.092000000000000000e+05 8.991666101863735050e-04 5.080750936363903928e-04 3.626731642607540756e-04 5.619924207176358417e-04 4.132924581479442781e-04 3.610793804531046113e-04 1.277212729540619113e-03 6.581653330354577704e-04 3.578479941773126359e-04
1.093000000000000000e+05 7.032984353019695878e-04 4.129640694854391975e-04 3.375115988724188606e-04 5.003910251126791756e-04 3.666331618833343722e-04 3.749731127971705461e-04 1.023284195785074740e-03 5.738599056673656697e-04 3.855140828155548651e-04
1.094000000000000000e+05 7.319931725748203295e-04 4.253177519402734277e-04 3.600068507039334668e-04 5.625553467174148259e-04 3.831178864515103247e-04 3.871466037970812857e-04 9.981892399725824077e-04 6.320953615666751986e-04 3.964335614732636252e-04
1.095000000000000000e+05 7.540616548011803890e-04 4.490712582609950520e-04 3.468552777033953529e-04 5.465801301796853516e-04 3.912077348968079826e-04 3.821618665829463546e-04 1.046009059354942273e-03 6.889273622277703336e-04 4.073631197435450993e-04
1.096000000000000000e+05 5.919207457841247884e-04 3.933438840606706352e-04 3.415784825170464886e-04 4.883372341744505931e-04 3.617215865543141405e-04 3.673766697669043598e-04 8.189565314498716561e-04 5.748882520841773871e-04 3.988957623441611276e-04
1.097000000000000000e+05 5.463296869314466413e-04 3.526293492918942105e-04 3.457028143779003254e-04 4.306116690077029289e-04 3.749102977183785420e-04 3.496557681255558765e-04 6.785939423777358637e-04 5.166967611743915030e-04 3.997199556640023462e-04
1.098000000000000000e+05 5.060492824532720948e-04 3.277068726060669221e-04 3.190701235494586068e-04 4.076640986693076067e-04 3.571227103478497424e-04 3.509986413389277007e-04 6.630618433807851852e-04 4.986426951384153499e-04 3.836426098684850424e-04
1.099000000000000000e+05 4.327909499480133261e-04 3.352900008433214759e-04 3.144603293130499955e-04 3.710611073431173629e-04 3.294698333180319690e-04 3.418658204641980536e-04 5.449152305937927411e-04 4.467812602063323283e-04 3.647741086950732339e-04
1.100000000000000000e+05 4.376396888540243614e-04 3.195943354337317109e-04 3.360829353774196968e-04 3.689527635625582612e-04 3.531518597111049391e-04 3.486278643337054192e-04 5.320567867379068531e-04 4.385350653173440780e-04 3.603133702061011440e-04
1.101000000000000000e+05 4.479051216648638543e-04 3.162336943238810700e-04 3.306746071852556187e-04 3.523794864405046796e-04 3.428185872575481422e-04 3.426505198419233672e-04 5.284689726953921505e-04 4.281727108021621308e-04 3.697193774914619871e-04
1.102000000000000000e+05 4.429906682433666599e-04 3.189078056092367109e-04 3.331239061306206259e-04 3.378191565620259837e-04 3.225244859465797734e-04 3.461728159597044852e-04 4.429920588321163873e-04 4.187533090024271685e-04 3.840876359247424681e-04
1.103000000000000000e+05 3.270590291823156220e-04 3.150073959082743866e-04 3.100048411213876098e-04 3.153961163997603956e-04 3.293076184345257408e-04 3.581011178778175795e-04 3.793441847433010527e-04 3.869030507304880261e-04 3.647861839260986626e-04
1.104000000000000000e+05 3.137576487464191727e-04 3.016964224369828615e-04 3.281182016514275082e-04 3.353360509013364119e-04 3.400638717553404271e-04 3.354056519699149500e-04 3.751578040469552501e-04 3.556907315179188081e-04 3.653746706830572838e-04
1.105000000000000000e+05 2.996661088377357805e-04 3.264759435480948067e-04 3.278501442316005942e-04 3.111943902678136059e-04 3.365692495728464886e-04 3.387560152092272767e-04 3.823573451951586431e-04 3.790925138166944142e-04 3.754231014544785533e-04
1.106000000000000000e+05 3.232000024860027729e-04 3.022922616985237575e-04 3.087565785570861739e-04 3.325389734230957709e-04 3.116726416369180563e-04 3.151577835030886258e-04 3.668750550977620869e-04 4.036072952935293749e-04 3.686541647968878850e-04
1.107000000000000000e+05 3.126840310615363488e-04 2.980721629262975364e-04 3.206798879886697752e-04 3.281761204548699386e-04 3.234784781892921816e-04 3.366721838442038491e-04 3.874796179990636340e-04 3.704558755455327791e-04 3.911655588138145709e-04
1.108000000000000000e+05 2.885821442564620370e-04 2.824608175375477532e-04 3.140030848654329137e-04 3.224965230085147759e-04 3.195552302508867289e-04 3.109453744830466488e-04 3.560985181423519997e-04 3.688682333298759345e-04 3.641207379326506983e-04
1.109000000000000000e+05 3.037097994162722085e-04 2.793199279236708850e-04 3.190580590970170955e-04 3.099247436874663685e-04 3.024524429923455891e-04 3.364018782120309359e-04 3.723571118180994026e-04 3.917568330197842771e-04 3.701083329491970902e-04
1.110000000000000000e+05 3.187087594110066388e-04 3.151679042663851188e-04 3.269180614736991674e-04 3.640036244677713885e-04 3.035424871768537783e-04 3.355415742434655142e-04 3.907875526193753607e-04 3.821509708945753400e-04 3.409651029587855799e-04
1.111000000000000000e+05 2.989050084633829065e-04 3.106629467804572172e-04 3.160079521931675605e-04 3.326751454737520179e-04 3.189849540378515615e-04 3.449807633783753716e-04 3.825353160862876058e-04 3.691628704096093787e-04 3.408817876870776369e-04
1.112000000000000000e+05 2.998075273035237867e-04 3.424796324447394540e-04 3.308874784891512738e-04 3.564108794822075854e-04 3.483493268199051992e-04 3.312385348297305541e-04 3.810945804268190285e-04 3.748569812521141396e-04 3.723488005414888865e-04
1.113000000000000000e+05 3.043564296897165720e-04 3.242499506922748818e-04 3.222359622296572614e-04 3.568167450132018266e-04 3.300535216601761758e-04 3.379899510879094031e-04 4.010516156115286925e-04 3.996690829790499125e-04 3.561759343604851665e-04
1.114000000000000000e+05 3.097862071766683363e-04 3.144487430302889304e-04 3.198157544335835170e-04 3.285692147823511566e-04 3.170379268096803192e-04 3.554996641807969013e-04 4.050696158745095200e-04 3.951900306538747997e-04 3.501911508211617884e-04
1.115000000000000000e+05 3.210820990802811838e-04 2.986427389937015234e-04 3.272588813455451322e-04 3.309452568208922675e-04 3.325631879448159812e-04 3.727048563273109962e-04 3.826775287100013393e-04 3.532640340196819802e-04 3.914808736412691767e-04
1.116000000000000000e+05 3.057993688823579183e-04 2.940835502268753432e-04 3.447055091937941177e-04 3.598057510410254743e-04 3.265243821882924270e-04 3.446120127188909360e-04 3.802908551389156040e-04 3.939193822997072523e-04 3.625437158522993144e-04
1.117000000000000000e+05 3.229562728677017438e-04 3.090950431722295252e-04 3.349515328230787342e-04 3.270786198825391400e-04 3.194567886444076715e-04 3.554050033657383417e-04 3.882437783283995366e-04 4.111546660543256805e-04 3.612988961703534436e-04
1.118000000000000000e+05 3.087363211375793583e-04 3.133634770421605360e-04 3.208068162990864087e-04 3.201698707714164291e-04 3.007355505297776895e-04 3.469741308673259298e-04 3.586296376285168382e-04 3.757827302212140229e-04 3.564670144010411920e-04
1.119000000000000000e+05 3.059972552925426035e-04 2.954293573936712372e-04 2.885638978386340417e-04 2.999523257411598797e-04 3.236971235312959385e-04 3.315111347067301365e-04 3.324029639671477834e-04 3.883400103107886121e-04 3.509272550593906101e-04
1.120000000000000000e+05 3.168756944213804152e-04 3.154106276063825174e-04 3.108206678505619712e-04 3.174921232356043947e-04 3.182409865444196318e-04 3.266099441395647093e-04 3.443064295613801253e-04 3.866939568700257252e-04 3.430757587725730704e-04
1.121000000000000000e+05 3.237150018192604269e-04 3.276065631025772422e-04 3.241477718449181644e-04 3.343663937331899354e-04 3.183009838685498753e-04 3.248850712498442582e-04 3.721124409020831443e-04 3.875636303843759951e-04 3.456827293187696984e-04
1.122000000000000000e+05 3.488224396888834895e-04 3.180283875476788290e-04 3.097458913449376342e-04 3.465931408448968010e-04 3.621800437224722896e-04 3.362827316083754747e-04 3.938520337715040219e-04 3.844282650132931837e-04 4.139498449071812099e-04
1.123000000000000000e+05 3.695595233184278071e-04 3.236440123094327633e-04 3.482730224766398706e-04 3.527251778339695232e-04 3.633219074678073869e-04 3.666385314476540815e-04 4.211477021428142935e-04 4.101255065291853569e-04 3.754172283590497287e-04
1.124000000000000000e+05 3.299417962740967803e-04 3.249065595505346189e-04 3.411516835760659101e-04 3.479435420433019794e-04 3.591745415185074175e-04 3.740192478827482478e-04 4.259643426154478699e-04 4.275262945579874976e-04 4.006489331490248784e-04
1.125000000000000000e+05 3.115961257457291263e-04 3.164511292855558765e-04 3.261012072606857466e-04 3.419098247164374443e-04 3.138645817640713402e-04 3.217971267389149043e-04 3.930046455807445363e-04 3.571340206418554663e-04 3.941419543238025786e-04
1.126000000000000000e+05 3.168423202706628140e-04 3.162918792176393516e-04 3.241708705098191577e-04 3.426724278914971113e-04 3.218529744625263172e-04 3.467078303673117208e-04 3.658200721722759587e-04 3.673521828933851586e-04 3.638959612227467277e-04
1.127000000000000000e+05 3.157237137652240755e-04 3.284489798182912371e-04 3.397400088187937277e-04 3.641669468476392709e-04 3.582773836266520367e-04 3.626094284016218592e-04 3.520153013566908596e-04 3.795084830637767770e-04 3.898102918845004392e-04
1.128000000000000000e+05 3.338066278174625363e-04 3.378547135450361621e-04 3.502139740132697676e-04 3.545445220369498407e-04 3.325533514026119504e-04 3.581376357887091862e-04 3.869017535014294788e-04 3.852416503316402987e-04 3.730303372647788196e-04
1.129000000000000000e+05 3.232704974694979548e-04 3.508518568758971202e-04 3.537039862797222516e-04 3.010976190228586416e-04 3.334331445617028902e-04 3.548268965868596947e-04 3.567124233696080033e-04 3.909474370750000492e-04 3.585558890837272522e-04
1.130000000000000000e+05 3.618862443381583869e-04 3.275652733991123622e-04 3.534244599316911173e-04 3.311406637277079985e-04 3.429411452829811565e-04 3.661363180358329452e-04 3.801976692867414039e-04 3.950968882523420134e-04 3.590523616998662427e-04
1.131000000000000000e+05 3.473553977427643264e-04 3.422562272883592329e-04 3.475437038313831115e-04 3.492414380087589007e-04 3.399539797573005069e-04 4.128044583801607193e-04 4.004476403565078468e-04 3.897176285015575836e-04 3.927154762534632850e-04
1.132000000000000000e+05 3.207027378578823445e-04 3.320594590235506692e-04 3.204230211665930195e-04 3.381180060051456986e-04 3.401601241441878183e-04 3.546863323795119332e-04 3.827286766336906857e-04 3.354475944862167123e-04 3.571796368599453714e-04
1.133000000000000000e+05 3.131834256363025433e-04 3.095134712555436241e-04 2.921448521333242843e-04 3.146046144676816099e-04 3.368255219391203567e-04 3.536840790081320109e-04 3.567939613162019320e-04 3.268846061293587775e-04 3.532956609315064623e-04
1.134000000000000000e+05 3.332153680984176734e-04 3.249439903252481399e-04 3.295959821258973368e-04 3.248721260541519553e-04 3.605045331343184199e-04 3.696069387581166232e-04 3.657582618537255420e-04 3.524478039380059919e-04 3.508488604594723497e-04
1.135000000000000000e+05 3.099088622609393138e-04 3.130085407493714235e-04 3.316593041798403772e-04 3.235591940157726961e-04 3.495257781010527179e-04 3.616770246684332846e-04 3.411846594786264574e-04 3.689106927857734811e-04 3.673827770458424659e-04
1.136000000000000000e+05 2.982331747524920068e-04 2.927049044771204466e-04 3.073562423984666447e-04 3.287854036671328728e-04 3.205415322945593748e-04 3.526568216117604172e-04 3.390473383548164225e-04 3.490708839525151789e-04 3.351117083228067912e-04
1.137000000000000000e+05 3.191915595028185608e-04 3.098671226450099990e-04 3.215392075569001328e-04 3.411657842451834869e-04 3.338272171805331339e-04 3.364045962237974924e-04 3.439279234699126292e-04 3.530607157642525395e-04 3.562459695754756133e-04
1.138000000000000000e+05 3.254362360609740104e-04 3.300467186433214640e-04 3.182802696649672178e-04 3.268604811744268523e-04 3.358130281667080254e-04 3.604046083738865198e-04 3.407442909432283605e-04 3.732189479172318266e-04 3.975448750251047835e-04
1.139000000000000000e+05 3.231758395846179559e-04 3.253000436274321172e-04 3.459214121574693515e-04 3.220280532658371356e-04 3.543752418428868975e-04 3.544302798369365344e-04 3.527660293427999083e-04 3.750899987542049901e-04 3.662400497480029619e-04
1.140000000000000000e+05 3.239033039428659442e-04 3.644159134688237890e-04 3.752077893407759703e-04 3.419980073956328673e-04 3.610555877370222907e-04 3.571670115722107232e-04 3.939595161211556203e-04 3.960579220361834128e-04 3.782900919575577642e-04
1.141000000000000000e+05 3.249841119071674562e-04 3.274932714218362225e-04 3.306782088371910239e-04 3.324876077877927136e-04 3.446110183181561124e-04 3.430462750165014967e-04 3.562636873127604715e-04 3.610596650110292627e-04 3.828547058811382266e-04
1.142000000000000000e+05 2.950177448584579104e-04 3.180954538588903670e-04 3.193097572899005355e-04 3.261479173890384801e-04 3.361627569533817955e-04 3.566744580428575701e-04 3.461578310954217439e-04 3.688604448669667124e-04 3.360187376195186270e-04
1.143000000000000000e+05 3.215373078288405917e-04 3.424261106739388762e-04 3.285989897503810864e-04 3.335142188352706837e-04 3.506991011258280867e-04 3.671653195332359970e-04 3.824527290409819114e-04 3.713392902029726992e-04 3.916762835942213844e-04
1.144000000000000000e+05 3.047836315263616268e-04 3.335200893790061681e-04 3.467648205194064906e-04 3.286614614081446594e-04 3.333836222908641051e-04 3.470766062811821411e-04 3.737693801908166871e-04 4.046524807544900652e-04 3.797049643190461869e-04
1.145000000000000000e+05 3.149842156720183083e-04 3.264165231951245399e-04 3.317711354546577633e-04 3.165764435249674574e-04 3.310839433561252863e-04 3.443088449104936039e-04 3.658648369907954441e-04 3.586093413418056999e-04 3.923843462235373234e-04
1.146000000000000000e+05 3.073964333277730060e-04 2.993457503295011827e-04 3.288081740312310901e-04 3.111603872151837407e-04 3.503650237913559268e-04 3.446138299782389842e-04 3.672804826632858517e-04 3.652325055996560031e-04 3.511020004577085243e-04
1.147000000000000000e+05 3.093918601752266803e-04 3.123290033332178409e-04 3.178910048369307110e-04 3.133244743914480779e-04 3.267370922269733041e-04 3.534325116729503070e-04 3.747158300068411090e-04 3.484518680651608243e-04 3.718380348576016004e-04
1.148000000000000000e+05 3.067669930072216265e-04 3.378645315628298887e-04 3.490131767188968002e-04 3.392376882137359911e-04 3.375275443088380828e-04 3.570725749374953437e-04 3.543075716608302668e-04 3.736400912013399444e-04 3.799928596717968058e-04
1.149000000000000000e+05 3.217817798204756509e-04 3.475578061522047982e-04 3.295241109592345150e-04 3.522533081615362364e-04 3.519916124314945269e-04 3.567744653518104404e-04 3.630800121624072033e-04 3.680650588757665605e-04 3.696380636786977727e-04
1.150000000000000000e+05 3.242175611763904752e-04 3.399930239554794956e-04 3.175138375499101848e-04 3.276399803516192319e-04 3.650212511232407871e-04 3.337980905284501924e-04 3.605684545808414149e-04 3.716836460197315097e-04 3.694862469553446076e-04
1.151000000000000000e+05 3.019643393831277184e-04 3.208818327799614926e-04 3.259468037519843743e-04 3.113920825797108268e-04 3.528097097508389279e-04 3.486050150089155383e-04 3.471655382401144527e-04 3.736329781684809368e-04 4.177652556977218485e-04
1.152000000000000000e+05 3.105161012772784945e-04 3.081198449384654758e-04 3.249277875985024495e-04 3.211106895464206070e-04 3.185115123050211053e-04 3.382501108466765189e-04 3.457113183157868802e-04 3.720422512596061114e-04 3.977669995763493446e-04
1.153000000000000000e+05 3.177011172029159240e-04 3.126850619126558210e-04 3.103620072003776716e-04 3.479220338798148814e-04 3.194885081639318200e-04 3.345447159422176072e-04 3.394714652576034833e-04 3.799986899433141670e-04 3.895703746297772855e-04
1.154000000000000000e+05 2.845575978591445218e-04 3.398681817417335393e-04 3.454385325895332343e-04 3.392890763271306479e-04 3.567476547250347449e-04 3.753262119255300669e-04 4.129701965411538200e-04 3.840919546349079406e-04 3.885629192417920717e-04
1.155000000000000000e+05 3.408935827797554335e-04 3.806227456440834265e-04 3.607076454216280223e-04 3.595439537931236201e-04 3.893987521030942145e-04 3.893144839684944372e-04 4.402159457054779438e-04 4.065729954280966770e-04 4.272510197791306100e-04
1.156000000000000000e+05 3.296975051617022346e-04 3.539944547322128755e-04 3.783992279115466978e-04 3.529629285385955809e-04 3.840837336049583717e-04 3.735062075136296096e-04 4.260797269771975137e-04 4.269287378040358865e-04 4.261577526536145964e-04
1.157000000000000000e+05 3.417994150361955679e-04 3.392607498111827893e-04 3.509694688436257272e-04 3.585420956637368033e-04 3.894742540986317891e-04 3.948566024599324347e-04 3.854714705298176061e-04 4.056439895849344151e-04 4.134993708288910923e-04
1.158000000000000000e+05 3.313426309749558643e-04 3.536252615193395937e-04 3.374512905212192831e-04 3.620090203603887726e-04 3.622771416094248574e-04 4.033220317997820580e-04 3.945380567510043367e-04 3.606644118618519842e-04 3.807912535259804355e-04
1.159000000000000000e+05 3.290671051387230304e-04 3.295786588802602146e-04 3.229724159880385413e-04 3.685246521734990266e-04 3.562804088082359042e-04 3.845382700916668292e-04 4.003934183671589773e-04 3.499350206941568404e-04 3.893603237185006265e-04
1.160000000000000000e+05 3.325066453358146708e-04 3.541954626491515936e-04 3.746739266836961505e-04 4.036378290108078482e-04 3.840003723829560236e-04 4.017406196027556442e-04 3.968422112663461663e-04 4.015686246792723275e-04 4.148595673759442482e-04
1.161000000000000000e+05 3.994865208224127615e-04 4.141539346875663897e-04 4.300706034259336313e-04 4.316439982185353379e-04 3.944593198531859283e-04 4.198125725753345692e-04 4.312559370611075997e-04 4.294698616587897064e-04 4.700093281802661307e-04
1.162000000000000000e+05 4.072962447580781424e-04 3.944434392668721891e-04 3.655303405519032788e-04 3.920423879047232061e-04 3.927908006929454435e-04 4.581722668759725101e-04 4.370282557189241759e-04 4.492467730687075070e-04 4.482573847677467720e-04
1.163000000000000000e+05 3.406296323384641503e-04 3.427398293151102905e-04 3.416446410367070577e-04 3.481005445235871407e-04 3.944288662135035390e-04 3.995376337108127139e-04 3.695106562844875609e-04 4.026622429453647549e-04 4.094783905197508806e-04
1.164000000000000000e+05 3.322290775087672742e-04 3.364100267596124155e-04 3.493539853288988770e-04 3.435690752529781686e-04 3.831810797883029342e-04 3.383358567596601169e-04 3.583364128850457663e-04 3.709201578125572991e-04 4.171737919482220737e-04
1.165000000000000000e+05 3.335238638832941217e-04 3.199560313440855683e-04 3.325803023117734512e-04 3.440340411367760667e-04 3.453999300031244555e-04 3.628532334284889985e-04 3.700141297162229501e-04 3.733376340995240347e-04 3.979993334367417138e-04
1.166000000000000000e+05 3.172644327233271585e-04 3.045997655398347730e-04 3.368679224783543633e-04 3.215910996827714549e-04 3.233641898442866426e-04 3.535078392515326106e-04 3.402701572378683892e-04 3.608992060159747620e-04 3.877045101120730249e-04
1.167000000000000000e+05 2.810311619389737866e-04 2.972973626528148654e-04 3.158574592705885821e-04 3.141210515837546797e-04 3.532900697194439501e-04 3.587550501621897671e-04 3.687506793564023421e-04 3.505658061292708143e-04 3.551572097632150864e-04
1.168000000000000000e+05 3.184581974219841756e-04 3.055311517798393471e-04 3.393454092927155078e-04 3.417490036849258695e-04 3.585426702567872433e-04 3.520875818246384410e-04 3.407192748286291080e-04 3.825171334880875240e-04 3.727963060017467820e-04
1.169000000000000000e+05 3.030268512429250749e-04 3.313455893716757915e-04 3.206370389992301961e-04 3.221510279323598885e-04 3.368999761886888448e-04 3.382976959440712962e-04 3.543942342665432933e-04 3.597314917321899758e-04 3.572772071246502505e-04
1.170000000000000000e+05 3.075822046406598157e-04 3.107504234702272456e-04 2.987661023880204851e-04 3.072052689544753465e-04 3.365991129925302973e-04 3.427226681006185051e-04 3.550411778885875997e-04 3.580973733340097405e-04 3.748373687121897297e-04
1.171000000000000000e+05 3.164808153174687635e-04 2.963930253537788565e-04 3.029142808753360581e-04 2.872014824230187456e-04 2.977466868956213744e-04 3.244313487491332212e-04 3.149226378129658314e-04 3.281536572027182177e-04 3.024938558913577657e-04
1.172000000000000000e+05 2.655460192989166535e-04 2.684899809762622005e-04 2.961056689456711120e-04 2.783140020826201468e-04 2.979024681537038540e-04 3.175529457675685613e-04 3.151205034249581383e-04 3.136717239762693552e-04 3.049150948782015989e-04
1.173000000000000000e+05 2.652801067921799791e-04 2.553734652420398626e-04 2.433749233683862596e-04 2.768465172062929019e-04 2.767586664938932739e-04 2.900011881280190398e-04 2.947433433022652845e-04 3.074486649212870176e-04 3.618281443964616040e-04
1.174000000000000000e+05 2.636211582146929361e-04 2.816258805507719206e-04 3.035302843819529797e-04 2.822855864024791583e-04 2.813407001853842682e-04 2.907738325787619310e-04 2.576699540553240302e-04 2.974525128493179420e-04 3.137192170442452163e-04
1.175000000000000000e+05 3.024081018141389294e-04 3.202517234280448117e-04 2.784873011994855514e-04 3.040487760488656452e-04 2.552954953492133630e-04 4.150249956254807170e-04 2.828500719174661948e-04 3.003224659985789737e-04 3.382210928198724881e-04
1.176000000000000000e+05 2.384024806604513537e-04 2.415259487567770829e-04 1.841927180117598718e-04 1.878232651740968672e-04 2.328795481976391564e-04 2.644604857156286864e-04 2.830131556167626221e-04 3.216692046515562398e-04 2.976097912445918765e-04
1.177000000000000000e+05 2.065181636160719344e-04 1.310645059486825173e-04 1.257370605729272680e-04 1.196303800123411931e-04 1.309325128306982082e-04 1.779357705316702036e-04 1.714159785390632397e-04 2.631873711136112630e-04 2.813513466128730032e-04
1.178000000000000000e+05 2.306512395069622886e-04 2.020205569376402324e-04 2.593764999229286475e-04 1.974601929573864751e-04 2.009653383388876661e-04 2.388319943138446431e-04 2.168184831539808773e-04 2.566678270667291503e-04 2.061231135460680878e-04
1.179000000000000000e+05 2.277616117530070739e-04 1.947163154131097715e-04 2.333595288782355716e-04 2.328742192889653975e-04 2.685909040830829491e-04 2.509527640796770575e-04 2.644561844304204158e-04 2.469154614151076229e-04 2.769985310436913137e-04
1.180000000000000000e+05 2.122256241189370549e-04 2.135355782253781087e-04 2.368267512591179969e-04 2.315074642099297370e-04 2.402837196867216383e-04 2.650151101480939433e-04 2.612304572904271412e-04 2.674953366720952313e-04 2.815656301696651534e-04
1.181000000000000000e+05 1.840043641110997868e-04 1.906836906960199403e-04 2.021146965878260055e-04 1.911555990055352591e-04 1.899657616550055059e-04 2.213967721300184031e-04 2.161673976103082500e-04 2.108544156949167594e-04 2.398489568867036065e-04
1.182000000000000000e+05 1.848183079680744683e-04 1.743455809004887749e-04 2.276603189741876110e-04 2.081409365162215563e-04 2.080681963616181826e-04 2.007072761768064688e-04 2.153912341399204494e-04 2.320178819158839878e-04 2.922339608681067931e-04
1.183000000000000000e+05 1.522611140899125370e-04 1.752623724326319112e-04 2.114827893370754169e-04 1.704800066304220762e-04 1.935602350379240025e-04 1.917376378636797196e-04 1.832329235211317979e-04 1.892790416387959420e-04 1.909786163346809779e-04
1.184000000000000000e+05 1.871592045430056357e-04 1.801239312881129477e-04 1.881997065892961117e-04 1.735771138028582318e-04 2.031521893940460284e-04 1.921416857311488682e-04 2.052145720723262277e-04 2.080816540795950265e-04 2.049432957365936267e-04
1.185000000000000000e+05 1.703540089998888628e-04 1.666816463049988436e-04 1.780370991446193838e-04 2.026877810508737770e-04 1.900721990216736859e-04 2.010507678475420947e-04 1.942598490320507853e-04 1.887798002273888861e-04 1.965674964704079198e-04
1.186000000000000000e+05 1.913572241305511320e-04 1.920675167412337896e-04 1.867390831944269356e-04 1.871972811002734871e-04 2.074383882432284480e-04 2.361630793564582081e-04 2.576366709150219956e-04 2.538423821641060791e-04 2.474093621988611024e-04
1.187000000000000000e+05 1.689048132119912572e-04 2.013716389774400178e-04 2.063799227692481356e-04 2.010530471005721686e-04 1.825666899096708149e-04 1.844767326090969905e-04 2.038253852899549504e-04 2.022202963540234595e-04 2.084041002392843266e-04
1.188000000000000000e+05 1.653234170122896518e-04 1.693589228059886741e-04 1.914019635766458615e-04 2.000265927821452141e-04 1.785050212900479304e-04 1.831980721667251003e-04 1.964021181267750253e-04 2.077211635572249592e-04 2.018764670209331866e-04
1.189000000000000000e+05 1.782813698333096707e-04 1.875660069334814713e-04 2.534811650010487479e-04 2.236505702178502477e-04 2.193099254097876153e-04 1.935114704017039421e-04 2.088961892186058449e-04 2.066281334289297035e-04 2.048060041514040779e-04
1.190000000000000000e+05 1.691847737940922356e-04 2.025956316927359283e-04 1.818951177961890687e-04 1.795186656523436411e-04 1.720486908390008091e-04 1.820627065783023298e-04 1.962693863135300484e-04 1.942735455646442031e-04 2.211987654024751297e-04
1.191000000000000000e+05 1.672561842537919512e-04 1.757158955276741320e-04 1.918382195705136014e-04 1.761077014441798667e-04 1.767117111871854731e-04 1.929245853650847714e-04 1.923158687549972800e-04 1.909504754543490479e-04 1.968642218362803473e-04
1.192000000000000000e+05 1.623273170605768283e-04 1.702121031893527494e-04 1.910157688127207072e-04 1.838537278604287649e-04 2.125303405967908152e-04 1.933233141005210297e-04 2.034843862353485596e-04 1.956325299089811968e-04 2.113372170809970578e-04
1.193000000000000000e+05 1.519940081353262837e-04 1.700970388014513585e-04 2.069845751157350195e-04 1.801418944938307665e-04 1.856500776178933269e-04 2.057263928471182951e-04 1.890064204989913663e-04 1.911553764510816062e-04 2.016014703588424881e-04
1.194000000000000000e+05 1.628386882923444268e-04 1.578242601793289400e-04 2.262272316771813600e-04 1.579441595044297965e-04 1.626137683167350320e-04 1.647620311067544800e-04 1.726912087588638371e-04 1.626046950142686070e-04 1.709854828072807445e-04
1.195000000000000000e+05 1.286239826502784942e-04 1.579545993547032368e-04 1.525173358822633988e-04 1.621833583006464653e-04 1.567112857994904353e-04 1.758716498034773536e-04 1.570766096320943975e-04 1.657197816119327727e-04 1.643656421230617836e-04
1.196000000000000000e+05 1.407220004721390096e-04 1.375324671109972587e-04 1.440606103187996488e-04 1.427645876116758199e-04 1.603330555904799168e-04 1.609751116027408524e-04 1.665977980557405147e-04 1.577010328748662679e-04 1.689369425326172312e-04
1.197000000000000000e+05 1.449237879325073885e-04 1.506356851950766860e-04 1.271927289652645735e-04 1.429682879359396488e-04 1.435739372450096593e-04 1.589550933010939950e-04 1.713139152898868558e-04 1.697359739020683526e-04 1.620335467249726523e-04
1.198000000000000000e+05 1.383129641639826751e-04 1.279979642538998995e-04 1.381990229431694008e-04 1.419531215945849336e-04 1.425479324417173739e-04 1.532487440189209973e-04 1.542372346521095046e-04 1.603157531034137364e-04 1.756891797339130059e-04
1.199000000000000000e+05 1.494009924076474601e-04 1.594550836355427431e-04 1.780415181842222956e-04 1.760580968177082972e-04 1.805185157060259875e-04 1.849088194543198425e-04 1.925003163607624465e-04 1.958289962871491842e-04 2.018685307282890745e-04
