9.000000000000000000e+04 6.948369192682927803e-04 5.945908468610659574e-04 6.137464414725891460e-04 1.161042150665873374e-03 2.263779209859221632e-03
9.010000000000000000e+04 9.734160360797026535e-04 7.923334316840371407e-04 6.689431573273767889e-04 9.821030018380410165e-04 2.317046521094107657e-03
9.020000000000000000e+04 8.243357732771168598e-04 7.094546245575780600e-04 8.056941150718734991e-04 1.023424869906518772e-03 2.240294016272777276e-03
9.030000000000000000e+04 7.707983411026393542e-04 6.540831627521109066e-04 6.846106346102751299e-04 1.071427048138011168e-03 2.182531141590736239e-03
9.040000000000000000e+04 7.485891180236421000e-04 6.721841922112870753e-04 6.744220864704441286e-04 1.135574790060364441e-03 2.147270462350349147e-03
9.050000000000000000e+04 7.088866089823254394e-04 6.462990140226046107e-04 6.090047362189590727e-04 1.031229219704159856e-03 2.116842319753578939e-03
9.060000000000000000e+04 7.002590525603227985e-04 7.005680661954143216e-04 6.074118705885277842e-04 9.700294323249199690e-04 2.093481372546346971e-03
9.070000000000000000e+04 6.856023498209362155e-04 7.120499292367746301e-04 6.027962796963413439e-04 8.509607199079394658e-04 2.046900558366743401e-03
9.080000000000000000e+04 6.887245977219503190e-04 6.516476836863244497e-04 5.935905051294172036e-04 9.215688412696402100e-04 1.810111994684539044e-03
9.090000000000000000e+04 6.913005794109823533e-04 6.226634944987054091e-04 6.452739890398438661e-04 9.107802466159737676e-04 1.771970491427416004e-03
9.100000000000000000e+04 7.090287205452878256e-04 6.322755834168827978e-04 6.382373860547241535e-04 9.375878368067475186e-04 1.457046301694465886e-03
9.110000000000000000e+04 6.938085340681418925e-04 6.351252744549399504e-04 5.874466840892958843e-04 9.341566583122114980e-04 1.405782588932207424e-03
9.120000000000000000e+04 6.619795948160456332e-04 6.014285764094649605e-04 5.629395030461753924e-04 9.735283935172216099e-04 1.431115759500122247e-03
9.130000000000000000e+04 6.455980919861274226e-04 6.117361414323294836e-04 5.604337235594461291e-04 9.352872107140764281e-04 1.374192463914642804e-03
9.140000000000000000e+04 6.669514944857035145e-04 6.774480318771682053e-04 5.737542681397069400e-04 8.499991108697195919e-04 1.266625418922385235e-03
9.150000000000000000e+04 6.208427571566405836e-04 6.331705442009754724e-04 5.436678532309184922e-04 8.982364427175841201e-04 1.240718716913074724e-03
9.160000000000000000e+04 5.566192713211181925e-04 5.874112685769582306e-04 5.380025587882824537e-04 9.867327975610926203e-04 1.267302451436269975e-03
9.170000000000000000e+04 5.407090849822163625e-04 5.724946152904266793e-04 6.221334759716988776e-04 9.249135794779934482e-04 1.199496037777005031e-03
9.180000000000000000e+04 6.045920539735712054e-04 6.072971893857015890e-04 5.933248236617090412e-04 8.500968717825300091e-04 9.960883837225745566e-04
9.190000000000000000e+04 6.936025765033710603e-04 6.761999924590543325e-04 5.203105698103745137e-04 8.154736006257654220e-04 9.116659568723297236e-04
9.200000000000000000e+04 6.262077353237357558e-04 6.668592553995033104e-04 6.150982752760179211e-04 8.480731000913083661e-04 9.321730431099174447e-04
9.210000000000000000e+04 5.940706667953138788e-04 6.072048009473435736e-04 5.682657767582079741e-04 8.974070887740357794e-04 9.311641840571529324e-04
9.220000000000000000e+04 6.184524983820166664e-04 5.685195758994031128e-04 5.362180181685114897e-04 8.346035653010095128e-04 9.467877392559347202e-04
9.230000000000000000e+04 5.773452777945408928e-04 5.655032028944891563e-04 5.241478261803317025e-04 7.989206065801407724e-04 9.866239692705855088e-04
9.240000000000000000e+04 5.403364726831851126e-04 5.489457580310061393e-04 6.010267768423531963e-04 7.828591165864937215e-04 1.016793579788085808e-03
9.250000000000000000e+04 5.205251721474627152e-04 5.696856243344903615e-04 5.963910897491558503e-04 7.921198429357709713e-04 1.005639465815355051e-03
9.260000000000000000e+04 5.249994372992895049e-04 5.461962751801755075e-04 5.027154138291121867e-04 8.961865724454339249e-04 9.693386276156107763e-04
9.270000000000000000e+04 5.203406213150307781e-04 5.134027530085278615e-04 4.374959685224046220e-04 9.618611569240185372e-04 9.804481148450252832e-04
9.280000000000000000e+04 5.331781735339311858e-04 5.466097117017546967e-04 4.391140554489100551e-04 9.201236264005408253e-04 1.010863563511242959e-03
9.290000000000000000e+04 5.551716924936032872e-04 5.472299397154067142e-04 4.619385674425757369e-04 8.663485365287038097e-04 9.802349900018244092e-04
9.300000000000000000e+04 5.278987931651300987e-04 5.458540663960634743e-04 5.205806779286815955e-04 8.132683944833467250e-04 9.781934343366456737e-04
9.310000000000000000e+04 5.226125835722442289e-04 5.099205987404798000e-04 5.316647272215024693e-04 7.970994511666657737e-04 1.058063315810223171e-03
9.320000000000000000e+04 5.610057018089193012e-04 4.920619608370670455e-04 4.801727847711942734e-04 8.588307321675983479e-04 1.172305202826431003e-03
9.330000000000000000e+04 6.000572763924030828e-04 4.831789030683148042e-04 4.778793314208249301e-04 9.264681459241440320e-04 1.208425727866300602e-03
9.340000000000000000e+04 5.887771946956898723e-04 5.941476822241528776e-04 5.218300250419804619e-04 9.171717014982418105e-04 1.203804316189108258e-03
9.350000000000000000e+04 5.852469086227908178e-04 5.505061490331011583e-04 4.798328570816937262e-04 8.545504497222074268e-04 1.213975871717182763e-03
9.360000000000000000e+04 5.534872063387173474e-04 6.042831395890831863e-04 5.202343425263178086e-04 8.754922457453590250e-04 1.133736331087759194e-03
9.370000000000000000e+04 5.486768651724605863e-04 6.287429873480677306e-04 5.355370955495398436e-04 9.178077303455520241e-04 1.054222748828835370e-03
9.380000000000000000e+04 5.852204992157076287e-04 6.214272295497297273e-04 4.853943302190691519e-04 9.378895576292984411e-04 1.017223927241873169e-03
9.390000000000000000e+04 6.027507651998569157e-04 5.995853353083736501e-04 5.265114146010913205e-04 8.754363072489488836e-04 9.911472844056012314e-04
9.400000000000000000e+04 6.235512968784629687e-04 6.114700862212735276e-04 5.874389064070928510e-04 8.111085539575919835e-04 1.011688078630824895e-03
9.410000000000000000e+04 6.930092162825099867e-04 6.745789068158725057e-04 6.043548794005927996e-04 7.585202595824111710e-04 1.073442301152866289e-03
9.420000000000000000e+04 9.500159835949182046e-04 7.151689925887784981e-04 6.034284846716148369e-04 7.803986960719979651e-04 1.058782974994707448e-03
9.430000000000000000e+04 1.063688054112552897e-03 6.995792587562018813e-04 6.437115909198118250e-04 9.296019407344995825e-04 1.099019595103196230e-03
9.440000000000000000e+04 6.470978927411146636e-04 6.908526052203049078e-04 6.714067669867820713e-04 1.223783953003419874e-03 1.163463781915675000e-03
9.450000000000000000e+04 6.723183715674509436e-04 6.614432361965044693e-04 6.564817966383014328e-04 1.536081266631593011e-03 1.160512444856819396e-03
9.460000000000000000e+04 6.745711778260369933e-04 6.183656849665534810e-04 5.742654494497801462e-04 1.579876643691395998e-03 1.081337979377418280e-03
9.470000000000000000e+04 6.612091653361755819e-04 5.573292477654428903e-04 5.858225176203974479e-04 1.522741060441514405e-03 1.108830557927494888e-03
9.480000000000000000e+04 6.314005684801062565e-04 5.735435498050599126e-04 5.935993781854111487e-04 1.634755033356159737e-03 1.083310814906328270e-03
9.490000000000000000e+04 5.769975480037896906e-04 5.780358782103367727e-04 5.740990355513398737e-04 1.816124227892061248e-03 9.760982407114076253e-04
9.500000000000000000e+04 5.579047176806929947e-04 5.930203833422126661e-04 5.517458884232405436e-04 1.887122784044842913e-03 1.015877093500589965e-03
9.510000000000000000e+04 5.850436088250936814e-04 6.329901505328129358e-04 5.982542575691874361e-04 2.067739932523934669e-03 1.001721203645394506e-03
9.520000000000000000e+04 6.326329447073490752e-04 6.497521129819872326e-04 6.025697742330906811e-04 2.135131801454142383e-03 9.928231302688593843e-04
9.530000000000000000e+04 6.701534492012800603e-04 6.447770795872235540e-04 5.826198209233417148e-04 2.074978582655776383e-03 9.651152073273188380e-04
9.540000000000000000e+04 6.673222179737833696e-04 6.208830065891462460e-04 5.785710356786696006e-04 1.746265727255758536e-03 1.056282768055305304e-03
9.550000000000000000e+04 6.706883442102250063e-04 5.944104130066972785e-04 6.323135465186488198e-04 1.637544060966052194e-03 1.101537533838912617e-03
9.560000000000000000e+04 6.286020618045705995e-04 5.412062776005569301e-04 6.263566715507901334e-04 1.563709378115520814e-03 1.050904167562848653e-03
9.570000000000000000e+04 6.019573192336242053e-04 5.194473278195911635e-04 5.326100320581205741e-04 1.561319262652557504e-03 1.019432057467365305e-03
9.580000000000000000e+04 5.835388770999644717e-04 5.461044122291784739e-04 5.326360757156611316e-04 1.498542575701436452e-03 1.105764686944368759e-03
9.590000000000000000e+04 5.703225275334442880e-04 5.742439442912148804e-04 5.384875289161611227e-04 1.428751681940371599e-03 1.087318596860720014e-03
9.600000000000000000e+04 5.853218652290528758e-04 5.565546839377536652e-04 4.979475279493566445e-04 1.442793575249819290e-03 1.061082546082860656e-03
9.610000000000000000e+04 6.013844346059221604e-04 5.328125964276903513e-04 4.896465232899896219e-04 1.407571419093390456e-03 1.118104722274234969e-03
9.620000000000000000e+04 6.256507223651449701e-04 5.193683139624473812e-04 4.737124966200799057e-04 1.302243602788057987e-03 1.251647416863763389e-03
9.630000000000000000e+04 6.502352614045708249e-04 5.501499347910612835e-04 5.097093470193130331e-04 1.161784681495178989e-03 1.233320786031353060e-03
9.640000000000000000e+04 6.165931302885487453e-04 6.035499336751303651e-04 5.006327894813510484e-04 1.131107766869118890e-03 1.082869051956507431e-03
9.650000000000000000e+04 6.142878089027061384e-04 6.648408977880244626e-04 5.120770496564348850e-04 1.071025756658614643e-03 9.717359498926024476e-04
9.660000000000000000e+04 6.411051716594239752e-04 6.789677489345751025e-04 5.475026804714533315e-04 1.103767939824546384e-03 8.614588717930615194e-04
9.670000000000000000e+04 6.286477969237580770e-04 6.669223036515728757e-04 6.216892746142036949e-04 1.152087779697306058e-03 8.640003887546696994e-04
9.680000000000000000e+04 5.995316130583694132e-04 6.530955266780150235e-04 6.378909421248571930e-04 1.092075243034623102e-03 9.189539944369726774e-04
9.690000000000000000e+04 5.976158363232028734e-04 6.510889005490432934e-04 6.261118899525033431e-04 1.076445479215245053e-03 8.738816761099298331e-04
9.700000000000000000e+04 6.163172516202472225e-04 6.074621004211781198e-04 6.096197166514834287e-04 9.443994918475214330e-04 8.183561338089091666e-04
9.710000000000000000e+04 6.224396999188569436e-04 5.617235065786799122e-04 5.949741472683320364e-04 9.183850395397125110e-04 7.932856008383465428e-04
9.720000000000000000e+04 6.404554562245744556e-04 5.940225430601524421e-04 6.294998580634090070e-04 8.273493613255716861e-04 8.448325663524648222e-04
9.730000000000000000e+04 6.447982125519874331e-04 5.712377637377032266e-04 5.725371119832566762e-04 7.537086999390731328e-04 9.370840439790983868e-04
9.740000000000000000e+04 6.559879019672550278e-04 6.117997369444830866e-04 5.175955649974070755e-04 7.705054594433650766e-04 1.070608956711162135e-03
9.750000000000000000e+04 6.292508606052836864e-04 5.686194100007688212e-04 5.044583552466810851e-04 7.525117655764398950e-04 1.155153582036398370e-03
9.760000000000000000e+04 6.016704417782993853e-04 5.403176014170038826e-04 4.920613271161323760e-04 7.788912275360708026e-04 1.118569403695658096e-03
9.770000000000000000e+04 5.815448349475166442e-04 4.936205077183896360e-04 4.481438566445177679e-04 9.378365009173524622e-04 1.033140220634568007e-03
9.780000000000000000e+04 5.603105247893478899e-04 5.202349642787591159e-04 5.163839061917469995e-04 9.651804546798466687e-04 1.009787570375467181e-03
9.790000000000000000e+04 6.060195634961544273e-04 5.713349595576811988e-04 5.256981329559124545e-04 9.881525621194720173e-04 1.054477915292913355e-03
9.800000000000000000e+04 6.349806196754923925e-04 5.634549032266362957e-04 5.189666373624665608e-04 1.006669857499633766e-03 1.098197795439441503e-03
9.810000000000000000e+04 6.318991360839718930e-04 5.643952634309553056e-04 5.237110729801764276e-04 9.937607202957347320e-04 1.184143196026986658e-03
9.820000000000000000e+04 1.250271919282034891e-03 5.847022794592357953e-04 5.313500975259574568e-04 9.049931601441513988e-04 1.212223672743837320e-03
9.830000000000000000e+04 9.186522483004935010e-04 5.572337390943428795e-04 5.710734211572466223e-04 9.238066092770023290e-04 1.110798656862624269e-03
9.840000000000000000e+04 6.872894002229684805e-04 5.819449043382563360e-04 5.450465986332204537e-04 9.168905552054913482e-04 1.018993996511818531e-03
9.850000000000000000e+04 6.487730427130658896e-04 6.046785317863710013e-04 5.493230431202762287e-04 9.360561102724634670e-04 1.017359089322402571e-03
9.860000000000000000e+04 6.219665264390613442e-04 6.076445812812117072e-04 5.394756938087984796e-04 9.749099657971715526e-04 1.086628770099638862e-03
9.870000000000000000e+04 6.331157839189982496e-04 5.864702948368332933e-04 5.493236352372729385e-04 9.917677582209239329e-04 1.140864125415450708e-03
9.880000000000000000e+04 6.298181366053117857e-04 5.708625737198494031e-04 6.276138273448976252e-04 1.006354697850903469e-03 1.144244067982454075e-03
9.890000000000000000e+04 6.326352233665154864e-04 6.596066150501704887e-04 5.769211334198847199e-04 1.046104221346188948e-03 9.716937371814987146e-04
9.900000000000000000e+04 6.657975615906682647e-04 7.028251177011896359e-04 6.517009798537018233e-04 1.027923920529492290e-03 9.583519866414905945e-04
9.910000000000000000e+04 6.620719481864651866e-04 7.185550127181178533e-04 6.009001515942982274e-04 1.070116914595853341e-03 9.672653169042105857e-04
9.920000000000000000e+04 6.716072804306417706e-04 6.992886560193464340e-04 5.478406762235889108e-04 1.107157133565700273e-03 1.027663335462108670e-03
9.930000000000000000e+04 6.926283344789005599e-04 6.723300690011336459e-04 6.158514134043352288e-04 1.065745166514080189e-03 1.110617594421392258e-03
9.940000000000000000e+04 6.949481206568994306e-04 6.404114083232156441e-04 6.008326188203912338e-04 1.026247748854663923e-03 1.136103011732188424e-03
9.950000000000000000e+04 6.952902397260865217e-04 6.169181028737304130e-04 6.459060514930833625e-04 1.048578708844412517e-03 1.063321844942414964e-03
9.960000000000000000e+04 6.922768232547164835e-04 5.923094397070775624e-04 6.806881641898115259e-04 9.791008465462054233e-04 9.640287392402607141e-04
9.970000000000000000e+04 6.829487987149391931e-04 6.138340257700960773e-04 5.647212537752835729e-04 8.932677716123876973e-04 9.214156361392305660e-04
9.980000000000000000e+04 6.580589651889087168e-04 6.817543559698454160e-04 6.348283199273142829e-04 9.882340489798244806e-04 9.560584813725488910e-04
9.990000000000000000e+04 6.412431459239191067e-04 6.465222807695321502e-04 6.896769704553309651e-04 9.903928371260749351e-04 9.725632412230338086e-04
1.000000000000000000e+05 6.534829354763030179e-04 6.317772028459580540e-04 6.792857574210121527e-04 9.156002778972468018e-04 1.056177874734016498e-03
1.001000000000000000e+05 6.744771398726060515e-04 6.827540496230310963e-04 6.399893909889651502e-04 9.051674711806303357e-04 1.207934843897329972e-03
1.002000000000000000e+05 6.728363736011179312e-04 6.675431495339457068e-04 6.617364312899621940e-04 9.393150708018042265e-04 1.191435234870463376e-03
1.003000000000000000e+05 6.445719261723980307e-04 6.690192005453342175e-04 6.885371915908482460e-04 8.970247137663895894e-04 1.121660776633686199e-03
1.004000000000000000e+05 6.023192401011565446e-04 6.402791422749725108e-04 7.299165160419505407e-04 8.468851745199297782e-04 1.052307936213137769e-03
1.005000000000000000e+05 5.928273523041750715e-04 6.295314014120820820e-04 7.168797591537115921e-04 8.147783607965416747e-04 9.984125290976959485e-04
1.006000000000000000e+05 6.005451335069034125e-04 6.421179417751461411e-04 6.793803785146143364e-04 8.585286122888066826e-04 1.212051518506668387e-03
1.007000000000000000e+05 6.442443917929838865e-04 6.870581487632576199e-04 6.550738995339473779e-04 9.018189632986466650e-04 1.436998705181769193e-03
1.008000000000000000e+05 6.752892221281230024e-04 7.393744046851103997e-04 7.013434533154551571e-04 8.845917153550276026e-04 1.300048964510242119e-03
1.009000000000000000e+05 7.026998958717607701e-04 7.123434488803551340e-04 7.874046496534828224e-04 8.743034202493266517e-04 1.445283943252447401e-03
1.010000000000000000e+05 7.329240766563306208e-04 6.703254245948232120e-04 8.787442851284806011e-04 8.899550438896762896e-04 1.508566809387555706e-03
1.011000000000000000e+05 7.416071085315856584e-04 6.442132001344034412e-04 8.556791620942649085e-04 9.149325028360811782e-04 1.226296190774609635e-03
1.012000000000000000e+05 7.299497758880390662e-04 7.079944193671226099e-04 7.360580192096844538e-04 1.022362625778349896e-03 1.168599448918011255e-03
1.013000000000000000e+05 7.258130671127824111e-04 7.486094061380275206e-04 7.416398112669255914e-04 1.043776565986289685e-03 1.155619890715361151e-03
1.014000000000000000e+05 7.154900224647638227e-04 8.033235858252237190e-04 6.884394945482363469e-04 1.001646811703269619e-03 1.131334874338316273e-03
1.015000000000000000e+05 7.044980130721393077e-04 8.021147102195044483e-04 7.437057627479003175e-04 9.499321491719642891e-04 1.137345571753556502e-03
1.016000000000000000e+05 7.322628159803253175e-04 7.993758901659961001e-04 7.996121553618046936e-04 9.369438685672262573e-04 1.130792880187752583e-03
1.017000000000000000e+05 7.778212682514089793e-04 8.094804779822930771e-04 8.031594505734568129e-04 1.024363480384777019e-03 1.171030580813523132e-03
1.018000000000000000e+05 8.187354977176438059e-04 8.253284073672382051e-04 8.586086825705478969e-04 1.001357658956024974e-03 1.261165130006853012e-03
1.019000000000000000e+05 8.410081157446144904e-04 8.014429507532147383e-04 8.549190719443798070e-04 1.025273100608746967e-03 1.275073115718512078e-03
1.020000000000000000e+05 8.313380967172652068e-04 8.430758224431313813e-04 9.027528843896124797e-04 1.049844898964706792e-03 1.185158434791007192e-03
1.021000000000000000e+05 8.200592771149182959e-04 8.368324406650527606e-04 8.728695234724274813e-04 1.068845881627782405e-03 1.140184466700071416e-03
1.022000000000000000e+05 8.270319369933238490e-04 7.699738165785749086e-04 8.765301314578120145e-04 1.070084948182296143e-03 1.265113899659829708e-03
1.023000000000000000e+05 8.317522682606339228e-04 7.481017777330253729e-04 8.077122483185029478e-04 1.019115032737022419e-03 1.372133737537571804e-03
1.024000000000000000e+05 8.054118795598550883e-04 7.564126800993822277e-04 7.227577388332910753e-04 1.022295076198031930e-03 1.165263560134441150e-03
1.025000000000000000e+05 7.470789560677801528e-04 7.399841508761542978e-04 6.851766508861648584e-04 8.714925256961361145e-04 1.264351437035233887e-03
1.026000000000000000e+05 6.524806164068906863e-04 6.972200991018440500e-04 7.863573836127121320e-04 8.418137062526770669e-04 1.380717980977436274e-03
1.027000000000000000e+05 6.529382741719496177e-04 7.315210203634503515e-04 6.834698394281432318e-04 9.206707229074408919e-04 1.228638415430829273e-03
1.028000000000000000e+05 6.426505832971423932e-04 7.324855478230428473e-04 7.076567393261193979e-04 8.329918169282072042e-04 1.149689665580273150e-03
1.029000000000000000e+05 6.291408544239699818e-04 7.144397817448640275e-04 7.294585793461257550e-04 8.591477044577228335e-04 1.190253740840950709e-03
1.030000000000000000e+05 6.246244370718818896e-04 6.517592195590415395e-04 6.231047983297609977e-04 8.965535659590230478e-04 1.233901256511813014e-03
1.031000000000000000e+05 6.296514743553060720e-04 6.611909299854369431e-04 6.742919688651072144e-04 8.901626974653042675e-04 1.249718748726628146e-03
1.032000000000000000e+05 6.504429008679906560e-04 6.670795421897927381e-04 7.425472936862322114e-04 8.837980906188890040e-04 1.291743201325707985e-03
1.033000000000000000e+05 6.724059354394450313e-04 7.028130671446700811e-04 7.695859062674278951e-04 8.475211374311009561e-04 1.306908238854128605e-03
1.034000000000000000e+05 6.933192662100276212e-04 7.840532179464308098e-04 6.940797383189875516e-04 8.710727946608500059e-04 1.342473330177936701e-03
1.035000000000000000e+05 7.044019787968381838e-04 7.871563416441400719e-04 7.379324530356121256e-04 9.352795103684168141e-04 1.388719875144347245e-03
1.036000000000000000e+05 7.345338821762469788e-04 7.444707212024400051e-04 7.828302254904738250e-04 9.627358906284523262e-04 1.488260502984221694e-03
1.037000000000000000e+05 7.859692169734720357e-04 7.962085984131961293e-04 7.042363461216168390e-04 9.955975810069434863e-04 1.338857124122989602e-03
1.038000000000000000e+05 8.289230062345008358e-04 9.019702134460534605e-04 7.364753606743615778e-04 9.137802401913191954e-04 1.371104588420787515e-03
1.039000000000000000e+05 8.822990850181894459e-04 9.348316766676473787e-04 7.396527053636774455e-04 9.395645101561523943e-04 1.449409913625412114e-03
1.040000000000000000e+05 9.327123340166697208e-04 9.646978979284123257e-04 7.633355948426866861e-04 1.009087569595071504e-03 1.485399406910868376e-03
1.041000000000000000e+05 9.857410709566204014e-04 1.046300624524467305e-03 8.849786331758886966e-04 9.983206926062241325e-04 2.022881289582542218e-03
1.042000000000000000e+05 1.020096620648459343e-03 1.123689585317369207e-03 9.542892116375214021e-04 9.893916150437711762e-04 1.890360668450722509e-03
1.043000000000000000e+05 1.064389416948678495e-03 1.137699622804525445e-03 1.029562788057477273e-03 1.068830991982367340e-03 1.687510790566128542e-03
1.044000000000000000e+05 1.125622670271954427e-03 1.175895184777784805e-03 1.100585313155995120e-03 1.140874359918209874e-03 1.759512309787613065e-03
1.045000000000000000e+05 1.192469212538343516e-03 1.227887006421158299e-03 1.212080332052707307e-03 1.041556314448568651e-03 1.828036965261854718e-03
1.046000000000000000e+05 1.262375171701091321e-03 1.282922117316323248e-03 1.272364168773328650e-03 1.146696178884980396e-03 1.905285431787768352e-03
1.047000000000000000e+05 1.314156557229084841e-03 1.324228056978234407e-03 1.365380701596229703e-03 1.325970513590594849e-03 1.943378696161577983e-03
1.048000000000000000e+05 1.341193213974688735e-03 1.431828956602871359e-03 1.406694474154664316e-03 1.278629580200090106e-03 1.964576556417877914e-03
1.049000000000000000e+05 1.353336091515384585e-03 1.452406891113445890e-03 1.398618456274076374e-03 1.311417900472378788e-03 1.969287899902003296e-03
1.050000000000000000e+05 1.388663615043331419e-03 1.464172842824567645e-03 1.378207449223181873e-03 1.279930037729339488e-03 1.945735785296501741e-03
1.051000000000000000e+05 1.457099195689641686e-03 1.494050955479281437e-03 1.388561102485708250e-03 1.357520377081395703e-03 1.973046007863925658e-03
1.052000000000000000e+05 1.550419433200983911e-03 1.530580629385396366e-03 1.422947429772766781e-03 1.476392150570183040e-03 1.982427267224620617e-03
1.053000000000000000e+05 1.659333447453888860e-03 1.603210395066904199e-03 1.502090053518330588e-03 1.291060530860108817e-03 1.918203371067819969e-03
1.054000000000000000e+05 1.784553570645195514e-03 1.744518243696835738e-03 1.655871535233310529e-03 1.292465631634170335e-03 1.997569419106421263e-03
1.055000000000000000e+05 1.902477070575103995e-03 1.902772854608741470e-03 1.900065145925972521e-03 1.399589788411535187e-03 2.127141192706944080e-03
1.056000000000000000e+05 2.002177113579457421e-03 2.025942755571361747e-03 2.063270021570530813e-03 1.449329731588459369e-03 2.228127401507983430e-03
1.057000000000000000e+05 2.072340571977090897e-03 2.110527700084334317e-03 2.072861163605594411e-03 1.651893115598949448e-03 2.335540255956827446e-03
1.058000000000000000e+05 2.135577829495851395e-03 2.127989742041712200e-03 2.050553391167195087e-03 1.762151685632447080e-03 2.429784644508843367e-03
1.059000000000000000e+05 2.206389979180405601e-03 2.167643521321802481e-03 2.104457427934777573e-03 1.758446505308532744e-03 2.465078449623046581e-03
1.060000000000000000e+05 2.301057359514175390e-03 2.248124160428599874e-03 2.152937106036446283e-03 1.698759599645955493e-03 2.484008230190319286e-03
1.061000000000000000e+05 2.407094391611699913e-03 2.398504691943612304e-03 2.298435195791010289e-03 1.614300853305277068e-03 2.501553987179474994e-03
1.062000000000000000e+05 2.537385503047631836e-03 2.591087718542369432e-03 2.451298921220777371e-03 1.577967581115834487e-03 2.541762582076888353e-03
1.063000000000000000e+05 2.664281602994131738e-03 2.711415969475489476e-03 2.515357222445983258e-03 1.618862593604187715e-03 2.583635023290540428e-03
1.064000000000000000e+05 2.753694794194881407e-03 2.775525714517925770e-03 2.573172759115227148e-03 1.665507309679441477e-03 2.602871367450655064e-03
1.065000000000000000e+05 2.790143503034408536e-03 2.798467752246921667e-03 2.575262206810214824e-03 1.777962734343667374e-03 2.649415987830564326e-03
1.066000000000000000e+05 2.787856838859230357e-03 2.757096481811147949e-03 2.532261335745819228e-03 1.913580513412905734e-03 2.643611926154247182e-03
1.067000000000000000e+05 2.793316415523994234e-03 2.598776029063330426e-03 2.421939298164349670e-03 1.946662382079657888e-03 2.635003092200869680e-03
1.068000000000000000e+05 2.814338914895887344e-03 2.513242440911664984e-03 2.365153775163448668e-03 1.824648254249630576e-03 2.598147503411896674e-03
1.069000000000000000e+05 2.840994083498442433e-03 2.493958887952271285e-03 2.334941344609985179e-03 1.766797764754164798e-03 2.597391202703753631e-03
1.070000000000000000e+05 2.841013481239917145e-03 2.533279396430108618e-03 2.378269742278583346e-03 1.878225962753290361e-03 2.638974118928474367e-03
1.071000000000000000e+05 2.822315200678515192e-03 2.571379264717182141e-03 2.455652786987931862e-03 2.146945434250237261e-03 2.726649849326805760e-03
1.072000000000000000e+05 2.775662921905723123e-03 2.545707625475229254e-03 2.396215923907581667e-03 2.292063420458654004e-03 2.842050737522255552e-03
1.073000000000000000e+05 2.709898387154303489e-03 2.432157769339498687e-03 2.201677866055233145e-03 2.245855311810607876e-03 2.949729568846764290e-03
1.074000000000000000e+05 2.620528296336248515e-03 2.330160813398421491e-03 2.063315572665438101e-03 2.114801513224013121e-03 3.017916542401045780e-03
1.075000000000000000e+05 2.534367126999358122e-03 2.273816093283769282e-03 2.015831594953650194e-03 2.018282685356658293e-03 3.019395914288816769e-03
1.076000000000000000e+05 2.467032512824957925e-03 2.236135038424864625e-03 2.001943146647018699e-03 1.945578068807727202e-03 2.999992579672834843e-03
1.077000000000000000e+05 2.446799326270043470e-03 2.194578662577703187e-03 1.935445243534428999e-03 1.879560582990630335e-03 2.965979296087602451e-03
1.078000000000000000e+05 2.492181049630740487e-03 2.199292448416135214e-03 1.939440001333928585e-03 1.844951872804300244e-03 2.925566140381343806e-03
1.079000000000000000e+05 2.615551840769629946e-03 2.280305886601370711e-03 2.032978685209663704e-03 2.004880326735643432e-03 2.891723764234162622e-03
1.080000000000000000e+05 2.803273900068321747e-03 2.452833231425142254e-03 2.260254183777497729e-03 2.238448462535402861e-03 2.882854484098892715e-03
1.081000000000000000e+05 3.016888624519014749e-03 2.657134153452082002e-03 2.518471409579627583e-03 2.458557689827842955e-03 2.898996918504455692e-03
1.082000000000000000e+05 3.190713149081175759e-03 2.816803717992317612e-03 2.717738520435955540e-03 2.591645257133034543e-03 2.904053384792762947e-03
1.083000000000000000e+05 3.274900885810212367e-03 2.913227489656493308e-03 2.847820264275917161e-03 2.702814608851476612e-03 2.890286524989462216e-03
1.084000000000000000e+05 3.270987912455788817e-03 2.925485593186478474e-03 2.813200154295842671e-03 2.817236979893236737e-03 2.897230040143229223e-03
1.085000000000000000e+05 3.219523115155295198e-03 2.857956370441922835e-03 2.678529602543631549e-03 2.900804386504390875e-03 2.883233779368971940e-03
1.086000000000000000e+05 3.144292465451800720e-03 2.773114633002201138e-03 2.596874238109772668e-03 2.893983102576233243e-03 2.847770898201561641e-03
1.087000000000000000e+05 3.063650947460617568e-03 2.708847412046200016e-03 2.548944405684878088e-03 2.818162151564094966e-03 2.734055516365492457e-03
1.088000000000000000e+05 2.985937835085287085e-03 2.689018624149047600e-03 2.499930062516333290e-03 2.780095004737054287e-03 2.561177612308237518e-03
1.089000000000000000e+05 2.946613616609624741e-03 2.764727995540018721e-03 2.516981816707110527e-03 2.786508488000656418e-03 2.344014961337176697e-03
1.090000000000000000e+05 2.920255784764096661e-03 2.797888293899608754e-03 2.449121350865804576e-03 2.694109139429143665e-03 2.112275221806324439e-03
1.091000000000000000e+05 2.915310881919806231e-03 2.717968184374992130e-03 2.379556375071359507e-03 2.604518898917862566e-03 1.887721563258612035e-03
1.092000000000000000e+05 2.904040730112791065e-03 2.788819238263244311e-03 2.509238739627521128e-03 2.673056191026100797e-03 1.689864223169768162e-03
1.093000000000000000e+05 2.878457022191327399e-03 3.024459526987162417e-03 2.761475101169260250e-03 2.736236511583941839e-03 1.528173084362868545e-03
1.094000000000000000e+05 2.836068211359765810e-03 3.209522790193138162e-03 2.899588666463892139e-03 2.752102702504101092e-03 1.420045714869476103e-03
1.095000000000000000e+05 2.772325631996193623e-03 3.310494736782972503e-03 2.960075323890164201e-03 2.770025560798734451e-03 1.337038367571649362e-03
1.096000000000000000e+05 2.672687879156285078e-03 3.357295412546026578e-03 3.039371366611890498e-03 2.745052119472514776e-03 1.280042041875107230e-03
1.097000000000000000e+05 2.518269105416423050e-03 3.334775162171374312e-03 2.990865533944059209e-03 2.641892017574399253e-03 1.255937002902727693e-03
1.098000000000000000e+05 2.317557585831422906e-03 3.244541712834403575e-03 2.955838326408343191e-03 2.499858232247623244e-03 1.241894031934035175e-03
1.099000000000000000e+05 2.088000801414649499e-03 3.135608639000806493e-03 2.863460623193281665e-03 2.362138452259768002e-03 1.223079181728736406e-03
1.100000000000000000e+05 1.839102991956518239e-03 2.999748985639533530e-03 2.727617238368175347e-03 2.219018924366723041e-03 1.196956044252795760e-03
1.101000000000000000e+05 1.595845134892909375e-03 2.809859010192752079e-03 2.558405550612080810e-03 2.051749971617574872e-03 1.160233853697869438e-03
1.102000000000000000e+05 1.369802662788480391e-03 2.552086294050398465e-03 2.326340782562773789e-03 1.863986075908318461e-03 1.114497863945040175e-03
1.103000000000000000e+05 1.184321146094804988e-03 2.224510004758180684e-03 2.030670049804566765e-03 1.691678701018614096e-03 1.078899067737652644e-03
1.104000000000000000e+05 1.042618716279691956e-03 1.937568568936430709e-03 1.700372670400370758e-03 1.566979192431144832e-03 1.037232211740788442e-03
1.105000000000000000e+05 9.522929527009197639e-04 1.751063926857948649e-03 1.493730867092197276e-03 1.462703479909034047e-03 9.906404486353542239e-04
1.106000000000000000e+05 8.988052610551989672e-04 1.694217797004859494e-03 1.513440188934826562e-03 1.390430356497781173e-03 9.407530280504269003e-04
1.107000000000000000e+05 8.867379452570423081e-04 1.773643058856578776e-03 1.627590125843378843e-03 1.302278567233919153e-03 8.933602075318265202e-04
1.108000000000000000e+05 8.842502483743011057e-04 1.872778581118080161e-03 1.756687573638379468e-03 1.227221057343263729e-03 8.540005863163482782e-04
1.109000000000000000e+05 9.009812025117816753e-04 1.957383405969462080e-03 1.894479409015052207e-03 1.186174544859389503e-03 8.243291323142589973e-04
1.110000000000000000e+05 9.003393977282360882e-04 2.075837721774570314e-03 2.089824784550177537e-03 1.158738380125725253e-03 8.124488247054709178e-04
1.111000000000000000e+05 8.907043147660139012e-04 2.178814188651847887e-03 2.160931479482122459e-03 1.128801583780333342e-03 7.971583446253118627e-04
1.112000000000000000e+05 8.695375923598005130e-04 2.176884083424733291e-03 2.052089217838683720e-03 1.075697150177358204e-03 8.058734148166487232e-04
1.113000000000000000e+05 8.436890202840690266e-04 2.086484021139776556e-03 1.926297013340322762e-03 1.012950749147360774e-03 8.005893645166340961e-04
1.114000000000000000e+05 8.215386093760474731e-04 1.974873853943509040e-03 1.870141936683623971e-03 1.065154997101906914e-03 7.902721334898294998e-04
1.115000000000000000e+05 8.074154103898873499e-04 1.838544898651060149e-03 1.835761949678805204e-03 1.021559604402358682e-03 7.724668302570851693e-04
1.116000000000000000e+05 7.871887071425131372e-04 1.663197591250702850e-03 1.666614402792424270e-03 8.880451794619976299e-04 7.506080707481986884e-04
1.117000000000000000e+05 7.911286851109171001e-04 1.464453419688713795e-03 1.412127931890796951e-03 8.796759639557626608e-04 7.525910791368735321e-04
1.118000000000000000e+05 8.067167159330861093e-04 1.302948225985735070e-03 1.267576566582561542e-03 8.547304053643299364e-04 7.641548014645516964e-04
1.119000000000000000e+05 8.556971062576787523e-04 1.276151124354823205e-03 1.184419964921716020e-03 8.296673277770672851e-04 8.056751115005607918e-04
1.120000000000000000e+05 9.028746163584239507e-04 1.425044743887111508e-03 1.354234318166158951e-03 9.077807791720161456e-04 8.614096220562427169e-04
1.121000000000000000e+05 9.542696604161170779e-04 1.661771993125859366e-03 1.705383226911288790e-03 9.959305500117584826e-04 9.345646666849715843e-04
1.122000000000000000e+05 9.881842324149132939e-04 1.825835438062663012e-03 1.951102232897352360e-03 9.771985957866536048e-04 1.008705549971064281e-03
1.123000000000000000e+05 1.040483580309844265e-03 1.870462561349600086e-03 1.905816158187104538e-03 9.897550235927431422e-04 1.095259244867017407e-03
1.124000000000000000e+05 1.068025932555061609e-03 1.777819490845259764e-03 1.695073699736527901e-03 1.026638244522344937e-03 1.147484301120914275e-03
1.125000000000000000e+05 1.121830646886628341e-03 1.657074212251644346e-03 1.648460008222867729e-03 1.138704610872815154e-03 1.189862216208684067e-03
1.126000000000000000e+05 1.160097149775273688e-03 1.619355357994900491e-03 1.612565661099209279e-03 1.179187948693962958e-03 1.193443228238009850e-03
1.127000000000000000e+05 1.196113249931943364e-03 1.620552813362722373e-03 1.554500445854226478e-03 1.159983847438682877e-03 1.188179550555072597e-03
1.128000000000000000e+05 1.219001016005183879e-03 1.617430377638903218e-03 1.699288990502629756e-03 1.158760192542373536e-03 1.166055680915803602e-03
1.129000000000000000e+05 1.226634999922158629e-03 1.627406746911951203e-03 1.678749041976166680e-03 1.183602985322844111e-03 1.146827129866316271e-03
1.130000000000000000e+05 1.221685403846380731e-03 1.599827478312800238e-03 1.519663324666159065e-03 1.164811292831706988e-03 1.142242582779129335e-03
1.131000000000000000e+05 1.209872283205162087e-03 1.495008884096490388e-03 1.455584607558600002e-03 1.168043639398644177e-03 1.162818035864143394e-03
1.132000000000000000e+05 1.178490970080634881e-03 1.378303080535931216e-03 1.450120500337681063e-03 1.221391001700888835e-03 1.200383230705275592e-03
1.133000000000000000e+05 1.153654299562111496e-03 1.283011845236912930e-03 1.378345902040938042e-03 1.215792968350722569e-03 1.288922192372045231e-03
1.134000000000000000e+05 1.120377315711286199e-03 1.253252825968427606e-03 1.167523122347544160e-03 1.149153690439792342e-03 1.367919833276934425e-03
1.135000000000000000e+05 1.086486503225739080e-03 1.215501104422769384e-03 1.174470351874757788e-03 1.181128759145426898e-03 1.439711008228838386e-03
1.136000000000000000e+05 1.068963380168920898e-03 1.179033508296760055e-03 1.269106422700432262e-03 1.211862570761482747e-03 1.492946024489301199e-03
1.137000000000000000e+05 1.054010803429338439e-03 1.157998776184976245e-03 1.241399104017866821e-03 1.202392868039423371e-03 1.544636816380271383e-03
1.138000000000000000e+05 1.056250211822564811e-03 1.162376548366091155e-03 1.192810897643264935e-03 1.226311077648455051e-03 1.585902552481859669e-03
1.139000000000000000e+05 1.068638227909157051e-03 1.165700505977356567e-03 1.189460423418066707e-03 1.293837820725441323e-03 1.633883581338548083e-03
1.140000000000000000e+05 1.088874295315390289e-03 1.189834924476252135e-03 1.223353121556880170e-03 1.249083858074904975e-03 1.685928431470912117e-03
1.141000000000000000e+05 1.113920442208358487e-03 1.218439721691032436e-03 1.336074368488406917e-03 1.289458522037514616e-03 1.694544127070648576e-03
1.142000000000000000e+05 1.146108896841136360e-03 1.247485082064601208e-03 1.353516327021869357e-03 1.298095516883515351e-03 1.662025745765331568e-03
1.143000000000000000e+05 1.185303035511701833e-03 1.277149728773708474e-03 1.169405888664797446e-03 1.293768139152048652e-03 1.646699753840979389e-03
1.144000000000000000e+05 1.223265380320219401e-03 1.299736362057991347e-03 1.101227983235651946e-03 1.289367339169627960e-03 1.606917338805489114e-03
1.145000000000000000e+05 1.253352782879874321e-03 1.317523495642602179e-03 1.145549172844725341e-03 1.267106361697000957e-03 1.591826494725674451e-03
1.146000000000000000e+05 1.277680993935473861e-03 1.343588669294525344e-03 1.175714175188279694e-03 1.285749725461791211e-03 1.611079467698714896e-03
1.147000000000000000e+05 1.304116940993807526e-03 1.391128298443666204e-03 1.237318935965660066e-03 1.426900806114837252e-03 1.618160735257748130e-03
1.148000000000000000e+05 1.328770451564889599e-03 1.452633492366534312e-03 1.289951892376204733e-03 1.568659647967758902e-03 1.588392289089593729e-03
1.149000000000000000e+05 1.349350459593894437e-03 1.483176128276778635e-03 1.336499838032116248e-03 1.674815809524991600e-03 1.549523744913100954e-03
1.150000000000000000e+05 1.384184656635010797e-03 1.488521331524406480e-03 1.359906847844143986e-03 1.695829109061160102e-03 1.541307364213248109e-03
1.151000000000000000e+05 1.401589600106791693e-03 1.472864063052543165e-03 1.301514147317761215e-03 1.773150355471679249e-03 1.503358242392321053e-03
1.152000000000000000e+05 1.407227454014179811e-03 1.450923140655108450e-03 1.340372003148281380e-03 1.883131845888241307e-03 1.451333874925127970e-03
1.153000000000000000e+05 1.385978475130594540e-03 1.455846079944583512e-03 1.452771586107116236e-03 1.990410108105876430e-03 1.357616053394750935e-03
1.154000000000000000e+05 1.329082461271040121e-03 1.447395198801085378e-03 1.473439973718897828e-03 2.048036600385750271e-03 1.294515898316121131e-03
1.155000000000000000e+05 1.263976068835267986e-03 1.416962516928184411e-03 1.401670351368205190e-03 2.034455715131605526e-03 1.259325973024757496e-03
1.156000000000000000e+05 1.176606155769610931e-03 1.313973860151976952e-03 1.181054000394512939e-03 1.992997706692898035e-03 1.248058371726347210e-03
1.157000000000000000e+05 1.084618005622160807e-03 1.213015900654137438e-03 1.061035453664077328e-03 1.892036273447159599e-03 1.243183584032787111e-03
1.158000000000000000e+05 1.015296222098476279e-03 1.129214458508807223e-03 1.021646149163334431e-03 1.776873744118842493e-03 1.218618710120205131e-03
1.159000000000000000e+05 1.010475217657416441e-03 1.091600575453098446e-03 1.089483367766447752e-03 1.600519966341090814e-03 1.193050773896119250e-03
1.160000000000000000e+05 1.063417931384668703e-03 1.089156791608765712e-03 1.114179094683853720e-03 1.523950357677551467e-03 1.164019240063533366e-03
1.161000000000000000e+05 1.095169128342949553e-03 1.137909967041709830e-03 1.238897797973444138e-03 1.493496684431135438e-03 1.106762069707058118e-03
1.162000000000000000e+05 1.006726670588866009e-03 1.121316087651491340e-03 1.315252889474655433e-03 1.514596762994891658e-03 1.136858606777042596e-03
1.163000000000000000e+05 9.101016447977173553e-04 1.040617882053332041e-03 1.279833530114359496e-03 1.528965920930647465e-03 1.088903585530558507e-03
1.164000000000000000e+05 8.328287714808690727e-04 9.655906652561122450e-04 1.085209583059633083e-03 1.575762674045840710e-03 1.056979035872135549e-03
1.165000000000000000e+05 8.147860669245773858e-04 9.140825263686656486e-04 8.981680248624474656e-04 1.503963299833080544e-03 1.018674997372587526e-03
1.166000000000000000e+05 8.162369591779101898e-04 8.740047922980462378e-04 8.901594562914413302e-04 1.351763692961238921e-03 9.887342853827107460e-04
1.167000000000000000e+05 7.602071650501654237e-04 7.991351482707957860e-04 8.144232422814390434e-04 1.246212139809423601e-03 9.963868810065150666e-04
1.168000000000000000e+05 7.686046086039632214e-04 7.605174746014912958e-04 8.436955441774181795e-04 1.282230163581282939e-03 1.024047349147383899e-03
1.169000000000000000e+05 7.580347296390225814e-04 7.475739631487498486e-04 9.379918185651831908e-04 1.270896918834290429e-03 1.012874251168474887e-03
1.170000000000000000e+05 7.403441930728660563e-04 7.783669637292391606e-04 9.424220939616974151e-04 1.235578584193384403e-03 1.015043943075608036e-03
1.171000000000000000e+05 7.301513916626782650e-04 8.134858705451409331e-04 9.249770763839476736e-04 1.292317045021982094e-03 1.007181046358073635e-03
1.172000000000000000e+05 7.281758857027136045e-04 8.174570195064715826e-04 9.860156710790311287e-04 1.376749062290982080e-03 9.942458546047712193e-04
1.173000000000000000e+05 7.545675260924106708e-04 7.774996016053585925e-04 9.437174026551095087e-04 1.388189650699258541e-03 9.840145683367941456e-04
1.174000000000000000e+05 8.549258342571379584e-04 7.636684500862325059e-04 8.333069038047544739e-04 1.480416221597121102e-03 9.751454013033592112e-04
1.175000000000000000e+05 9.443410871921504354e-04 8.969308338441476939e-04 8.424929751562949300e-04 1.224521799618420856e-03 9.812010738180494511e-04
1.176000000000000000e+05 1.021861378432209607e-03 9.615486303524792017e-04 8.683042963825329634e-04 1.243825621581166148e-03 9.955505611128256851e-04
1.177000000000000000e+05 9.523030772242604535e-04 9.005564856677990022e-04 7.474434657715947746e-04 1.221920153967879933e-03 1.016620990586732196e-03
1.178000000000000000e+05 8.023053808494339228e-04 7.203241056871550422e-04 6.945671461254277227e-04 1.211351417576960908e-03 1.040594974340739104e-03
1.179000000000000000e+05 6.946287242661485515e-04 6.741196999749780872e-04 7.839561111273322036e-04 1.234512336012353684e-03 1.054609547318166888e-03
1.180000000000000000e+05 7.218305138885956502e-04 7.199939729236844773e-04 7.241563240522896645e-04 1.211271592468571474e-03 1.050875442056535634e-03
1.181000000000000000e+05 7.193685261460433609e-04 6.615497431574066979e-04 6.222491278622535116e-04 1.185389789942150338e-03 1.051406168299870740e-03
1.182000000000000000e+05 6.491525053629645372e-04 6.080651908714132655e-04 6.583037290299896451e-04 1.069204207264850062e-03 1.074630587090826938e-03
1.183000000000000000e+05 6.120123349486356621e-04 6.065069939188180541e-04 5.947914908520585478e-04 1.011299580040658308e-03 1.113813522426519969e-03
1.184000000000000000e+05 5.897300012447635222e-04 5.663945275575782553e-04 6.008700855701879645e-04 9.952490503996342525e-04 1.131134608031505572e-03
1.185000000000000000e+05 5.823275683071671644e-04 5.457724483071673544e-04 6.160488535482394742e-04 9.913055092716492080e-04 1.164903133110153878e-03
1.186000000000000000e+05 5.671163091781380571e-04 5.356743957992112035e-04 6.133326647437551196e-04 9.851475721363220622e-04 1.126895270660549899e-03
1.187000000000000000e+05 5.663206436352575439e-04 5.424374727005153380e-04 5.696121890123813153e-04 1.013827967118085616e-03 1.119883924782127298e-03
1.188000000000000000e+05 5.604089196635980751e-04 5.439272911509446468e-04 5.817152539234971475e-04 1.009818721870386600e-03 1.094158714796215296e-03
1.189000000000000000e+05 5.697813676463162752e-04 5.591927838920323626e-04 5.841381125757461393e-04 9.961514037213398034e-04 1.117991689953670839e-03
1.190000000000000000e+05 5.761530730043322186e-04 5.965515581215321324e-04 5.480004663205861881e-04 9.782811421001969595e-04 1.113113279743426333e-03
1.191000000000000000e+05 5.965274569172766004e-04 5.882891457256504914e-04 5.610634025047970619e-04 1.009724430685088759e-03 1.147038727332599494e-03
1.192000000000000000e+05 5.622326872934185413e-04 5.982229911637724010e-04 5.512305921133420737e-04 1.074527255111146001e-03 1.165585249499628655e-03
1.193000000000000000e+05 5.389819896541243925e-04 5.654684483557878951e-04 5.486303062014081253e-04 1.037127427680367133e-03 1.168803982559718860e-03
1.194000000000000000e+05 5.357470687381717762e-04 5.613665405247478908e-04 5.773786390938119703e-04 1.058151932238140212e-03 1.187951485322803454e-03
1.195000000000000000e+05 5.919230315685555539e-04 5.639172745676587989e-04 5.807893065189972080e-04 1.064734379387067241e-03 1.241967977001398257e-03
1.196000000000000000e+05 6.648240710401899555e-04 5.834659743396796014e-04 5.620169153930340859e-04 1.083261897682902481e-03 1.239194756317797338e-03
1.197000000000000000e+05 7.223052492197485882e-04 6.409187600825805124e-04 6.643974289209746403e-04 1.130624358859382093e-03 1.218368962461208660e-03
1.198000000000000000e+05 7.362091451885200994e-04 6.974814366843664140e-04 7.093984578696345411e-04 1.202126450990772914e-03 1.174044980935812568e-03
1.199000000000000000e+05 7.438035322190409944e-04 6.904970303903382352e-04 6.415854272999706523e-04 1.176463630810753013e-03 1.198381647792540194e-03
