9.000000000000000000e+04 3.428689707370643353e-03 3.720164073835218084e-03 2.159164134932498209e-03 2.180344937653457341e-03 3.164421770430518588e-03
9.010000000000000000e+04 3.211588745671356722e-03 3.545113005037168075e-03 2.092744747030522191e-03 2.096911117829261886e-03 2.568925171868781908e-03
9.020000000000000000e+04 3.200284685147085188e-03 3.427545242320509302e-03 2.054588495956299887e-03 2.111649117183015192e-03 2.076751943112568020e-03
9.030000000000000000e+04 4.489242863865464464e-03 3.673167458936416833e-03 2.178945281641626527e-03 2.690875076809854174e-03 2.178688090737983772e-03
9.040000000000000000e+04 5.583171693309893491e-03 4.132890736871830221e-03 2.497490094104464452e-03 3.227151904004784810e-03 2.395112893572089174e-03
9.050000000000000000e+04 6.158499753094183807e-03 5.161928200588502928e-03 3.277231470163772739e-03 3.661424541673959088e-03 2.883448252526761048e-03
9.060000000000000000e+04 5.764540221576096302e-03 6.000092843081066170e-03 3.442905658767681908e-03 3.664224079652657513e-03 3.245571171922941207e-03
9.070000000000000000e+04 3.975394005607657717e-03 6.563516303508630696e-03 2.840995863052141711e-03 3.127682243018119201e-03 3.449928541870965308e-03
9.080000000000000000e+04 3.109328235068773219e-03 5.687956691419619563e-03 2.406929802504102160e-03 2.596677609543658095e-03 3.291617228277978272e-03
9.090000000000000000e+04 3.008999652215888984e-03 3.618695212356442224e-03 2.088256309883736866e-03 2.069479803241750827e-03 2.883971194750506450e-03
9.100000000000000000e+04 2.638780035084269549e-03 2.762409261955897470e-03 2.011456042641258588e-03 1.964965514485183130e-03 2.497614376680630695e-03
9.110000000000000000e+04 2.143429120241634872e-03 2.468502874844233971e-03 2.019311404281046336e-03 2.008390456869492847e-03 2.118708784020914126e-03
9.120000000000000000e+04 2.037644480895414549e-03 2.304699036504715380e-03 2.007740560048935658e-03 2.050903683411728871e-03 2.026860073413916993e-03
9.130000000000000000e+04 2.017446371771883240e-03 2.169478333880286557e-03 1.999377666227547621e-03 2.095077876383461338e-03 1.977342785883813743e-03
9.140000000000000000e+04 2.229075720652653504e-03 2.170498575961240378e-03 2.137556652168433064e-03 2.185400273008771075e-03 2.095507631681566788e-03
9.150000000000000000e+04 2.452241144425250808e-03 2.183713436872894084e-03 2.287275553446096316e-03 2.284645052574255791e-03 2.216222304024996915e-03
9.160000000000000000e+04 2.685124942997521753e-03 2.255346290988159436e-03 2.487770082205560760e-03 2.423148317076491767e-03 2.348156213169398047e-03
9.170000000000000000e+04 3.036848887164704091e-03 2.418852887715653571e-03 2.655909065247133351e-03 2.648097456182886469e-03 2.432844652908868876e-03
9.180000000000000000e+04 3.786847913866136280e-03 2.890260675900309210e-03 2.759336956852907925e-03 3.045938344497636785e-03 2.423042153838458716e-03
9.190000000000000000e+04 4.676710690823222133e-03 3.516117727310481399e-03 3.014870500345352613e-03 3.598692648113557303e-03 2.680910400515138740e-03
9.200000000000000000e+04 5.808371815679938197e-03 4.408988759212251196e-03 3.434210130484995679e-03 4.318276783592291113e-03 3.227039450304094483e-03
9.210000000000000000e+04 5.953030686264297773e-03 5.267302234684663811e-03 3.960144157392082517e-03 4.584030174217028179e-03 3.626449336855173868e-03
9.220000000000000000e+04 5.122872515591733039e-03 6.091484790226836532e-03 4.548780770632958152e-03 4.582824303162951439e-03 3.939553833266327618e-03
9.230000000000000000e+04 4.938738089977968461e-03 6.057198015404791774e-03 4.748211275501304507e-03 4.741184054196143950e-03 4.332825386125374947e-03
9.240000000000000000e+04 5.118384025659404417e-03 5.539501326397132039e-03 4.836440035120377103e-03 4.945133982968546831e-03 4.749001812255244925e-03
9.250000000000000000e+04 5.095015427950791605e-03 5.294118988529125311e-03 4.913014759155676092e-03 4.901908844422608186e-03 4.935963559542648135e-03
9.260000000000000000e+04 5.013178644625838898e-03 5.127163183789345408e-03 4.965221583429028744e-03 4.847406002009680033e-03 5.084130470905412827e-03
9.270000000000000000e+04 4.790561816155037254e-03 4.908463333677867517e-03 4.724483696261560367e-03 4.899106928577615268e-03 4.976576612052255148e-03
9.280000000000000000e+04 4.564470111328525551e-03 4.696649961669441785e-03 4.536313623285184032e-03 4.965737183712769405e-03 4.875511417486447230e-03
9.290000000000000000e+04 4.528342192714779335e-03 4.710788566023070903e-03 4.532130899977667576e-03 5.084620088833200977e-03 4.797156547926371278e-03
9.300000000000000000e+04 4.490496834490058722e-03 4.693117800305254481e-03 4.547374868171499829e-03 4.989844924876999863e-03 4.776258112583162650e-03
9.310000000000000000e+04 4.445151989964085150e-03 4.536546118608779724e-03 4.595644211917624365e-03 4.531851043490514076e-03 4.853035615408633242e-03
9.320000000000000000e+04 4.415696809446460584e-03 4.473803026066252610e-03 4.417227884292941956e-03 4.377238653298802518e-03 4.723975942582633522e-03
9.330000000000000000e+04 4.419548809254040221e-03 4.607739091558015095e-03 4.028317718966813177e-03 4.504337647787928951e-03 4.403781749508857597e-03
9.340000000000000000e+04 4.536028626142694226e-03 4.675768619046932056e-03 4.038928290316694952e-03 4.514533186340558696e-03 4.312147445111069212e-03
9.350000000000000000e+04 4.784922227977995469e-03 4.666313432937925151e-03 4.249299230004538637e-03 4.466276996924951372e-03 4.334793085051249877e-03
9.360000000000000000e+04 4.854220292830991462e-03 4.741739721215895188e-03 4.327779831149500267e-03 4.712855330783733039e-03 4.544502128462663861e-03
9.370000000000000000e+04 4.801917212852216919e-03 4.874637841110049039e-03 4.376285355352883995e-03 5.026441510841269875e-03 4.796725581753924494e-03
9.380000000000000000e+04 4.854527687820566970e-03 5.046065023910396852e-03 4.824908300998532670e-03 4.750814987574478697e-03 5.044884706254897794e-03
9.390000000000000000e+04 4.945369373489995682e-03 5.231532458447751659e-03 5.218977682486923390e-03 4.510003887714096951e-03 5.219714763146657277e-03
9.400000000000000000e+04 4.970481720006739677e-03 5.003442771328110196e-03 5.053505497965541868e-03 4.729012391512772175e-03 4.809162841869313483e-03
9.410000000000000000e+04 4.985067329422473818e-03 4.716418244471042368e-03 4.998658740687247221e-03 4.910587593570203517e-03 4.509231422361228286e-03
9.420000000000000000e+04 4.892879142340575242e-03 4.925190279388739004e-03 5.259884632674898843e-03 4.985210504938372700e-03 4.525358579336720248e-03
9.430000000000000000e+04 4.800512534627421161e-03 5.087211686061650535e-03 5.254345885760325872e-03 4.973823951621335164e-03 4.532053900509394780e-03
9.440000000000000000e+04 4.707075403126738389e-03 4.968729323265749093e-03 4.860785845897122592e-03 4.837332722398564322e-03 4.525030187787065609e-03
9.450000000000000000e+04 4.600819123273407890e-03 4.801443333004866594e-03 4.527046142180407920e-03 4.656635537089798098e-03 4.623275511122968209e-03
9.460000000000000000e+04 4.461517927666593629e-03 4.508352436389847194e-03 4.241162707380871470e-03 4.440573586912245976e-03 4.805736063305435235e-03
9.470000000000000000e+04 4.289115335425244466e-03 4.342809806416781868e-03 4.316062692749800950e-03 4.456071866144788521e-03 4.602631477999182159e-03
9.480000000000000000e+04 4.070271977756338873e-03 4.356215490836897256e-03 4.542871486610755571e-03 4.569069189339500063e-03 4.237183676908164338e-03
9.490000000000000000e+04 3.997125156857663821e-03 4.268026615450557122e-03 4.371704836117626218e-03 4.342246830666543489e-03 4.247578395076674618e-03
9.500000000000000000e+04 4.041845197166383553e-03 4.097648882692689516e-03 4.131325064867250388e-03 4.056325396886153664e-03 4.323337029638159995e-03
9.510000000000000000e+04 4.385322667163995582e-03 4.152311849136291338e-03 4.252766331236161601e-03 4.246802864485432066e-03 4.513141677742212206e-03
9.520000000000000000e+04 4.863375555940348087e-03 4.308344499904847094e-03 4.413894676121373969e-03 4.451831428380697946e-03 4.649608400051422931e-03
9.530000000000000000e+04 4.907323009471981252e-03 4.736968424575074138e-03 4.803223722475263337e-03 4.740528795977872953e-03 4.479382049040362551e-03
9.540000000000000000e+04 4.859879845057369675e-03 5.222979985856170994e-03 5.068129290368700648e-03 4.996071573619143003e-03 4.479919428114748255e-03
9.550000000000000000e+04 4.814094029018244070e-03 5.162698605514239730e-03 5.037529096918638705e-03 5.172872200115157318e-03 4.886020666141960636e-03
9.560000000000000000e+04 4.780540530608697394e-03 5.075217392230370501e-03 4.930067219151139726e-03 5.098498128713007185e-03 5.075552010699088852e-03
9.570000000000000000e+04 4.857261002214435103e-03 4.932880781302320314e-03 4.726528235986819301e-03 4.710155684938069527e-03 4.994370988418538569e-03
9.580000000000000000e+04 4.952669598063943676e-03 4.786778276141824898e-03 4.642078367511444023e-03 4.660281306707874868e-03 5.027740708336962162e-03
9.590000000000000000e+04 5.108568701334067173e-03 4.628486165965784750e-03 4.639502265384730893e-03 4.843103723539727776e-03 5.139864063517193306e-03
9.600000000000000000e+04 5.148595079842851682e-03 4.640266216157177756e-03 4.876674343145809623e-03 4.882412455259456038e-03 5.202943448599013643e-03
9.610000000000000000e+04 4.993569038336698185e-03 4.938334402967108419e-03 5.197758283867619754e-03 4.871491397189938420e-03 5.248857444146388940e-03
9.620000000000000000e+04 5.136908363775967608e-03 5.053375016175609170e-03 5.062293196351640504e-03 4.908189948746710836e-03 4.820594274972458959e-03
9.630000000000000000e+04 5.567697250052977380e-03 4.992084186524149356e-03 4.885002023569934466e-03 4.968068895570532627e-03 4.359086720910902019e-03
9.640000000000000000e+04 5.790059488611417997e-03 5.393849209458984918e-03 5.104016975651410638e-03 5.475874388051677963e-03 4.574300945114205541e-03
9.650000000000000000e+04 5.898187891401044172e-03 6.049404459292041444e-03 5.337768807259830710e-03 5.856218933298119184e-03 4.835574276488088102e-03
9.660000000000000000e+04 5.709714001190348449e-03 6.012169567809776995e-03 5.636362908786834644e-03 5.675735310711583527e-03 5.299507679412618355e-03
9.670000000000000000e+04 5.438850585146225158e-03 5.782492970406576463e-03 5.609129508402910941e-03 5.510050889895362972e-03 5.549198526896091839e-03
9.680000000000000000e+04 5.047098017247562615e-03 5.501339946186512876e-03 4.930241104196987981e-03 5.373964872619777823e-03 5.370404263497358111e-03
9.690000000000000000e+04 4.670922423344814160e-03 5.209176918697941763e-03 4.611827152937680516e-03 5.077234735691807735e-03 5.131696225791134748e-03
9.700000000000000000e+04 4.737161672592514819e-03 4.807431598312943491e-03 4.681616458697837949e-03 4.607503239138176047e-03 4.828465661907609119e-03
9.710000000000000000e+04 4.817170426951319744e-03 4.533297893385179571e-03 4.614749096472716555e-03 4.529549298142931252e-03 4.724017558307718259e-03
9.720000000000000000e+04 4.954922267259912610e-03 4.794309672632936399e-03 4.467495458962139274e-03 4.682052742770261879e-03 4.736500313698197885e-03
9.730000000000000000e+04 5.021787531442879066e-03 4.879238177466866007e-03 4.573128470961424462e-03 4.789733354910172443e-03 4.743613996405784961e-03
9.740000000000000000e+04 4.944204678237740930e-03 4.605355481608383594e-03 4.751014811392084182e-03 4.884607443482250067e-03 4.749193658346831555e-03
9.750000000000000000e+04 4.967810419541443707e-03 4.557554763204484105e-03 4.759106473483684478e-03 4.832056376887620443e-03 4.892766129967539984e-03
9.760000000000000000e+04 5.107445749215260532e-03 4.768994712281791198e-03 4.752941256764341670e-03 4.815623658096599563e-03 5.040145853550199485e-03
9.770000000000000000e+04 5.016347888264332741e-03 4.935480178935792300e-03 4.738359733247119419e-03 5.398095442017774269e-03 5.097123416977616776e-03
9.780000000000000000e+04 4.773013695354810619e-03 5.072304956155859919e-03 4.820035513123335780e-03 5.767192167677834269e-03 5.148879516798011806e-03
9.790000000000000000e+04 4.801741393000894843e-03 5.170236639293892059e-03 5.238611854876651895e-03 5.389476189423849685e-03 5.182360493993822849e-03
9.800000000000000000e+04 4.926490934372509435e-03 5.254441348050026619e-03 5.332933058945124594e-03 5.176035977724079487e-03 5.238543950710625695e-03
9.810000000000000000e+04 4.915880336086967360e-03 5.379384130064157436e-03 4.876020528949351340e-03 5.241864569166479297e-03 5.333321622613112351e-03
9.820000000000000000e+04 4.887900406297939447e-03 5.503704093950803622e-03 4.760066772754485698e-03 5.283924344518884514e-03 5.322304843840304847e-03
9.830000000000000000e+04 5.005460196838159258e-03 5.119123233155341117e-03 4.960717592231865883e-03 5.303913076359153753e-03 5.213050360869019018e-03
9.840000000000000000e+04 5.126245215055726459e-03 4.818053754850335976e-03 4.990172313556704223e-03 5.246019783243057420e-03 5.238461689226158596e-03
9.850000000000000000e+04 5.265440907931491846e-03 4.993695084928495911e-03 4.934028985805291589e-03 5.149185477648785675e-03 5.331205923247496134e-03
9.860000000000000000e+04 5.310330733442909963e-03 5.135998986038036070e-03 5.151592720772788653e-03 5.194204835845058973e-03 5.373678172231852700e-03
9.870000000000000000e+04 5.119455890543365799e-03 5.194959314725995994e-03 5.431362606358187961e-03 5.271463663084622470e-03 5.404724970071446422e-03
9.880000000000000000e+04 5.257974904455758880e-03 5.250978281916129226e-03 5.488136236006829760e-03 5.664552684423051002e-03 5.348517282858794228e-03
9.890000000000000000e+04 5.846988457831506225e-03 5.302974504704824170e-03 5.533886466550806682e-03 5.996287157972977899e-03 5.335804391233883379e-03
9.900000000000000000e+04 6.007487727684907713e-03 5.439163338676132609e-03 5.560063736853473708e-03 5.740006727953482837e-03 5.697897398173230009e-03
9.910000000000000000e+04 5.829936840537307263e-03 5.641770788135954014e-03 5.656325592815817510e-03 5.605745006185749481e-03 5.996305828994773386e-03
9.920000000000000000e+04 5.885350093394378299e-03 5.711782314041003589e-03 5.952829122091512007e-03 5.820108165137316200e-03 6.112758328051174153e-03
9.930000000000000000e+04 6.042685157503529213e-03 5.723783123390820647e-03 6.212394452152649078e-03 5.992125819874948370e-03 6.095868878802765747e-03
9.940000000000000000e+04 6.103710188594691118e-03 5.653101594558971286e-03 6.418231492447163712e-03 6.102550013937774534e-03 5.885027504747393327e-03
9.950000000000000000e+04 6.145329466764320493e-03 5.565760191615894484e-03 6.407903346387563114e-03 6.183578281728578305e-03 5.885936364743421696e-03
9.960000000000000000e+04 5.955540436623318716e-03 5.892185588228725582e-03 6.224643051244714391e-03 6.241089808501771620e-03 6.056245411980527849e-03
9.970000000000000000e+04 5.768243378348204484e-03 6.181961531432061258e-03 5.886164971721541059e-03 6.085663416185959664e-03 6.145331080457974889e-03
9.980000000000000000e+04 5.664880572704782645e-03 6.048960168047083120e-03 5.482332035617160614e-03 5.840578952674753237e-03 6.200217431562925208e-03
9.990000000000000000e+04 5.653113028462422932e-03 5.902081543352747338e-03 5.613983588154513281e-03 6.121070434983409692e-03 6.089724771821038857e-03
1.000000000000000000e+05 5.927874250654109958e-03 5.711791998665041205e-03 5.838762877846969540e-03 6.492966429608584139e-03 5.950470544975348941e-03
1.001000000000000000e+05 6.194741197955089956e-03 5.689333246860234054e-03 5.820774130447620501e-03 6.408370485095214036e-03 6.358901031299064172e-03
1.002000000000000000e+05 6.448666711009007346e-03 5.942006942404459702e-03 5.851401301790446798e-03 6.325191539088376343e-03 6.684264235638954187e-03
1.003000000000000000e+05 6.574202264013585643e-03 6.055039698036794940e-03 6.161570005900726850e-03 6.250160334494097615e-03 6.531990568571944406e-03
1.004000000000000000e+05 6.579082191911527454e-03 6.036843618571176989e-03 6.403705764217743762e-03 6.209325321827888038e-03 6.427554221877087269e-03
1.005000000000000000e+05 6.315084128949691525e-03 6.131082666708231529e-03 6.484263276275803976e-03 6.249706264990822525e-03 6.436731511066060354e-03
1.006000000000000000e+05 5.907684470862664683e-03 6.285287116233367194e-03 6.383053951325760866e-03 6.317910425240260905e-03 6.376919403201757562e-03
1.007000000000000000e+05 5.936694445817599156e-03 6.108029048580963967e-03 6.054636080115528320e-03 6.420893606847838039e-03 6.230870549020837805e-03
1.008000000000000000e+05 6.082538495760150127e-03 5.842032984203860378e-03 6.034862553310919864e-03 6.531803936057267376e-03 6.215565784010584904e-03
1.009000000000000000e+05 6.232451057646886360e-03 6.079952844101499214e-03 6.227282013285212990e-03 6.648164179242970970e-03 6.290147580305180917e-03
1.010000000000000000e+05 6.383264123901903099e-03 6.337244304121859330e-03 6.440183935212684570e-03 6.514583723942603787e-03 6.346262737392021659e-03
1.011000000000000000e+05 6.542727058706601997e-03 6.274231050299881353e-03 6.660254718823768738e-03 6.293524024172107018e-03 6.395914570756147145e-03
1.012000000000000000e+05 6.625786729024108271e-03 6.252903665004170414e-03 6.656997959792372750e-03 6.562238103058107806e-03 6.209533435072221892e-03
1.013000000000000000e+05 6.400845739377611712e-03 6.399622437204973389e-03 6.621184219089594133e-03 6.860750629827097255e-03 6.018218484134048481e-03
1.014000000000000000e+05 6.310418944622802652e-03 6.603639174188378688e-03 6.464703468518963672e-03 6.342258020921429443e-03 6.465731485990708349e-03
1.015000000000000000e+05 6.486529536042322935e-03 6.921190767315108829e-03 6.294749059384496977e-03 5.978056424864113330e-03 6.790801380116944820e-03
1.016000000000000000e+05 6.734747671093842085e-03 6.882869307642164140e-03 6.065510552569122055e-03 6.292735285339884355e-03 6.577121600229048765e-03
1.017000000000000000e+05 7.063612400996922662e-03 6.446531933653877437e-03 6.048352890792570678e-03 6.435089606862506167e-03 6.347480022246911741e-03
1.018000000000000000e+05 6.995967560404014497e-03 6.593745448050182707e-03 6.455356919093756599e-03 6.232794850478754964e-03 6.085914848076284973e-03
1.019000000000000000e+05 6.673423710206548461e-03 7.116098819265145696e-03 6.648015553470157900e-03 6.253111369248152453e-03 6.039114903560781691e-03
1.020000000000000000e+05 6.468698542093784080e-03 6.982388059912902727e-03 6.609840686696771134e-03 6.513163107413269017e-03 6.223600590981585856e-03
1.021000000000000000e+05 6.304228090359966299e-03 6.624522055950150638e-03 6.573769759842048796e-03 6.736668333015417669e-03 6.375721450709752498e-03
1.022000000000000000e+05 6.179055484434267144e-03 6.818766144723157480e-03 6.538936444704188805e-03 6.938675610051116445e-03 6.508804176501073284e-03
1.023000000000000000e+05 6.061756929979767415e-03 7.071769481561976378e-03 6.389106832093274790e-03 6.637063824914087896e-03 6.488714378994726688e-03
1.024000000000000000e+05 6.082228529731647723e-03 6.528735239088566573e-03 6.206421134490065945e-03 6.191560879156308116e-03 6.424861003403341438e-03
1.025000000000000000e+05 6.148733307375103645e-03 6.100305306839437849e-03 5.992223415953470966e-03 6.348207853476720529e-03 6.431280258962590243e-03
1.026000000000000000e+05 6.465658572748798037e-03 6.295322822210552144e-03 5.812354901184926641e-03 6.536665501914513086e-03 6.451338534039484547e-03
1.027000000000000000e+05 6.608170273920266694e-03 6.513825516600276443e-03 6.093113454450784991e-03 6.520606656741708730e-03 6.571611921936451432e-03
1.028000000000000000e+05 6.327636308729026049e-03 6.789292262226610808e-03 6.315559728509604308e-03 6.557606200415708013e-03 6.673118743699261481e-03
1.029000000000000000e+05 6.279268022374025551e-03 6.789634863864676961e-03 6.333913025343748844e-03 6.780310105053554727e-03 6.708942583992510457e-03
1.030000000000000000e+05 6.540453974467316627e-03 6.423145273518417880e-03 6.396243528120531922e-03 6.730568146607998452e-03 6.668714379267626918e-03
1.031000000000000000e+05 6.496060726523551071e-03 6.259220024459180576e-03 6.533335280999800175e-03 6.217668220920646339e-03 6.499197698011917324e-03
1.032000000000000000e+05 6.216606555474331851e-03 6.251113499466899245e-03 6.504052469137992093e-03 6.034813623037394228e-03 6.462345945549518439e-03
1.033000000000000000e+05 6.222644475499652938e-03 6.232229649608589730e-03 6.320278990016625457e-03 6.158429686686494979e-03 6.548683055538039033e-03
1.034000000000000000e+05 6.349953372264558783e-03 6.208767821046127372e-03 6.088036877978961030e-03 5.989185656742714199e-03 6.414516251430340404e-03
1.035000000000000000e+05 6.292039286625993912e-03 6.031182467411996644e-03 5.831560449483152477e-03 5.673511580002524313e-03 6.170097490274556451e-03
1.036000000000000000e+05 6.198452626598619473e-03 5.823914064504809827e-03 5.908455520898251573e-03 6.174991378301708002e-03 6.244963399388863204e-03
1.037000000000000000e+05 6.421187235849516207e-03 6.419126835107221915e-03 6.061116842293063495e-03 6.862187966382474538e-03 6.392394006291791768e-03
1.038000000000000000e+05 6.603265091741930548e-03 6.930636547457286536e-03 6.463810999728159153e-03 6.654464617807066482e-03 6.575297954135737345e-03
1.039000000000000000e+05 6.398322234372029287e-03 6.614744776412871154e-03 6.812967554444086631e-03 6.420688980105359635e-03 6.687927160953447379e-03
1.040000000000000000e+05 6.270646585482350481e-03 6.345433674828615013e-03 6.656890107086405224e-03 6.253855009903188517e-03 6.227443565425476446e-03
1.041000000000000000e+05 6.376704242245295404e-03 6.217029098361312803e-03 6.458943660491502613e-03 6.238833222913323269e-03 5.882456347856643980e-03
1.042000000000000000e+05 6.336231577446550106e-03 6.166599936206000783e-03 6.141371501790260888e-03 6.657560530815738453e-03 5.867458781599619970e-03
1.043000000000000000e+05 6.061783076605739388e-03 6.240679903355322682e-03 5.886045842590188933e-03 6.754860955849194618e-03 5.922558497655734840e-03
1.044000000000000000e+05 6.102954227262966970e-03 6.233663364428416662e-03 5.721260546300893993e-03 6.384631369436965381e-03 6.079617897076400844e-03
1.045000000000000000e+05 6.433443391793462751e-03 6.152308361598283863e-03 5.793840122960619739e-03 6.244182807848575392e-03 6.322074469805520451e-03
1.046000000000000000e+05 6.658892976563127696e-03 6.065496302536906199e-03 6.056311597979511380e-03 6.287559066119208055e-03 6.632848781181385420e-03
1.047000000000000000e+05 6.829840892588976906e-03 5.975852752034789724e-03 6.281628242995851777e-03 6.380905328577119590e-03 6.713188928316225247e-03
1.048000000000000000e+05 7.188743367393129850e-03 6.282758748812009193e-03 6.491300749063745254e-03 6.495291592798100797e-03 6.696504164191660960e-03
1.049000000000000000e+05 7.596102876882315433e-03 6.691900175747185660e-03 6.739393085114588761e-03 6.519822353257751814e-03 6.569013742784539020e-03
1.050000000000000000e+05 7.095916698354968327e-03 6.830594766245963109e-03 6.994167130727685540e-03 6.528726069584994338e-03 6.422252772284794096e-03
1.051000000000000000e+05 6.579685057269653477e-03 6.933083111285091860e-03 6.752073427657095429e-03 6.686220608735523457e-03 6.364385572722417415e-03
1.052000000000000000e+05 6.752197342046923484e-03 6.812296763765792601e-03 6.524450238532897642e-03 6.838078275918865051e-03 6.315205178669698778e-03
1.053000000000000000e+05 6.930985519522535852e-03 6.677750336608304256e-03 6.380032504600437714e-03 6.957523929290889211e-03 6.315973916297509989e-03
1.054000000000000000e+05 7.134116553525050690e-03 6.489831479339050815e-03 6.270792635722523961e-03 6.923283259925222533e-03 6.403033279756455663e-03
1.055000000000000000e+05 7.437091219272070827e-03 6.374962008675169600e-03 6.245100196349134825e-03 6.524037574057632918e-03 6.695032879564295596e-03
1.056000000000000000e+05 7.932491793472171496e-03 6.400878628559853074e-03 6.252160793463769177e-03 6.219315371128441780e-03 6.865069236408168768e-03
1.057000000000000000e+05 7.846552975472742206e-03 6.537081127293078130e-03 6.300162686188442648e-03 6.032747521872281263e-03 6.882651539547043375e-03
1.058000000000000000e+05 7.126425729619421771e-03 6.793595493861047906e-03 6.399597080829054312e-03 5.971750903843846617e-03 6.608623452997703686e-03
1.059000000000000000e+05 6.782260782548952746e-03 6.807183672660248319e-03 6.534391320536877060e-03 5.997084507284488469e-03 6.134113223537686690e-03
1.060000000000000000e+05 6.673546972089956092e-03 6.668636259119418118e-03 6.283569988921990437e-03 6.151217945478995933e-03 6.093419160858057002e-03
1.061000000000000000e+05 6.901400079954812111e-03 6.601988918435433215e-03 5.897783207344148119e-03 6.350431325837359829e-03 6.204560756551571847e-03
1.062000000000000000e+05 7.240514979001127539e-03 6.559110196877682500e-03 5.874440602951070019e-03 6.784810978764694786e-03 6.592149566029809234e-03
1.063000000000000000e+05 7.730865327470541094e-03 6.658480307820856085e-03 5.918393846552287563e-03 7.214808924943762712e-03 6.981360421372610238e-03
1.064000000000000000e+05 8.213221193130141803e-03 6.773280351315813692e-03 6.534095562154195770e-03 6.766592109819945765e-03 6.514291024394887331e-03
1.065000000000000000e+05 7.634605881110215209e-03 6.790916435146772921e-03 6.963912766593517885e-03 6.521150692347697266e-03 6.180600084469437157e-03
1.066000000000000000e+05 7.149095433331727548e-03 6.798885864999265963e-03 6.575838121917055093e-03 7.167921024542792119e-03 6.433774355574273761e-03
1.067000000000000000e+05 7.147014088345421401e-03 6.756663053040476950e-03 6.435247323034764579e-03 7.407099999007154233e-03 6.619513791755432530e-03
1.068000000000000000e+05 7.170991039866909944e-03 6.818839136074237965e-03 6.789624215740926172e-03 6.831096258009873058e-03 6.670383558089203538e-03
1.069000000000000000e+05 7.256313564417187813e-03 7.126787617736378422e-03 6.773954120378371767e-03 6.631476440497579249e-03 6.694010055091257315e-03
1.070000000000000000e+05 7.267040435706498443e-03 7.218525278620097421e-03 6.359771884018702165e-03 6.837193155969152614e-03 6.688297646659151739e-03
1.071000000000000000e+05 7.180792957756564239e-03 7.029188872491898624e-03 6.499868573677122091e-03 6.958804961351643115e-03 6.868914632871267814e-03
1.072000000000000000e+05 7.212632380256253639e-03 7.015059422106865658e-03 6.966011690404999047e-03 7.030943290211143747e-03 7.159137145344689722e-03
1.073000000000000000e+05 7.333036978093168332e-03 7.132335188529219210e-03 7.253500126822830414e-03 7.063044957299633754e-03 7.106736447205191064e-03
1.074000000000000000e+05 7.321363336341622091e-03 7.502230396327148540e-03 7.489944368866372458e-03 7.083707578167836375e-03 6.956443403176306231e-03
1.075000000000000000e+05 7.255236385286042630e-03 7.976275724692234725e-03 7.202299358402827062e-03 7.213709697704980169e-03 7.221348340212803939e-03
1.076000000000000000e+05 7.271219365071649766e-03 7.743207035716135125e-03 6.896837104345650456e-03 7.339017949406194050e-03 7.498324798113120519e-03
1.077000000000000000e+05 7.302296082144235645e-03 7.380154152375879156e-03 6.892748557876105311e-03 7.296313354489067891e-03 7.510997285745030227e-03
1.078000000000000000e+05 7.208414031408782487e-03 7.030619366761088618e-03 6.974167814968713908e-03 7.234022727828254805e-03 7.417252081784724005e-03
1.079000000000000000e+05 7.127696342346730163e-03 6.768863407647957020e-03 7.354864384528917408e-03 7.103180990064524025e-03 6.951044957251591334e-03
1.080000000000000000e+05 7.163097258744659593e-03 7.161220387162835037e-03 7.381967232989975966e-03 7.048576653474551354e-03 6.781190516339475824e-03
1.081000000000000000e+05 7.094128472682208371e-03 7.413422720026782362e-03 6.807960755582471643e-03 7.123575898879968768e-03 7.115135637583103363e-03
1.082000000000000000e+05 6.719687386735779047e-03 7.255416330985650121e-03 6.717193087613758905e-03 7.200170789333256403e-03 7.216033690455157627e-03
1.083000000000000000e+05 6.680782394559905274e-03 7.171098606374189458e-03 7.075147171266740753e-03 7.278247350188135276e-03 7.100530894125055108e-03
1.084000000000000000e+05 7.163822437138243383e-03 7.201407693097775300e-03 7.193840053818839966e-03 7.082948618857679880e-03 6.903143812482809803e-03
1.085000000000000000e+05 7.368535312883933881e-03 7.219836650063684615e-03 7.192902335820525184e-03 6.750962241434586841e-03 6.664814588184501780e-03
1.086000000000000000e+05 7.324390957108616387e-03 7.227643373363903771e-03 7.095613806408425026e-03 6.920867374556207048e-03 6.756565919161234939e-03
1.087000000000000000e+05 7.120813293860891492e-03 7.208258526768302962e-03 6.976427365311383896e-03 7.204838760074295037e-03 6.923335558154984117e-03
1.088000000000000000e+05 6.836773961421501421e-03 7.175150831814068077e-03 6.904818361270220403e-03 7.352912759727253840e-03 7.033938363316003146e-03
1.089000000000000000e+05 7.121538818004997246e-03 7.019353371485589563e-03 6.876885327460069593e-03 7.497853130951457647e-03 7.121369887152628926e-03
1.090000000000000000e+05 7.547402388144557224e-03 6.833121240676680135e-03 7.183720844096249704e-03 7.659539055011861317e-03 7.040713263111861818e-03
1.091000000000000000e+05 7.367537984043943944e-03 7.154268429880681485e-03 7.419164636511193373e-03 7.693270766069478135e-03 7.068087017720148073e-03
1.092000000000000000e+05 7.180791133665614771e-03 7.486147099821678121e-03 7.450632074008331149e-03 7.361419011404866757e-03 7.404118997040000372e-03
1.093000000000000000e+05 7.406674814642482188e-03 7.534059102148019278e-03 7.523925481626836387e-03 7.170115231671607588e-03 7.701521259896012064e-03
1.094000000000000000e+05 7.523157045922664043e-03 7.575797304151705124e-03 7.658056663967321986e-03 7.183244870020284202e-03 7.942734844259172894e-03
1.095000000000000000e+05 7.230992685688772577e-03 7.594474546126649475e-03 7.675242918238986238e-03 7.323455634326468504e-03 7.787267620881206318e-03
1.096000000000000000e+05 7.083848687591744187e-03 7.557323236452103896e-03 7.598873230055619432e-03 7.565331299398633282e-03 7.314455751310420216e-03
1.097000000000000000e+05 7.208617868501378083e-03 7.415493392434744854e-03 7.527589805485796447e-03 7.428230782892693458e-03 7.165866539069990805e-03
1.098000000000000000e+05 7.234722861981596198e-03 7.430076374831277863e-03 7.458447965595360607e-03 7.131561347827509653e-03 7.153792129916063114e-03
1.099000000000000000e+05 7.155839040633105164e-03 7.611098646873322437e-03 7.346441937768720745e-03 6.785288993649337720e-03 6.995561940797694923e-03
1.100000000000000000e+05 7.206853712506398543e-03 7.520043140996798131e-03 7.226981268561869301e-03 6.430390044842818065e-03 6.811913355163765754e-03
1.101000000000000000e+05 7.337106465244977449e-03 7.263020190589958118e-03 7.243810183822596734e-03 6.862774565419402575e-03 6.593634122371474192e-03
1.102000000000000000e+05 7.208958726297281551e-03 7.098134286520922306e-03 7.203215205562006444e-03 7.227969488154518431e-03 6.457493724863251801e-03
1.103000000000000000e+05 6.998207551482648822e-03 6.962702028412337887e-03 6.832432839553910162e-03 7.206824223301272134e-03 6.793651630238327181e-03
1.104000000000000000e+05 6.945827216906958444e-03 6.913534785189587653e-03 6.561866654285768326e-03 7.155252467815549286e-03 6.964401756516185038e-03
1.105000000000000000e+05 6.916660167018732867e-03 6.873810297299785647e-03 6.529313898274954550e-03 7.031417797077713604e-03 6.742308407438253083e-03
1.106000000000000000e+05 7.028415004499619090e-03 6.810956970968733322e-03 6.608655991652448262e-03 6.900458362609526546e-03 6.759634916046320871e-03
1.107000000000000000e+05 7.009419808991305609e-03 6.802050227560037243e-03 6.827866646765361897e-03 6.760592973478399617e-03 7.076236246761966400e-03
1.108000000000000000e+05 6.341517042351300058e-03 7.060878377173454394e-03 6.798776376820893363e-03 6.565055146217242503e-03 7.159810155019497198e-03
1.109000000000000000e+05 6.045265800456521565e-03 7.153088187817984410e-03 6.598979220899447648e-03 6.331242517741682806e-03 7.083177710337047392e-03
1.110000000000000000e+05 6.598503757979101714e-03 6.864456080819484468e-03 6.585695935071998047e-03 6.293687004376918165e-03 6.752125993113515350e-03
1.111000000000000000e+05 6.872801395957682871e-03 6.727100217883532143e-03 6.637692503777450903e-03 6.324821481300936174e-03 6.332027530500597932e-03
1.112000000000000000e+05 6.793512713387575390e-03 6.781502974181771726e-03 6.632036642087995627e-03 6.496344912377523609e-03 6.468915799919565043e-03
1.113000000000000000e+05 6.696096811014603037e-03 6.762349569038867206e-03 6.618313404144255188e-03 6.696010216701560845e-03 6.672923574589503457e-03
1.114000000000000000e+05 6.585426597387922243e-03 6.689413164132541716e-03 6.582208782372551276e-03 7.171100124463175574e-03 6.811831606681446362e-03
1.115000000000000000e+05 6.644042143535235090e-03 6.757688429357202979e-03 6.638767247578248112e-03 7.518966474315844604e-03 6.925912149052110278e-03
1.116000000000000000e+05 6.770371993592117291e-03 6.882448362634236219e-03 7.103043295484706872e-03 7.307049169368872582e-03 6.930751736649090437e-03
1.117000000000000000e+05 7.226864938360728040e-03 6.996448818310883194e-03 7.310249481936575283e-03 7.161313991301414966e-03 6.998020811297070952e-03
1.118000000000000000e+05 7.741196673443784780e-03 7.108564401999140948e-03 7.003315945479151108e-03 7.147943066993016521e-03 7.190148860047079066e-03
1.119000000000000000e+05 7.578051709573475209e-03 7.420987195149215780e-03 6.879830113341559202e-03 6.975799827721144639e-03 7.398038867580312289e-03
1.120000000000000000e+05 7.430953721724014444e-03 7.690366267236798357e-03 6.953903347394573171e-03 6.632671018488594042e-03 7.622903292264711882e-03
1.121000000000000000e+05 7.457065037181682780e-03 7.638524013673818856e-03 6.906974238928869497e-03 6.765127553066848515e-03 7.389952974028496727e-03
1.122000000000000000e+05 7.474496837925218538e-03 7.543717006395260320e-03 6.788867281922745210e-03 7.177340172239686858e-03 6.887699865838984442e-03
1.123000000000000000e+05 7.467336680312052985e-03 7.327176530255926322e-03 6.979715902976697806e-03 7.289902285912829884e-03 6.771558667026549884e-03
1.124000000000000000e+05 7.392228376142575240e-03 7.271183709075052654e-03 7.258837546333512906e-03 7.316849969443218679e-03 6.765735156607545660e-03
1.125000000000000000e+05 7.214136162348686043e-03 7.458520927440596276e-03 7.123913453910457778e-03 7.141713610920192960e-03 6.957415088881598909e-03
1.126000000000000000e+05 7.119455410333254582e-03 7.532065164924574979e-03 6.973752115451427661e-03 6.950869831591989859e-03 7.153310318382961018e-03
1.127000000000000000e+05 7.097517212194398573e-03 7.506371337686239611e-03 7.047170937323299876e-03 6.765767334252737256e-03 7.204393320532266436e-03
1.128000000000000000e+05 7.108507594648794635e-03 7.493802529570191447e-03 7.124424938965178040e-03 6.687671588648767818e-03 7.190598901829166334e-03
1.129000000000000000e+05 7.135657373135071563e-03 7.487674703060455059e-03 7.215102069802075725e-03 6.984099474118357978e-03 6.949733510142603113e-03
1.130000000000000000e+05 7.138196717153632784e-03 7.460266082530301289e-03 7.308698783159700910e-03 7.243526958721470399e-03 6.869687081688623069e-03
1.131000000000000000e+05 7.134867419106815691e-03 7.427782811118356469e-03 7.407258786802561369e-03 7.440053761851571704e-03 7.063032890730039544e-03
1.132000000000000000e+05 7.369978948113773375e-03 7.346855720252089099e-03 7.279454755406011487e-03 7.471379908259521627e-03 7.180015127049544157e-03
1.133000000000000000e+05 7.585901523309260437e-03 7.270538852502304861e-03 6.941455548615742266e-03 7.349305444854058525e-03 7.226088331555849051e-03
1.134000000000000000e+05 7.422634884648684171e-03 7.279363050917399269e-03 6.844292461677098545e-03 7.405701321554996816e-03 7.380975217371627331e-03
1.135000000000000000e+05 7.300201452170620477e-03 7.307562961739308936e-03 6.867547434664320050e-03 7.551332368309174835e-03 7.590268943842166591e-03
1.136000000000000000e+05 7.324767561949590416e-03 7.405515437225750064e-03 6.907797801017662165e-03 7.414149042213375243e-03 7.443064571323824291e-03
1.137000000000000000e+05 7.318430008894916822e-03 7.306379136220174028e-03 6.951910756772394263e-03 7.212689722288066589e-03 7.214837903580776160e-03
1.138000000000000000e+05 7.255706825406921419e-03 6.847642260562445023e-03 7.032888320179443015e-03 7.235113466049557067e-03 7.079177506016718843e-03
1.139000000000000000e+05 7.198003840409416230e-03 6.724777215843391262e-03 7.098115069751740301e-03 7.261417358339381650e-03 7.008107315022047042e-03
1.140000000000000000e+05 7.145511694351407324e-03 6.950538628554467184e-03 7.025992352445271753e-03 7.249875342336778959e-03 7.425276847296649260e-03
1.141000000000000000e+05 7.371930633672574978e-03 7.225273258615761557e-03 6.996878655391842138e-03 7.272809308097117134e-03 7.650164424440566123e-03
1.142000000000000000e+05 7.764039326684327516e-03 7.529100889083124339e-03 7.090647873347089361e-03 7.394246078894424132e-03 7.325674986925411088e-03
1.143000000000000000e+05 7.370930008164050529e-03 7.607378269680612620e-03 7.319859882046668084e-03 7.483084858876114416e-03 7.101204998911619069e-03
1.144000000000000000e+05 6.735233011284250636e-03 7.615973459261381369e-03 7.746079586374333102e-03 7.524508379489643767e-03 7.022217846536149208e-03
1.145000000000000000e+05 7.146788272846783634e-03 7.690368839957145014e-03 7.558200043882092566e-03 7.546599329803097347e-03 7.076825964415173718e-03
1.146000000000000000e+05 7.654764951780256704e-03 7.749934335458956609e-03 6.879041103934055608e-03 7.553224223876493608e-03 7.238310298497763369e-03
1.147000000000000000e+05 7.668357440452965544e-03 7.238826102571111615e-03 6.959152390797794865e-03 7.466926108642081908e-03 7.368854596573556383e-03
1.148000000000000000e+05 7.637138612832610092e-03 6.896655096150675762e-03 7.358956404740260235e-03 7.341502515804373789e-03 7.486371511067535858e-03
1.149000000000000000e+05 7.393066032820169546e-03 7.356935915450533298e-03 7.217354333401974041e-03 7.516231307743584909e-03 7.633674821377147736e-03
1.150000000000000000e+05 7.286891436362533114e-03 7.664537325510004280e-03 6.981594682014841992e-03 7.743160514426618291e-03 7.786158374437306302e-03
1.151000000000000000e+05 7.486850363396651935e-03 7.633190447055712528e-03 6.975365362016803551e-03 7.423399093446358954e-03 7.539252595573331731e-03
1.152000000000000000e+05 7.883825954458146754e-03 7.716707902647515493e-03 7.000094392538233797e-03 7.163694105300152243e-03 7.273890695865135349e-03
1.153000000000000000e+05 8.524336032997893026e-03 7.942210437824052949e-03 7.202833938546569087e-03 7.249313605949681341e-03 6.902406101302692616e-03
1.154000000000000000e+05 8.234335794710946968e-03 7.944809587291089617e-03 7.242057847705809723e-03 7.339672164625007413e-03 6.746413600894700033e-03
1.155000000000000000e+05 7.281099479536857350e-03 7.788530791624750232e-03 6.892932119348551927e-03 7.441285986111597500e-03 7.102214824103395691e-03
1.156000000000000000e+05 7.342961965056194959e-03 7.644839002566326119e-03 7.003883908327976013e-03 7.409163876273112091e-03 7.232224587301040904e-03
1.157000000000000000e+05 7.798612778430855270e-03 7.506030104002353077e-03 7.689932593978403806e-03 7.209871852278239811e-03 7.079995025484798685e-03
1.158000000000000000e+05 7.441675927179908397e-03 7.351197289141385600e-03 7.734238832038311563e-03 7.290773641510144010e-03 7.130958295339711629e-03
1.159000000000000000e+05 6.949307798491405862e-03 7.193693821564254264e-03 7.337347137379667678e-03 7.564308677335487667e-03 7.321616636968565107e-03
1.160000000000000000e+05 6.963676649666204754e-03 7.446112362584766421e-03 7.134584784342949335e-03 7.673048566239980273e-03 7.565111756836623118e-03
1.161000000000000000e+05 6.997088543758765711e-03 7.658748487910159268e-03 6.999767700873908011e-03 7.724110153722170587e-03 7.827099749088402975e-03
1.162000000000000000e+05 7.136340016475476063e-03 7.589088424909710626e-03 7.038767327200436477e-03 7.623012594627479391e-03 7.843325922070213535e-03
1.163000000000000000e+05 7.337953149717709074e-03 7.502890605936966308e-03 7.106866256639962631e-03 7.497968995648866125e-03 7.821724168764684904e-03
1.164000000000000000e+05 7.710698281611336885e-03 7.371310107784447008e-03 7.366642760181696739e-03 7.244845586063250638e-03 7.615322244615859576e-03
1.165000000000000000e+05 7.647522333982552031e-03 7.346679399050165364e-03 7.502232573748958237e-03 7.079402172909626985e-03 7.444449858831874225e-03
1.166000000000000000e+05 6.940524484289905920e-03 7.480005302379741546e-03 7.091400951428263738e-03 7.299750744056960824e-03 7.429907441853261796e-03
1.167000000000000000e+05 6.713159214093235988e-03 7.384894152443176492e-03 6.763299191294275085e-03 7.343820249796152548e-03 7.360148127622079088e-03
1.168000000000000000e+05 6.893757287375973201e-03 7.095480221567560669e-03 6.600657155533732820e-03 7.035331624718983712e-03 7.179955018885731538e-03
1.169000000000000000e+05 6.729619614600350699e-03 6.988788638079721123e-03 6.513125516415505661e-03 6.594527076273080934e-03 6.962731733812988454e-03
1.170000000000000000e+05 6.401020851962067187e-03 6.969267348758504191e-03 6.506481996758239038e-03 6.011228456506990600e-03 6.705629797301047509e-03
1.171000000000000000e+05 6.414514562268672226e-03 6.795338805612960616e-03 6.043334288161146019e-03 5.330872814540048646e-03 6.242397832948757067e-03
1.172000000000000000e+05 6.506350060272575279e-03 6.586049822660321879e-03 5.311654703717100939e-03 4.593424806572607780e-03 5.657912911043322564e-03
1.173000000000000000e+05 6.147418360197088281e-03 5.893560881868786273e-03 5.158518390302473458e-03 4.457962368267106255e-03 5.174388155941651336e-03
1.174000000000000000e+05 5.737274474267600559e-03 5.216551648837544283e-03 5.170680154324791208e-03 4.494495807007840155e-03 4.719709162783907765e-03
1.175000000000000000e+05 5.036882667189622464e-03 4.967365598651769278e-03 4.682163421390512364e-03 4.450933606168542243e-03 5.110702986520671530e-03
1.176000000000000000e+05 4.764123819488140857e-03 4.832575602518502517e-03 4.161483245390902586e-03 4.386872542799956018e-03 5.496395964797307424e-03
1.177000000000000000e+05 5.976201636288237806e-03 5.094994127400850545e-03 3.739438528031970455e-03 4.146671337395241297e-03 4.970155557925996608e-03
1.178000000000000000e+05 6.624829655943937669e-03 5.652464382047354963e-03 3.290419828000708518e-03 3.911464787581460031e-03 4.608487007869006315e-03
1.179000000000000000e+05 6.272848553084464651e-03 6.733905811964753345e-03 2.746992188616272958e-03 3.693739532335946728e-03 4.822819956662243238e-03
1.180000000000000000e+05 5.117084598648690558e-03 6.662120665795663067e-03 2.332810700331733409e-03 3.261275902772263740e-03 4.748742462139396436e-03
1.181000000000000000e+05 3.147490506992138559e-03 5.422693611339331719e-03 2.138347668917021677e-03 2.463757036867683832e-03 4.184367213979195074e-03
1.182000000000000000e+05 2.147505454754016201e-03 4.182537330905573836e-03 1.921386377686425942e-03 1.926198481996348275e-03 3.304873961340664464e-03
1.183000000000000000e+05 1.708372690022573470e-03 2.941959243288795427e-03 1.683533845198225071e-03 1.630031644513004916e-03 2.132771133115137288e-03
1.184000000000000000e+05 1.559857177587212294e-03 2.183813728970311358e-03 1.554085048217867171e-03 1.507404909196514249e-03 1.674458801237110927e-03
1.185000000000000000e+05 1.498058103336982879e-03 1.569619869587626261e-03 1.478838118991454608e-03 1.471548224963487765e-03 1.573041717532990772e-03
1.186000000000000000e+05 1.372509151179709648e-03 1.457201282679433229e-03 1.403981777480088882e-03 1.451968929365521918e-03 1.515879305484169786e-03
1.187000000000000000e+05 1.254744897324935405e-03 1.397633831555033287e-03 1.329214205903961202e-03 1.436089040275522269e-03 1.468774773357002733e-03
1.188000000000000000e+05 1.452336195914659097e-03 1.366641779205362162e-03 1.349619488865885092e-03 1.428022744049095268e-03 1.381446370198474672e-03
1.189000000000000000e+05 1.639878788437799852e-03 1.398641465439585691e-03 1.364435870318216146e-03 1.430138249771598221e-03 1.313627965442892018e-03
1.190000000000000000e+05 1.781682443002697170e-03 1.717362168676391703e-03 1.305257084451278641e-03 1.511303988665991605e-03 1.414266123612870985e-03
1.191000000000000000e+05 1.975082477234550021e-03 1.936786480507156653e-03 1.300975297415197292e-03 1.576871148347075815e-03 1.493573958128344885e-03
1.192000000000000000e+05 2.279768820552024490e-03 1.942042104991498078e-03 1.453542078467267781e-03 1.597870938847280233e-03 1.511938010773806757e-03
1.193000000000000000e+05 2.100608873942566221e-03 2.095765132757278128e-03 1.491112758773601409e-03 1.570198948707748942e-03 1.539892147994407915e-03
1.194000000000000000e+05 1.338182166873336373e-03 2.428462564478737346e-03 1.361416383449798014e-03 1.471731641274067696e-03 1.581795499142482110e-03
1.195000000000000000e+05 1.222505276964805506e-03 2.099960295394764313e-03 1.212216595057020920e-03 1.315755808634486461e-03 1.514782940204234237e-03
1.196000000000000000e+05 1.556149312662668486e-03 1.312098234172266904e-03 1.047414076209068987e-03 1.113773155830197681e-03 1.360637653196951867e-03
1.197000000000000000e+05 1.772230305742717024e-03 1.391492000075518617e-03 1.099885405298552414e-03 1.236002762399834387e-03 1.214955352251578368e-03
1.198000000000000000e+05 1.944099556299814721e-03 1.797033256521874886e-03 1.243840459835400623e-03 1.494742793969053990e-03 1.072836413858588647e-03
1.199000000000000000e+05 2.174484780099054763e-03 1.955680301196028627e-03 1.620453780407605290e-03 2.198676860576248820e-03 1.308432482743945293e-03
