9.000000000000000000e+04 1.233681663870811462e-01 1.240083053708076477e-01 1.281744390726089478e-01 1.284383088350296021e-01 1.264028400182723999e-01
9.010000000000000000e+04 1.260407452533641726e-01 1.248343469947576362e-01 1.257175704836845098e-01 1.267969176173209811e-01 1.278882473707199374e-01
9.020000000000000000e+04 1.296539829174673808e-01 1.260300485293069095e-01 1.244779741764070330e-01 1.268353211879733045e-01 1.290039712190627630e-01
9.030000000000000000e+04 1.392104738950730725e-01 1.295613285899162859e-01 1.302376934885981219e-01 1.365325447916988788e-01 1.279940149188041332e-01
9.040000000000000000e+04 1.455021961530048591e-01 1.346230032046640268e-01 1.381290918588642946e-01 1.458150011301043436e-01 1.306191813945774272e-01
9.050000000000000000e+04 1.431126015881696856e-01 1.437541360656422462e-01 1.510832279920574228e-01 1.541123852133748362e-01 1.418777644634243440e-01
9.060000000000000000e+04 1.376758062839508467e-01 1.473485150933265819e-01 1.523029071092613373e-01 1.520758867263802550e-01 1.505291366577145296e-01
9.070000000000000000e+04 1.278528887033465178e-01 1.429733242094518020e-01 1.388545149564748837e-01 1.371220350265509591e-01 1.559214952588079128e-01
9.080000000000000000e+04 1.233997404575347956e-01 1.360616858800253182e-01 1.288872915506365235e-01 1.285499644279481102e-01 1.489282327890400492e-01
9.090000000000000000e+04 1.234010599553585080e-01 1.270459491014476749e-01 1.213133716583253002e-01 1.243653683364391999e-01 1.334198558330538242e-01
9.100000000000000000e+04 1.277698844671252276e-01 1.250733037789663327e-01 1.229262381792068509e-01 1.276024147868156378e-01 1.275980055332183727e-01
9.110000000000000000e+04 1.341636431217194669e-01 1.263660917679469142e-01 1.277544799447060397e-01 1.334370361268521210e-01 1.251664395630359417e-01
9.120000000000000000e+04 1.417316925525664850e-01 1.319179368019103571e-01 1.353438878059389505e-01 1.416330850124361551e-01 1.305971363186838041e-01
9.130000000000000000e+04 1.495577301084992927e-01 1.384054837624230094e-01 1.432997658848766120e-01 1.501190340518955002e-01 1.370914831757549246e-01
9.140000000000000000e+04 1.588206510742507238e-01 1.469127497076989919e-01 1.518100798130040396e-01 1.584677475690846604e-01 1.456883788108830624e-01
9.150000000000000000e+04 1.683090500533588052e-01 1.555765025317674966e-01 1.604397386312489959e-01 1.670786440372472592e-01 1.542928084731106930e-01
9.160000000000000000e+04 1.793563896417622316e-01 1.648698216676715844e-01 1.695945149660109952e-01 1.768431454896926269e-01 1.629303878545760587e-01
9.170000000000000000e+04 1.927738533914092611e-01 1.744922778507075334e-01 1.806100630760186510e-01 1.892882519960395749e-01 1.720298221707339814e-01
9.180000000000000000e+04 2.141344359517095564e-01 1.852177879214285949e-01 1.953471547365184247e-01 2.070945686101908212e-01 1.820529663562771849e-01
9.190000000000000000e+04 2.436043340464418561e-01 2.010786355535180980e-01 2.184895715117449733e-01 2.337898471951479484e-01 1.967034256458279617e-01
9.200000000000000000e+04 2.870937267939224213e-01 2.258175243933981113e-01 2.506838768720626720e-01 2.700578540563583485e-01 2.163371473550796398e-01
9.210000000000000000e+04 3.195398199558248664e-01 2.596364565193634566e-01 2.864151591062551461e-01 3.048599147796635656e-01 2.468128070235257876e-01
9.220000000000000000e+04 3.410789505640667851e-01 3.024233326315883819e-01 3.242270159721385436e-01 3.387996542453775572e-01 2.836660772562037969e-01
9.230000000000000000e+04 3.544691611329715553e-01 3.305884581804278133e-01 3.457970082759864727e-01 3.568949931859975999e-01 3.168411779403700335e-01
9.240000000000000000e+04 3.632706594467162153e-01 3.505199766159055041e-01 3.627264678478250848e-01 3.704633605480202041e-01 3.489653730392474618e-01
9.250000000000000000e+04 3.659070009986559180e-01 3.607841183741884450e-01 3.666972815990447998e-01 3.730456829071044922e-01 3.621424585580825806e-01
9.260000000000000000e+04 3.667677774031956606e-01 3.682640556494390371e-01 3.693211889266968528e-01 3.745017027854920522e-01 3.729924535751342196e-01
9.270000000000000000e+04 3.655401590466499373e-01 3.691465288400649913e-01 3.680674117803574008e-01 3.728649866580963645e-01 3.737009268999099687e-01
9.280000000000000000e+04 3.640532124042509809e-01 3.692977023124694447e-01 3.666982638835907249e-01 3.712947571277618874e-01 3.738785195350647350e-01
9.290000000000000000e+04 3.614104741811752231e-01 3.674795782566070423e-01 3.649253183603287098e-01 3.699572306871414251e-01 3.721980297565460338e-01
9.300000000000000000e+04 3.582729458808899814e-01 3.654647380113602018e-01 3.625702440738677867e-01 3.675077915191650169e-01 3.706275522708892822e-01
9.310000000000000000e+04 3.529748342434567143e-01 3.625909037391346068e-01 3.592255508899688254e-01 3.631681007146834728e-01 3.692440956830977949e-01
9.320000000000000000e+04 3.483878636360169812e-01 3.591579508781435059e-01 3.548434758186339022e-01 3.582758855819700439e-01 3.661557102203367720e-01
9.330000000000000000e+04 3.452915540337562206e-01 3.545529994368552540e-01 3.494981175661084905e-01 3.528706121444699639e-01 3.614841765165326959e-01
9.340000000000000000e+04 3.442380656798680882e-01 3.505829304456709594e-01 3.460659468173980513e-01 3.505084764957427934e-01 3.566555726528167214e-01
9.350000000000000000e+04 3.455862725774447308e-01 3.473592773079872131e-01 3.435903698205949319e-01 3.496679097414017168e-01 3.517484337091448809e-01
9.360000000000000000e+04 3.480215728282927690e-01 3.472628271579741854e-01 3.460069465637204966e-01 3.530679631233212823e-01 3.506878685951232977e-01
9.370000000000000000e+04 3.511929258704183932e-01 3.492837540308633693e-01 3.495353764295576204e-01 3.574317938089368596e-01 3.505015248060226463e-01
9.380000000000000000e+04 3.518019364277522043e-01 3.516600877046585083e-01 3.519508278369902765e-01 3.583078539371490345e-01 3.541148948669432528e-01
9.390000000000000000e+04 3.514772120118140886e-01 3.541659340262414135e-01 3.539998781681060747e-01 3.589818930625915394e-01 3.575773888826370150e-01
9.400000000000000000e+04 3.517550130685170862e-01 3.547883927822113037e-01 3.534601747989654652e-01 3.591129243373870628e-01 3.586637318134308083e-01
9.410000000000000000e+04 3.521010192235310976e-01 3.551238712668418618e-01 3.532205033302306951e-01 3.591673809289931962e-01 3.594477689266205034e-01
9.420000000000000000e+04 3.488992297649384233e-01 3.547438079118728771e-01 3.538380658626556485e-01 3.590030527114868031e-01 3.593680751323700129e-01
9.430000000000000000e+04 3.451627889275553085e-01 3.538604960838954705e-01 3.520783752202985561e-01 3.563894152641293722e-01 3.591540712118148626e-01
9.440000000000000000e+04 3.382184398174284401e-01 3.499576934178669219e-01 3.468608617782589776e-01 3.502131462097164416e-01 3.587447071075439142e-01
9.450000000000000000e+04 3.320238977670667557e-01 3.453048780560490361e-01 3.401070505380628384e-01 3.434321284294126198e-01 3.545962899923322253e-01
9.460000000000000000e+04 3.277621916929879808e-01 3.387186966339745253e-01 3.321242010593417060e-01 3.361673116683962514e-01 3.474566304683687767e-01
9.470000000000000000e+04 3.249966279665629232e-01 3.331440715988476797e-01 3.278164798021317994e-01 3.324125403165818504e-01 3.408290141820910502e-01
9.480000000000000000e+04 3.243301296234131215e-01 3.289886450767517956e-01 3.250561809539795899e-01 3.301356828212738681e-01 3.344169950485231246e-01
9.490000000000000000e+04 3.250698046882947168e-01 3.271365596850713264e-01 3.248595052957534701e-01 3.303528064489364424e-01 3.321841579675674505e-01
9.500000000000000000e+04 3.269470582405726855e-01 3.271478513876597272e-01 3.251086771488189697e-01 3.310036659240722656e-01 3.306781351566314697e-01
9.510000000000000000e+04 3.319496104121211211e-01 3.288333842158318587e-01 3.279079216718673861e-01 3.348494708538056197e-01 3.314711141586303977e-01
9.520000000000000000e+04 3.383599547545116382e-01 3.312730797131857030e-01 3.314244508743288131e-01 3.394130039215090267e-01 3.327455747127534003e-01
9.530000000000000000e+04 3.460696821411450852e-01 3.372319409251213207e-01 3.390653669834140516e-01 3.481034737825397518e-01 3.367885541915895398e-01
9.540000000000000000e+04 3.540529638528821521e-01 3.439316791296003761e-01 3.470343279838565276e-01 3.562254250049593507e-01 3.424484741687777722e-01
9.550000000000000000e+04 3.572246740261714182e-01 3.514193261663121071e-01 3.557823956012723388e-01 3.629971444606778785e-01 3.519486278295514414e-01
9.560000000000000000e+04 3.599409886201223041e-01 3.584651641050976556e-01 3.610500073432921786e-01 3.669924914836883434e-01 3.596293783187863302e-01
9.570000000000000000e+04 3.602182111144066057e-01 3.612307035923005283e-01 3.619670492410659302e-01 3.675173729658126609e-01 3.650358748435971745e-01
9.580000000000000000e+04 3.602656290928522576e-01 3.633019975821177305e-01 3.622090232372284224e-01 3.675569009780884078e-01 3.674217605590820446e-01
9.590000000000000000e+04 3.595692061384518912e-01 3.631261285146077378e-01 3.619868880510330178e-01 3.672627484798431374e-01 3.677309763431548806e-01
9.600000000000000000e+04 3.585295915603637917e-01 3.626364231109619474e-01 3.608107566833496094e-01 3.660517215728759655e-01 3.676005244255066140e-01
9.610000000000000000e+04 3.569122710824013667e-01 3.616184265414874033e-01 3.593007266521453524e-01 3.645197886228561113e-01 3.673161888122558616e-01
9.620000000000000000e+04 3.583310180902479214e-01 3.607031261920929377e-01 3.570639538764953103e-01 3.631825196743010964e-01 3.657262253761290882e-01
9.630000000000000000e+04 3.626747569441796104e-01 3.598867648839950695e-01 3.550968348979953171e-01 3.622573822736743776e-01 3.640260481834411421e-01
9.640000000000000000e+04 3.684438049793244407e-01 3.628484781583151131e-01 3.625026285648343949e-01 3.714150071144101672e-01 3.637036037445068315e-01
9.650000000000000000e+04 3.749940320849418085e-01 3.678808669249216123e-01 3.700742900371545296e-01 3.797742098569866220e-01 3.653260260820381244e-01
9.660000000000000000e+04 3.738747453689576505e-01 3.735352367162702580e-01 3.783757698535914482e-01 3.846203553676602604e-01 3.755058622360223364e-01
9.670000000000000000e+04 3.706250381469728405e-01 3.793623790144917129e-01 3.810486716032032151e-01 3.847716802358631116e-01 3.830790793895720303e-01
9.680000000000000000e+04 3.634723226229350512e-01 3.754216794172923199e-01 3.724644172191622360e-01 3.755333638191226120e-01 3.854390585422515225e-01
9.690000000000000000e+04 3.563015317916869429e-01 3.705061638355252596e-01 3.639524340629579080e-01 3.673076814413071545e-01 3.818762141466142124e-01
9.700000000000000000e+04 3.546155174573262236e-01 3.636175215244292214e-01 3.555182814598083496e-01 3.601725280284881481e-01 3.719349443912506326e-01
9.710000000000000000e+04 3.536754527688026339e-01 3.578838362296422604e-01 3.529263305664062655e-01 3.586304110288620062e-01 3.645668965578078291e-01
9.720000000000000000e+04 3.558635640144347523e-01 3.569935190677643311e-01 3.537709689140319802e-01 3.603783154487610330e-01 3.587125086784361261e-01
9.730000000000000000e+04 3.585062988599140299e-01 3.571964898705481395e-01 3.565014398097993142e-01 3.634329295158387763e-01 3.593900543451310492e-01
9.740000000000000000e+04 3.620754365126292451e-01 3.596272927522659590e-01 3.597707200050355714e-01 3.668608891963960894e-01 3.619338667392732467e-01
9.750000000000000000e+04 3.654513508081437267e-01 3.625689521431924023e-01 3.633556067943572998e-01 3.706356137990951538e-01 3.650577068328857422e-01
9.760000000000000000e+04 3.686057023207346961e-01 3.660963936646779993e-01 3.669018363952635253e-01 3.743140113353727871e-01 3.682757556438444047e-01
9.770000000000000000e+04 3.706196039915084506e-01 3.692540504535039014e-01 3.696492445468901322e-01 3.764415556192396983e-01 3.720913857221601617e-01
9.780000000000000000e+04 3.718810439109802024e-01 3.721677255630492231e-01 3.720721518993377330e-01 3.784215104579924938e-01 3.755020129680632923e-01
9.790000000000000000e+04 3.739302862683931972e-01 3.737766756614049335e-01 3.733593064546584794e-01 3.798849022388458008e-01 3.774951303005218417e-01
9.800000000000000000e+04 3.762575765450796861e-01 3.749251345793406798e-01 3.751771390438080056e-01 3.817301750183105247e-01 3.793843567371368297e-01
9.810000000000000000e+04 3.772019466757774442e-01 3.774571439623833347e-01 3.778971242904663463e-01 3.842246454954147961e-01 3.810969686508178800e-01
9.820000000000000000e+04 3.779697082440058864e-01 3.801614254713058805e-01 3.793269264698028720e-01 3.854578053951263628e-01 3.831864416599274348e-01
9.830000000000000000e+04 3.802917205293973035e-01 3.809596017003059054e-01 3.795587015151977717e-01 3.855197483301162631e-01 3.856258571147919700e-01
9.840000000000000000e+04 3.830317807197568536e-01 3.819400489330290749e-01 3.809102559089661555e-01 3.875375366210939143e-01 3.859971928596496182e-01
9.850000000000000000e+04 3.881581977009769813e-01 3.839609598120052314e-01 3.828216999769212259e-01 3.905332475900652467e-01 3.853344887495040449e-01
9.860000000000000000e+04 3.946302739779147806e-01 3.871813136339183337e-01 3.882310688495637652e-01 3.972688186168672475e-01 3.883402049541474499e-01
9.870000000000000000e+04 4.044664984941481189e-01 3.934002748131751326e-01 3.944354206323620882e-01 4.048543578386303854e-01 3.921796530485151533e-01
9.880000000000000000e+04 4.142450539271037568e-01 4.012570933500926307e-01 4.051587426662441871e-01 4.150354158878323263e-01 3.999449157714841663e-01
9.890000000000000000e+04 4.239447384079295666e-01 4.113539226849872166e-01 4.159495413303374023e-01 4.252617454528807017e-01 4.081642878055570800e-01
9.900000000000000000e+04 4.323390275239941127e-01 4.209025174379344980e-01 4.258897006511688232e-01 4.350516259670257346e-01 4.188085913658142201e-01
9.910000000000000000e+04 4.397035047411913533e-01 4.300186160206788677e-01 4.347918230295181874e-01 4.437747681140900569e-01 4.290791505575181630e-01
9.920000000000000000e+04 4.453331847985583791e-01 4.380103119214373009e-01 4.407281255722047542e-01 4.494500863552094994e-01 4.382818686962130506e-01
9.930000000000000000e+04 4.502038910984993425e-01 4.455100816488267168e-01 4.461758565902712026e-01 4.544918882846833985e-01 4.460199147462847180e-01
9.940000000000000000e+04 4.532991888125737501e-01 4.502012948195139863e-01 4.509129381179812213e-01 4.586122119426729871e-01 4.516275286674502620e-01
9.950000000000000000e+04 4.560367549459138914e-01 4.543266048034031446e-01 4.543713122606278243e-01 4.619687050580978949e-01 4.563170582056046420e-01
9.960000000000000000e+04 4.559269261360168746e-01 4.567225193977355047e-01 4.568067204952239169e-01 4.647141337394713467e-01 4.602721202373503129e-01
9.970000000000000000e+04 4.555468102296194588e-01 4.588323908050854771e-01 4.573993438482284457e-01 4.641589027643204801e-01 4.623989385366439331e-01
9.980000000000000000e+04 4.536502520243326786e-01 4.589888272682825510e-01 4.572160577774048162e-01 4.622139203548432107e-01 4.637559700012206521e-01
9.990000000000000000e+04 4.522945153713226474e-01 4.586152282357215393e-01 4.550101220607757901e-01 4.602193796634674317e-01 4.627714514732361173e-01
1.000000000000000000e+05 4.526305794715881348e-01 4.565835694471995221e-01 4.524524211883544922e-01 4.582162201404571533e-01 4.613797068595886230e-01
1.001000000000000000e+05 4.534723343451817490e-01 4.555613894263902952e-01 4.532348752021789773e-01 4.596986663341522394e-01 4.591907185316085327e-01
1.002000000000000000e+05 4.551430904865264027e-01 4.561940926313399758e-01 4.541501975059509810e-01 4.612243092060089866e-01 4.576870024204254817e-01
1.003000000000000000e+05 4.566019586722055434e-01 4.573013381163278934e-01 4.558295124769211615e-01 4.629983329772949796e-01 4.601236015558243797e-01
1.004000000000000000e+05 4.578617032368977879e-01 4.588545389970143940e-01 4.572336399555206321e-01 4.645389115810394376e-01 4.620804214477539085e-01
1.005000000000000000e+05 4.597606375813484414e-01 4.600504010915756337e-01 4.579841971397399791e-01 4.655250579118728194e-01 4.628977656364440807e-01
1.006000000000000000e+05 4.620004731416701982e-01 4.610556825002034564e-01 4.595041763782499733e-01 4.673653697967527498e-01 4.640299725532530672e-01
1.007000000000000000e+05 4.640134042501449230e-01 4.634447971979775982e-01 4.619859331846236095e-01 4.702733886241911576e-01 4.655557578802108076e-01
1.008000000000000000e+05 4.659655892848967307e-01 4.662043869495390291e-01 4.643991112709044966e-01 4.724178957939147439e-01 4.680241262912749334e-01
1.009000000000000000e+05 4.666178784767786580e-01 4.682100607951482085e-01 4.667651414871215598e-01 4.740374886989593417e-01 4.711405205726623135e-01
1.010000000000000000e+05 4.672310332457225157e-01 4.700665891170501820e-01 4.673054695129394420e-01 4.744987607002258412e-01 4.728508412837982289e-01
1.011000000000000000e+05 4.688340711593628196e-01 4.705878627300262296e-01 4.672068017721175970e-01 4.745546203851699896e-01 4.740690362453460760e-01
1.012000000000000000e+05 4.695932185649872026e-01 4.712011913458506451e-01 4.694172227382660822e-01 4.769639146327973034e-01 4.739146411418914684e-01
1.013000000000000000e+05 4.669504323601723628e-01 4.721856166919072284e-01 4.717184603214262806e-01 4.793962353467939308e-01 4.737212079763413741e-01
1.014000000000000000e+05 4.634518390893937467e-01 4.718507760763169245e-01 4.688763916492462713e-01 4.747785818576814032e-01 4.769737029075621915e-01
1.015000000000000000e+05 4.582574799656866649e-01 4.689018343885739126e-01 4.650977879762655531e-01 4.698233872652058385e-01 4.785384654998783294e-01
1.016000000000000000e+05 4.568894513448080730e-01 4.652198481559751686e-01 4.571984302997593730e-01 4.633830118179325108e-01 4.726772058010104693e-01
1.017000000000000000e+05 4.598008713126183200e-01 4.607180094718932306e-01 4.535919481515882090e-01 4.611609679460522693e-01 4.669923925399782627e-01
1.018000000000000000e+05 4.648761940002441029e-01 4.612203059593836252e-01 4.585712170600889648e-01 4.673755872249601429e-01 4.616604721546174739e-01
1.019000000000000000e+05 4.713425970077512739e-01 4.649395464857418170e-01 4.649653655290602594e-01 4.741349101066588134e-01 4.624663913249968394e-01
1.020000000000000000e+05 4.761150598526001088e-01 4.706336081027984730e-01 4.728832304477691428e-01 4.814808368682861328e-01 4.698822915554046742e-01
1.021000000000000000e+05 4.803087598085405419e-01 4.770024002591772283e-01 4.782209426164627519e-01 4.861071634292603028e-01 4.768283647298813821e-01
1.022000000000000000e+05 4.817094284296036255e-01 4.811609542369844061e-01 4.820409178733826572e-01 4.891337251663208652e-01 4.834980690479280252e-01
1.023000000000000000e+05 4.826918357610702204e-01 4.849580481648445018e-01 4.831354218721389815e-01 4.900925326347351230e-01 4.871355986595155008e-01
1.024000000000000000e+05 4.813281627496083792e-01 4.852936804294586404e-01 4.834512197971344016e-01 4.904605531692505238e-01 4.899067926406862061e-01
1.025000000000000000e+05 4.799159367879232141e-01 4.853981708486875268e-01 4.825975000858306885e-01 4.887482523918151855e-01 4.900722205638885498e-01
1.026000000000000000e+05 4.782395827770232755e-01 4.842452496290206576e-01 4.815224468708039773e-01 4.868755960464478671e-01 4.898940706253052668e-01
1.027000000000000000e+05 4.768776833017666639e-01 4.829410004615782848e-01 4.788502424955369263e-01 4.850788164138794545e-01 4.880269634723664041e-01
1.028000000000000000e+05 4.762785033384958622e-01 4.812697005271910911e-01 4.768369174003601052e-01 4.836734282970428511e-01 4.860770046710968795e-01
1.029000000000000000e+05 4.755018594861030734e-01 4.800549811124801836e-01 4.771296697854995883e-01 4.836379104852676636e-01 4.838370651006698719e-01
1.030000000000000000e+05 4.744885971148808945e-01 4.794490357240041023e-01 4.765969753265381081e-01 4.832637727260589711e-01 4.824114382266998513e-01
1.031000000000000000e+05 4.740859440962473803e-01 4.786370588342348520e-01 4.746610212326049516e-01 4.823139810562133700e-01 4.823701429367065474e-01
1.032000000000000000e+05 4.741529905796050826e-01 4.776665961742400657e-01 4.743798613548279031e-01 4.817933630943298517e-01 4.820291578769683727e-01
1.033000000000000000e+05 4.722868304451305344e-01 4.773131117224693187e-01 4.756352961063385343e-01 4.816712635755538985e-01 4.814098894596099409e-01
1.034000000000000000e+05 4.695994851986566299e-01 4.772217065095901711e-01 4.742035114765165704e-01 4.796940624713896262e-01 4.810206472873687633e-01
1.035000000000000000e+05 4.677410766482353321e-01 4.746753558516502158e-01 4.714281171560285588e-01 4.767893105745313331e-01 4.807464182376861572e-01
1.036000000000000000e+05 4.660423151652018370e-01 4.716562008857727584e-01 4.678306806087493275e-01 4.735975015163421120e-01 4.782501482963561479e-01
1.037000000000000000e+05 4.635569105545681023e-01 4.691350593169531513e-01 4.640464162826539729e-01 4.703404521942139982e-01 4.752488690614701805e-01
1.038000000000000000e+05 4.612115097045899059e-01 4.667208462953568726e-01 4.625267589092255105e-01 4.684914171695709895e-01 4.723464310169220859e-01
1.039000000000000000e+05 4.601375824213028154e-01 4.650553201635678757e-01 4.610945630073547408e-01 4.668083935976028442e-01 4.695933347940445257e-01
1.040000000000000000e+05 4.600584646066030459e-01 4.637414693832397350e-01 4.596652567386627086e-01 4.660202264785766602e-01 4.680045604705810325e-01
1.041000000000000000e+05 4.629886454343795643e-01 4.634914365410804926e-01 4.595543718338013228e-01 4.665371334552765314e-01 4.666552567481994651e-01
1.042000000000000000e+05 4.659845320383707024e-01 4.644391914208729211e-01 4.632104051113129506e-01 4.707828235626221880e-01 4.659901547431945512e-01
1.043000000000000000e+05 4.690853359301883629e-01 4.672995428244271499e-01 4.666727459430696223e-01 4.746715509891511475e-01 4.674418026208879695e-01
1.044000000000000000e+05 4.719597244262694336e-01 4.703700375556945090e-01 4.698533523082735197e-01 4.780410599708558861e-01 4.719723594188692806e-01
1.045000000000000000e+05 4.746265654762586439e-01 4.736331636706988535e-01 4.727679103612900668e-01 4.808654010295868586e-01 4.755668163299561213e-01
1.046000000000000000e+05 4.768324911594391535e-01 4.762946494420370325e-01 4.754696297645568115e-01 4.832536077499388627e-01 4.784123933315276300e-01
1.047000000000000000e+05 4.787992626428604348e-01 4.786439633369445890e-01 4.776252293586730202e-01 4.856226754188536776e-01 4.811352992057799094e-01
1.048000000000000000e+05 4.814709266026814261e-01 4.813439369201659712e-01 4.795508837699889448e-01 4.879836845397948486e-01 4.838065540790557062e-01
1.049000000000000000e+05 4.843243206540742141e-01 4.841343149542807200e-01 4.828413581848143843e-01 4.907032132148742010e-01 4.859246343374252208e-01
1.050000000000000000e+05 4.867579936981201172e-01 4.867047667503356934e-01 4.863691926002502441e-01 4.934850931167602539e-01 4.879465103149414062e-01
1.051000000000000000e+05 4.890253182252248254e-01 4.892193723718326059e-01 4.884187489748001432e-01 4.961417192220688444e-01 4.909687107801437578e-01
1.052000000000000000e+05 4.894439748922984057e-01 4.911923654874166267e-01 4.902742183208465554e-01 4.983770143985748469e-01 4.939377868175507391e-01
1.053000000000000000e+05 4.896360418200492726e-01 4.928327664732933266e-01 4.910136872529983765e-01 4.981896567344665239e-01 4.966013973951340921e-01
1.054000000000000000e+05 4.889492152134577441e-01 4.931831131378809352e-01 4.911506342887878018e-01 4.975661742687224609e-01 4.983442926406860263e-01
1.055000000000000000e+05 4.885141914089520809e-01 4.931943843762079949e-01 4.898565918207168912e-01 4.959068953990936612e-01 4.979004889726638683e-01
1.056000000000000000e+05 4.885644602775573997e-01 4.925521647930145019e-01 4.893180525302886497e-01 4.955754172801970503e-01 4.967377102375031828e-01
1.057000000000000000e+05 4.889558633168538671e-01 4.925479931632678054e-01 4.897238922119140359e-01 4.969036900997161332e-01 4.946762126684189909e-01
1.058000000000000000e+05 4.897194127241770722e-01 4.932398738463719678e-01 4.908205831050872492e-01 4.980920875072478715e-01 4.949856352806090709e-01
1.059000000000000000e+05 4.895625951886177218e-01 4.939372816681861789e-01 4.923922342061995971e-01 4.991843205690383867e-01 4.969250655174254905e-01
1.060000000000000000e+05 4.888293862342834584e-01 4.946381509304046409e-01 4.922980308532715066e-01 4.988473773002624623e-01 4.982272744178771751e-01
1.061000000000000000e+05 4.879072787364324704e-01 4.937356003125509263e-01 4.916207784414291515e-01 4.980102223157882313e-01 4.993064558506012385e-01
1.062000000000000000e+05 4.869227254390717241e-01 4.923029935359956033e-01 4.894134509563445312e-01 4.953606951236724232e-01 4.979284763336181419e-01
1.063000000000000000e+05 4.865153101086616694e-01 4.911086459954580041e-01 4.870765447616576815e-01 4.926187306642532682e-01 4.962338042259215598e-01
1.064000000000000000e+05 4.863072852293651160e-01 4.899917105833689335e-01 4.863433361053466908e-01 4.933636069297790416e-01 4.942908978462219882e-01
1.065000000000000000e+05 4.910739511251449030e-01 4.907360672950744629e-01 4.867113053798671762e-01 4.950383216142650311e-01 4.929062366485594815e-01
1.066000000000000000e+05 4.958201632897057398e-01 4.921790923674899676e-01 4.919244575500485439e-01 5.008043253421780028e-01 4.939778542518615256e-01
1.067000000000000000e+05 5.004601733883219383e-01 4.972498185435927920e-01 4.971822738647458384e-01 5.061325013637540948e-01 4.965626561641690584e-01
1.068000000000000000e+05 5.046226263046262872e-01 5.020843911170956853e-01 5.025294184684752086e-01 5.105850219726560946e-01 5.021738266944884010e-01
1.069000000000000000e+05 5.076608300209045632e-01 5.063630187511444225e-01 5.064450550079345748e-01 5.140834259986877264e-01 5.072274541854857599e-01
1.070000000000000000e+05 5.107968052228292200e-01 5.100388149420420625e-01 5.088190674781799538e-01 5.165543198585510476e-01 5.116806507110596147e-01
1.071000000000000000e+05 5.140598833560943159e-01 5.129309302568435536e-01 5.116622281074524325e-01 5.196586751937867232e-01 5.150530433654785245e-01
1.072000000000000000e+05 5.177155892054238207e-01 5.161520449320473602e-01 5.147813582420349698e-01 5.231356549263000977e-01 5.177896690368652965e-01
1.073000000000000000e+05 5.216657658418016874e-01 5.196199091275530701e-01 5.192231321334838112e-01 5.272113716602324640e-01 5.210520577430725053e-01
1.074000000000000000e+05 5.220799517631531383e-01 5.222121334075927601e-01 5.240428042411799936e-01 5.314581561088558281e-01 5.244646644592282358e-01
1.075000000000000000e+05 5.210363169511158521e-01 5.244433482487996789e-01 5.229066610336304821e-01 5.299291610717774548e-01 5.282375812530515358e-01
1.076000000000000000e+05 5.182363049189249171e-01 5.242297776540120191e-01 5.212486314773561169e-01 5.278900933265687767e-01 5.315353536605836871e-01
1.077000000000000000e+05 5.151134294271469960e-01 5.235667979717254505e-01 5.190228378772736573e-01 5.252508962154389671e-01 5.285335111618043591e-01
1.078000000000000000e+05 5.125505518913270331e-01 5.213233049710592759e-01 5.167381501197815252e-01 5.226395511627197621e-01 5.257056474685669611e-01
1.079000000000000000e+05 5.099802440404893611e-01 5.189098682006202390e-01 5.142473328113555953e-01 5.201256883144379506e-01 5.234867095947265403e-01
1.080000000000000000e+05 5.072749376296996626e-01 5.154506087303161177e-01 5.111630082130431685e-01 5.170221567153930886e-01 5.210637092590332253e-01
1.081000000000000000e+05 5.052117860317230091e-01 5.121094332138695915e-01 5.070697212219237304e-01 5.129161882400512518e-01 5.182938027381897017e-01
1.082000000000000000e+05 5.050281119346619052e-01 5.091138692696889345e-01 5.045498180389403897e-01 5.107731485366820978e-01 5.151609373092650435e-01
1.083000000000000000e+05 5.058101850748061290e-01 5.075011056661605791e-01 5.034909141063689253e-01 5.104528284072875621e-01 5.116910386085509188e-01
1.084000000000000000e+05 5.080945316950479240e-01 5.080393648147583097e-01 5.049175167083741478e-01 5.127698493003847169e-01 5.107418370246887829e-01
1.085000000000000000e+05 5.114301721254983502e-01 5.098083188136417476e-01 5.075868725776674362e-01 5.164055407047274393e-01 5.110529839992523637e-01
1.086000000000000000e+05 5.157057929039002842e-01 5.126776587963105536e-01 5.116918945312500799e-01 5.203268337249756792e-01 5.139222717285156783e-01
1.087000000000000000e+05 5.204905664920808084e-01 5.165947055816652034e-01 5.161232042312620116e-01 5.243130362033842085e-01 5.173729550838469526e-01
1.088000000000000000e+05 5.255322957038879306e-01 5.210405015945435148e-01 5.210096979141234375e-01 5.303061580657957297e-01 5.210754060745238503e-01
1.089000000000000000e+05 5.298752230405806563e-01 5.257956773042677945e-01 5.259739553928374223e-01 5.361438751220702903e-01 5.250830733776091774e-01
1.090000000000000000e+05 5.340448041756945541e-01 5.306275983651477235e-01 5.314202666282653587e-01 5.401208400726318359e-01 5.314550042152405007e-01
1.091000000000000000e+05 5.348274819056193508e-01 5.342228480180104544e-01 5.357148325443268355e-01 5.431448543071747403e-01 5.373441219329834206e-01
1.092000000000000000e+05 5.351660823822019797e-01 5.374908328056335893e-01 5.367186975479126820e-01 5.434461522102356223e-01 5.418537735939027433e-01
1.093000000000000000e+05 5.327757600943247018e-01 5.377121885617573982e-01 5.363044941425322287e-01 5.425975823402403586e-01 5.439961969852447066e-01
1.094000000000000000e+05 5.301905167102813898e-01 5.374056529998779697e-01 5.338276457786558238e-01 5.400764775276182261e-01 5.426953792572021262e-01
1.095000000000000000e+05 5.268771857023240024e-01 5.351272881031037265e-01 5.309589982032775213e-01 5.371199071407317671e-01 5.406360507011412908e-01
1.096000000000000000e+05 5.235012475649516439e-01 5.324286532402039418e-01 5.277769112586976341e-01 5.338149642944337581e-01 5.379699134826660956e-01
1.097000000000000000e+05 5.200079210599262147e-01 5.289420121908187111e-01 5.239367806911470193e-01 5.298120915889741323e-01 5.351306414604187767e-01
1.098000000000000000e+05 5.164786410331724253e-01 5.252770757675169211e-01 5.198195791244507591e-01 5.255153536796570712e-01 5.322184705734254173e-01
1.099000000000000000e+05 5.129111027717589977e-01 5.214224147796630016e-01 5.163939452171326661e-01 5.230500102043151855e-01 5.282534706592560969e-01
1.100000000000000000e+05 5.103702743848165246e-01 5.184091528256734582e-01 5.130885839462280273e-01 5.209031701087951660e-01 5.241053700447082520e-01
1.101000000000000000e+05 5.084557390213013672e-01 5.159091442823410256e-01 5.112724280357360263e-01 5.180264687538146395e-01 5.217956984043120583e-01
1.102000000000000000e+05 5.046068531274795488e-01 5.131525150934854729e-01 5.091442966461180442e-01 5.149170660972594016e-01 5.193703460693358531e-01
1.103000000000000000e+05 5.001396092772480984e-01 5.103138514359790712e-01 5.052223062515257546e-01 5.104696309566495449e-01 5.162798297405241099e-01
1.104000000000000000e+05 4.957489693164823241e-01 5.064054799079893421e-01 5.008403921127317915e-01 5.058346891403195933e-01 5.127191805839537153e-01
1.105000000000000000e+05 4.914773275454838997e-01 5.023447776834168987e-01 4.953661590814592008e-01 5.007544189691545133e-01 5.080419659614564543e-01
1.106000000000000000e+05 4.906362716356913456e-01 4.974714483817418431e-01 4.914341461658479071e-01 4.976980936527252708e-01 5.034533286094667881e-01
1.107000000000000000e+05 4.901357677578925820e-01 4.933932679891586126e-01 4.894299083948136508e-01 4.971716994047165050e-01 4.989754128456117543e-01
1.108000000000000000e+05 4.913254110018412946e-01 4.932613821824391453e-01 4.895514488220214511e-01 4.974100375175475874e-01 4.968390727043152100e-01
1.109000000000000000e+05 4.929433691501619030e-01 4.937490929166477027e-01 4.911344617605208906e-01 4.981741291284561002e-01 4.963125658035278387e-01
1.110000000000000000e+05 4.955403327941895752e-01 4.956530243158341342e-01 4.933427274227142334e-01 5.010563552379607710e-01 4.974416971206664928e-01
1.111000000000000000e+05 4.982271826267242743e-01 4.975613075494766391e-01 4.957698315382004228e-01 5.046799284219742887e-01 4.991503018140793224e-01
1.112000000000000000e+05 5.010279726982116433e-01 4.994751071929931507e-01 4.993959760665894754e-01 5.073325705528259899e-01 5.026433837413788464e-01
1.113000000000000000e+05 5.030188596248627020e-01 5.020858943462371826e-01 5.030603671073914374e-01 5.098164498806000422e-01 5.062933921813965732e-01
1.114000000000000000e+05 5.044175593058268792e-01 5.052063067754112291e-01 5.038222861289978205e-01 5.110680222511291282e-01 5.082239389419554998e-01
1.115000000000000000e+05 5.050592213869095071e-01 5.067344109217326587e-01 5.046305656433104359e-01 5.121550559997558594e-01 5.100632369518278697e-01
1.116000000000000000e+05 5.053980684280395819e-01 5.076255917549133967e-01 5.056428313255308948e-01 5.125181198120116743e-01 5.115010404586791681e-01
1.117000000000000000e+05 5.027923965454100808e-01 5.077628481388092307e-01 5.055640602111817206e-01 5.116814208030702193e-01 5.125019764900207164e-01
1.118000000000000000e+05 4.996708965301513983e-01 5.077680301666259721e-01 5.033032155036927247e-01 5.084451961517334473e-01 5.126291775703429865e-01
1.119000000000000000e+05 5.000549584627150823e-01 5.056019049882889416e-01 5.008101606369018688e-01 5.067733061313629550e-01 5.110450839996338868e-01
1.120000000000000000e+05 5.011392394701636999e-01 5.037766536076863089e-01 4.980670332908630482e-01 5.067860841751098411e-01 5.076180577278137651e-01
1.121000000000000000e+05 5.068491943677266853e-01 5.045471123854319284e-01 5.012953817844392201e-01 5.108572268486023527e-01 5.062996447086334229e-01
1.122000000000000000e+05 5.117915165424348212e-01 5.066340065002443716e-01 5.080363631248475675e-01 5.173156428337098989e-01 5.062215924263000488e-01
1.123000000000000000e+05 5.145588793357214197e-01 5.124508007367453155e-01 5.133365654945373224e-01 5.217868638038634099e-01 5.122993636131285555e-01
1.124000000000000000e+05 5.157415405909220318e-01 5.165507904688516616e-01 5.182251167297359240e-01 5.256903147697445933e-01 5.201359415054315205e-01
1.125000000000000000e+05 5.145223885774612427e-01 5.180487483739852905e-01 5.165395736694337048e-01 5.233709514141084984e-01 5.228788554668424293e-01
1.126000000000000000e+05 5.143598075707752626e-01 5.185436507066091272e-01 5.144925880432128507e-01 5.208616089820861106e-01 5.248206162452699886e-01
1.127000000000000000e+05 5.151186547676721572e-01 5.181637952725093310e-01 5.145016646385193182e-01 5.222003424167632746e-01 5.218416261672974565e-01
1.128000000000000000e+05 5.156059551239013938e-01 5.181958198547362837e-01 5.149419260025024370e-01 5.235442543029784623e-01 5.198470067977905007e-01
1.129000000000000000e+05 5.159599963823954250e-01 5.184299707412719505e-01 5.168913340568541681e-01 5.249062907695769553e-01 5.212976849079131725e-01
1.130000000000000000e+05 5.141003648440043428e-01 5.191628475983937063e-01 5.174938082695007546e-01 5.246505379676819070e-01 5.227816939353943093e-01
1.131000000000000000e+05 5.117128574848176514e-01 5.200146514177321766e-01 5.158064949512481956e-01 5.216445434093475164e-01 5.243223655223846480e-01
1.132000000000000000e+05 5.078620243072512475e-01 5.165570807456972835e-01 5.123088431358338024e-01 5.180367994308472390e-01 5.235065412521362482e-01
1.133000000000000000e+05 5.041573794682820964e-01 5.129287836949032453e-01 5.071301627159122694e-01 5.138702881336215667e-01 5.205025422573091864e-01
1.134000000000000000e+05 5.031034445762634366e-01 5.102617347240449019e-01 5.044485974311828658e-01 5.114313983917236905e-01 5.166400003433229138e-01
1.135000000000000000e+05 5.023060450951258860e-01 5.077130268017451264e-01 5.030155897140502486e-01 5.098563194274901011e-01 5.123481869697568136e-01
1.136000000000000000e+05 5.024321730931600172e-01 5.055903466542561731e-01 5.017994451522826971e-01 5.098823666572570579e-01 5.103804206848143732e-01
1.137000000000000000e+05 5.033389478921889149e-01 5.045631563663481867e-01 5.006325876712799383e-01 5.102723062038421187e-01 5.089408469200135121e-01
1.138000000000000000e+05 5.056700607140857118e-01 5.055347545941669685e-01 5.040457439422606489e-01 5.131305480003356401e-01 5.096562528610228959e-01
1.139000000000000000e+05 5.071815027793248332e-01 5.073967649539310454e-01 5.074465453624724676e-01 5.157313323020935592e-01 5.107543027400970326e-01
1.140000000000000000e+05 5.078421473503113015e-01 5.101830005645752175e-01 5.093392729759216309e-01 5.155129790306091087e-01 5.142504334449767844e-01
1.141000000000000000e+05 5.079617683092753078e-01 5.114046202103297301e-01 5.101038205623625865e-01 5.151232349872588712e-01 5.166204202175139759e-01
1.142000000000000000e+05 5.077599891026814971e-01 5.116967650254566902e-01 5.076449966430662819e-01 5.142438030242919567e-01 5.157728528976439630e-01
1.143000000000000000e+05 5.075752675533294900e-01 5.114955085515976441e-01 5.067980122566223544e-01 5.143741786479950617e-01 5.148508298397064253e-01
1.144000000000000000e+05 5.073958158493042658e-01 5.111418191591898808e-01 5.082955217361451172e-01 5.159733653068543369e-01 5.138205075263976296e-01
1.145000000000000000e+05 5.066937704881032678e-01 5.108058472474416023e-01 5.085767209529876709e-01 5.157499909400939941e-01 5.143349409103393777e-01
1.146000000000000000e+05 5.060148179531097634e-01 5.104763960838317738e-01 5.078848719596863459e-01 5.140685677528381570e-01 5.160851788520812722e-01
1.147000000000000000e+05 5.074221223592758623e-01 5.102648925781250178e-01 5.073637795448303622e-01 5.139325606822967574e-01 5.152210903167725453e-01
1.148000000000000000e+05 5.086786444981892252e-01 5.102447819709777788e-01 5.069145846366882591e-01 5.144472551345825595e-01 5.132562327384949663e-01
1.149000000000000000e+05 5.092189508676528975e-01 5.111337876319884677e-01 5.087559831142425271e-01 5.166372251510620295e-01 5.138125824928283514e-01
1.150000000000000000e+05 5.094139973322551196e-01 5.119100014368692664e-01 5.109957456588745117e-01 5.191185474395751953e-01 5.148074030876159668e-01
1.151000000000000000e+05 5.088425668080647224e-01 5.124358173211415179e-01 5.100485289096832187e-01 5.169292855262755948e-01 5.169606804847717285e-01
1.152000000000000000e+05 5.097906684875489480e-01 5.124526000022887606e-01 5.090524697303772106e-01 5.151094198226928711e-01 5.184291911125182839e-01
1.153000000000000000e+05 5.126170808076858654e-01 5.118401610851287531e-01 5.077755665779113414e-01 5.154135823249816895e-01 5.159602928161619584e-01
1.154000000000000000e+05 5.181743156909940362e-01 5.135089731216430087e-01 5.096516823768618698e-01 5.185253524780276679e-01 5.147381615638733088e-01
1.155000000000000000e+05 5.256779879331584526e-01 5.168037831783293123e-01 5.190162181854245382e-01 5.283051908016201947e-01 5.164771020412444180e-01
1.156000000000000000e+05 5.294070243835449219e-01 5.234468340873716929e-01 5.264955973625180530e-01 5.357838511466976872e-01 5.219138574600213909e-01
1.157000000000000000e+05 5.316717624664307751e-01 5.313887715339663531e-01 5.316185307502744317e-01 5.403860390186308038e-01 5.319728815555567758e-01
1.158000000000000000e+05 5.335892498493195468e-01 5.336709749698639316e-01 5.330320715904236506e-01 5.416513586044311435e-01 5.377194476127623579e-01
1.159000000000000000e+05 5.354488621155421013e-01 5.350098894039789776e-01 5.318954050540923850e-01 5.406225812435150324e-01 5.405011987686156871e-01
1.160000000000000000e+05 5.386456847190855823e-01 5.373461882273355972e-01 5.342849731445312722e-01 5.432762503623962402e-01 5.408926367759704368e-01
1.161000000000000000e+05 5.411900144815445790e-01 5.396413856744765036e-01 5.379087233543397017e-01 5.472187757492066318e-01 5.404474651813506725e-01
1.162000000000000000e+05 5.393286748727162960e-01 5.416210162639618630e-01 5.401527452468872781e-01 5.480895638465881348e-01 5.442232751846314276e-01
1.163000000000000000e+05 5.358089890082673445e-01 5.424792917569477568e-01 5.419358134269711691e-01 5.483107519149778009e-01 5.483467268943786888e-01
1.164000000000000000e+05 5.277384924888609552e-01 5.402603602409362660e-01 5.362182021141053134e-01 5.416254854202272595e-01 5.477906727790832209e-01
1.165000000000000000e+05 5.185296098391215525e-01 5.355045616626740168e-01 5.295217335224159383e-01 5.342598736286170436e-01 5.458755373954778944e-01
1.166000000000000000e+05 5.076394184430443879e-01 5.270020055770876510e-01 5.185182929039008348e-01 5.239007425308233046e-01 5.379804444313054379e-01
1.167000000000000000e+05 4.943321824073793613e-01 5.173290759325028798e-01 5.077982169389728684e-01 5.128092932701115991e-01 5.292880058288578216e-01
1.168000000000000000e+05 4.789690693219496587e-01 5.066606561342871240e-01 4.976448702812197866e-01 5.002532076835636277e-01 5.190008759498598856e-01
1.169000000000000000e+05 4.563836054007202048e-01 4.921532793839766273e-01 4.820166701078418270e-01 4.809240674972538043e-01 5.070098203420640992e-01
1.170000000000000000e+05 4.303526163101192292e-01 4.758144736289975363e-01 4.604924738407135121e-01 4.543008685111999401e-01 4.931837677955627219e-01
1.171000000000000000e+05 3.989217435320221994e-01 4.497164223591489374e-01 4.294090849161142920e-01 4.178317391872399811e-01 4.705513787269588466e-01
1.172000000000000000e+05 3.662542561690024234e-01 4.213834293683380028e-01 3.927026414871205295e-01 3.755708861351000905e-01 4.427387917041770704e-01
1.173000000000000000e+05 3.326779031753535065e-01 3.834438374638551861e-01 3.485897910594948357e-01 3.208851575851450755e-01 4.011636275053032108e-01
1.174000000000000000e+05 2.944999759395864891e-01 3.446203333139393199e-01 3.023608243465460976e-01 2.626494646072435324e-01 3.556562983989752791e-01
1.175000000000000000e+05 2.085045042137273485e-01 3.017899617552741720e-01 2.337539419531873275e-01 1.870958171784933843e-01 2.951839417219206951e-01
1.176000000000000000e+05 1.364157846570012156e-01 2.487957239150990763e-01 1.650053760409383175e-01 1.144048815965663934e-01 2.325158986449285259e-01
1.177000000000000000e+05 1.126143990208708368e-01 1.605102837085735368e-01 1.168636818230173180e-01 9.481579855084504294e-02 1.573668031394514499e-01
1.178000000000000000e+05 9.753713831305503568e-02 1.018698761860530183e-01 8.075540810823422788e-02 8.183832585811585958e-02 9.655967682600052893e-02
1.179000000000000000e+05 9.795272015035154378e-02 9.587495774030659057e-02 8.676410615444174468e-02 9.200148940086350091e-02 8.594944268465057324e-02
1.180000000000000000e+05 9.727178514003742560e-02 9.429782629013078177e-02 9.270106405019759577e-02 9.918236285448074618e-02 8.323804736137389859e-02
1.181000000000000000e+05 9.548062682151788050e-02 9.719370417296896436e-02 9.851606369018563181e-02 1.012933431565761905e-01 9.395467802882209729e-02
1.182000000000000000e+05 9.229824408888813447e-02 9.714013978838918761e-02 9.870004534721379952e-02 9.954084843397147109e-02 9.984871208667753240e-02
1.183000000000000000e+05 8.831113350888099289e-02 9.538052546481294580e-02 9.365522459149398793e-02 9.420084118843119469e-02 1.012646207213400706e-01
1.184000000000000000e+05 8.478338748216622534e-02 9.187697033087405263e-02 8.948185622692121644e-02 8.993031919002546226e-02 9.831291407346742783e-02
1.185000000000000000e+05 8.139270991086934581e-02 8.785304576158493861e-02 8.574421405792215234e-02 8.619453981518723773e-02 9.317739978432625081e-02
1.186000000000000000e+05 7.957183266679436484e-02 8.461862087249738540e-02 8.267660796642296861e-02 8.364861965179437586e-02 8.931435674428930827e-02
1.187000000000000000e+05 7.796556572119393846e-02 8.153593982259427220e-02 7.976128280162822493e-02 8.137312203645714892e-02 8.574051171541229033e-02
1.188000000000000000e+05 7.753254652023315596e-02 8.000713765621184081e-02 7.879563033580783138e-02 8.034090727567676227e-02 8.359878301620489449e-02
1.189000000000000000e+05 7.728019448618092535e-02 7.873900932570299105e-02 7.812451168894765652e-02 7.965223625302311761e-02 8.166065543889999834e-02
1.190000000000000000e+05 7.785018955667810658e-02 7.865739638606707163e-02 7.920976430177688321e-02 8.132936656475067694e-02 8.091068565845489780e-02
1.191000000000000000e+05 7.697822026908415771e-02 7.865179836750030296e-02 8.006427690386772045e-02 8.218417540192601844e-02 8.082124084234240669e-02
1.192000000000000000e+05 7.299613177776333173e-02 7.881015410025914159e-02 8.025953233242034968e-02 8.068949431180949539e-02 8.261901021003728585e-02
1.193000000000000000e+05 6.700148373842215732e-02 7.684435081978625848e-02 7.727120012044873254e-02 7.647309735417330556e-02 8.275342881679524643e-02
1.194000000000000000e+05 5.858073651790616371e-02 7.231791749596594432e-02 6.965219497680619209e-02 6.829784095287275147e-02 8.046842813491808521e-02
1.195000000000000000e+05 5.382085430125400222e-02 6.571779909233270434e-02 6.243696957826594396e-02 6.134416200220567383e-02 7.470082044601415727e-02
1.196000000000000000e+05 5.160430987675995035e-02 5.767701526482937879e-02 5.554476797580742975e-02 5.536774501204511784e-02 6.614712715148955702e-02
1.197000000000000000e+05 5.043869115412241005e-02 5.409442212432636482e-02 5.171621464192878437e-02 5.278449639678006733e-02 5.968734659254575081e-02
1.198000000000000000e+05 4.966829235355066374e-02 5.218841351568716952e-02 4.917761847376830864e-02 5.162995025515559888e-02 5.410921350121514206e-02
1.199000000000000000e+05 6.945835965374982934e-02 5.163926236331464747e-02 5.665988169610487041e-02 6.229718439280967912e-02 5.273077122867108474e-02
